1.014931e-05    -8.251448e-06    -1.210603e-06    -7.393693e-07    2.859014e-06    -3.887733e-06    3.620154e-07    -1.088856e-06    9.33733e-07    3.122813e-06    -5.425592e-06    6.817354e-06    8.384313e-06    -4.133271e-06    -1.152147e-06    3.209147e-06    -4.117702e-06    -5.887192e-06    4.203054e-07    3.951746e-06    1.265732e-06    -4.294472e-06    2.100265e-06    3.827524e-06    -1.381748e-06
-8.251448e-06    2.182694e-05    -4.260427e-08    -1.086813e-05    -3.942554e-06    -4.44821e-07    2.228327e-06    -2.465332e-06    -1.271215e-06    1.014298e-07    7.090226e-06    -1.008377e-05    -4.245091e-06    2.076445e-06    3.1249e-06    -1.726446e-06    8.342625e-06    6.539105e-06    -3.987991e-06    -2.735698e-06    -3.427973e-07    1.835284e-06    -3.378034e-06    -4.84182e-06    5.59019e-06
-1.210603e-06    -4.260427e-08    2.208708e-05    -6.845649e-07    -1.043992e-05    6.899787e-08    -7.038194e-07    -2.039215e-06    2.86443e-06    -6.417709e-07    4.606411e-06    -5.857783e-06    -5.425519e-06    1.534895e-06    2.201218e-06    -2.359358e-06    7.720401e-06    -3.424997e-06    -6.175165e-06    3.473178e-06    -6.963122e-07    3.656051e-06    2.878075e-06    -5.667998e-06    4.710384e-07
-7.393693e-07    -1.086813e-05    -6.845649e-07    1.72111e-05    -1.05772e-06    5.28954e-06    -1.86075e-06    2.629362e-06    -1.295371e-06    -1.476778e-06    -1.730357e-06    4.47853e-06    -5.682886e-06    2.508973e-06    -2.147863e-06    -2.314511e-06    -5.605006e-06    1.7328e-06    3.638923e-06    -1.117795e-06    -1.265093e-06    3.306375e-06    2.460661e-06    1.112452e-06    -6.291675e-06
2.859014e-06    -3.942554e-06    -1.043992e-05    -1.05772e-06    1.487681e-05    -3.630557e-06    3.821487e-06    3.052318e-06    -1.462641e-06    -4.262473e-07    -5.896006e-06    1.007804e-05    4.217574e-06    -8.54677e-07    -2.099612e-06    6.725138e-08    -1.928929e-06    -4.809969e-06    9.754369e-07    2.999061e-07    2.202812e-07    -3.795697e-06    -2.718212e-06    3.959152e-06    8.623718e-07
-3.887733e-06    -4.44821e-07    6.899787e-08    5.28954e-06    -3.630557e-06    2.3341e-05    -1.2215e-05    -2.372402e-06    -1.803316e-06    -3.888673e-06    1.66778e-06    3.716188e-06    3.198244e-06    -1.731795e-06    -5.644773e-06    4.468202e-06    -1.189767e-05    -6.742368e-06    6.032228e-06    6.315208e-06    -8.634716e-07    8.629951e-06    -9.969261e-07    -8.733334e-06    1.002667e-06
3.620154e-07    2.228327e-06    -7.038194e-07    -1.86075e-06    3.821487e-06    -1.2215e-05    2.075145e-05    4.880158e-06    -6.581996e-06    -3.302117e-06    1.063759e-06    -1.456121e-06    -7.837746e-06    3.889751e-06    3.522818e-06    -7.260283e-06    1.010147e-05    3.952808e-06    -4.297195e-06    -4.921545e-06    -8.510795e-07    -4.532055e-06    -1.749969e-06    4.928836e-06    2.384288e-07
-1.088856e-06    -2.465332e-06    -2.039215e-06    2.629362e-06    3.052318e-06    -2.372402e-06    4.880158e-06    2.817455e-05    -1.078662e-06    -1.533863e-05    1.547183e-06    -6.897887e-06    -1.238495e-05    9.198665e-06    4.046028e-06    -9.071891e-06    6.077615e-06    1.206986e-05    1.657412e-06    -9.438779e-06    -6.40086e-07    8.108514e-07    -3.600063e-06    4.074533e-06    -3.039879e-06
9.33733e-07    -1.271215e-06    2.86443e-06    -1.295371e-06    -1.462641e-06    -1.803316e-06    -6.581996e-06    -1.078662e-06    1.324602e-05    -4.406476e-06    -1.660801e-07    -1.539883e-06    -4.862398e-07    1.983309e-07    5.552347e-07    -5.511704e-07    3.376661e-06    -4.586875e-06    -1.138331e-06    9.620788e-07    -1.269207e-07    8.977097e-08    9.661027e-07    -1.004413e-07    5.470276e-07
3.122813e-06    1.014298e-07    -6.417709e-07    -1.476778e-06    -4.262473e-07    -3.888673e-06    -3.302117e-06    -1.533863e-05    -4.406476e-06    2.309981e-05    -4.167956e-06    5.955933e-06    1.246713e-05    -7.302031e-06    -1.636732e-06    8.955336e-06    -8.450087e-06    -5.462088e-07    -1.764251e-07    4.230137e-06    2.344432e-06    -4.203808e-06    5.565446e-06    2.134766e-06    -3.729467e-06
-5.425592e-06    7.090226e-06    4.606411e-06    -1.730357e-06    -5.896006e-06    1.66778e-06    1.063759e-06    1.547183e-06    -1.660801e-07    -4.167956e-06    1.348732e-05    -1.299043e-05    -5.953587e-06    -5.314317e-07    2.806078e-07    -3.364995e-06    6.413825e-06    6.776307e-06    -2.265979e-06    -2.405425e-06    -1.886515e-06    2.480164e-06    -3.471651e-06    -5.282927e-06    7.784282e-06
6.817354e-06    -1.008377e-05    -5.857783e-06    4.47853e-06    1.007804e-05    3.716188e-06    -1.456121e-06    -6.897887e-06    -1.539883e-06    5.955933e-06    -1.299043e-05    3.68852e-05    1.25743e-06    -8.570541e-06    -5.425619e-06    6.288242e-06    -1.371504e-05    -1.701851e-05    4.364114e-06    8.792838e-06    -6.817353e-07    -1.710177e-06    1.562817e-06    1.889906e-06    -1.794707e-06
8.384313e-06    -4.245091e-06    -5.425519e-06    -5.682886e-06    4.217574e-06    3.198244e-06    -7.837746e-06    -1.238495e-05    -4.862398e-07    1.246713e-05    -5.953587e-06    1.25743e-06    4.497732e-05    -1.61474e-05    -8.8874e-06    1.771246e-05    -1.779811e-05    -1.824827e-05    3.233725e-06    1.289757e-05    4.356038e-06    -3.239683e-06    2.843399e-06    -6.442366e-07    -1.440788e-07
-4.133271e-06    2.076445e-06    1.534895e-06    2.508973e-06    -8.54677e-07    -1.731795e-06    3.889751e-06    9.198665e-06    1.983309e-07    -7.302031e-06    -5.314317e-07    -8.570541e-06    -1.61474e-05    1.763543e-05    3.727902e-06    -9.771642e-06    1.032769e-05    7.317434e-06    -2.262429e-06    -6.553018e-06    -5.179888e-07    3.241731e-06    -2.118709e-06    1.067012e-07    -4.34296e-06
-1.152147e-06    3.1249e-06    2.201218e-06    -2.147863e-06    -2.099612e-06    -5.644773e-06    3.522818e-06    4.046028e-06    5.552347e-07    -1.636732e-06    2.806078e-07    -5.425619e-06    -8.8874e-06    3.727902e-06    9.178453e-06    -3.799481e-06    8.156163e-06    7.301362e-06    -3.505954e-06    -4.81908e-06    1.672981e-06    -2.440057e-06    3.437532e-07    2.601009e-06    -2.516455e-06
3.209147e-06    -1.726446e-06    -2.359358e-06    -2.314511e-06    6.725138e-08    4.468202e-06    -7.260283e-06    -9.071891e-06    -5.511704e-07    8.955336e-06    -3.364995e-06    6.288242e-06    1.771246e-05    -9.771642e-06    -3.799481e-06    1.66213e-05    -1.589612e-05    -5.255891e-06    3.70547e-06    5.600281e-06    2.469008e-06    -8.138909e-07    2.095466e-06    -1.369234e-06    1.580173e-07
-4.117702e-06    8.342625e-06    7.720401e-06    -5.605006e-06    -1.928929e-06    -1.189767e-05    1.010147e-05    6.077615e-06    3.376661e-06    -8.450087e-06    6.413825e-06    -1.371504e-05    -1.779811e-05    1.032769e-05    8.156163e-06    -1.589612e-05    4.404194e-05    -3.107729e-06    -2.418224e-05    -2.704798e-06    -1.67843e-06    -1.046975e-06    -3.449828e-06    -1.031606e-06    5.315789e-06
-5.887192e-06    6.539105e-06    -3.424997e-06    1.7328e-06    -4.809969e-06    -6.742368e-06    3.952808e-06    1.206986e-05    -4.586875e-06    -5.462088e-07    6.776307e-06    -1.701851e-05    -1.824827e-05    7.317434e-06    7.301362e-06    -5.255891e-06    -3.107729e-06    6.993691e-05    1.712863e-06    -2.531734e-05    -1.231627e-06    -3.812597e-07    4.069347e-07    9.052249e-06    -6.541718e-06
4.203054e-07    -3.987991e-06    -6.175165e-06    3.638923e-06    9.754369e-07    6.032228e-06    -4.297195e-06    1.657412e-06    -1.138331e-06    -1.764251e-07    -2.265979e-06    4.364114e-06    3.233725e-06    -2.262429e-06    -3.505954e-06    3.70547e-06    -2.418224e-05    1.712863e-06    2.520703e-05    -5.544984e-06    -8.085358e-08    6.821042e-07    6.789729e-07    2.477449e-06    -3.51415e-06
3.951746e-06    -2.735698e-06    3.473178e-06    -1.117795e-06    2.999061e-07    6.315208e-06    -4.921545e-06    -9.438779e-06    9.620788e-07    4.230137e-06    -2.405425e-06    8.792838e-06    1.289757e-05    -6.553018e-06    -4.81908e-06    5.600281e-06    -2.704798e-06    -2.531734e-05    -5.544984e-06    1.998001e-05    1.117896e-06    1.48719e-06    1.014667e-06    -7.380645e-06    4.485615e-06
1.265732e-06    -3.427973e-07    -6.963122e-07    -1.265093e-06    2.202812e-07    -8.634716e-07    -8.510795e-07    -6.40086e-07    -1.269207e-07    2.344432e-06    -1.886515e-06    -6.817353e-07    4.356038e-06    -5.179888e-07    1.672981e-06    2.469008e-06    -1.67843e-06    -1.231627e-06    -8.085358e-08    1.117896e-06    4.388345e-06    -3.306989e-06    1.414802e-06    1.432495e-06    -2.279374e-06
-4.294472e-06    1.835284e-06    3.656051e-06    3.306375e-06    -3.795697e-06    8.629951e-06    -4.532055e-06    8.108514e-07    8.977097e-08    -4.203808e-06    2.480164e-06    -1.710177e-06    -3.239683e-06    3.241731e-06    -2.440057e-06    -8.138909e-07    -1.046975e-06    -3.812597e-07    6.821042e-07    1.48719e-06    -3.306989e-06    1.737629e-05    -1.747925e-06    -1.656885e-05    4.732096e-06
2.100265e-06    -3.378034e-06    2.878075e-06    2.460661e-06    -2.718212e-06    -9.969261e-07    -1.749969e-06    -3.600063e-06    9.661027e-07    5.565446e-06    -3.471651e-06    1.562817e-06    2.843399e-06    -2.118709e-06    3.437532e-07    2.095466e-06    -3.449828e-06    4.069347e-07    6.789729e-07    1.014667e-06    1.414802e-06    -1.747925e-06    1.524153e-05    4.04591e-06    -1.183994e-05
3.827524e-06    -4.84182e-06    -5.667998e-06    1.112452e-06    3.959152e-06    -8.733334e-06    4.928836e-06    4.074533e-06    -1.004413e-07    2.134766e-06    -5.282927e-06    1.889906e-06    -6.442366e-07    1.067012e-07    2.601009e-06    -1.369234e-06    -1.031606e-06    9.052249e-06    2.477449e-06    -7.380645e-06    1.432495e-06    -1.656885e-05    4.04591e-06    2.879327e-05    -1.730203e-05
-1.381748e-06    5.59019e-06    4.710384e-07    -6.291675e-06    8.623718e-07    1.002667e-06    2.384288e-07    -3.039879e-06    5.470276e-07    -3.729467e-06    7.784282e-06    -1.794707e-06    -1.440788e-07    -4.34296e-06    -2.516455e-06    1.580173e-07    5.315789e-06    -6.541718e-06    -3.51415e-06    4.485615e-06    -2.279374e-06    4.732096e-06    -1.183994e-05    -1.730203e-05    2.566073e-05
