2.052515e-05    -1.003313e-05    -5.664429e-06    -2.77292e-07    6.092319e-07    8.672831e-07    2.647054e-06    3.838799e-06    -2.656462e-06    -2.090539e-06
-1.003313e-05    2.154076e-05    2.965219e-06    -7.831051e-06    -6.353755e-06    -1.260086e-06    -1.330789e-06    -4.268675e-06    6.458854e-07    3.681242e-06
-5.664429e-06    2.965219e-06    1.903163e-05    -5.391869e-07    -9.804624e-06    -8.518456e-07    -2.439462e-06    -1.120439e-06    6.077024e-06    -3.022996e-06
-2.77292e-07    -7.831051e-06    -5.391869e-07    1.684387e-05    -6.042176e-06    -6.816096e-08    -6.990501e-07    -1.783357e-06    1.631977e-06    6.196998e-07
6.092319e-07    -6.353755e-06    -9.804624e-06    -6.042176e-06    2.321896e-05    1.663558e-06    -1.761072e-07    3.41813e-06    -4.041259e-06    4.116619e-07
8.672831e-07    -1.260086e-06    -8.518456e-07    -6.816096e-08    1.663558e-06    4.388345e-06    -3.306989e-06    1.414802e-06    1.432495e-06    -2.279374e-06
2.647054e-06    -1.330789e-06    -2.439462e-06    -6.990501e-07    -1.761072e-07    -3.306989e-06    1.737629e-05    -1.747925e-06    -1.656885e-05    4.732096e-06
3.838799e-06    -4.268675e-06    -1.120439e-06    -1.783357e-06    3.41813e-06    1.414802e-06    -1.747925e-06    1.524153e-05    4.04591e-06    -1.183994e-05
-2.656462e-06    6.458854e-07    6.077024e-06    1.631977e-06    -4.041259e-06    1.432495e-06    -1.656885e-05    4.04591e-06    2.879327e-05    -1.730203e-05
-2.090539e-06    3.681242e-06    -3.022996e-06    6.196998e-07    4.116619e-07    -2.279374e-06    4.732096e-06    -1.183994e-05    -1.730203e-05    2.566073e-05
