3.502987e-05    -7.717726e-06    -8.059485e-06    -5.557438e-06    -8.952737e-06    -6.829828e-06    4.316604e-06    6.898333e-06    2.030067e-06    -9.690012e-06    2.626667e-06    -1.613285e-06    -2.26696e-07    2.024456e-06    -3.448586e-06    1.264014e-05    -1.244287e-05    -1.244781e-05    1.112737e-07    -8.892319e-07    -3.577144e-06    3.251697e-06    8.005034e-07    -1.04973e-06    2.199958e-06
-7.717726e-06    1.754312e-05    -5.534723e-07    -1.071039e-05    1.092478e-08    8.134349e-07    6.132398e-08    -2.049269e-06    6.90036e-07    2.687502e-06    4.251043e-06    1.387761e-07    -5.055326e-06    -7.595493e-07    1.641155e-06    -2.880206e-07    8.156705e-06    7.326913e-06    -6.447572e-06    -2.788762e-06    1.288437e-07    9.423375e-08    1.948328e-07    -4.183327e-06    3.176118e-06
-8.059485e-06    -5.534723e-07    1.660535e-05    3.670623e-06    -1.00864e-05    4.998462e-06    -3.861289e-06    -5.413513e-06    -2.014642e-06    3.773245e-06    -5.131862e-07    -2.427552e-06    -3.482982e-06    -1.332667e-06    7.472947e-06    -6.114634e-06    5.795772e-06    1.671901e-05    -6.6805e-06    -1.82066e-06    2.488257e-06    -3.541743e-06    1.905826e-06    4.018646e-06    -3.389747e-06
-5.557438e-06    -1.071039e-05    3.670623e-06    1.937602e-05    -8.991179e-06    1.898581e-06    -3.84631e-06    -1.004673e-06    1.584696e-06    9.699679e-07    1.127468e-06    -2.855158e-06    6.087811e-07    -2.323641e-07    8.61034e-07    -5.789559e-06    2.356181e-06    -1.420347e-08    4.986724e-06    -5.499098e-07    8.456009e-07    9.946976e-08    2.226299e-07    2.798539e-06    -4.339206e-06
-8.952737e-06    1.092478e-08    -1.00864e-05    -8.991179e-06    3.727986e-05    -2.160075e-06    4.884573e-06    2.057773e-07    -1.933261e-06    3.270398e-06    -1.375376e-05    1.240904e-05    1.245783e-05    -6.417441e-07    -7.437408e-06    1.917093e-06    -9.393012e-06    -1.795735e-05    1.052383e-05    1.022776e-05    -3.641614e-07    -2.955936e-06    -2.724017e-06    2.953469e-06    1.48377e-07
-6.829828e-06    8.134349e-07    4.998462e-06    1.898581e-06    -2.160075e-06    1.014931e-05    -8.251448e-06    -1.210603e-06    -7.393693e-07    2.859014e-06    -3.887733e-06    3.620154e-07    -1.088856e-06    9.33733e-07    3.122813e-06    -5.425592e-06    6.817354e-06    8.384313e-06    -4.133271e-06    -1.152147e-06    1.265732e-06    -4.294472e-06    2.100265e-06    3.827524e-06    -1.381748e-06
4.316604e-06    6.132398e-08    -3.861289e-06    -3.84631e-06    4.884573e-06    -8.251448e-06    2.182694e-05    -4.260427e-08    -1.086813e-05    -3.942554e-06    -4.44821e-07    2.228327e-06    -2.465332e-06    -1.271215e-06    1.014298e-07    7.090226e-06    -1.008377e-05    -4.245091e-06    2.076445e-06    3.1249e-06    -3.427973e-07    1.835284e-06    -3.378034e-06    -4.84182e-06    5.59019e-06
6.898333e-06    -2.049269e-06    -5.413513e-06    -1.004673e-06    2.057773e-07    -1.210603e-06    -4.260427e-08    2.208708e-05    -6.845649e-07    -1.043992e-05    6.899787e-08    -7.038194e-07    -2.039215e-06    2.86443e-06    -6.417709e-07    4.606411e-06    -5.857783e-06    -5.425519e-06    1.534895e-06    2.201218e-06    -6.963122e-07    3.656051e-06    2.878075e-06    -5.667998e-06    4.710384e-07
2.030067e-06    6.90036e-07    -2.014642e-06    1.584696e-06    -1.933261e-06    -7.393693e-07    -1.086813e-05    -6.845649e-07    1.72111e-05    -1.05772e-06    5.28954e-06    -1.86075e-06    2.629362e-06    -1.295371e-06    -1.476778e-06    -1.730357e-06    4.47853e-06    -5.682886e-06    2.508973e-06    -2.147863e-06    -1.265093e-06    3.306375e-06    2.460661e-06    1.112452e-06    -6.291675e-06
-9.690012e-06    2.687502e-06    3.773245e-06    9.699679e-07    3.270398e-06    2.859014e-06    -3.942554e-06    -1.043992e-05    -1.05772e-06    1.487681e-05    -3.630557e-06    3.821487e-06    3.052318e-06    -1.462641e-06    -4.262473e-07    -5.896006e-06    1.007804e-05    4.217574e-06    -8.54677e-07    -2.099612e-06    2.202812e-07    -3.795697e-06    -2.718212e-06    3.959152e-06    8.623718e-07
2.626667e-06    4.251043e-06    -5.131862e-07    1.127468e-06    -1.375376e-05    -3.887733e-06    -4.44821e-07    6.899787e-08    5.28954e-06    -3.630557e-06    2.3341e-05    -1.2215e-05    -2.372402e-06    -1.803316e-06    -3.888673e-06    1.66778e-06    3.716188e-06    3.198244e-06    -1.731795e-06    -5.644773e-06    -8.634716e-07    8.629951e-06    -9.969261e-07    -8.733334e-06    1.002667e-06
-1.613285e-06    1.387761e-07    -2.427552e-06    -2.855158e-06    1.240904e-05    3.620154e-07    2.228327e-06    -7.038194e-07    -1.86075e-06    3.821487e-06    -1.2215e-05    2.075145e-05    4.880158e-06    -6.581996e-06    -3.302117e-06    1.063759e-06    -1.456121e-06    -7.837746e-06    3.889751e-06    3.522818e-06    -8.510795e-07    -4.532055e-06    -1.749969e-06    4.928836e-06    2.384288e-07
-2.26696e-07    -5.055326e-06    -3.482982e-06    6.087811e-07    1.245783e-05    -1.088856e-06    -2.465332e-06    -2.039215e-06    2.629362e-06    3.052318e-06    -2.372402e-06    4.880158e-06    2.817455e-05    -1.078662e-06    -1.533863e-05    1.547183e-06    -6.897887e-06    -1.238495e-05    9.198665e-06    4.046028e-06    -6.40086e-07    8.108514e-07    -3.600063e-06    4.074533e-06    -3.039879e-06
2.024456e-06    -7.595493e-07    -1.332667e-06    -2.323641e-07    -6.417441e-07    9.33733e-07    -1.271215e-06    2.86443e-06    -1.295371e-06    -1.462641e-06    -1.803316e-06    -6.581996e-06    -1.078662e-06    1.324602e-05    -4.406476e-06    -1.660801e-07    -1.539883e-06    -4.862398e-07    1.983309e-07    5.552347e-07    -1.269207e-07    8.977097e-08    9.661027e-07    -1.004413e-07    5.470276e-07
-3.448586e-06    1.641155e-06    7.472947e-06    8.61034e-07    -7.437408e-06    3.122813e-06    1.014298e-07    -6.417709e-07    -1.476778e-06    -4.262473e-07    -3.888673e-06    -3.302117e-06    -1.533863e-05    -4.406476e-06    2.309981e-05    -4.167956e-06    5.955933e-06    1.246713e-05    -7.302031e-06    -1.636732e-06    2.344432e-06    -4.203808e-06    5.565446e-06    2.134766e-06    -3.729467e-06
1.264014e-05    -2.880206e-07    -6.114634e-06    -5.789559e-06    1.917093e-06    -5.425592e-06    7.090226e-06    4.606411e-06    -1.730357e-06    -5.896006e-06    1.66778e-06    1.063759e-06    1.547183e-06    -1.660801e-07    -4.167956e-06    1.348732e-05    -1.299043e-05    -5.953587e-06    -5.314317e-07    2.806078e-07    -1.886515e-06    2.480164e-06    -3.471651e-06    -5.282927e-06    7.784282e-06
-1.244287e-05    8.156705e-06    5.795772e-06    2.356181e-06    -9.393012e-06    6.817354e-06    -1.008377e-05    -5.857783e-06    4.47853e-06    1.007804e-05    3.716188e-06    -1.456121e-06    -6.897887e-06    -1.539883e-06    5.955933e-06    -1.299043e-05    3.68852e-05    1.25743e-06    -8.570541e-06    -5.425619e-06    -6.817353e-07    -1.710177e-06    1.562817e-06    1.889906e-06    -1.794707e-06
-1.244781e-05    7.326913e-06    1.671901e-05    -1.420347e-08    -1.795735e-05    8.384313e-06    -4.245091e-06    -5.425519e-06    -5.682886e-06    4.217574e-06    3.198244e-06    -7.837746e-06    -1.238495e-05    -4.862398e-07    1.246713e-05    -5.953587e-06    1.25743e-06    4.497732e-05    -1.61474e-05    -8.8874e-06    4.356038e-06    -3.239683e-06    2.843399e-06    -6.442366e-07    -1.440788e-07
1.112737e-07    -6.447572e-06    -6.6805e-06    4.986724e-06    1.052383e-05    -4.133271e-06    2.076445e-06    1.534895e-06    2.508973e-06    -8.54677e-07    -1.731795e-06    3.889751e-06    9.198665e-06    1.983309e-07    -7.302031e-06    -5.314317e-07    -8.570541e-06    -1.61474e-05    1.763543e-05    3.727902e-06    -5.179888e-07    3.241731e-06    -2.118709e-06    1.067012e-07    -4.34296e-06
-8.892319e-07    -2.788762e-06    -1.82066e-06    -5.499098e-07    1.022776e-05    -1.152147e-06    3.1249e-06    2.201218e-06    -2.147863e-06    -2.099612e-06    -5.644773e-06    3.522818e-06    4.046028e-06    5.552347e-07    -1.636732e-06    2.806078e-07    -5.425619e-06    -8.8874e-06    3.727902e-06    9.178453e-06    1.672981e-06    -2.440057e-06    3.437532e-07    2.601009e-06    -2.516455e-06
-3.577144e-06    1.288437e-07    2.488257e-06    8.456009e-07    -3.641614e-07    1.265732e-06    -3.427973e-07    -6.963122e-07    -1.265093e-06    2.202812e-07    -8.634716e-07    -8.510795e-07    -6.40086e-07    -1.269207e-07    2.344432e-06    -1.886515e-06    -6.817353e-07    4.356038e-06    -5.179888e-07    1.672981e-06    4.388345e-06    -3.306989e-06    1.414802e-06    1.432495e-06    -2.279374e-06
3.251697e-06    9.423375e-08    -3.541743e-06    9.946976e-08    -2.955936e-06    -4.294472e-06    1.835284e-06    3.656051e-06    3.306375e-06    -3.795697e-06    8.629951e-06    -4.532055e-06    8.108514e-07    8.977097e-08    -4.203808e-06    2.480164e-06    -1.710177e-06    -3.239683e-06    3.241731e-06    -2.440057e-06    -3.306989e-06    1.737629e-05    -1.747925e-06    -1.656885e-05    4.732096e-06
8.005034e-07    1.948328e-07    1.905826e-06    2.226299e-07    -2.724017e-06    2.100265e-06    -3.378034e-06    2.878075e-06    2.460661e-06    -2.718212e-06    -9.969261e-07    -1.749969e-06    -3.600063e-06    9.661027e-07    5.565446e-06    -3.471651e-06    1.562817e-06    2.843399e-06    -2.118709e-06    3.437532e-07    1.414802e-06    -1.747925e-06    1.524153e-05    4.04591e-06    -1.183994e-05
-1.04973e-06    -4.183327e-06    4.018646e-06    2.798539e-06    2.953469e-06    3.827524e-06    -4.84182e-06    -5.667998e-06    1.112452e-06    3.959152e-06    -8.733334e-06    4.928836e-06    4.074533e-06    -1.004413e-07    2.134766e-06    -5.282927e-06    1.889906e-06    -6.442366e-07    1.067012e-07    2.601009e-06    1.432495e-06    -1.656885e-05    4.04591e-06    2.879327e-05    -1.730203e-05
2.199958e-06    3.176118e-06    -3.389747e-06    -4.339206e-06    1.48377e-07    -1.381748e-06    5.59019e-06    4.710384e-07    -6.291675e-06    8.623718e-07    1.002667e-06    2.384288e-07    -3.039879e-06    5.470276e-07    -3.729467e-06    7.784282e-06    -1.794707e-06    -1.440788e-07    -4.34296e-06    -2.516455e-06    -2.279374e-06    4.732096e-06    -1.183994e-05    -1.730203e-05    2.566073e-05
