3.367431e-05    -1.362392e-05    -7.074907e-06    -5.493155e-06    4.592239e-06    1.024017e-05    -1.382416e-05    -2.130776e-05    8.427598e-06    4.778781e-06    -3.107563e-06    3.662199e-06    -1.473897e-06    -3.505511e-06    3.135328e-06
-1.362392e-05    1.656792e-05    3.690371e-06    -5.420753e-06    -4.947667e-06    -3.1179e-06    7.071985e-06    1.31611e-05    -7.651674e-06    -2.795964e-06    1.280244e-06    -2.635129e-06    3.313899e-07    8.445085e-07    1.435061e-06
-7.074907e-06    3.690371e-06    2.272262e-05    1.488018e-06    -1.329436e-05    -3.208319e-06    8.294226e-06    1.717635e-05    -1.086289e-05    -2.342873e-06    1.825261e-06    -3.15824e-06    2.10408e-06    -1.814395e-06    3.151713e-06
-5.493155e-06    -5.420753e-06    1.488018e-06    2.054268e-05    -1.257602e-05    -7.189664e-06    1.088431e-05    3.668263e-06    9.842237e-08    -4.579083e-06    8.228274e-09    -2.488934e-07    1.620049e-06    3.739552e-06    -5.275842e-06
4.592239e-06    -4.947667e-06    -1.329436e-05    -1.257602e-05    3.290981e-05    9.129515e-06    -1.678593e-05    -1.754571e-05    1.028179e-05    6.653324e-06    -1.35292e-06    3.291926e-06    -5.40213e-06    -2.451967e-06    3.313667e-06
1.024017e-05    -3.1179e-06    -3.208319e-06    -7.189664e-06    9.129515e-06    1.348732e-05    -1.299043e-05    -5.953587e-06    -5.314317e-07    2.806078e-07    -1.886515e-06    2.480164e-06    -3.471651e-06    -5.282927e-06    7.784282e-06
-1.382416e-05    7.071985e-06    8.294226e-06    1.088431e-05    -1.678593e-05    -1.299043e-05    3.68852e-05    1.25743e-06    -8.570541e-06    -5.425619e-06    -6.817353e-07    -1.710177e-06    1.562817e-06    1.889906e-06    -1.794707e-06
-2.130776e-05    1.31611e-05    1.717635e-05    3.668263e-06    -1.754571e-05    -5.953587e-06    1.25743e-06    4.497732e-05    -1.61474e-05    -8.8874e-06    4.356038e-06    -3.239683e-06    2.843399e-06    -6.442366e-07    -1.440788e-07
8.427598e-06    -7.651674e-06    -1.086289e-05    9.842237e-08    1.028179e-05    -5.314317e-07    -8.570541e-06    -1.61474e-05    1.763543e-05    3.727902e-06    -5.179888e-07    3.241731e-06    -2.118709e-06    1.067012e-07    -4.34296e-06
4.778781e-06    -2.795964e-06    -2.342873e-06    -4.579083e-06    6.653324e-06    2.806078e-07    -5.425619e-06    -8.8874e-06    3.727902e-06    9.178453e-06    1.672981e-06    -2.440057e-06    3.437532e-07    2.601009e-06    -2.516455e-06
-3.107563e-06    1.280244e-06    1.825261e-06    8.228274e-09    -1.35292e-06    -1.886515e-06    -6.817353e-07    4.356038e-06    -5.179888e-07    1.672981e-06    4.388345e-06    -3.306989e-06    1.414802e-06    1.432495e-06    -2.279374e-06
3.662199e-06    -2.635129e-06    -3.15824e-06    -2.488934e-07    3.291926e-06    2.480164e-06    -1.710177e-06    -3.239683e-06    3.241731e-06    -2.440057e-06    -3.306989e-06    1.737629e-05    -1.747925e-06    -1.656885e-05    4.732096e-06
-1.473897e-06    3.313899e-07    2.10408e-06    1.620049e-06    -5.40213e-06    -3.471651e-06    1.562817e-06    2.843399e-06    -2.118709e-06    3.437532e-07    1.414802e-06    -1.747925e-06    1.524153e-05    4.04591e-06    -1.183994e-05
-3.505511e-06    8.445085e-07    -1.814395e-06    3.739552e-06    -2.451967e-06    -5.282927e-06    1.889906e-06    -6.442366e-07    1.067012e-07    2.601009e-06    1.432495e-06    -1.656885e-05    4.04591e-06    2.879327e-05    -1.730203e-05
3.135328e-06    1.435061e-06    3.151713e-06    -5.275842e-06    3.313667e-06    7.784282e-06    -1.794707e-06    -1.440788e-07    -4.34296e-06    -2.516455e-06    -2.279374e-06    4.732096e-06    -1.183994e-05    -1.730203e-05    2.566073e-05
