1.34987e-05    -5.360612e-06    -5.886035e-06    -9.190929e-08    1.476728e-06    7.326291e-07    -2.753962e-07    -2.50247e-06    -1.980181e-06    3.965807e-06
-5.360612e-06    1.865103e-05    1.843664e-06    -1.064783e-05    -2.871626e-06    -6.871446e-07    1.290084e-06    6.855413e-07    3.529186e-07    -1.246665e-06
-5.886035e-06    1.843664e-06    1.850586e-05    -3.619701e-06    -6.4017e-06    -4.867518e-07    1.051022e-06    1.399865e-06    1.169005e-06    -3.543217e-06
-9.190929e-08    -1.064783e-05    -3.619701e-06    1.918716e-05    -2.857206e-06    1.816201e-07    -6.331997e-07    -6.749578e-07    -4.930631e-06    5.355357e-06
1.476728e-06    -2.871626e-06    -6.4017e-06    -2.857206e-06    1.035167e-05    4.520577e-07    -2.328761e-06    2.095123e-07    3.457587e-06    -1.297924e-06
7.326291e-07    -6.871446e-07    -4.867518e-07    1.816201e-07    4.520577e-07    4.388345e-06    -3.306989e-06    1.414802e-06    1.432495e-06    -2.279374e-06
-2.753962e-07    1.290084e-06    1.051022e-06    -6.331997e-07    -2.328761e-06    -3.306989e-06    1.737629e-05    -1.747925e-06    -1.656885e-05    4.732096e-06
-2.50247e-06    6.855413e-07    1.399865e-06    -6.749578e-07    2.095123e-07    1.414802e-06    -1.747925e-06    1.524153e-05    4.04591e-06    -1.183994e-05
-1.980181e-06    3.529186e-07    1.169005e-06    -4.930631e-06    3.457587e-06    1.432495e-06    -1.656885e-05    4.04591e-06    2.879327e-05    -1.730203e-05
3.965807e-06    -1.246665e-06    -3.543217e-06    5.355357e-06    -1.297924e-06    -2.279374e-06    4.732096e-06    -1.183994e-05    -1.730203e-05    2.566073e-05
