1.540072e-06    4.203011e-08    -9.845987e-07    -8.415882e-08    1.218942e-07    -3.749639e-08    -2.061162e-08    -1.315577e-08    2.257428e-08    6.28871e-08    1.173895e-07    -1.20285e-07    -1.961733e-07    1.125952e-07    7.259949e-08    1.357397e-07    -6.155043e-08    -5.610744e-08    9.06504e-08    -4.000778e-08
4.203011e-08    1.409758e-06    -2.469949e-07    -9.085959e-07    2.757342e-07    -3.995631e-08    -2.048867e-08    1.155789e-08    1.887359e-08    1.941868e-08    -1.550962e-07    -3.527424e-08    -3.750556e-09    -9.83903e-08    1.139473e-07    -9.438938e-09    -1.049188e-07    -1.147112e-07    -1.257508e-08    7.473837e-08
-9.845987e-07    -2.469949e-07    1.424396e-06    9.399913e-08    -5.746941e-07    4.003881e-08    -1.290631e-08    -2.187667e-08    5.543081e-09    -2.76858e-08    -6.851272e-08    -1.390461e-08    -8.136277e-09    -1.414368e-07    1.028561e-07    2.244983e-10    -1.285536e-07    -1.300191e-07    -3.682296e-08    1.314421e-07
-8.415882e-08    -9.085959e-07    9.399913e-08    1.510507e-06    -6.59625e-07    6.003308e-08    2.087379e-08    -2.533295e-08    -4.925901e-08    -1.404696e-08    1.281991e-07    -1.411775e-07    -1.485478e-07    8.720668e-08    5.062234e-08    1.339615e-07    -9.269349e-08    -1.10547e-07    1.024888e-07    8.996525e-09
1.218942e-07    2.757342e-07    -5.746941e-07    -6.59625e-07    1.366875e-06    1.587904e-09    2.072681e-08    2.704318e-08    -1.494102e-08    -7.804026e-08    -4.979239e-09    1.677534e-07    1.711976e-07    -1.104511e-08    -1.692401e-07    -1.038474e-07    1.942836e-07    2.049461e-07    -5.607173e-08    -1.242373e-07
-3.749639e-08    -3.995631e-08    4.003881e-08    6.003308e-08    1.587904e-09    1.50224e-06    8.840528e-08    -8.956167e-07    -7.148572e-08    1.182897e-09    1.639156e-08    1.912041e-09    -6.433842e-09    -1.180359e-08    -2.83095e-08    1.718106e-07    -1.113544e-07    -1.65862e-07    1.470186e-07    5.782949e-09
-2.061162e-08    -2.048867e-08    -1.290631e-08    2.087379e-08    2.072681e-08    8.840528e-08    1.435959e-06    -2.204547e-07    -9.522975e-07    2.322514e-07    1.920209e-08    1.794587e-08    1.12622e-08    -1.063513e-08    -5.681913e-08    1.316304e-08    -1.317557e-07    -9.652038e-08    -8.87873e-09    7.693068e-08
-1.315577e-08    1.155789e-08    -2.187667e-08    -2.533295e-08    2.704318e-08    -8.956167e-07    -2.204547e-07    1.417768e-06    -1.869782e-09    -5.391077e-07    -9.632135e-09    3.614805e-08    -2.822599e-09    -2.484402e-08    4.335204e-08    -2.358303e-08    -1.087736e-07    -9.235236e-08    -5.311295e-08    8.61519e-08
2.257428e-08    1.887359e-08    5.543081e-09    -4.925901e-08    -1.494102e-08    -7.148572e-08    -9.522975e-07    -1.869782e-09    1.52686e-06    -6.059923e-07    -1.104576e-08    -8.766069e-09    -1.621352e-08    2.828188e-08    2.97108e-08    1.079942e-07    -4.270217e-08    -1.205548e-07    8.199732e-08    9.618024e-09
6.28871e-08    1.941868e-08    -2.76858e-08    -1.404696e-08    -7.804026e-08    1.182897e-09    2.322514e-07    -5.391077e-07    -6.059923e-07    1.410909e-06    -3.874423e-08    -5.017495e-08    8.676214e-09    5.891813e-08    4.762461e-09    -1.406029e-07    2.179174e-07    2.447462e-07    -7.898173e-08    -8.399259e-08
1.173895e-07    -1.550962e-07    -6.851272e-08    1.281991e-07    -4.979239e-09    1.639156e-08    1.920209e-08    -9.632135e-09    -1.104576e-08    -3.874423e-08    1.500904e-06    -6.792759e-08    -9.316614e-07    -1.044795e-07    6.552873e-08    1.173019e-07    -4.183607e-08    -1.053627e-07    7.38768e-08    -8.449017e-09
-1.20285e-07    -3.527424e-08    -1.390461e-08    -1.411775e-07    1.677534e-07    1.912041e-09    1.794587e-08    3.614805e-08    -8.766069e-09    -5.017495e-08    -6.792759e-08    1.449781e-06    -8.824959e-08    -8.700961e-07    1.157145e-07    3.599947e-08    -1.387078e-07    -1.478046e-07    1.811794e-08    8.085147e-08
-1.961733e-07    -3.750556e-09    -8.136277e-09    -1.485478e-07    1.711976e-07    -6.433842e-09    1.12622e-08    -2.822599e-09    -1.621352e-08    8.676214e-09    -9.316614e-07    -8.824959e-08    1.473615e-06    1.564405e-08    -5.819284e-07    -2.502383e-09    -1.200241e-07    -1.050108e-07    1.378414e-08    9.117898e-08
1.125952e-07    -9.83903e-08    -1.414368e-07    8.720668e-08    -1.104511e-08    -1.180359e-08    -1.063513e-08    -2.484402e-08    2.828188e-08    5.891813e-08    -1.044795e-07    -8.700961e-07    1.564405e-08    1.490392e-06    -5.003959e-07    1.150006e-07    -6.370031e-08    -5.934919e-08    7.820103e-08    -2.909004e-08
7.259949e-08    1.139473e-07    1.028561e-07    5.062234e-08    -1.692401e-07    -2.83095e-08    -5.681913e-08    4.335204e-08    2.97108e-08    4.762461e-09    6.552873e-08    1.157145e-07    -5.819284e-07    -5.003959e-07    1.359764e-06    -1.285942e-07    1.611132e-07    1.984583e-07    -8.366487e-08    -6.83564e-08
1.357397e-07    -9.438938e-09    2.244983e-10    1.339615e-07    -1.038474e-07    1.718106e-07    1.316304e-08    -2.358303e-08    1.079942e-07    -1.406029e-07    1.173019e-07    3.599947e-08    -2.502383e-09    1.150006e-07    -1.285942e-07    1.367607e-06    -3.399759e-07    -6.355789e-07    1.187194e-07    -1.167139e-07
-6.155043e-08    -1.049188e-07    -1.285536e-07    -9.269349e-08    1.942836e-07    -1.113544e-07    -1.317557e-07    -1.087736e-07    -4.270217e-08    2.179174e-07    -4.183607e-08    -1.387078e-07    -1.200241e-07    -6.370031e-08    1.611132e-07    -3.399759e-07    1.754976e-06    8.989151e-08    -7.144456e-07    -6.704824e-08
-5.610744e-08    -1.147112e-07    -1.300191e-07    -1.10547e-07    2.049461e-07    -1.65862e-07    -9.652038e-08    -9.235236e-08    -1.205548e-07    2.447462e-07    -1.053627e-07    -1.478046e-07    -1.050108e-07    -5.934919e-08    1.984583e-07    -6.355789e-07    8.989151e-08    1.706385e-06    -2.692439e-07    -7.773005e-07
9.06504e-08    -1.257508e-08    -3.682296e-08    1.024888e-07    -5.607173e-08    1.470186e-07    -8.87873e-09    -5.311295e-08    8.199732e-08    -7.898173e-08    7.38768e-08    1.811794e-08    1.378414e-08    7.820103e-08    -8.366487e-08    1.187194e-07    -7.144456e-07    -2.692439e-07    1.419714e-06    -4.286468e-07
-4.000778e-08    7.473837e-08    1.314421e-07    8.996525e-09    -1.242373e-07    5.782949e-09    7.693068e-08    8.61519e-08    9.618024e-09    -8.399259e-08    -8.449017e-09    8.085147e-08    9.117898e-08    -2.909004e-08    -6.83564e-08    -1.167139e-07    -6.704824e-08    -7.773005e-07    -4.286468e-07    1.454712e-06
