1.540072e-06    4.203011e-08    -9.845987e-07    -8.415882e-08    1.218942e-07    5.605942e-08    -1.9192e-08    -1.018287e-08    5.99422e-08    -4.286899e-08
4.203011e-08    1.409758e-06    -2.469949e-07    -9.085959e-07    2.757342e-07    -7.865591e-08    4.544687e-08    8.762531e-08    -3.985193e-08    -2.421733e-08
-9.845987e-07    -2.469949e-07    1.424396e-06    9.399913e-08    -5.746941e-07    -1.05426e-07    9.05815e-08    1.169577e-07    -6.875413e-08    -1.476276e-08
-8.415882e-08    -9.085959e-07    9.399913e-08    1.510507e-06    -6.59625e-07    4.423838e-08    7.179265e-09    -8.910737e-09    5.040807e-08    -2.690986e-08
1.218942e-07    2.757342e-07    -5.746941e-07    -6.59625e-07    1.366875e-06    6.926331e-08    -5.132398e-08    -1.228415e-07    -1.373985e-08    3.830458e-08
5.605942e-08    -7.865591e-08    -1.05426e-07    4.423838e-08    6.926331e-08    1.451722e-06    5.084839e-08    -8.917713e-07    9.169017e-09    -9.626868e-08
-1.9192e-08    4.544687e-08    9.05815e-08    7.179265e-09    -5.132398e-08    5.084839e-08    1.593388e-06    -3.757712e-07    -9.087368e-07    3.473426e-07
-1.018287e-08    8.762531e-08    1.169577e-07    -8.910737e-09    -1.228415e-07    -8.917713e-07    -3.757712e-07    1.553748e-06    6.150669e-08    -6.874152e-07
5.99422e-08    -3.985193e-08    -6.875413e-08    5.040807e-08    -1.373985e-08    9.169017e-09    -9.087368e-07    6.150669e-08    1.45305e-06    -5.407393e-07
-4.286899e-08    -2.421733e-08    -1.476276e-08    -2.690986e-08    3.830458e-08    -9.626868e-08    3.473426e-07    -6.874152e-07    -5.407393e-07    1.411932e-06
