1.494597e-06    -1.049596e-08    -8.186644e-07    -1.86224e-07    -2.001404e-08    -2.44613e-08    4.45297e-08    3.699507e-09    -2.580469e-08    3.126964e-08
-1.049596e-08    1.411913e-06    -9.452864e-08    -8.109401e-07    5.829558e-08    1.377491e-08    1.983518e-08    -3.843668e-09    -3.941666e-09    2.506064e-10
-8.186644e-07    -9.452864e-08    1.406109e-06    -3.27649e-08    -5.292035e-07    3.683181e-08    -1.512273e-08    -8.899487e-09    5.407081e-09    -1.376822e-08
-1.86224e-07    -8.109401e-07    -3.27649e-08    1.473983e-06    -4.513986e-07    9.301268e-09    -1.540914e-08    1.161646e-09    9.035586e-09    -1.329523e-08
-2.001404e-08    5.829558e-08    -5.292035e-07    -4.513986e-07    1.397723e-06    -3.847593e-08    2.892274e-09    2.801355e-08    -1.177405e-08    -3.442688e-10
-2.44613e-08    1.377491e-08    3.683181e-08    9.301268e-09    -3.847593e-08    1.540072e-06    4.203011e-08    -9.845987e-07    -8.415882e-08    1.218942e-07
4.45297e-08    1.983518e-08    -1.512273e-08    -1.540914e-08    2.892274e-09    4.203011e-08    1.409758e-06    -2.469949e-07    -9.085959e-07    2.757342e-07
3.699507e-09    -3.843668e-09    -8.899487e-09    1.161646e-09    2.801355e-08    -9.845987e-07    -2.469949e-07    1.424396e-06    9.399913e-08    -5.746941e-07
-2.580469e-08    -3.941666e-09    5.407081e-09    9.035586e-09    -1.177405e-08    -8.415882e-08    -9.085959e-07    9.399913e-08    1.510507e-06    -6.59625e-07
3.126964e-08    2.506064e-10    -1.376822e-08    -1.329523e-08    -3.442688e-10    1.218942e-07    2.757342e-07    -5.746941e-07    -6.59625e-07    1.366875e-06
