1.540072e-06    4.203011e-08    -9.845987e-07    -8.415882e-08    1.218942e-07    8.939758e-08    -2.964991e-08    -8.181324e-08    7.49321e-08    -3.811198e-08
4.203011e-08    1.409758e-06    -2.469949e-07    -9.085959e-07    2.757342e-07    2.276313e-08    -7.483213e-08    -1.160611e-07    -1.314635e-08    8.061557e-08
-9.845987e-07    -2.469949e-07    1.424396e-06    9.399913e-08    -5.746941e-07    -1.279238e-08    -1.03008e-07    -5.572086e-08    -2.978192e-09    1.065009e-07
-8.415882e-08    -9.085959e-07    9.399913e-08    1.510507e-06    -6.59625e-07    6.663023e-08    -5.013828e-08    -5.541671e-08    8.996511e-08    -1.576866e-08
1.218942e-07    2.757342e-07    -5.746941e-07    -6.59625e-07    1.366875e-06    -6.472863e-08    1.142584e-07    1.315175e-07    -8.372055e-08    -7.095923e-08
8.939758e-08    2.276313e-08    -1.279238e-08    6.663023e-08    -6.472863e-08    1.341467e-06    -1.219208e-07    -6.823208e-07    -1.35642e-07    -1.918035e-07
-2.964991e-08    -7.483213e-08    -1.03008e-07    -5.013828e-08    1.142584e-07    -1.219208e-07    1.959888e-06    -3.92745e-07    -5.239837e-07    -1.773262e-08
-8.181324e-08    -1.160611e-07    -5.572086e-08    -5.541671e-08    1.315175e-07    -6.823208e-07    -3.92745e-07    1.96677e-06    -1.748312e-07    -7.574391e-07
7.49321e-08    -1.314635e-08    -2.978192e-09    8.996511e-08    -8.372055e-08    -1.35642e-07    -5.239837e-07    -1.748312e-07    1.389196e-06    -3.349705e-07
-3.811198e-08    8.061557e-08    1.065009e-07    -1.576866e-08    -7.095923e-08    -1.918035e-07    -1.773262e-08    -7.574391e-07    -3.349705e-07    1.439695e-06
