1.540072e-06    4.203011e-08    -9.845987e-07    -8.415882e-08    1.218942e-07    -3.749639e-08    -2.061162e-08    -1.315577e-08    2.257428e-08    6.28871e-08    1.173895e-07    -1.20285e-07    -1.961733e-07    1.125952e-07    7.259949e-08    8.939758e-08    -2.964991e-08    -8.181324e-08    7.49321e-08    -3.811198e-08
4.203011e-08    1.409758e-06    -2.469949e-07    -9.085959e-07    2.757342e-07    -3.995631e-08    -2.048867e-08    1.155789e-08    1.887359e-08    1.941868e-08    -1.550962e-07    -3.527424e-08    -3.750556e-09    -9.83903e-08    1.139473e-07    2.276313e-08    -7.483213e-08    -1.160611e-07    -1.314635e-08    8.061557e-08
-9.845987e-07    -2.469949e-07    1.424396e-06    9.399913e-08    -5.746941e-07    4.003881e-08    -1.290631e-08    -2.187667e-08    5.543081e-09    -2.76858e-08    -6.851272e-08    -1.390461e-08    -8.136277e-09    -1.414368e-07    1.028561e-07    -1.279238e-08    -1.03008e-07    -5.572086e-08    -2.978192e-09    1.065009e-07
-8.415882e-08    -9.085959e-07    9.399913e-08    1.510507e-06    -6.59625e-07    6.003308e-08    2.087379e-08    -2.533295e-08    -4.925901e-08    -1.404696e-08    1.281991e-07    -1.411775e-07    -1.485478e-07    8.720668e-08    5.062234e-08    6.663023e-08    -5.013828e-08    -5.541671e-08    8.996511e-08    -1.576866e-08
1.218942e-07    2.757342e-07    -5.746941e-07    -6.59625e-07    1.366875e-06    1.587904e-09    2.072681e-08    2.704318e-08    -1.494102e-08    -7.804026e-08    -4.979239e-09    1.677534e-07    1.711976e-07    -1.104511e-08    -1.692401e-07    -6.472863e-08    1.142584e-07    1.315175e-07    -8.372055e-08    -7.095923e-08
-3.749639e-08    -3.995631e-08    4.003881e-08    6.003308e-08    1.587904e-09    1.50224e-06    8.840528e-08    -8.956167e-07    -7.148572e-08    1.182897e-09    1.639156e-08    1.912041e-09    -6.433842e-09    -1.180359e-08    -2.83095e-08    9.479925e-08    -6.955361e-08    -5.230357e-08    1.298905e-07    -8.442417e-08
-2.061162e-08    -2.048867e-08    -1.290631e-08    2.087379e-08    2.072681e-08    8.840528e-08    1.435959e-06    -2.204547e-07    -9.522975e-07    2.322514e-07    1.920209e-08    1.794587e-08    1.12622e-08    -1.063513e-08    -5.681913e-08    3.019492e-09    -8.838518e-08    -9.370727e-08    -1.305828e-08    9.952478e-08
-1.315577e-08    1.155789e-08    -2.187667e-08    -2.533295e-08    2.704318e-08    -8.956167e-07    -2.204547e-07    1.417768e-06    -1.869782e-09    -5.391077e-07    -9.632135e-09    3.614805e-08    -2.822599e-09    -2.484402e-08    4.335204e-08    -7.099298e-09    -7.241302e-08    -1.023223e-07    -1.949851e-08    1.338079e-07
2.257428e-08    1.887359e-08    5.543081e-09    -4.925901e-08    -1.494102e-08    -7.148572e-08    -9.522975e-07    -1.869782e-09    1.52686e-06    -6.059923e-07    -1.104576e-08    -8.766069e-09    -1.621352e-08    2.828188e-08    2.97108e-08    8.12588e-08    -6.11917e-08    -4.888524e-08    9.542449e-08    -3.594644e-08
6.28871e-08    1.941868e-08    -2.76858e-08    -1.404696e-08    -7.804026e-08    1.182897e-09    2.322514e-07    -5.391077e-07    -6.059923e-07    1.410909e-06    -3.874423e-08    -5.017495e-08    8.676214e-09    5.891813e-08    4.762461e-09    -7.076381e-08    1.438781e-07    1.478007e-07    -9.508598e-08    -6.198559e-08
1.173895e-07    -1.550962e-07    -6.851272e-08    1.281991e-07    -4.979239e-09    1.639156e-08    1.920209e-08    -9.632135e-09    -1.104576e-08    -3.874423e-08    1.500904e-06    -6.792759e-08    -9.316614e-07    -1.044795e-07    6.552873e-08    2.559597e-07    -3.923051e-08    -4.995287e-08    2.044918e-07    -1.963742e-07
-1.20285e-07    -3.527424e-08    -1.390461e-08    -1.411775e-07    1.677534e-07    1.912041e-09    1.794587e-08    3.614805e-08    -8.766069e-09    -5.017495e-08    -6.792759e-08    1.449781e-06    -8.824959e-08    -8.700961e-07    1.157145e-07    -3.351457e-07    3.719667e-07    2.906729e-07    -3.08813e-07    2.754478e-09
-1.961733e-07    -3.750556e-09    -8.136277e-09    -1.485478e-07    1.711976e-07    -6.433842e-09    1.12622e-08    -2.822599e-09    -1.621352e-08    8.676214e-09    -9.316614e-07    -8.824959e-08    1.473615e-06    1.564405e-08    -5.819284e-07    -3.710784e-07    3.520647e-07    3.931434e-07    -3.351768e-07    -1.471523e-08
1.125952e-07    -9.83903e-08    -1.414368e-07    8.720668e-08    -1.104511e-08    -1.180359e-08    -1.063513e-08    -2.484402e-08    2.828188e-08    5.891813e-08    -1.044795e-07    -8.700961e-07    1.564405e-08    1.490392e-06    -5.003959e-07    1.910478e-07    1.174826e-08    1.431894e-08    1.983882e-07    -2.064917e-07
7.259949e-08    1.139473e-07    1.028561e-07    5.062234e-08    -1.692401e-07    -2.83095e-08    -5.681913e-08    4.335204e-08    2.97108e-08    4.762461e-09    6.552873e-08    1.157145e-07    -5.819284e-07    -5.003959e-07    1.359764e-06    1.05898e-07    -3.364916e-07    -2.971034e-07    1.507177e-07    1.912322e-07
8.939758e-08    2.276313e-08    -1.279238e-08    6.663023e-08    -6.472863e-08    9.479925e-08    3.019492e-09    -7.099298e-09    8.12588e-08    -7.076381e-08    2.559597e-07    -3.351457e-07    -3.710784e-07    1.910478e-07    1.05898e-07    1.341467e-06    -1.219208e-07    -6.823208e-07    -1.35642e-07    -1.918035e-07
-2.964991e-08    -7.483213e-08    -1.03008e-07    -5.013828e-08    1.142584e-07    -6.955361e-08    -8.838518e-08    -7.241302e-08    -6.11917e-08    1.438781e-07    -3.923051e-08    3.719667e-07    3.520647e-07    1.174826e-08    -3.364916e-07    -1.219208e-07    1.959888e-06    -3.92745e-07    -5.239837e-07    -1.773262e-08
-8.181324e-08    -1.160611e-07    -5.572086e-08    -5.541671e-08    1.315175e-07    -5.230357e-08    -9.370727e-08    -1.023223e-07    -4.888524e-08    1.478007e-07    -4.995287e-08    2.906729e-07    3.931434e-07    1.431894e-08    -2.971034e-07    -6.823208e-07    -3.92745e-07    1.96677e-06    -1.748312e-07    -7.574391e-07
7.49321e-08    -1.314635e-08    -2.978192e-09    8.996511e-08    -8.372055e-08    1.298905e-07    -1.305828e-08    -1.949851e-08    9.542449e-08    -9.508598e-08    2.044918e-07    -3.08813e-07    -3.351768e-07    1.983882e-07    1.507177e-07    -1.35642e-07    -5.239837e-07    -1.748312e-07    1.389196e-06    -3.349705e-07
-3.811198e-08    8.061557e-08    1.065009e-07    -1.576866e-08    -7.095923e-08    -8.442417e-08    9.952478e-08    1.338079e-07    -3.594644e-08    -6.198559e-08    -1.963742e-07    2.754478e-09    -1.471523e-08    -2.064917e-07    1.912322e-07    -1.918035e-07    -1.773262e-08    -7.574391e-07    -3.349705e-07    1.439695e-06
