1.540072e-06    4.203011e-08    -9.845987e-07    -8.415882e-08    1.218942e-07    -3.749639e-08    -2.061162e-08    -1.315577e-08    2.257428e-08    6.28871e-08    5.605942e-08    -1.9192e-08    -1.018287e-08    5.99422e-08    -4.286899e-08
4.203011e-08    1.409758e-06    -2.469949e-07    -9.085959e-07    2.757342e-07    -3.995631e-08    -2.048867e-08    1.155789e-08    1.887359e-08    1.941868e-08    -7.865591e-08    4.544687e-08    8.762531e-08    -3.985193e-08    -2.421733e-08
-9.845987e-07    -2.469949e-07    1.424396e-06    9.399913e-08    -5.746941e-07    4.003881e-08    -1.290631e-08    -2.187667e-08    5.543081e-09    -2.76858e-08    -1.05426e-07    9.05815e-08    1.169577e-07    -6.875413e-08    -1.476276e-08
-8.415882e-08    -9.085959e-07    9.399913e-08    1.510507e-06    -6.59625e-07    6.003308e-08    2.087379e-08    -2.533295e-08    -4.925901e-08    -1.404696e-08    4.423838e-08    7.179265e-09    -8.910737e-09    5.040807e-08    -2.690986e-08
1.218942e-07    2.757342e-07    -5.746941e-07    -6.59625e-07    1.366875e-06    1.587904e-09    2.072681e-08    2.704318e-08    -1.494102e-08    -7.804026e-08    6.926331e-08    -5.132398e-08    -1.228415e-07    -1.373985e-08    3.830458e-08
-3.749639e-08    -3.995631e-08    4.003881e-08    6.003308e-08    1.587904e-09    1.50224e-06    8.840528e-08    -8.956167e-07    -7.148572e-08    1.182897e-09    2.120576e-08    -4.19441e-08    3.307592e-08    7.026976e-08    -6.750589e-08
-2.061162e-08    -2.048867e-08    -1.290631e-08    2.087379e-08    2.072681e-08    8.840528e-08    1.435959e-06    -2.204547e-07    -9.522975e-07    2.322514e-07    -2.858286e-08    1.237575e-07    5.912449e-08    -1.139538e-07    -2.977178e-08
-1.315577e-08    1.155789e-08    -2.187667e-08    -2.533295e-08    2.704318e-08    -8.956167e-07    -2.204547e-07    1.417768e-06    -1.869782e-09    -5.391077e-07    -1.8788e-08    1.330923e-07    3.130756e-08    -1.112304e-07    -7.316563e-09
2.257428e-08    1.887359e-08    5.543081e-09    -4.925901e-08    -1.494102e-08    -7.148572e-08    -9.522975e-07    -1.869782e-09    1.52686e-06    -6.059923e-07    5.72271e-08    -3.911836e-08    -1.324115e-08    7.077274e-08    -4.845967e-08
6.28871e-08    1.941868e-08    -2.76858e-08    -1.404696e-08    -7.804026e-08    1.182897e-09    2.322514e-07    -5.391077e-07    -6.059923e-07    1.410909e-06    -1.870981e-08    -1.042981e-07    -4.345883e-08    4.783798e-08    4.813119e-08
5.605942e-08    -7.865591e-08    -1.05426e-07    4.423838e-08    6.926331e-08    2.120576e-08    -2.858286e-08    -1.8788e-08    5.72271e-08    -1.870981e-08    1.451722e-06    5.084839e-08    -8.917713e-07    9.169017e-09    -9.626868e-08
-1.9192e-08    4.544687e-08    9.05815e-08    7.179265e-09    -5.132398e-08    -4.19441e-08    1.237575e-07    1.330923e-07    -3.911836e-08    -1.042981e-07    5.084839e-08    1.593388e-06    -3.757712e-07    -9.087368e-07    3.473426e-07
-1.018287e-08    8.762531e-08    1.169577e-07    -8.910737e-09    -1.228415e-07    3.307592e-08    5.912449e-08    3.130756e-08    -1.324115e-08    -4.345883e-08    -8.917713e-07    -3.757712e-07    1.553748e-06    6.150669e-08    -6.874152e-07
5.99422e-08    -3.985193e-08    -6.875413e-08    5.040807e-08    -1.373985e-08    7.026976e-08    -1.139538e-07    -1.112304e-07    7.077274e-08    4.783798e-08    9.169017e-09    -9.087368e-07    6.150669e-08    1.45305e-06    -5.407393e-07
-4.286899e-08    -2.421733e-08    -1.476276e-08    -2.690986e-08    3.830458e-08    -6.750589e-08    -2.977178e-08    -7.316563e-09    -4.845967e-08    4.813119e-08    -9.626868e-08    3.473426e-07    -6.874152e-07    -5.407393e-07    1.411932e-06
