1    -0.1750601    -0.4248295    0.2174913    0.002515153    -0.03238841    0.04783724    -0.02160848    -0.001132487    0.004781861    -0.02174967    -0.02753479    -0.002796522    0.01320379    0.009007104
-0.1750601    1    -0.01491714    -0.6222392    0.2333305    -0.01114538    -0.056802    0.04319913    0.04859191    -0.01306501    -0.004930134    -0.005571145    -0.004440303    0.008504652    -0.01622176
-0.4248295    -0.01491714    1    0.05952327    -0.5232977    -0.02410398    -0.02140263    0.002887439    -0.02615133    0.04397876    0.01216721    0.05124357    0.01343677    -0.03907446    -0.03280708
0.2174913    -0.6222392    0.05952327    1    -0.5990358    -0.004350109    0.04695518    0.007053844    -0.04386999    -0.0358891    0.07408175    0.0301509    -0.04071806    -0.03048917    -0.006378712
0.002515153    0.2333305    -0.5232977    -0.5990358    1    0.02357466    -0.006217423    0.004515984    0.02179571    -0.03559496    -0.02259539    -0.02736399    0.006376699    0.01303999    0.02306684
-0.03238841    -0.01114538    -0.02410398    -0.004350109    0.02357466    1    -0.1946423    -0.4709472    0.235111    -0.02529814    -0.001534872    0.05063826    -0.002241941    -0.03190337    0.02546108
0.04783724    -0.056802    -0.02140263    0.04695518    -0.006217423    -0.1946423    1    0.005353657    -0.6506694    0.2672641    0.02242996    -0.02480425    -0.03574136    0.02219396    -0.001093415
-0.02160848    0.04319913    0.002887439    0.007053844    0.004515984    -0.4709472    0.005353657    1    0.06514224    -0.5083593    0.05399122    0.009914369    -0.04129292    -0.05664204    0.03876142
-0.001132487    0.04859191    -0.02615133    -0.04386999    0.02179571    0.235111    -0.6506694    0.06514224    1    -0.6078586    -0.03163273    0.006853225    0.03700013    -0.0111481    -0.00718758
0.004781861    -0.01306501    0.04397876    -0.0358891    -0.03559496    -0.02529814    0.2672641    -0.5083593    -0.6078586    1    0.02458782    -0.03170019    -0.01951984    0.02234625    -0.0315896
-0.02174967    -0.004930134    0.01216721    0.07408175    -0.02259539    -0.001534872    0.02242996    0.05399122    -0.03163273    0.02458782    1    0.1113    -0.7716235    -0.2948739    0.2616917
-0.02753479    -0.005571145    0.05124357    0.0301509    -0.02736399    0.05063826    -0.02480425    0.009914369    0.006853225    -0.03170019    0.1113    1    0.1167179    -0.7951628    0.1122501
-0.002796522    -0.004440303    0.01343677    -0.04071806    0.006376699    -0.002241941    -0.03574136    -0.04129292    0.03700013    -0.01951984    -0.7716235    0.1167179    1    0.2636114    -0.66048
0.01320379    0.008504652    -0.03907446    -0.03048917    0.01303999    -0.03190337    0.02219396    -0.05664204    -0.0111481    0.02234625    -0.2948739    -0.7951628    0.2636114    1    -0.5298588
0.009007104    -0.01622176    -0.03280708    -0.006378712    0.02306684    0.02546108    -0.001093415    0.03876142    -0.00718758    -0.0315896    0.2616917    0.1122501    -0.66048    -0.5298588    1
