1    -0.1750601    -0.4248295    0.2174913    0.002515153    -0.03238841    0.04783724    -0.02160848    -0.001132487    0.004781861    0.08045247    -0.07690611    -0.0909989    0.07327928    0.03840799    0.007737359    -0.0496647    0.03343609    0.1082092    -0.09720418    -0.03868388    0.02683497    0.02435256    -0.03779789    0.01498125
-0.1750601    1    -0.01491714    -0.6222392    0.2333305    -0.01114538    -0.056802    0.04319913    0.04859191    -0.01306501    -0.03606889    -0.04560146    -0.0428654    -0.03354765    0.1364674    -0.04952563    0.07152838    0.0610728    -0.02311315    -0.08404258    0.02570057    0.005629873    -0.02206836    0.0267326    -0.01257761
-0.4248295    -0.01491714    1    0.05952327    -0.5232977    -0.02410398    -0.02140263    0.002887439    -0.02615133    0.04397876    -0.02822615    -0.0611769    -0.0250126    -0.02210743    0.1312862    -0.01840606    0.05351053    0.06291157    -0.03478856    -0.01951604    0.05941823    -0.02345454    -0.03673244    -0.0009793452    0.0164058
0.2174913    -0.6222392    0.05952327    1    -0.5990358    -0.004350109    0.04695518    0.007053844    -0.04386999    -0.0358891    0.119538    -0.1185249    -0.09677928    0.1441567    -0.03057524    -0.00589075    0.02116704    0.02304788    -0.01029791    0.003824369    0.01295194    -0.007756155    -0.01507274    -0.04536799    0.0123655
0.002515153    0.2333305    -0.5232977    -0.5990358    1    0.02357466    -0.006217423    0.004515984    0.02179571    -0.03559496    -0.0827866    0.1297842    0.129556    -0.07433294    -0.1390769    0.03597718    -0.07128305    -0.07965728    0.02026767    0.06539621    0.01103227    0.02341695    -0.00105645    0.003877634    -0.02687516
-0.03238841    -0.01114538    -0.02410398    -0.004350109    0.02357466    1    -0.1946423    -0.4709472    0.235111    -0.02529814    0.1125817    -0.08291987    -0.0868434    0.1033577    -0.01966699    -0.003253133    -0.009992194    -0.0006106038    0.02774732    -0.00179487    -0.05441887    0.03259111    0.042098    -0.01144002    0.01634724
0.04783724    -0.056802    -0.02140263    0.04695518    -0.006217423    -0.1946423    1    0.005353657    -0.6506694    0.2672641    -0.05889785    -0.00170725    -0.01437208    -0.06253377    0.1102095    -0.051045    0.08802882    0.04717612    -0.04326889    -0.0269349    0.04852323    -0.04285439    0.004806626    0.01411818    -0.07562327
-0.02160848    0.04319913    0.002887439    0.007053844    0.004515984    -0.4709472    0.005353657    1    0.06514224    -0.5083593    -0.006737235    -0.0705223    -0.09045187    -0.01487817    0.1719383    -0.02099735    0.09939648    0.06635002    -0.01830727    -0.08478977    0.004058885    -0.009180644    -0.03947601    -0.03934062    0.04766085
-0.001132487    0.04859191    -0.02615133    -0.04386999    0.02179571    0.235111    -0.6506694    0.06514224    1    -0.6078586    0.1557245    -0.128178    -0.1220098    0.1055599    0.01355246    0.03723318    -0.04572196    0.01875071    0.06778943    -0.05689477    -0.06069623    0.03151801    0.03092303    -0.04632147    0.05767631
0.004781861    -0.01306501    0.04397876    -0.0358891    -0.03559496    -0.02529814    0.2672641    -0.5083593    -0.6078586    1    -0.1497256    0.1351196    0.1929388    -0.05353459    -0.1540285    0.001573076    -0.01440425    -0.06931756    -0.05824296    0.09940462    0.03167666    0.02441669    0.004928975    0.02656286    -0.09268848
0.08045247    -0.03606889    -0.02822615    0.119538    -0.0827866    0.1125817    -0.05889785    -0.006737235    0.1557245    -0.1497256    1    0.0416845    -0.7534453    -0.07856249    0.08736875    0.08627751    -0.04781298    -0.05241944    0.1224326    -0.09535699    0.05358964    -0.09566903    0.01407236    0.07424532    -0.05939981
-0.07690611    -0.04560146    -0.0611769    -0.1185249    0.1297842    -0.08291987    -0.00170725    -0.0705223    -0.128178    0.1351196    0.0416845    1    -0.220745    -0.7680268    0.1760315    -0.08185093    0.02024578    -0.01105522    -0.089933    0.07608428    -0.01551211    0.003946173    -0.08642587    -0.105248    0.1961661
-0.0909989    -0.0428654    -0.0250126    -0.09677928    0.129556    -0.0868434    -0.01437208    -0.09045187    -0.1220098    0.1929388    -0.7534453    -0.220745    1    0.05457984    -0.4539195    -0.059366    0.01174614    0.004214773    -0.1153916    0.1266135    -0.06272539    -0.01194206    -0.09389979    -0.03887333    0.1568439
0.07327928    -0.03354765    -0.02210743    0.1441567    -0.07433294    0.1033577    -0.06253377    -0.01487817    0.1055599    -0.05353459    -0.07856249    -0.7680268    0.05457984    1    -0.3206691    0.110468    -0.06954608    -0.03846287    0.09141676    -0.01120699    0.03157683    -0.06082448    0.0227204    0.1370287    -0.1426721
0.03840799    0.1364674    0.1312862    -0.03057524    -0.1390769    -0.01966699    0.1102095    0.1719383    0.01355246    -0.1540285    0.08736875    0.1760315    -0.4539195    -0.3206691    1    -0.05440636    0.08040617    0.0695934    0.006832698    -0.09534136    0.01528098    0.1717524    0.1637211    -0.06162261    -0.1827065
0.007737359    -0.04952563    -0.01840606    -0.00589075    0.03597718    -0.003253133    -0.051045    -0.02099735    0.03723318    0.001573076    0.08627751    -0.08185093    -0.059366    0.110468    -0.05440636    1    -0.09296697    -0.5872855    0.1205512    -0.008874198    0.04926505    -0.1176351    -0.03088224    0.1632472    -0.09398396
-0.0496647    0.07152838    0.05351053    0.02116704    -0.07128305    -0.009992194    0.08802882    0.09939648    -0.04572196    -0.01440425    -0.04781298    0.02024578    0.01174614    -0.06954608    0.08040617    -0.09296697    1    -0.2674181    -0.5953015    0.2580198    -0.05184876    0.07176172    -0.03781501    -0.1925416    0.1628168
0.03343609    0.0610728    0.06291157    0.02304788    -0.07965728    -0.0006106038    0.04717612    0.06635002    0.01875071    -0.06931756    -0.05241944    -0.01105522    0.004214773    -0.03846287    0.0695934    -0.5872855    -0.2674181    1    -0.09069658    -0.3813491    -0.0417618    -0.05885779    -0.1049232    -0.07321295    0.1991867
0.1082092    -0.02311315    -0.03478856    -0.01029791    0.02026767    0.02774732    -0.04326889    -0.01830727    0.06778943    -0.05824296    0.1224326    -0.089933    -0.1153916    0.09141676    0.006832698    0.1205512    -0.5953015    -0.09069658    1    -0.4833    0.05928642    -0.1474505    -0.009321575    0.195102    -0.1106225
-0.09720418    -0.08404258    -0.01951604    0.003824369    0.06539621    -0.00179487    -0.0269349    -0.08478977    -0.05689477    0.09940462    -0.09535699    0.07608428    0.1266135    -0.01120699    -0.09534136    -0.008874198    0.2580198    -0.3813491    -0.4833    1    -0.007809671    0.1851792    0.1013714    -0.04979448    -0.1077125
-0.03868388    0.02570057    0.05941823    0.01295194    0.01103227    -0.05441887    0.04852323    0.004058885    -0.06069623    0.03167666    0.05358964    -0.01551211    -0.06272539    0.03157683    0.01528098    0.04926505    -0.05184876    -0.0417618    0.05928642    -0.007809671    1    0.05016715    -0.7652618    -0.2164396    0.2527462
0.02683497    0.005629873    -0.02345454    -0.007756155    0.02341695    0.03259111    -0.04285439    -0.009180644    0.03151801    0.02441669    -0.09566903    0.003946173    -0.01194206    -0.06082448    0.1717524    -0.1176351    0.07176172    -0.05885779    -0.1474505    0.1851792    0.05016715    1    0.07725506    -0.7808682    0.1179414
0.02435256    -0.02206836    -0.03673244    -0.01507274    -0.00105645    0.042098    0.004806626    -0.03947601    0.03092303    0.004928975    0.01407236    -0.08642587    -0.09389979    0.0227204    0.1637211    -0.03088224    -0.03781501    -0.1049232    -0.009321575    0.1013714    -0.7652618    0.07725506    1    0.210168    -0.6410685
-0.03779789    0.0267326    -0.0009793452    -0.04536799    0.003877634    -0.01144002    0.01411818    -0.03934062    -0.04632147    0.02656286    0.07424532    -0.105248    -0.03887333    0.1370287    -0.06162261    0.1632472    -0.1925416    -0.07321295    0.195102    -0.04979448    -0.2164396    -0.7808682    0.210168    1    -0.5415401
0.01498125    -0.01257761    0.0164058    0.0123655    -0.02687516    0.01634724    -0.07562327    0.04766085    0.05767631    -0.09268848    -0.05939981    0.1961661    0.1568439    -0.1426721    -0.1827065    -0.09398396    0.1628168    0.1991867    -0.1106225    -0.1077125    0.2527462    0.1179414    -0.6410685    -0.5415401    1
