1    -0.1750601    -0.4248295    0.2174913    0.002515153    0.007737359    -0.0496647    0.03343609    0.1082092    -0.09720418
-0.1750601    1    -0.01491714    -0.6222392    0.2333305    -0.04952563    0.07152838    0.0610728    -0.02311315    -0.08404258
-0.4248295    -0.01491714    1    0.05952327    -0.5232977    -0.01840606    0.05351053    0.06291157    -0.03478856    -0.01951604
0.2174913    -0.6222392    0.05952327    1    -0.5990358    -0.00589075    0.02116704    0.02304788    -0.01029791    0.003824369
0.002515153    0.2333305    -0.5232977    -0.5990358    1    0.03597718    -0.07128305    -0.07965728    0.02026767    0.06539621
0.007737359    -0.04952563    -0.01840606    -0.00589075    0.03597718    1    -0.09296697    -0.5872855    0.1205512    -0.008874198
-0.0496647    0.07152838    0.05351053    0.02116704    -0.07128305    -0.09296697    1    -0.2674181    -0.5953015    0.2580198
0.03343609    0.0610728    0.06291157    0.02304788    -0.07965728    -0.5872855    -0.2674181    1    -0.09069658    -0.3813491
0.1082092    -0.02311315    -0.03478856    -0.01029791    0.02026767    0.1205512    -0.5953015    -0.09069658    1    -0.4833
-0.09720418    -0.08404258    -0.01951604    0.003824369    0.06539621    -0.008874198    0.2580198    -0.3813491    -0.4833    1
