1    -0.1750601    -0.4248295    0.2174913    0.002515153    -0.03238841    0.04783724    -0.02160848    -0.001132487    0.004781861    0.1079122    -0.1208308    -0.1016283    0.02446583    0.01695501    0.1062739    -0.04173183    -0.06669368    0.0707084    0.03126267    0.08045247    -0.07690611    -0.0909989    0.07327928    0.03840799    -0.03868388    0.02683497    0.02435256    -0.03779789    0.01498125
-0.1750601    1    -0.01491714    -0.6222392    0.2333305    -0.01114538    -0.056802    0.04319913    0.04859191    -0.01306501    -0.1610701    -0.05555202    0.06741579    -0.01584294    0.07706995    -0.01884409    0.02837125    -0.05689195    -0.01663733    0.04394241    -0.03606889    -0.04560146    -0.0428654    -0.03354765    0.1364674    0.02570057    0.005629873    -0.02206836    0.0267326    -0.01257761
-0.4248295    -0.01491714    1    0.05952327    -0.5232977    -0.02410398    -0.02140263    0.002887439    -0.02615133    0.04397876    -0.1389593    -0.03479942    -0.02128682    -0.001143197    0.1773051    0.0492766    -0.06421367    -0.03536227    0.01248344    0.06460526    -0.02822615    -0.0611769    -0.0250126    -0.02210743    0.1312862    0.05941823    -0.02345454    -0.03673244    -0.0009793452    0.0164058
0.2174913    -0.6222392    0.05952327    1    -0.5990358    -0.004350109    0.04695518    0.007053844    -0.04386999    -0.0358891    0.1374584    -0.1120579    -0.1576606    0.03290222    0.0470667    0.1399626    -0.08823668    -0.08628976    0.1332735    0.0390444    0.119538    -0.1185249    -0.09677928    0.1441567    -0.03057524    0.01295194    -0.007756155    -0.01507274    -0.04536799    0.0123655
0.002515153    0.2333305    -0.5232977    -0.5990358    1    0.02357466    -0.006217423    0.004515984    0.02179571    -0.03559496    0.007183483    0.1960142    0.132439    -0.05088529    -0.1721358    -0.171295    0.116167    0.1020139    -0.1270012    -0.03871811    -0.0827866    0.1297842    0.129556    -0.07433294    -0.1390769    0.01103227    0.02341695    -0.00105645    0.003877634    -0.02687516
-0.03238841    -0.01114538    -0.02410398    -0.004350109    0.02357466    1    -0.1946423    -0.4709472    0.235111    -0.02529814    0.04999516    0.06208021    -0.01995253    -0.06661765    -0.0323891    0.08580155    -0.05242631    -0.007107087    0.01171587    0.01553355    0.1125817    -0.08291987    -0.0868434    0.1033577    -0.01966699    -0.05441887    0.03259111    0.042098    -0.01144002    0.01634724
0.04783724    -0.056802    -0.02140263    0.04695518    -0.006217423    -0.1946423    1    0.005353657    -0.6506694    0.2672641    -0.01674512    -0.01851354    0.03069296    -0.02914187    0.00799477    -0.0895111    -0.03176213    0.03980186    -0.02105809    0.09505249    -0.05889785    -0.00170725    -0.01437208    -0.06253377    0.1102095    0.04852323    -0.04285439    0.004806626    0.01411818    -0.07562327
-0.02160848    0.04319913    0.002887439    0.007053844    0.004515984    -0.4709472    0.005353657    1    0.06514224    -0.5083593    -0.02042022    0.01288188    0.01544832    -0.007161473    0.0140519    0.04746799    -0.0488372    -0.09953043    0.0787147    0.094424    -0.006737235    -0.0705223    -0.09045187    -0.01487817    0.1719383    0.004058885    -0.009180644    -0.03947601    -0.03934062    0.04766085
-0.001132487    0.04859191    -0.02615133    -0.04386999    0.02179571    0.235111    -0.6506694    0.06514224    1    -0.6078586    0.006334508    0.01858058    -0.0336703    0.001419121    0.03690263    0.1789869    -0.07188884    -0.08701485    0.116042    -0.03253994    0.1557245    -0.128178    -0.1220098    0.1055599    0.01355246    -0.06069623    0.03151801    0.03092303    -0.04632147    0.05767631
0.004781861    -0.01306501    0.04397876    -0.0358891    -0.03559496    -0.02529814    0.2672641    -0.5083593    -0.6078586    1    -0.03704632    -0.06396964    0.01999468    0.05012336    0.00133042    -0.1952854    0.1296703    0.1450552    -0.1804671    -0.05279449    -0.1497256    0.1351196    0.1929388    -0.05353459    -0.1540285    0.03167666    0.02441669    0.004928975    0.02656286    -0.09268848
0.1079122    -0.1610701    -0.1389593    0.1374584    0.007183483    0.04999516    -0.01674512    -0.02042022    0.006334508    -0.03704632    1    -0.0653515    -0.7025817    -0.07246449    -0.03990777    0.1239674    -0.07089753    -0.02619431    0.07643802    0.01880399    0.09032912    -0.01828193    -0.06684196    0.08292293    -0.03951602    -0.05735186    -0.03068268    0.03731908    0.0339948    -0.01774125
-0.1208308    -0.05555202    -0.03479942    -0.1120579    0.1960142    0.06208021    -0.01851354    0.01288188    0.01858058    -0.06396964    -0.0653515    1    -0.05452125    -0.5470611    0.1192943    0.006670565    -0.02209787    -0.03278482    -0.01332771    0.05799486    -0.07461044    0.0656933    0.07215161    -0.02127229    -0.07394147    -0.02122781    -0.03761231    0.01279158    0.04081183    0.01646836
-0.1016283    0.06741579    -0.02128682    -0.1576606    0.132439    -0.01995253    0.03069296    0.01544832    -0.0336703    0.01999468    -0.7025817    -0.05452125    1    0.01906412    -0.3010253    -0.02040162    0.03300264    -0.05692963    -0.0295625    0.04139035    -0.09699977    0.08467353    0.1162112    -0.1169078    -0.0369244    -0.007419551    0.04277517    0.002508647    -0.02401571    0.04124434
0.02446583    -0.01584294    -0.001143197    0.03290222    -0.05088529    -0.06661765    -0.02914187    -0.007161473    0.001419121    0.05012336    -0.07246449    -0.5470611    0.01906412    1    -0.3474456    0.1331762    -0.04061764    -0.05768512    0.08323573    -0.03061974    0.04157725    -0.01312721    -0.01254571    -0.0175252    0.02724951    0.03306556    0.0692363    0.003159733    -0.07714675    0.03158206
0.01695501    0.07706995    0.1773051    0.0470667    -0.1721358    -0.0323891    0.00799477    0.0140519    0.03690263    0.00133042    -0.03990777    0.1192943    -0.3010253    -0.3474456    1    -0.07219191    0.04413709    0.05102562    -0.04480811    -0.005025426    0.004617088    -0.05729307    -0.04912201    0.03170601    0.04237092    -0.008806754    -0.03036565    0.009668594    0.0296788    -0.06149167
0.1062739    -0.01884409    0.0492766    0.1399626    -0.171295    0.08580155    -0.0895111    0.04746799    0.1789869    -0.1952854    0.1239674    0.006670565    -0.02040162    0.1331762    -0.07219191    1    -0.3425514    -0.24755    0.1688995    0.007790085    0.01798854    -0.04065403    -0.06900619    -0.01741116    0.1195293    -0.1767803    -0.06666218    0.1860952    0.1281455    -0.04795744
-0.04173183    0.02837125    -0.06421367    -0.08823668    0.116167    -0.05242631    -0.03176213    -0.0488372    -0.07188884    0.1296703    -0.07089753    -0.02209787    0.03300264    -0.04061764    0.04413709    -0.3425514    1    -0.6241456    -0.2792986    0.1218277    0.005185252    0.01868814    -0.001572928    0.01406794    -0.04648981    0.0457438    0.02730782    -0.02652208    -0.009126031    0.04985198
-0.06669368    -0.05689195    -0.03536227    -0.08628976    0.1020139    -0.007107087    0.03980186    -0.09953043    -0.08701485    0.1450552    -0.02619431    -0.03278482    -0.05692963    -0.05768512    0.05102562    -0.24755    -0.6241456    1    -0.2963397    -0.2330515    -0.02866228    0.03544331    0.07095481    -0.02415809    -0.0327292    -0.03524317    -0.001486236    0.04598123    0.02887792    -0.1117265
0.0707084    -0.01663733    0.01248344    0.1332735    -0.1270012    0.01171587    -0.02105809    0.0787147    0.116042    -0.1804671    0.07643802    -0.01332771    -0.0295625    0.08323573    -0.04480811    0.1688995    -0.2792986    -0.2963397    1    -0.3314129    0.0201038    -0.04794656    -0.1023507    0.02010253    0.1208491    0.1556508    0.1312641    -0.06975276    -0.125634    -0.06005435
0.03126267    0.04394241    0.06460526    0.0390444    -0.03871811    0.01553355    0.09505249    0.094424    -0.03253994    -0.05279449    0.01880399    0.05799486    0.04139035    -0.03061974    -0.005025426    0.007790085    0.1218277    -0.2330515    -0.3314129    1    0.01720538    0.0003217162    0.03269436    0.003594638    -0.08398854    -0.05886408    -0.1385741    -0.03817062    0.003018188    0.03084064
0.08045247    -0.03606889    -0.02822615    0.119538    -0.0827866    0.1125817    -0.05889785    -0.006737235    0.1557245    -0.1497256    0.09032912    -0.07461044    -0.09699977    0.04157725    0.004617088    0.01798854    0.005185252    -0.02866228    0.0201038    0.01720538    1    0.0416845    -0.7534453    -0.07856249    0.08736875    0.05358964    -0.09566903    0.01407236    0.07424532    -0.05939981
-0.07690611    -0.04560146    -0.0611769    -0.1185249    0.1297842    -0.08291987    -0.00170725    -0.0705223    -0.128178    0.1351196    -0.01828193    0.0656933    0.08467353    -0.01312721    -0.05729307    -0.04065403    0.01868814    0.03544331    -0.04794656    0.0003217162    0.0416845    1    -0.220745    -0.7680268    0.1760315    -0.01551211    0.003946173    -0.08642587    -0.105248    0.1961661
-0.0909989    -0.0428654    -0.0250126    -0.09677928    0.129556    -0.0868434    -0.01437208    -0.09045187    -0.1220098    0.1929388    -0.06684196    0.07215161    0.1162112    -0.01254571    -0.04912201    -0.06900619    -0.001572928    0.07095481    -0.1023507    0.03269436    -0.7534453    -0.220745    1    0.05457984    -0.4539195    -0.06272539    -0.01194206    -0.09389979    -0.03887333    0.1568439
0.07327928    -0.03354765    -0.02210743    0.1441567    -0.07433294    0.1033577    -0.06253377    -0.01487817    0.1055599    -0.05353459    0.08292293    -0.02127229    -0.1169078    -0.0175252    0.03170601    -0.01741116    0.01406794    -0.02415809    0.02010253    0.003594638    -0.07856249    -0.7680268    0.05457984    1    -0.3206691    0.03157683    -0.06082448    0.0227204    0.1370287    -0.1426721
0.03840799    0.1364674    0.1312862    -0.03057524    -0.1390769    -0.01966699    0.1102095    0.1719383    0.01355246    -0.1540285    -0.03951602    -0.07394147    -0.0369244    0.02724951    0.04237092    0.1195293    -0.04648981    -0.0327292    0.1208491    -0.08398854    0.08736875    0.1760315    -0.4539195    -0.3206691    1    0.01528098    0.1717524    0.1637211    -0.06162261    -0.1827065
-0.03868388    0.02570057    0.05941823    0.01295194    0.01103227    -0.05441887    0.04852323    0.004058885    -0.06069623    0.03167666    -0.05735186    -0.02122781    -0.007419551    0.03306556    -0.008806754    -0.1767803    0.0457438    -0.03524317    0.1556508    -0.05886408    0.05358964    -0.01551211    -0.06272539    0.03157683    0.01528098    1    0.05016715    -0.7652618    -0.2164396    0.2527462
0.02683497    0.005629873    -0.02345454    -0.007756155    0.02341695    0.03259111    -0.04285439    -0.009180644    0.03151801    0.02441669    -0.03068268    -0.03761231    0.04277517    0.0692363    -0.03036565    -0.06666218    0.02730782    -0.001486236    0.1312641    -0.1385741    -0.09566903    0.003946173    -0.01194206    -0.06082448    0.1717524    0.05016715    1    0.07725506    -0.7808682    0.1179414
0.02435256    -0.02206836    -0.03673244    -0.01507274    -0.00105645    0.042098    0.004806626    -0.03947601    0.03092303    0.004928975    0.03731908    0.01279158    0.002508647    0.003159733    0.009668594    0.1860952    -0.02652208    0.04598123    -0.06975276    -0.03817062    0.01407236    -0.08642587    -0.09389979    0.0227204    0.1637211    -0.7652618    0.07725506    1    0.210168    -0.6410685
-0.03779789    0.0267326    -0.0009793452    -0.04536799    0.003877634    -0.01144002    0.01411818    -0.03934062    -0.04632147    0.02656286    0.0339948    0.04081183    -0.02401571    -0.07714675    0.0296788    0.1281455    -0.009126031    0.02887792    -0.125634    0.003018188    0.07424532    -0.105248    -0.03887333    0.1370287    -0.06162261    -0.2164396    -0.7808682    0.210168    1    -0.5415401
0.01498125    -0.01257761    0.0164058    0.0123655    -0.02687516    0.01634724    -0.07562327    0.04766085    0.05767631    -0.09268848    -0.01774125    0.01646836    0.04124434    0.03158206    -0.06149167    -0.04795744    0.04985198    -0.1117265    -0.06005435    0.03084064    -0.05939981    0.1961661    0.1568439    -0.1426721    -0.1827065    0.2527462    0.1179414    -0.6410685    -0.5415401    1
