1    -0.1750601    -0.4248295    0.2174913    0.002515153    0.02450167    -0.007686867    0.01201419    0.02116324    -0.04170673
-0.1750601    1    -0.01491714    -0.6222392    0.2333305    -0.03645186    0.06133123    0.03778561    -0.04461038    0.01058197
-0.4248295    -0.01491714    1    0.05952327    -0.5232977    -0.01230913    0.06296831    0.05635172    -0.03626766    -0.06381526
0.2174913    -0.6222392    0.05952327    1    -0.5990358    0.02129863    0.01549241    0.04052655    -0.01275459    -0.06183174
0.002515153    0.2333305    -0.5232977    -0.5990358    1    -0.01794712    -0.08154562    -0.06633381    0.0723032    0.08290306
0.02450167    -0.03645186    -0.01230913    0.02129863    -0.01794712    1    0.08307113    -0.7420018    -0.008477842    0.04639755
-0.007686867    0.06133123    0.06296831    0.01549241    -0.08154562    0.08307113    1    -0.2725877    -0.7281742    0.2765941
0.01201419    0.03778561    0.05635172    0.04052655    -0.06633381    -0.7420018    -0.2725877    1    0.04992343    -0.4475786
0.02116324    -0.04461038    -0.03626766    -0.01275459    0.0723032    -0.008477842    -0.7281742    0.04992343    1    -0.415051
-0.04170673    0.01058197    -0.06381526    -0.06183174    0.08290306    0.04639755    0.2765941    -0.4475786    -0.415051    1
