1    -0.1750601    -0.4248295    0.2174913    0.002515153    -0.03238841    0.04783724    -0.02160848    -0.001132487    0.004781861    0.08045247    -0.07690611    -0.0909989    0.07327928    0.03840799    -0.03868388    0.02683497    0.02435256    -0.03779789    0.01498125    -0.05807252    0.03968554    0.06534787    -0.04743546    0.0005622251
-0.1750601    1    -0.01491714    -0.6222392    0.2333305    -0.01114538    -0.056802    0.04319913    0.04859191    -0.01306501    -0.03606889    -0.04560146    -0.0428654    -0.03354765    0.1364674    0.02570057    0.005629873    -0.02206836    0.0267326    -0.01257761    0.04423707    -0.004806135    -0.03297587    0.01730947    0.007689346
-0.4248295    -0.01491714    1    0.05952327    -0.5232977    -0.02410398    -0.02140263    0.002887439    -0.02615133    0.04397876    -0.02822615    -0.0611769    -0.0250126    -0.02210743    0.1312862    0.05941823    -0.02345454    -0.03673244    -0.0009793452    0.0164058    -0.04625985    -0.100408    -0.005250648    0.07494291    0.0283137
0.2174913    -0.6222392    0.05952327    1    -0.5990358    -0.004350109    0.04695518    0.007053844    -0.04386999    -0.0358891    0.119538    -0.1185249    -0.09677928    0.1441567    -0.03057524    0.01295194    -0.007756155    -0.01507274    -0.04536799    0.0123655    -0.08167457    -0.07163985    0.03220032    0.0405251    0.01582251
0.002515153    0.2333305    -0.5232977    -0.5990358    1    0.02357466    -0.006217423    0.004515984    0.02179571    -0.03559496    -0.0827866    0.1297842    0.129556    -0.07433294    -0.1390769    0.01103227    0.02341695    -0.00105645    0.003877634    -0.02687516    0.07066949    0.09468897    0.0004590038    -0.07678299    -0.04454572
-0.03238841    -0.01114538    -0.02410398    -0.004350109    0.02357466    1    -0.1946423    -0.4709472    0.235111    -0.02529814    0.1125817    -0.08291987    -0.0868434    0.1033577    -0.01966699    -0.05441887    0.03259111    0.042098    -0.01144002    0.01634724    0.002692811    -0.02284607    -0.02580832    0.004302346    0.03183198
0.04783724    -0.056802    -0.02140263    0.04695518    -0.006217423    -0.1946423    1    0.005353657    -0.6506694    0.2672641    -0.05889785    -0.00170725    -0.01437208    -0.06253377    0.1102095    0.04852323    -0.04285439    0.004806626    0.01411818    -0.07562327    0.004567809    -0.02335305    -0.00606119    -0.0009895416    -0.01399939
-0.02160848    0.04319913    0.002887439    0.007053844    0.004515984    -0.4709472    0.005353657    1    0.06514224    -0.5083593    -0.006737235    -0.0705223    -0.09045187    -0.01487817    0.1719383    0.004058885    -0.009180644    -0.03947601    -0.03934062    0.04766085    0.02794168    -0.03166912    -0.03269408    0.02370175    0.02345682
-0.001132487    0.04859191    -0.02615133    -0.04386999    0.02179571    0.235111    -0.6506694    0.06514224    1    -0.6078586    0.1557245    -0.128178    -0.1220098    0.1055599    0.01355246    -0.06069623    0.03151801    0.03092303    -0.04632147    0.05767631    -0.06379766    -0.007812445    0.0433122    0.006616718    0.004828605
0.004781861    -0.01306501    0.04397876    -0.0358891    -0.03559496    -0.02529814    0.2672641    -0.5083593    -0.6078586    1    -0.1497256    0.1351196    0.1929388    -0.05353459    -0.1540285    0.03167666    0.02441669    0.004928975    0.02656286    -0.09268848    0.04968352    0.04206381    -0.03280274    -0.01054522    -0.03359252
0.08045247    -0.03606889    -0.02822615    0.119538    -0.0827866    0.1125817    -0.05889785    -0.006737235    0.1557245    -0.1497256    1    0.0416845    -0.7534453    -0.07856249    0.08736875    0.05358964    -0.09566903    0.01407236    0.07424532    -0.05939981    -0.05177473    0.05461916    0.06003788    -0.08702741    0.006315448
-0.07690611    -0.04560146    -0.0611769    -0.1185249    0.1297842    -0.08291987    -0.00170725    -0.0705223    -0.128178    0.1351196    0.0416845    1    -0.220745    -0.7680268    0.1760315    -0.01551211    0.003946173    -0.08642587    -0.105248    0.1961661    0.02511369    0.005624782    -0.05718768    -0.001663749    0.01418953
-0.0909989    -0.0428654    -0.0250126    -0.09677928    0.129556    -0.0868434    -0.01437208    -0.09045187    -0.1220098    0.1929388    -0.7534453    -0.220745    1    0.05457984    -0.4539195    -0.06272539    -0.01194206    -0.09389979    -0.03887333    0.1568439    0.004264574    -0.05156442    -0.0315813    0.0519582    0.02593943
0.07327928    -0.03354765    -0.02210743    0.1441567    -0.07433294    0.1033577    -0.06253377    -0.01487817    0.1055599    -0.05353459    -0.07856249    -0.7680268    0.05457984    1    -0.3206691    0.03157683    -0.06082448    0.0227204    0.1370287    -0.1426721    0.004658442    -0.02091384    0.01562603    -0.0200147    0.02952589
0.03840799    0.1364674    0.1312862    -0.03057524    -0.1390769    -0.01966699    0.1102095    0.1719383    0.01355246    -0.1540285    0.08736875    0.1760315    -0.4539195    -0.3206691    1    0.01528098    0.1717524    0.1637211    -0.06162261    -0.1827065    0.02339877    0.03194548    0.005291748    0.04755608    -0.09723854
-0.03868388    0.02570057    0.05941823    0.01295194    0.01103227    -0.05441887    0.04852323    0.004058885    -0.06069623    0.03167666    0.05358964    -0.01551211    -0.06272539    0.03157683    0.01528098    1    0.05016715    -0.7652618    -0.2164396    0.2527462    -0.0522793    -0.0377209    0.01484643    0.05200724    -0.1038063
0.02683497    0.005629873    -0.02345454    -0.007756155    0.02341695    0.03259111    -0.04285439    -0.009180644    0.03151801    0.02441669    -0.09566903    0.003946173    -0.01194206    -0.06082448    0.1717524    0.05016715    1    0.07725506    -0.7808682    0.1179414    -0.05951829    -0.01459902    0.009564239    -0.01242605    -0.007176681
0.02435256    -0.02206836    -0.03673244    -0.01507274    -0.00105645    0.042098    0.004806626    -0.03947601    0.03092303    0.004928975    0.01407236    -0.08642587    -0.09389979    0.0227204    0.1637211    -0.7652618    0.07725506    1    0.210168    -0.6410685    0.04282656    0.002688617    -0.01594257    -0.04167077    0.05626838
-0.03779789    0.0267326    -0.0009793452    -0.04536799    0.003877634    -0.01144002    0.01411818    -0.03934062    -0.04632147    0.02656286    0.07424532    -0.105248    -0.03887333    0.1370287    -0.06162261    -0.2164396    -0.7808682    0.210168    1    -0.5415401    0.08206553    0.01513156    -0.04751673    -0.008074845    0.04642428
0.01498125    -0.01257761    0.0164058    0.0123655    -0.02687516    0.01634724    -0.07562327    0.04766085    0.05767631    -0.09268848    -0.05939981    0.1961661    0.1568439    -0.1426721    -0.1827065    0.2527462    0.1179414    -0.6410685    -0.5415401    1    -0.09004255    0.004139655    0.07048498    0.0447058    0.04479507
-0.05807252    0.04423707    -0.04625985    -0.08167457    0.07066949    0.002692811    0.004567809    0.02794168    -0.06379766    0.04968352    -0.05177473    0.02511369    0.004264574    0.004658442    0.02339877    -0.0522793    -0.05951829    0.04282656    0.08206553    -0.09004255    1    -0.1169316    -0.7228295    0.1430365    0.1130299
0.03968554    -0.004806135    -0.100408    -0.07163985    0.09468897    -0.02284607    -0.02335305    -0.03166912    -0.007812445    0.04206381    0.05461916    0.005624782    -0.05156442    -0.02091384    0.03194548    -0.0377209    -0.01459902    0.002688617    0.01513156    0.004139655    -0.1169316    1    0.1225456    -0.708288    0.1717449
0.06534787    -0.03297587    -0.005250648    0.03220032    0.0004590038    -0.02580832    -0.00606119    -0.03269408    0.0433122    -0.03280274    0.06003788    -0.05718768    -0.0315813    0.01562603    0.005291748    0.01484643    0.009564239    -0.01594257    -0.04751673    0.07048498    -0.7228295    0.1225456    1    -0.1843117    -0.4438617
-0.04743546    0.01730947    0.07494291    0.0405251    -0.07678299    0.004302346    -0.0009895416    0.02370175    0.006616718    -0.01054522    -0.08702741    -0.001663749    0.0519582    -0.0200147    0.04755608    0.05200724    -0.01242605    -0.04167077    -0.008074845    0.0447058    0.1430365    -0.708288    -0.1843117    1    -0.5048047
0.0005622251    0.007689346    0.0283137    0.01582251    -0.04454572    0.03183198    -0.01399939    0.02345682    0.004828605    -0.03359252    0.006315448    0.01418953    0.02593943    0.02952589    -0.09723854    -0.1038063    -0.007176681    0.05626838    0.04642428    0.04479507    0.1130299    0.1717449    -0.4438617    -0.5048047    1
