1    -0.1750601    -0.4248295    0.2174913    0.002515153    0.03027137    0.0106875    0.01018146    -0.02936846    -0.004401969
-0.1750601    1    -0.01491714    -0.6222392    0.2333305    -0.07594225    0.03021444    0.07844313    -0.0445688    -0.008437232
-0.4248295    -0.01491714    1    0.05952327    -0.5232977    -0.07887391    0.06129883    0.06021636    -0.02961888    -0.02207534
0.2174913    -0.6222392    0.05952327    1    -0.5990358    0.05251878    0.01880377    -0.01429509    0.005196732    -0.01783457
0.002515153    0.2333305    -0.5232977    -0.5990358    1    0.0007411766    -0.08889695    -0.03457573    0.05952935    0.01823658
0.03027137    -0.07594225    -0.07887391    0.05251878    0.0007411766    1    0.1817067    -0.7009072    -0.08989701    0.03300119
0.0106875    0.03021444    0.06129883    0.01880377    -0.08889695    0.1817067    1    -0.3427951    -0.6935129    0.2865004
0.01018146    0.07844313    0.06021636    -0.01429509    -0.03457573    -0.7009072    -0.3427951    1    0.168816    -0.5352536
-0.02936846    -0.0445688    -0.02961888    0.005196732    0.05952935    -0.08989701    -0.6935129    0.168816    1    -0.3929891
-0.004401969    -0.008437232    -0.02207534    -0.01783457    0.01823658    0.03300119    0.2865004    -0.5352536    -0.3929891    1
