1    -0.1750601    -0.4248295    0.2174913    0.002515153    -0.03238841    0.04783724    -0.02160848    -0.001132487    0.004781861    -0.04251166    0.05005263    0.04100327    -0.01299162    -0.01067735
-0.1750601    1    -0.01491714    -0.6222392    0.2333305    -0.01114538    -0.056802    0.04319913    0.04859191    -0.01306501    -0.003238345    0.007062447    0.02551063    -0.01840964    -0.02913901
-0.4248295    -0.01491714    1    0.05952327    -0.5232977    -0.02410398    -0.02140263    0.002887439    -0.02615133    0.04397876    -0.01238674    -0.01166035    0.02923344    0.0418471    -0.03793907
0.2174913    -0.6222392    0.05952327    1    -0.5990358    -0.004350109    0.04695518    0.007053844    -0.04386999    -0.0358891    -0.0541893    0.04775318    0.04810176    0.002899973    0.003584582
0.002515153    0.2333305    -0.5232977    -0.5990358    1    0.02357466    -0.006217423    0.004515984    0.02179571    -0.03559496    0.09143708    -0.03079676    -0.08937305    -0.02632274    0.02316852
-0.03238841    -0.01114538    -0.02410398    -0.004350109    0.02357466    1    -0.1946423    -0.4709472    0.235111    -0.02529814    0.02004144    0.04273592    -0.05215318    -0.07045713    0.07017869
0.04783724    -0.056802    -0.02140263    0.04695518    -0.006217423    -0.1946423    1    0.005353657    -0.6506694    0.2672641    -0.06996184    0.001719751    0.06293339    0.006851533    0.01176129
-0.02160848    0.04319913    0.002887439    0.007053844    0.004515984    -0.4709472    0.005353657    1    0.06514224    -0.5083593    -0.02423889    -0.00824435    0.05413134    0.01702322    -0.01448483
-0.001132487    0.04859191    -0.02615133    -0.04386999    0.02179571    0.235111    -0.6506694    0.06514224    1    -0.6078586    0.05296283    0.04351211    -0.03167337    -0.01256975    -0.02858256
0.004781861    -0.01306501    0.04397876    -0.0358891    -0.03559496    -0.02529814    0.2672641    -0.5083593    -0.6078586    1    0.009636278    -0.04555553    -0.03912217    0.01518262    0.03027273
-0.04251166    -0.003238345    -0.01238674    -0.0541893    0.09143708    0.02004144    -0.06996184    -0.02423889    0.05296283    0.009636278    1    0.2292549    -0.7925327    -0.3398313    0.2443113
0.05005263    0.007062447    -0.01166035    0.04775318    -0.03079676    0.04273592    0.001719751    -0.00824435    0.04351211    -0.04555553    0.2292549    1    0.0582692    -0.7753216    0.1000554
0.04100327    0.02551063    0.02923344    0.04810176    -0.08937305    -0.05215318    0.06293339    0.05413134    -0.03167337    -0.03912217    -0.7925327    0.0582692    1    0.2852451    -0.6086443
-0.01299162    -0.01840964    0.0418471    0.002899973    -0.02632274    -0.07045713    0.006851533    0.01702322    -0.01256975    0.01518262    -0.3398313    -0.7753216    0.2852451    1    -0.503745
-0.01067735    -0.02913901    -0.03793907    0.003584582    0.02316852    0.07017869    0.01176129    -0.01448483    -0.02858256    0.03027273    0.2443113    0.1000554    -0.6086443    -0.503745    1
