1    -0.1750601    -0.4248295    0.2174913    0.002515153    0.04901338    0.03777627    -0.004170395    -0.02228881    -0.02847023
-0.1750601    1    -0.01491714    -0.6222392    0.2333305    -0.07638673    0.04287444    0.07752935    -0.0354916    -0.03312849
-0.4248295    -0.01491714    1    0.05952327    -0.5232977    -0.02816364    0.07149433    0.05057256    -0.048711    -0.007703355
0.2174913    -0.6222392    0.05952327    1    -0.5990358    0.0374761    0.01309802    0.003958793    -0.0008711112    -0.02311995
0.002515153    0.2333305    -0.5232977    -0.5990358    1    0.01021374    -0.07437749    -0.04490543    0.04902425    0.003974
0.04901338    -0.07638673    -0.02816364    0.0374761    0.01021374    1    -0.006012193    -0.5898456    0.08617625    -0.07295721
0.03777627    0.04287444    0.07149433    0.01309802    -0.07437749    -0.006012193    1    -0.2592951    -0.5895032    0.2392751
-0.004170395    0.07752935    0.05057256    0.003958793    -0.04490543    -0.5898456    -0.2592951    1    -0.006376612    -0.4396046
-0.02228881    -0.0354916    -0.048711    -0.0008711112    0.04902425    0.08617625    -0.5895032    -0.006376612    1    -0.4237378
-0.02847023    -0.03312849    -0.007703355    -0.02311995    0.003974    -0.07295721    0.2392751    -0.4396046    -0.4237378    1
