1    -0.1750601    -0.4248295    0.2174913    0.002515153    -0.03238841    0.04783724    -0.02160848    -0.001132487    0.004781861    0.06621934    -0.1088972    -0.07793142    0.09708115    0.06477236    -0.03868388    0.02683497    0.02435256    -0.03779789    0.01498125
-0.1750601    1    -0.01491714    -0.6222392    0.2333305    -0.01114538    -0.056802    0.04319913    0.04859191    -0.01306501    -0.08912375    -0.07692517    0.02483626    0.006941856    0.1031524    0.02570057    0.005629873    -0.02206836    0.0267326    -0.01257761
-0.4248295    -0.01491714    1    0.05952327    -0.5232977    -0.02410398    -0.02140263    0.002887439    -0.02615133    0.04397876    -0.008892919    -0.07442783    -0.04799066    -0.01705087    0.08121752    0.05941823    -0.02345454    -0.03673244    -0.0009793452    0.0164058
0.2174913    -0.6222392    0.05952327    1    -0.5990358    -0.004350109    0.04695518    0.007053844    -0.04386999    -0.0358891    0.141704    -0.05806259    -0.1313163    0.05721546    0.0411066    0.01295194    -0.007756155    -0.01507274    -0.04536799    0.0123655
0.002515153    0.2333305    -0.5232977    -0.5990358    1    0.02357466    -0.006217423    0.004515984    0.02179571    -0.03559496    -0.09934181    0.1484838    0.1417193    -0.04974588    -0.1247196    0.01103227    0.02341695    -0.00105645    0.003877634    -0.02687516
-0.03238841    -0.01114538    -0.02410398    -0.004350109    0.02357466    1    -0.1946423    -0.4709472    0.235111    -0.02529814    0.06731654    -0.06647871    -0.02457491    0.08697665    -0.07981959    -0.05441887    0.03259111    0.042098    -0.01144002    0.01634724
0.04783724    -0.056802    -0.02140263    0.04695518    -0.006217423    -0.1946423    1    0.005353657    -0.6506694    0.2672641    -0.08480226    -0.03535208    0.02558643    -0.05207884    0.1131521    0.04852323    -0.04285439    0.004806626    0.01411818    -0.07562327
-0.02160848    0.04319913    0.002887439    0.007053844    0.004515984    -0.4709472    0.005353657    1    0.06514224    -0.5083593    -0.01373322    -0.03771882    -0.1253563    -0.02811869    0.1803146    0.004058885    -0.009180644    -0.03947601    -0.03934062    0.04766085
-0.001132487    0.04859191    -0.02615133    -0.04386999    0.02179571    0.235111    -0.6506694    0.06514224    1    -0.6078586    0.1406228    -0.08728251    -0.1565472    0.113644    0.02400587    -0.06069623    0.03151801    0.03092303    -0.04632147    0.05767631
0.004781861    -0.01306501    0.04397876    -0.0358891    -0.03559496    -0.02529814    0.2672641    -0.5083593    -0.6078586    1    -0.1326501    0.1034138    0.2141373    -0.05871626    -0.1559781    0.03167666    0.02441669    0.004928975    0.02656286    -0.09268848
0.06621934    -0.08912375    -0.008892919    0.141704    -0.09934181    0.06731654    -0.08480226    -0.01373322    0.1406228    -0.1326501    1    -0.02954475    -0.6886428    -0.02435365    0.001571975    -0.09162924    0.03798744    0.1165212    -0.007314125    -0.06510241
-0.1088972    -0.07692517    -0.07442783    -0.05806259    0.1484838    -0.06647871    -0.03535208    -0.03771882    -0.08728251    0.1034138    -0.02954475    1    -0.230843    -0.6910545    0.2013255    -0.04920301    -0.05762246    0.02099966    0.04462724    0.03819855
-0.07793142    0.02483626    -0.04799066    -0.1313163    0.1417193    -0.02457491    0.02558643    -0.1253563    -0.1565472    0.2141373    -0.6886428    -0.230843    1    -0.006458427    -0.3909671    0.09372042    -0.006732673    -0.09861772    0.0295    0.01024666
0.09708115    0.006941856    -0.01705087    0.05721546    -0.04974588    0.08697665    -0.05207884    -0.02811869    0.113644    -0.05871626    -0.02435365    -0.6910545    -0.006458427    1    -0.3307153    0.01519089    0.08854756    0.03698186    -0.04423118    -0.05474142
0.06477236    0.1031524    0.08121752    0.0411066    -0.1247196    -0.07981959    0.1131521    0.1803146    0.02400587    -0.1559781    0.001571975    0.2013255    -0.3909671    -0.3307153    1    -0.01244836    -0.04533453    -0.0184135    -0.01921662    0.05064297
-0.03868388    0.02570057    0.05941823    0.01295194    0.01103227    -0.05441887    0.04852323    0.004058885    -0.06069623    0.03167666    -0.09162924    -0.04920301    0.09372042    0.01519089    -0.01244836    1    0.05016715    -0.7652618    -0.2164396    0.2527462
0.02683497    0.005629873    -0.02345454    -0.007756155    0.02341695    0.03259111    -0.04285439    -0.009180644    0.03151801    0.02441669    0.03798744    -0.05762246    -0.006732673    0.08854756    -0.04533453    0.05016715    1    0.07725506    -0.7808682    0.1179414
0.02435256    -0.02206836    -0.03673244    -0.01507274    -0.00105645    0.042098    0.004806626    -0.03947601    0.03092303    0.004928975    0.1165212    0.02099966    -0.09861772    0.03698186    -0.0184135    -0.7652618    0.07725506    1    0.210168    -0.6410685
-0.03779789    0.0267326    -0.0009793452    -0.04536799    0.003877634    -0.01144002    0.01411818    -0.03934062    -0.04632147    0.02656286    -0.007314125    0.04462724    0.0295    -0.04423118    -0.01921662    -0.2164396    -0.7808682    0.210168    1    -0.5415401
0.01498125    -0.01257761    0.0164058    0.0123655    -0.02687516    0.01634724    -0.07562327    0.04766085    0.05767631    -0.09268848    -0.06510241    0.03819855    0.01024666    -0.05474142    0.05064297    0.2527462    0.1179414    -0.6410685    -0.5415401    1
