1    -0.1750601    -0.4248295    0.2174913    0.002515153    -0.03238841    0.04783724    -0.02160848    -0.001132487    0.004781861    0.01583179    0.02431362    -0.007301438    0.0004676572    -0.02911357    -0.03868388    0.02683497    0.02435256    -0.03779789    0.01498125
-0.1750601    1    -0.01491714    -0.6222392    0.2333305    -0.01114538    -0.056802    0.04319913    0.04859191    -0.01306501    0.001579019    -0.05518153    -0.00146553    0.03063148    0.01764472    0.02570057    0.005629873    -0.02206836    0.0267326    -0.01257761
-0.4248295    -0.01491714    1    0.05952327    -0.5232977    -0.02410398    -0.02140263    0.002887439    -0.02615133    0.04397876    -0.05796589    -0.03024736    0.06909816    -0.01396418    0.01045658    0.05941823    -0.02345454    -0.03673244    -0.0009793452    0.0164058
0.2174913    -0.6222392    0.05952327    1    -0.5990358    -0.004350109    0.04695518    0.007053844    -0.04386999    -0.0358891    -0.01307645    0.04277145    -0.00368078    -0.02400563    0.005144751    0.01295194    -0.007756155    -0.01507274    -0.04536799    0.0123655
0.002515153    0.2333305    -0.5232977    -0.5990358    1    0.02357466    -0.006217423    0.004515984    0.02179571    -0.03559496    -0.01467582    -0.03386515    0.001945455    0.07431929    0.00592173    0.01103227    0.02341695    -0.00105645    0.003877634    -0.02687516
-0.03238841    -0.01114538    -0.02410398    -0.004350109    0.02357466    1    -0.1946423    -0.4709472    0.235111    -0.02529814    0.1140332    -0.1149303    -0.1449753    0.114778    -0.0131029    -0.05441887    0.03259111    0.042098    -0.01144002    0.01634724
0.04783724    -0.056802    -0.02140263    0.04695518    -0.006217423    -0.1946423    1    0.005353657    -0.6506694    0.2672641    -0.1459943    -0.001696117    0.01492947    -0.07833049    0.1819539    0.04852323    -0.04285439    0.004806626    0.01411818    -0.07562327
-0.02160848    0.04319913    0.002887439    0.007053844    0.004515984    -0.4709472    0.005353657    1    0.06514224    -0.5083593    -0.06495123    -0.08069654    -0.03107886    -0.09139743    0.1451873    0.004058885    -0.009180644    -0.03947601    -0.03934062    0.04766085
-0.001132487    0.04859191    -0.02615133    -0.04386999    0.02179571    0.235111    -0.6506694    0.06514224    1    -0.6078586    0.1143026    -0.1579019    -0.1080708    0.1031727    -0.03598729    -0.06069623    0.03151801    0.03092303    -0.04632147    0.05767631
0.004781861    -0.01306501    0.04397876    -0.0358891    -0.03559496    -0.02529814    0.2672641    -0.5083593    -0.6078586    1    -0.01478654    0.2231314    0.1023372    -0.06043291    -0.09014418    0.03167666    0.02441669    0.004928975    0.02656286    -0.09268848
0.01583179    0.001579019    -0.05796589    -0.01307645    -0.01467582    0.1140332    -0.1459943    -0.06495123    0.1143026    -0.01478654    1    -0.05330177    -0.7076816    -0.05428078    -0.0042453    -0.02008128    -0.008669348    0.0272147    0.003696634    -0.0004168177
0.02431362    -0.05518153    -0.03024736    0.04277145    -0.03386515    -0.1149303    -0.001696117    -0.08069654    -0.1579019    0.2231314    -0.05330177    1    -0.07540401    -0.5736487    0.1523894    0.05603823    -0.028976    -0.08332444    0.005903699    0.07526527
-0.007301438    -0.00146553    0.06909816    -0.00368078    0.001945455    -0.1449753    0.01492947    -0.03107886    -0.1080708    0.1023372    -0.7076816    -0.07540401    1    0.02279707    -0.3127617    0.03877699    -0.01065999    -0.06132909    0.008843833    0.04384166
0.0004676572    0.03063148    -0.01396418    -0.02400563    0.07431929    0.114778    -0.07833049    -0.09139743    0.1031727    -0.06043291    -0.05428078    -0.5736487    0.02279707    1    -0.3869901    -0.0403027    0.001521182    0.03320285    0.02812571    -0.03200737
-0.02911357    0.01764472    0.01045658    0.005144751    0.00592173    -0.0131029    0.1819539    0.1451873    -0.03598729    -0.09014418    -0.0042453    0.1523894    -0.3127617    -0.3869901    1    0.0300873    0.00612896    0.002842135    -0.03238808    -0.02539443
-0.03868388    0.02570057    0.05941823    0.01295194    0.01103227    -0.05441887    0.04852323    0.004058885    -0.06069623    0.03167666    -0.02008128    0.05603823    0.03877699    -0.0403027    0.0300873    1    0.05016715    -0.7652618    -0.2164396    0.2527462
0.02683497    0.005629873    -0.02345454    -0.007756155    0.02341695    0.03259111    -0.04285439    -0.009180644    0.03151801    0.02441669    -0.008669348    -0.028976    -0.01065999    0.001521182    0.00612896    0.05016715    1    0.07725506    -0.7808682    0.1179414
0.02435256    -0.02206836    -0.03673244    -0.01507274    -0.00105645    0.042098    0.004806626    -0.03947601    0.03092303    0.004928975    0.0272147    -0.08332444    -0.06132909    0.03320285    0.002842135    -0.7652618    0.07725506    1    0.210168    -0.6410685
-0.03779789    0.0267326    -0.0009793452    -0.04536799    0.003877634    -0.01144002    0.01411818    -0.03934062    -0.04632147    0.02656286    0.003696634    0.005903699    0.008843833    0.02812571    -0.03238808    -0.2164396    -0.7808682    0.210168    1    -0.5415401
0.01498125    -0.01257761    0.0164058    0.0123655    -0.02687516    0.01634724    -0.07562327    0.04766085    0.05767631    -0.09268848    -0.0004168177    0.07526527    0.04384166    -0.03200737    -0.02539443    0.2527462    0.1179414    -0.6410685    -0.5415401    1
