1    -0.1750601    -0.4248295    0.2174913    0.002515153    -0.03238841    0.04783724    -0.02160848    -0.001132487    0.004781861    0.08045247    -0.07690611    -0.0909989    0.07327928    0.03840799
-0.1750601    1    -0.01491714    -0.6222392    0.2333305    -0.01114538    -0.056802    0.04319913    0.04859191    -0.01306501    -0.03606889    -0.04560146    -0.0428654    -0.03354765    0.1364674
-0.4248295    -0.01491714    1    0.05952327    -0.5232977    -0.02410398    -0.02140263    0.002887439    -0.02615133    0.04397876    -0.02822615    -0.0611769    -0.0250126    -0.02210743    0.1312862
0.2174913    -0.6222392    0.05952327    1    -0.5990358    -0.004350109    0.04695518    0.007053844    -0.04386999    -0.0358891    0.119538    -0.1185249    -0.09677928    0.1441567    -0.03057524
0.002515153    0.2333305    -0.5232977    -0.5990358    1    0.02357466    -0.006217423    0.004515984    0.02179571    -0.03559496    -0.0827866    0.1297842    0.129556    -0.07433294    -0.1390769
-0.03238841    -0.01114538    -0.02410398    -0.004350109    0.02357466    1    -0.1946423    -0.4709472    0.235111    -0.02529814    0.1125817    -0.08291987    -0.0868434    0.1033577    -0.01966699
0.04783724    -0.056802    -0.02140263    0.04695518    -0.006217423    -0.1946423    1    0.005353657    -0.6506694    0.2672641    -0.05889785    -0.00170725    -0.01437208    -0.06253377    0.1102095
-0.02160848    0.04319913    0.002887439    0.007053844    0.004515984    -0.4709472    0.005353657    1    0.06514224    -0.5083593    -0.006737235    -0.0705223    -0.09045187    -0.01487817    0.1719383
-0.001132487    0.04859191    -0.02615133    -0.04386999    0.02179571    0.235111    -0.6506694    0.06514224    1    -0.6078586    0.1557245    -0.128178    -0.1220098    0.1055599    0.01355246
0.004781861    -0.01306501    0.04397876    -0.0358891    -0.03559496    -0.02529814    0.2672641    -0.5083593    -0.6078586    1    -0.1497256    0.1351196    0.1929388    -0.05353459    -0.1540285
0.08045247    -0.03606889    -0.02822615    0.119538    -0.0827866    0.1125817    -0.05889785    -0.006737235    0.1557245    -0.1497256    1    0.0416845    -0.7534453    -0.07856249    0.08736875
-0.07690611    -0.04560146    -0.0611769    -0.1185249    0.1297842    -0.08291987    -0.00170725    -0.0705223    -0.128178    0.1351196    0.0416845    1    -0.220745    -0.7680268    0.1760315
-0.0909989    -0.0428654    -0.0250126    -0.09677928    0.129556    -0.0868434    -0.01437208    -0.09045187    -0.1220098    0.1929388    -0.7534453    -0.220745    1    0.05457984    -0.4539195
0.07327928    -0.03354765    -0.02210743    0.1441567    -0.07433294    0.1033577    -0.06253377    -0.01487817    0.1055599    -0.05353459    -0.07856249    -0.7680268    0.05457984    1    -0.3206691
0.03840799    0.1364674    0.1312862    -0.03057524    -0.1390769    -0.01966699    0.1102095    0.1719383    0.01355246    -0.1540285    0.08736875    0.1760315    -0.4539195    -0.3206691    1
