4.886195e-06    9.459127e-07    3.215987e-07    4.051512e-07    -4.583852e-06    1.504272e-06    -7.314425e-07    -5.679556e-07    1.777807e-06    -1.261226e-06    -1.865124e-06    2.789416e-06    4.92367e-06    -1.257527e-06    -2.669498e-06    1.932707e-06    -2.860336e-06    -2.299976e-06    1.497129e-06    7.578162e-07    1.681642e-06    -5.512642e-06    -4.954072e-06    2.077872e-06    3.46285e-06    -7.469196e-07    2.881742e-06    3.504763e-06    -4.371428e-07    -2.967616e-06
9.459127e-07    5.149284e-06    1.932172e-06    -2.591136e-06    -2.388246e-06    1.125305e-06    -9.11562e-07    -3.515042e-08    1.169833e-06    -2.989796e-07    -3.930057e-06    3.296699e-06    5.907054e-06    -2.248533e-06    -1.54836e-06    3.394634e-08    -2.721648e-06    -7.654098e-07    1.307248e-06    7.80682e-07    -8.287858e-07    -3.586322e-06    -1.894365e-06    -2.835231e-08    2.816209e-06    -9.179527e-07    3.968158e-06    2.535773e-06    -1.700422e-06    -1.158702e-06
3.215987e-07    1.932172e-06    4.41267e-06    -5.483117e-08    -4.145482e-06    7.554698e-07    -7.506426e-07    -1.423954e-06    3.493356e-07    8.805653e-07    -2.599743e-06    1.469649e-06    6.485176e-06    -2.425474e-06    -1.929023e-06    2.147213e-07    -7.300058e-07    -8.978494e-07    6.024038e-07    2.219785e-07    9.714857e-08    -1.997255e-06    -2.984274e-06    -3.435726e-07    2.591035e-06    2.072976e-08    2.317011e-06    1.037682e-06    -1.052196e-06    -8.740395e-07
4.051512e-07    -2.591136e-06    -5.483117e-08    4.212585e-06    1.396828e-07    1.7799e-07    -6.009912e-07    -1.914543e-06    -5.821123e-07    1.44308e-06    9.86558e-07    2.625116e-07    -1.238068e-06    6.756955e-07    -3.004256e-09    -4.637683e-07    2.711362e-06    1.379878e-06    -1.520948e-06    -8.737437e-07    1.281596e-06    3.469149e-07    -7.761687e-07    6.814649e-07    -4.34716e-07    7.676059e-07    -2.116253e-06    -1.317975e-06    1.164203e-06    9.798627e-08
-4.583852e-06    -2.388246e-06    -4.145482e-06    1.396828e-07    1.312032e-05    -3.438502e-06    1.906855e-06    1.761039e-06    -3.760452e-06    1.88221e-06    3.318527e-06    -3.344315e-06    -1.1995e-05    4.6963e-06    6.168724e-06    -3.413637e-06    6.043497e-06    4.310111e-06    -3.652386e-06    -9.796797e-07    -1.893339e-06    8.921054e-06    8.208652e-06    -1.899883e-06    -6.649659e-06    5.827555e-07    -5.947816e-06    -5.178773e-06    1.526499e-06    4.310748e-06
1.504272e-06    1.125305e-06    7.554698e-07    1.7799e-07    -3.438502e-06    4.083067e-06    -7.209514e-07    -2.108591e-06    1.132269e-06    -8.348474e-07    -5.726287e-07    1.996684e-06    2.649773e-06    -1.488728e-06    -1.950216e-06    7.045634e-07    -2.456561e-06    -8.196664e-07    1.013203e-06    7.42406e-07    5.874067e-07    -2.923946e-06    -2.332267e-06    3.138033e-07    2.063818e-06    3.989158e-07    2.079932e-06    1.134973e-06    -1.880515e-07    -1.482194e-06
-7.314425e-07    -9.11562e-07    -7.506426e-07    -6.009912e-07    1.906855e-06    -7.209514e-07    3.225865e-06    1.042384e-06    -2.33534e-06    -4.072581e-07    8.467265e-07    -2.538635e-06    -1.687101e-06    1.519183e-06    1.286852e-06    -2.820305e-07    4.1523e-08    -6.093431e-07    -2.714229e-07    7.598597e-07    1.470062e-07    2.196151e-06    9.92426e-07    -8.980676e-07    -1.168983e-06    2.669429e-07    -4.908744e-07    -8.196691e-07    4.248384e-07    9.217587e-08
-5.679556e-07    -3.515042e-08    -1.423954e-06    -1.914543e-06    1.761039e-06    -2.108591e-06    1.042384e-06    5.821202e-06    -1.991838e-08    -3.365409e-06    -1.168902e-07    -2.659381e-06    -5.385399e-07    1.797612e-06    7.729208e-07    6.10294e-07    -3.931993e-06    -1.537622e-06    1.776711e-06    7.936778e-07    -1.151038e-06    2.429427e-07    1.686035e-06    -3.625149e-07    -4.094751e-07    -6.493725e-07    1.28175e-06    8.500238e-07    -8.688429e-07    2.063513e-07
1.777807e-06    1.169833e-06    3.493356e-07    -5.821123e-07    -3.760452e-06    1.132269e-06    -2.33534e-06    -1.991838e-08    5.180488e-06    -2.360911e-06    -1.30996e-06    3.293685e-06    2.394416e-06    -1.405498e-06    -2.305098e-06    2.562326e-06    -4.286575e-06    -2.93809e-06    2.286041e-06    8.58345e-07    -1.35887e-07    -5.211858e-06    -2.242527e-06    1.971859e-06    2.529834e-06    -1.496635e-06    2.830372e-06    3.86963e-06    -1.259048e-06    -1.623778e-06
-1.261226e-06    -2.989796e-07    8.805653e-07    1.44308e-06    1.88221e-06    -8.348474e-07    -4.072581e-07    -3.365409e-06    -2.360911e-06    5.410115e-06    2.109686e-07    2.554016e-07    -8.139803e-07    -4.963299e-07    1.080232e-06    -2.460943e-06    6.072207e-06    3.463832e-06    -2.828042e-06    -1.590499e-06    7.283437e-08    3.073589e-06    1.113299e-06    -5.588887e-07    -1.600636e-06    6.390754e-07    -2.772524e-06    -2.658945e-06    7.232111e-07    1.726133e-06
-1.865124e-06    -3.930057e-06    -2.599743e-06    9.86558e-07    3.318527e-06    -5.726287e-07    8.467265e-07    -1.168902e-07    -1.30996e-06    2.109686e-07    6.083899e-06    -3.527483e-06    -7.850096e-06    1.566626e-06    1.638805e-06    -8.179942e-07    2.777874e-06    1.685517e-06    -1.451796e-06    -7.533147e-07    8.880671e-08    5.304457e-06    3.527155e-06    -1.030758e-06    -3.711859e-06    1.489742e-06    -4.447464e-06    -3.852404e-06    1.849999e-06    2.040563e-06
2.789416e-06    3.296699e-06    1.469649e-06    2.625116e-07    -3.344315e-06    1.996684e-06    -2.538635e-06    -2.659381e-06    3.293685e-06    2.554016e-07    -3.527483e-06    9.916049e-06    1.608575e-06    -2.440016e-06    -1.727434e-06    1.201621e-06    -1.247579e-06    -1.108794e-06    2.709822e-07    7.696318e-07    2.403355e-07    -6.904975e-06    -3.725066e-06    3.293888e-06    3.259576e-06    -1.821063e-06    2.94123e-06    4.599769e-06    -9.494627e-07    -2.491912e-06
4.92367e-06    5.907054e-06    6.485176e-06    -1.238068e-06    -1.1995e-05    2.649773e-06    -1.687101e-06    -5.385399e-07    2.394416e-06    -8.139803e-07    -7.850096e-06    1.608575e-06    2.279692e-05    -6.019564e-06    -8.131292e-06    2.30335e-06    -6.980663e-06    -3.874321e-06    4.024867e-06    7.036409e-07    1.589045e-06    -9.663921e-06    -9.914409e-06    3.330697e-07    8.866462e-06    -7.714244e-07    8.706045e-06    5.474616e-06    -3.352726e-06    -3.976115e-06
-1.257527e-06    -2.248533e-06    -2.425474e-06    6.756955e-07    4.6963e-06    -1.488728e-06    1.519183e-06    1.797612e-06    -1.405498e-06    -4.963299e-07    1.566626e-06    -2.440016e-06    -6.019564e-06    4.554526e-06    2.284657e-06    -4.147657e-07    8.680688e-07    3.743211e-07    -7.973294e-07    2.942461e-07    -3.764334e-07    2.970194e-06    2.915847e-06    -2.405236e-08    -2.737383e-06    -1.503238e-07    -2.242396e-06    -1.309532e-06    6.646321e-07    1.226246e-06
-2.669498e-06    -1.54836e-06    -1.929023e-06    -3.004256e-09    6.168724e-06    -1.950216e-06    1.286852e-06    7.729208e-07    -2.305098e-06    1.080232e-06    1.638805e-06    -1.727434e-06    -8.131292e-06    2.284657e-06    5.33751e-06    -2.12059e-06    3.796645e-06    2.311888e-06    -1.980998e-06    -3.0213e-07    -9.893636e-07    5.10199e-06    4.744499e-06    -1.026962e-06    -3.892444e-06    4.155663e-07    -3.204587e-06    -2.871145e-06    1.188979e-06    1.902602e-06
1.932707e-06    3.394634e-08    2.147213e-07    -4.637683e-07    -3.413637e-06    7.045634e-07    -2.820305e-07    6.10294e-07    2.562326e-06    -2.460943e-06    -8.179942e-07    1.201621e-06    2.30335e-06    -4.147657e-07    -2.12059e-06    5.206065e-06    -3.781262e-06    -5.183583e-06    2.147384e-06    8.908594e-07    6.104038e-07    -4.306022e-06    -3.254891e-06    1.662083e-06    2.464331e-06    -1.169107e-06    2.106795e-06    3.648046e-06    -6.1772e-07    -2.026296e-06
-2.860336e-06    -2.721648e-06    -7.300058e-07    2.711362e-06    6.043497e-06    -2.456561e-06    4.1523e-08    -3.931993e-06    -4.286575e-06    6.072207e-06    2.777874e-06    -1.247579e-06    -6.980663e-06    8.680688e-07    3.796645e-06    -3.781262e-06    1.295298e-05    5.32707e-06    -6.291279e-06    -2.286183e-06    4.027303e-07    7.578478e-06    3.740013e-06    -1.300962e-06    -4.693968e-06    1.456781e-06    -7.020999e-06    -5.670611e-06    2.539096e-06    3.133493e-06
-2.299976e-06    -7.654098e-07    -8.978494e-07    1.379878e-06    4.310111e-06    -8.196664e-07    -6.093431e-07    -1.537622e-06    -2.93809e-06    3.463832e-06    1.685517e-06    -1.108794e-06    -3.874321e-06    3.743211e-07    2.311888e-06    -5.183583e-06    5.32707e-06    8.002449e-06    -2.992026e-06    -3.020549e-06    -4.854215e-07    5.190203e-06    3.931289e-06    -1.739075e-06    -3.129817e-06    1.681418e-06    -3.889349e-06    -5.014458e-06    1.239954e-06    2.974032e-06
1.497129e-06    1.307248e-06    6.024038e-07    -1.520948e-06    -3.652386e-06    1.013203e-06    -2.714229e-07    1.776711e-06    2.286041e-06    -2.828042e-06    -1.451796e-06    2.709822e-07    4.024867e-06    -7.973294e-07    -1.980998e-06    2.147384e-06    -6.291279e-06    -2.992026e-06    4.501522e-06    5.118659e-07    -9.074471e-08    -3.800139e-06    -2.153915e-06    6.953969e-07    2.48764e-06    -7.934617e-07    3.340198e-06    2.791002e-06    -1.34878e-06    -1.435267e-06
7.578162e-07    7.80682e-07    2.219785e-07    -8.737437e-07    -9.796797e-07    7.42406e-07    7.598597e-07    7.936778e-07    8.58345e-07    -1.590499e-06    -7.533147e-07    7.696318e-07    7.036409e-07    2.942461e-07    -3.0213e-07    8.908594e-07    -2.286183e-06    -3.020549e-06    5.118659e-07    3.083442e-06    3.050312e-08    -1.742682e-06    -9.371815e-07    4.80579e-07    8.838525e-07    -6.612309e-07    2.038638e-06    1.969338e-06    -4.617952e-07    -1.388022e-06
1.681642e-06    -8.287858e-07    9.714857e-08    1.281596e-06    -1.893339e-06    5.874067e-07    1.470062e-07    -1.151038e-06    -1.35887e-07    7.283437e-08    8.880671e-08    2.403355e-07    1.589045e-06    -3.764334e-07    -9.893636e-07    6.104038e-07    4.027303e-07    -4.854215e-07    -9.074471e-08    3.050312e-08    3.542222e-06    -1.019945e-06    -3.484572e-06    4.533619e-07    8.609967e-07    3.56985e-07    -2.54519e-07    3.272968e-07    1.002341e-06    -1.347019e-06
-5.512642e-06    -3.586322e-06    -1.997255e-06    3.469149e-07    8.921054e-06    -2.923946e-06    2.196151e-06    2.429427e-07    -5.211858e-06    3.073589e-06    5.304457e-06    -6.904975e-06    -9.663921e-06    2.970194e-06    5.10199e-06    -4.306022e-06    7.578478e-06    5.190203e-06    -3.800139e-06    -1.742682e-06    -1.019945e-06    1.376126e-05    7.27163e-06    -5.312984e-06    -6.64568e-06    2.463635e-06    -7.074454e-06    -8.214413e-06    2.156731e-06    5.236181e-06
-4.954072e-06    -1.894365e-06    -2.984274e-06    -7.761687e-07    8.208652e-06    -2.332267e-06    9.92426e-07    1.686035e-06    -2.242527e-06    1.113299e-06    3.527155e-06    -3.725066e-06    -9.914409e-06    2.915847e-06    4.744499e-06    -3.254891e-06    3.740013e-06    3.931289e-06    -2.153915e-06    -9.371815e-07    -3.484572e-06    7.27163e-06    9.840838e-06    -2.098703e-06    -6.409223e-06    7.951821e-07    -4.368877e-06    -4.926651e-06    7.94792e-07    4.207716e-06
2.077872e-06    -2.835231e-08    -3.435726e-07    6.814649e-07    -1.899883e-06    3.138033e-07    -8.980676e-07    -3.625149e-07    1.971859e-06    -5.588887e-07    -1.030758e-06    3.293888e-06    3.330697e-07    -2.405236e-08    -1.026962e-06    1.662083e-06    -1.300962e-06    -1.739075e-06    6.953969e-07    4.80579e-07    4.533619e-07    -5.312984e-06    -2.098703e-06    4.494634e-06    9.966772e-07    -1.284476e-06    1.157076e-06    3.130173e-06    -3.023326e-07    -1.862962e-06
3.46285e-06    2.816209e-06    2.591035e-06    -4.34716e-07    -6.649659e-06    2.063818e-06    -1.168983e-06    -4.094751e-07    2.529834e-06    -1.600636e-06    -3.711859e-06    3.259576e-06    8.866462e-06    -2.737383e-06    -3.892444e-06    2.464331e-06    -4.693968e-06    -3.129817e-06    2.48764e-06    8.838525e-07    8.609967e-07    -6.64568e-06    -6.409223e-06    9.966772e-07    6.422314e-06    -1.000296e-06    4.87925e-06    4.534244e-06    -1.630617e-06    -3.076304e-06
-7.469196e-07    -9.179527e-07    2.072976e-08    7.676059e-07    5.827555e-07    3.989158e-07    2.669429e-07    -6.493725e-07    -1.496635e-06    6.390754e-07    1.489742e-06    -1.821063e-06    -7.714244e-07    -1.503238e-07    4.155663e-07    -1.169107e-06    1.456781e-06    1.681418e-06    -7.934617e-07    -6.612309e-07    3.56985e-07    2.463635e-06    7.951821e-07    -1.284476e-06    -1.000296e-06    3.084688e-06    -1.453245e-06    -3.664578e-06    1.030621e-06    8.550283e-07
2.881742e-06    3.968158e-06    2.317011e-06    -2.116253e-06    -5.947816e-06    2.079932e-06    -4.908744e-07    1.28175e-06    2.830372e-06    -2.772524e-06    -4.447464e-06    2.94123e-06    8.706045e-06    -2.242396e-06    -3.204587e-06    2.106795e-06    -7.020999e-06    -3.889349e-06    3.340198e-06    2.038638e-06    -2.54519e-07    -7.074454e-06    -4.368877e-06    1.157076e-06    4.87925e-06    -1.453245e-06    7.948872e-06    4.720644e-06    -3.334925e-06    -2.589876e-06
3.504763e-06    2.535773e-06    1.037682e-06    -1.317975e-06    -5.178773e-06    1.134973e-06    -8.196691e-07    8.500238e-07    3.86963e-06    -2.658945e-06    -3.852404e-06    4.599769e-06    5.474616e-06    -1.309532e-06    -2.871145e-06    3.648046e-06    -5.670611e-06    -5.014458e-06    2.791002e-06    1.969338e-06    3.272968e-07    -8.214413e-06    -4.926651e-06    3.130173e-06    4.534244e-06    -3.664578e-06    4.720644e-06    8.373818e-06    -1.932707e-06    -4.201023e-06
-4.371428e-07    -1.700422e-06    -1.052196e-06    1.164203e-06    1.526499e-06    -1.880515e-07    4.248384e-07    -8.688429e-07    -1.259048e-06    7.232111e-07    1.849999e-06    -9.494627e-07    -3.352726e-06    6.646321e-07    1.188979e-06    -6.1772e-07    2.539096e-06    1.239954e-06    -1.34878e-06    -4.617952e-07    1.002341e-06    2.156731e-06    7.94792e-07    -3.023326e-07    -1.630617e-06    1.030621e-06    -3.334925e-06    -1.932707e-06    3.151918e-06    -3.574882e-07
-2.967616e-06    -1.158702e-06    -8.740395e-07    9.798627e-08    4.310748e-06    -1.482194e-06    9.217587e-08    2.063513e-07    -1.623778e-06    1.726133e-06    2.040563e-06    -2.491912e-06    -3.976115e-06    1.226246e-06    1.902602e-06    -2.026296e-06    3.133493e-06    2.974032e-06    -1.435267e-06    -1.388022e-06    -1.347019e-06    5.236181e-06    4.207716e-06    -1.862962e-06    -3.076304e-06    8.550283e-07    -2.589876e-06    -4.201023e-06    -3.574882e-07    4.389343e-06
