4.979792e-06    2.512916e-06    -2.175512e-07    -1.460202e-06    -4.258484e-06    -2.313664e-06    4.005933e-06    4.121621e-06    -1.236167e-06    -2.553716e-06    7.09279e-07    -5.9779e-06    -3.868821e-06    2.028266e-06    3.398862e-06    -1.262569e-06    3.699816e-06    4.179913e-06    -1.047109e-06    -2.63709e-06
2.512916e-06    5.399385e-06    1.74499e-06    -3.076662e-06    -4.050674e-06    -4.28265e-06    3.796559e-06    7.480634e-06    -2.70708e-06    -2.637849e-06    -1.713859e-07    -5.699344e-06    -3.539642e-06    1.132365e-06    3.894009e-06    -1.268346e-06    4.24363e-06    3.810198e-06    -1.806164e-06    -1.94113e-06
-2.175512e-07    1.74499e-06    3.794063e-06    8.61164e-09    -3.11176e-06    -2.439358e-06    7.090715e-07    5.776373e-06    -1.350637e-06    -1.697651e-06    5.774059e-07    -2.29962e-06    -2.708784e-06    5.011484e-07    2.112576e-06    -4.029974e-07    1.513466e-06    1.357736e-06    -7.382012e-07    -8.477904e-07
-1.460202e-06    -3.076662e-06    8.61164e-09    4.199323e-06    2.58675e-06    1.673722e-06    -1.042302e-06    -3.963448e-06    2.073585e-06    1.559353e-06    7.715116e-07    3.171171e-06    9.653304e-07    -2.978409e-08    -2.110007e-06    4.294996e-07    -3.214959e-06    -1.961829e-06    1.319379e-06    9.849596e-07
-4.258484e-06    -4.050674e-06    -3.11176e-06    2.58675e-06    1.21106e-05    3.425628e-06    -4.014428e-06    -9.709956e-06    3.372386e-06    5.628086e-06    -1.262356e-06    9.553632e-06    6.69043e-06    -2.882355e-06    -5.914832e-06    1.681457e-06    -5.866194e-06    -6.370475e-06    1.8181e-06    3.980321e-06
-2.313664e-06    -4.28265e-06    -2.439358e-06    1.673722e-06    3.425628e-06    6.083899e-06    -3.527483e-06    -7.850096e-06    1.566626e-06    1.638805e-06    8.880671e-08    5.304457e-06    3.527155e-06    -1.030758e-06    -3.711859e-06    1.489742e-06    -4.447464e-06    -3.852404e-06    1.849999e-06    2.040563e-06
4.005933e-06    3.796559e-06    7.090715e-07    -1.042302e-06    -4.014428e-06    -3.527483e-06    9.916049e-06    1.608575e-06    -2.440016e-06    -1.727434e-06    2.403355e-07    -6.904975e-06    -3.725066e-06    3.293888e-06    3.259576e-06    -1.821063e-06    2.94123e-06    4.599769e-06    -9.494627e-07    -2.491912e-06
4.121621e-06    7.480634e-06    5.776373e-06    -3.963448e-06    -9.709956e-06    -7.850096e-06    1.608575e-06    2.279692e-05    -6.019564e-06    -8.131292e-06    1.589045e-06    -9.663921e-06    -9.914409e-06    3.330697e-07    8.866462e-06    -7.714244e-07    8.706045e-06    5.474616e-06    -3.352726e-06    -3.976115e-06
-1.236167e-06    -2.70708e-06    -1.350637e-06    2.073585e-06    3.372386e-06    1.566626e-06    -2.440016e-06    -6.019564e-06    4.554526e-06    2.284657e-06    -3.764334e-07    2.970194e-06    2.915847e-06    -2.405236e-08    -2.737383e-06    -1.503238e-07    -2.242396e-06    -1.309532e-06    6.646321e-07    1.226246e-06
-2.553716e-06    -2.637849e-06    -1.697651e-06    1.559353e-06    5.628086e-06    1.638805e-06    -1.727434e-06    -8.131292e-06    2.284657e-06    5.33751e-06    -9.893636e-07    5.10199e-06    4.744499e-06    -1.026962e-06    -3.892444e-06    4.155663e-07    -3.204587e-06    -2.871145e-06    1.188979e-06    1.902602e-06
7.09279e-07    -1.713859e-07    5.774059e-07    7.715116e-07    -1.262356e-06    8.880671e-08    2.403355e-07    1.589045e-06    -3.764334e-07    -9.893636e-07    3.542222e-06    -1.019945e-06    -3.484572e-06    4.533619e-07    8.609967e-07    3.56985e-07    -2.54519e-07    3.272968e-07    1.002341e-06    -1.347019e-06
-5.9779e-06    -5.699344e-06    -2.29962e-06    3.171171e-06    9.553632e-06    5.304457e-06    -6.904975e-06    -9.663921e-06    2.970194e-06    5.10199e-06    -1.019945e-06    1.376126e-05    7.27163e-06    -5.312984e-06    -6.64568e-06    2.463635e-06    -7.074454e-06    -8.214413e-06    2.156731e-06    5.236181e-06
-3.868821e-06    -3.539642e-06    -2.708784e-06    9.653304e-07    6.69043e-06    3.527155e-06    -3.725066e-06    -9.914409e-06    2.915847e-06    4.744499e-06    -3.484572e-06    7.27163e-06    9.840838e-06    -2.098703e-06    -6.409223e-06    7.951821e-07    -4.368877e-06    -4.926651e-06    7.94792e-07    4.207716e-06
2.028266e-06    1.132365e-06    5.011484e-07    -2.978409e-08    -2.882355e-06    -1.030758e-06    3.293888e-06    3.330697e-07    -2.405236e-08    -1.026962e-06    4.533619e-07    -5.312984e-06    -2.098703e-06    4.494634e-06    9.966772e-07    -1.284476e-06    1.157076e-06    3.130173e-06    -3.023326e-07    -1.862962e-06
3.398862e-06    3.894009e-06    2.112576e-06    -2.110007e-06    -5.914832e-06    -3.711859e-06    3.259576e-06    8.866462e-06    -2.737383e-06    -3.892444e-06    8.609967e-07    -6.64568e-06    -6.409223e-06    9.966772e-07    6.422314e-06    -1.000296e-06    4.87925e-06    4.534244e-06    -1.630617e-06    -3.076304e-06
-1.262569e-06    -1.268346e-06    -4.029974e-07    4.294996e-07    1.681457e-06    1.489742e-06    -1.821063e-06    -7.714244e-07    -1.503238e-07    4.155663e-07    3.56985e-07    2.463635e-06    7.951821e-07    -1.284476e-06    -1.000296e-06    3.084688e-06    -1.453245e-06    -3.664578e-06    1.030621e-06    8.550283e-07
3.699816e-06    4.24363e-06    1.513466e-06    -3.214959e-06    -5.866194e-06    -4.447464e-06    2.94123e-06    8.706045e-06    -2.242396e-06    -3.204587e-06    -2.54519e-07    -7.074454e-06    -4.368877e-06    1.157076e-06    4.87925e-06    -1.453245e-06    7.948872e-06    4.720644e-06    -3.334925e-06    -2.589876e-06
4.179913e-06    3.810198e-06    1.357736e-06    -1.961829e-06    -6.370475e-06    -3.852404e-06    4.599769e-06    5.474616e-06    -1.309532e-06    -2.871145e-06    3.272968e-07    -8.214413e-06    -4.926651e-06    3.130173e-06    4.534244e-06    -3.664578e-06    4.720644e-06    8.373818e-06    -1.932707e-06    -4.201023e-06
-1.047109e-06    -1.806164e-06    -7.382012e-07    1.319379e-06    1.8181e-06    1.849999e-06    -9.494627e-07    -3.352726e-06    6.646321e-07    1.188979e-06    1.002341e-06    2.156731e-06    7.94792e-07    -3.023326e-07    -1.630617e-06    1.030621e-06    -3.334925e-06    -1.932707e-06    3.151918e-06    -3.574882e-07
-2.63709e-06    -1.94113e-06    -8.477904e-07    9.849596e-07    3.980321e-06    2.040563e-06    -2.491912e-06    -3.976115e-06    1.226246e-06    1.902602e-06    -1.347019e-06    5.236181e-06    4.207716e-06    -1.862962e-06    -3.076304e-06    8.550283e-07    -2.589876e-06    -4.201023e-06    -3.574882e-07    4.389343e-06
