6.083899e-06    -3.527483e-06    -7.850096e-06    1.566626e-06    1.638805e-06    1.489742e-06    -4.447464e-06    -3.852404e-06    1.849999e-06    2.040563e-06
-3.527483e-06    9.916049e-06    1.608575e-06    -2.440016e-06    -1.727434e-06    -1.821063e-06    2.94123e-06    4.599769e-06    -9.494627e-07    -2.491912e-06
-7.850096e-06    1.608575e-06    2.279692e-05    -6.019564e-06    -8.131292e-06    -7.714244e-07    8.706045e-06    5.474616e-06    -3.352726e-06    -3.976115e-06
1.566626e-06    -2.440016e-06    -6.019564e-06    4.554526e-06    2.284657e-06    -1.503238e-07    -2.242396e-06    -1.309532e-06    6.646321e-07    1.226246e-06
1.638805e-06    -1.727434e-06    -8.131292e-06    2.284657e-06    5.33751e-06    4.155663e-07    -3.204587e-06    -2.871145e-06    1.188979e-06    1.902602e-06
1.489742e-06    -1.821063e-06    -7.714244e-07    -1.503238e-07    4.155663e-07    3.084688e-06    -1.453245e-06    -3.664578e-06    1.030621e-06    8.550283e-07
-4.447464e-06    2.94123e-06    8.706045e-06    -2.242396e-06    -3.204587e-06    -1.453245e-06    7.948872e-06    4.720644e-06    -3.334925e-06    -2.589876e-06
-3.852404e-06    4.599769e-06    5.474616e-06    -1.309532e-06    -2.871145e-06    -3.664578e-06    4.720644e-06    8.373818e-06    -1.932707e-06    -4.201023e-06
1.849999e-06    -9.494627e-07    -3.352726e-06    6.646321e-07    1.188979e-06    1.030621e-06    -3.334925e-06    -1.932707e-06    3.151918e-06    -3.574882e-07
2.040563e-06    -2.491912e-06    -3.976115e-06    1.226246e-06    1.902602e-06    8.550283e-07    -2.589876e-06    -4.201023e-06    -3.574882e-07    4.389343e-06
