3.502338e-06    1.690176e-06    -2.952455e-07    6.864354e-07    -3.169499e-06    5.664141e-07    -1.730434e-06    -1.880993e-06    3.127665e-07    1.607754e-06
1.690176e-06    1.046231e-05    7.095796e-06    -1.626257e-06    -9.350905e-06    2.128007e-06    -6.787616e-06    -6.963438e-06    2.39043e-06    3.926072e-06
-2.952455e-07    7.095796e-06    8.35616e-06    -1.019709e-06    -8.068913e-06    2.042293e-06    -5.37286e-06    -6.112525e-06    1.946204e-06    3.206165e-06
6.864354e-07    -1.626257e-06    -1.019709e-06    3.021005e-06    -1.03191e-06    -9.680329e-08    1.789241e-07    1.313714e-07    -2.513202e-07    1.915772e-07
-3.169499e-06    -9.350905e-06    -8.068913e-06    -1.03191e-06    1.406656e-05    -2.583577e-06    7.888552e-06    8.37366e-06    -2.642235e-06    -5.045724e-06
5.664141e-07    2.128007e-06    2.042293e-06    -9.680329e-08    -2.583577e-06    3.084688e-06    -1.453245e-06    -3.664578e-06    1.030621e-06    8.550283e-07
-1.730434e-06    -6.787616e-06    -5.37286e-06    1.789241e-07    7.888552e-06    -1.453245e-06    7.948872e-06    4.720644e-06    -3.334925e-06    -2.589876e-06
-1.880993e-06    -6.963438e-06    -6.112525e-06    1.313714e-07    8.37366e-06    -3.664578e-06    4.720644e-06    8.373818e-06    -1.932707e-06    -4.201023e-06
3.127665e-07    2.39043e-06    1.946204e-06    -2.513202e-07    -2.642235e-06    1.030621e-06    -3.334925e-06    -1.932707e-06    3.151918e-06    -3.574882e-07
1.607754e-06    3.926072e-06    3.206165e-06    1.915772e-07    -5.045724e-06    8.550283e-07    -2.589876e-06    -4.201023e-06    -3.574882e-07    4.389343e-06
