4.083067e-06    -7.209514e-07    -2.108591e-06    1.132269e-06    -8.348474e-07    -5.726287e-07    1.996684e-06    2.649773e-06    -1.488728e-06    -1.950216e-06    7.045634e-07    -2.456561e-06    -8.196664e-07    1.013203e-06    7.42406e-07    5.874067e-07    -2.923946e-06    -2.332267e-06    3.138033e-07    2.063818e-06    3.989158e-07    2.079932e-06    1.134973e-06    -1.880515e-07    -1.482194e-06
-7.209514e-07    3.225865e-06    1.042384e-06    -2.33534e-06    -4.072581e-07    8.467265e-07    -2.538635e-06    -1.687101e-06    1.519183e-06    1.286852e-06    -2.820305e-07    4.1523e-08    -6.093431e-07    -2.714229e-07    7.598597e-07    1.470062e-07    2.196151e-06    9.92426e-07    -8.980676e-07    -1.168983e-06    2.669429e-07    -4.908744e-07    -8.196691e-07    4.248384e-07    9.217587e-08
-2.108591e-06    1.042384e-06    5.821202e-06    -1.991838e-08    -3.365409e-06    -1.168902e-07    -2.659381e-06    -5.385399e-07    1.797612e-06    7.729208e-07    6.10294e-07    -3.931993e-06    -1.537622e-06    1.776711e-06    7.936778e-07    -1.151038e-06    2.429427e-07    1.686035e-06    -3.625149e-07    -4.094751e-07    -6.493725e-07    1.28175e-06    8.500238e-07    -8.688429e-07    2.063513e-07
1.132269e-06    -2.33534e-06    -1.991838e-08    5.180488e-06    -2.360911e-06    -1.30996e-06    3.293685e-06    2.394416e-06    -1.405498e-06    -2.305098e-06    2.562326e-06    -4.286575e-06    -2.93809e-06    2.286041e-06    8.58345e-07    -1.35887e-07    -5.211858e-06    -2.242527e-06    1.971859e-06    2.529834e-06    -1.496635e-06    2.830372e-06    3.86963e-06    -1.259048e-06    -1.623778e-06
-8.348474e-07    -4.072581e-07    -3.365409e-06    -2.360911e-06    5.410115e-06    2.109686e-07    2.554016e-07    -8.139803e-07    -4.963299e-07    1.080232e-06    -2.460943e-06    6.072207e-06    3.463832e-06    -2.828042e-06    -1.590499e-06    7.283437e-08    3.073589e-06    1.113299e-06    -5.588887e-07    -1.600636e-06    6.390754e-07    -2.772524e-06    -2.658945e-06    7.232111e-07    1.726133e-06
-5.726287e-07    8.467265e-07    -1.168902e-07    -1.30996e-06    2.109686e-07    6.083899e-06    -3.527483e-06    -7.850096e-06    1.566626e-06    1.638805e-06    -8.179942e-07    2.777874e-06    1.685517e-06    -1.451796e-06    -7.533147e-07    8.880671e-08    5.304457e-06    3.527155e-06    -1.030758e-06    -3.711859e-06    1.489742e-06    -4.447464e-06    -3.852404e-06    1.849999e-06    2.040563e-06
1.996684e-06    -2.538635e-06    -2.659381e-06    3.293685e-06    2.554016e-07    -3.527483e-06    9.916049e-06    1.608575e-06    -2.440016e-06    -1.727434e-06    1.201621e-06    -1.247579e-06    -1.108794e-06    2.709822e-07    7.696318e-07    2.403355e-07    -6.904975e-06    -3.725066e-06    3.293888e-06    3.259576e-06    -1.821063e-06    2.94123e-06    4.599769e-06    -9.494627e-07    -2.491912e-06
2.649773e-06    -1.687101e-06    -5.385399e-07    2.394416e-06    -8.139803e-07    -7.850096e-06    1.608575e-06    2.279692e-05    -6.019564e-06    -8.131292e-06    2.30335e-06    -6.980663e-06    -3.874321e-06    4.024867e-06    7.036409e-07    1.589045e-06    -9.663921e-06    -9.914409e-06    3.330697e-07    8.866462e-06    -7.714244e-07    8.706045e-06    5.474616e-06    -3.352726e-06    -3.976115e-06
-1.488728e-06    1.519183e-06    1.797612e-06    -1.405498e-06    -4.963299e-07    1.566626e-06    -2.440016e-06    -6.019564e-06    4.554526e-06    2.284657e-06    -4.147657e-07    8.680688e-07    3.743211e-07    -7.973294e-07    2.942461e-07    -3.764334e-07    2.970194e-06    2.915847e-06    -2.405236e-08    -2.737383e-06    -1.503238e-07    -2.242396e-06    -1.309532e-06    6.646321e-07    1.226246e-06
-1.950216e-06    1.286852e-06    7.729208e-07    -2.305098e-06    1.080232e-06    1.638805e-06    -1.727434e-06    -8.131292e-06    2.284657e-06    5.33751e-06    -2.12059e-06    3.796645e-06    2.311888e-06    -1.980998e-06    -3.0213e-07    -9.893636e-07    5.10199e-06    4.744499e-06    -1.026962e-06    -3.892444e-06    4.155663e-07    -3.204587e-06    -2.871145e-06    1.188979e-06    1.902602e-06
7.045634e-07    -2.820305e-07    6.10294e-07    2.562326e-06    -2.460943e-06    -8.179942e-07    1.201621e-06    2.30335e-06    -4.147657e-07    -2.12059e-06    5.206065e-06    -3.781262e-06    -5.183583e-06    2.147384e-06    8.908594e-07    6.104038e-07    -4.306022e-06    -3.254891e-06    1.662083e-06    2.464331e-06    -1.169107e-06    2.106795e-06    3.648046e-06    -6.1772e-07    -2.026296e-06
-2.456561e-06    4.1523e-08    -3.931993e-06    -4.286575e-06    6.072207e-06    2.777874e-06    -1.247579e-06    -6.980663e-06    8.680688e-07    3.796645e-06    -3.781262e-06    1.295298e-05    5.32707e-06    -6.291279e-06    -2.286183e-06    4.027303e-07    7.578478e-06    3.740013e-06    -1.300962e-06    -4.693968e-06    1.456781e-06    -7.020999e-06    -5.670611e-06    2.539096e-06    3.133493e-06
-8.196664e-07    -6.093431e-07    -1.537622e-06    -2.93809e-06    3.463832e-06    1.685517e-06    -1.108794e-06    -3.874321e-06    3.743211e-07    2.311888e-06    -5.183583e-06    5.32707e-06    8.002449e-06    -2.992026e-06    -3.020549e-06    -4.854215e-07    5.190203e-06    3.931289e-06    -1.739075e-06    -3.129817e-06    1.681418e-06    -3.889349e-06    -5.014458e-06    1.239954e-06    2.974032e-06
1.013203e-06    -2.714229e-07    1.776711e-06    2.286041e-06    -2.828042e-06    -1.451796e-06    2.709822e-07    4.024867e-06    -7.973294e-07    -1.980998e-06    2.147384e-06    -6.291279e-06    -2.992026e-06    4.501522e-06    5.118659e-07    -9.074471e-08    -3.800139e-06    -2.153915e-06    6.953969e-07    2.48764e-06    -7.934617e-07    3.340198e-06    2.791002e-06    -1.34878e-06    -1.435267e-06
7.42406e-07    7.598597e-07    7.936778e-07    8.58345e-07    -1.590499e-06    -7.533147e-07    7.696318e-07    7.036409e-07    2.942461e-07    -3.0213e-07    8.908594e-07    -2.286183e-06    -3.020549e-06    5.118659e-07    3.083442e-06    3.050312e-08    -1.742682e-06    -9.371815e-07    4.80579e-07    8.838525e-07    -6.612309e-07    2.038638e-06    1.969338e-06    -4.617952e-07    -1.388022e-06
5.874067e-07    1.470062e-07    -1.151038e-06    -1.35887e-07    7.283437e-08    8.880671e-08    2.403355e-07    1.589045e-06    -3.764334e-07    -9.893636e-07    6.104038e-07    4.027303e-07    -4.854215e-07    -9.074471e-08    3.050312e-08    3.542222e-06    -1.019945e-06    -3.484572e-06    4.533619e-07    8.609967e-07    3.56985e-07    -2.54519e-07    3.272968e-07    1.002341e-06    -1.347019e-06
-2.923946e-06    2.196151e-06    2.429427e-07    -5.211858e-06    3.073589e-06    5.304457e-06    -6.904975e-06    -9.663921e-06    2.970194e-06    5.10199e-06    -4.306022e-06    7.578478e-06    5.190203e-06    -3.800139e-06    -1.742682e-06    -1.019945e-06    1.376126e-05    7.27163e-06    -5.312984e-06    -6.64568e-06    2.463635e-06    -7.074454e-06    -8.214413e-06    2.156731e-06    5.236181e-06
-2.332267e-06    9.92426e-07    1.686035e-06    -2.242527e-06    1.113299e-06    3.527155e-06    -3.725066e-06    -9.914409e-06    2.915847e-06    4.744499e-06    -3.254891e-06    3.740013e-06    3.931289e-06    -2.153915e-06    -9.371815e-07    -3.484572e-06    7.27163e-06    9.840838e-06    -2.098703e-06    -6.409223e-06    7.951821e-07    -4.368877e-06    -4.926651e-06    7.94792e-07    4.207716e-06
3.138033e-07    -8.980676e-07    -3.625149e-07    1.971859e-06    -5.588887e-07    -1.030758e-06    3.293888e-06    3.330697e-07    -2.405236e-08    -1.026962e-06    1.662083e-06    -1.300962e-06    -1.739075e-06    6.953969e-07    4.80579e-07    4.533619e-07    -5.312984e-06    -2.098703e-06    4.494634e-06    9.966772e-07    -1.284476e-06    1.157076e-06    3.130173e-06    -3.023326e-07    -1.862962e-06
2.063818e-06    -1.168983e-06    -4.094751e-07    2.529834e-06    -1.600636e-06    -3.711859e-06    3.259576e-06    8.866462e-06    -2.737383e-06    -3.892444e-06    2.464331e-06    -4.693968e-06    -3.129817e-06    2.48764e-06    8.838525e-07    8.609967e-07    -6.64568e-06    -6.409223e-06    9.966772e-07    6.422314e-06    -1.000296e-06    4.87925e-06    4.534244e-06    -1.630617e-06    -3.076304e-06
3.989158e-07    2.669429e-07    -6.493725e-07    -1.496635e-06    6.390754e-07    1.489742e-06    -1.821063e-06    -7.714244e-07    -1.503238e-07    4.155663e-07    -1.169107e-06    1.456781e-06    1.681418e-06    -7.934617e-07    -6.612309e-07    3.56985e-07    2.463635e-06    7.951821e-07    -1.284476e-06    -1.000296e-06    3.084688e-06    -1.453245e-06    -3.664578e-06    1.030621e-06    8.550283e-07
2.079932e-06    -4.908744e-07    1.28175e-06    2.830372e-06    -2.772524e-06    -4.447464e-06    2.94123e-06    8.706045e-06    -2.242396e-06    -3.204587e-06    2.106795e-06    -7.020999e-06    -3.889349e-06    3.340198e-06    2.038638e-06    -2.54519e-07    -7.074454e-06    -4.368877e-06    1.157076e-06    4.87925e-06    -1.453245e-06    7.948872e-06    4.720644e-06    -3.334925e-06    -2.589876e-06
1.134973e-06    -8.196691e-07    8.500238e-07    3.86963e-06    -2.658945e-06    -3.852404e-06    4.599769e-06    5.474616e-06    -1.309532e-06    -2.871145e-06    3.648046e-06    -5.670611e-06    -5.014458e-06    2.791002e-06    1.969338e-06    3.272968e-07    -8.214413e-06    -4.926651e-06    3.130173e-06    4.534244e-06    -3.664578e-06    4.720644e-06    8.373818e-06    -1.932707e-06    -4.201023e-06
-1.880515e-07    4.248384e-07    -8.688429e-07    -1.259048e-06    7.232111e-07    1.849999e-06    -9.494627e-07    -3.352726e-06    6.646321e-07    1.188979e-06    -6.1772e-07    2.539096e-06    1.239954e-06    -1.34878e-06    -4.617952e-07    1.002341e-06    2.156731e-06    7.94792e-07    -3.023326e-07    -1.630617e-06    1.030621e-06    -3.334925e-06    -1.932707e-06    3.151918e-06    -3.574882e-07
-1.482194e-06    9.217587e-08    2.063513e-07    -1.623778e-06    1.726133e-06    2.040563e-06    -2.491912e-06    -3.976115e-06    1.226246e-06    1.902602e-06    -2.026296e-06    3.133493e-06    2.974032e-06    -1.435267e-06    -1.388022e-06    -1.347019e-06    5.236181e-06    4.207716e-06    -1.862962e-06    -3.076304e-06    8.550283e-07    -2.589876e-06    -4.201023e-06    -3.574882e-07    4.389343e-06
