9.058368e-06    -1.225435e-05    -8.840395e-06    7.09576e-06    2.036562e-06    -1.649994e-06    6.387669e-06    5.946465e-06    -2.192533e-06    -3.454384e-06
-1.225435e-05    2.640138e-05    1.169717e-05    -1.438958e-05    -3.910931e-06    3.186505e-06    -1.175994e-05    -1.079126e-05    4.156334e-06    6.441898e-06
-8.840395e-06    1.169717e-05    1.287541e-05    -8.982866e-06    -3.87357e-06    2.133183e-06    -7.727202e-06    -6.732541e-06    2.928564e-06    3.738657e-06
7.09576e-06    -1.438958e-05    -8.982866e-06    1.120152e-05    2.183827e-06    -1.473805e-06    7.601263e-06    6.02331e-06    -2.844971e-06    -3.647641e-06
2.036562e-06    -3.910931e-06    -3.87357e-06    2.183827e-06    2.902669e-06    -1.185628e-06    2.207349e-06    2.789509e-06    -8.706166e-07    -1.49712e-06
-1.649994e-06    3.186505e-06    2.133183e-06    -1.473805e-06    -1.185628e-06    3.084688e-06    -1.453245e-06    -3.664578e-06    1.030621e-06    8.550283e-07
6.387669e-06    -1.175994e-05    -7.727202e-06    7.601263e-06    2.207349e-06    -1.453245e-06    7.948872e-06    4.720644e-06    -3.334925e-06    -2.589876e-06
5.946465e-06    -1.079126e-05    -6.732541e-06    6.02331e-06    2.789509e-06    -3.664578e-06    4.720644e-06    8.373818e-06    -1.932707e-06    -4.201023e-06
-2.192533e-06    4.156334e-06    2.928564e-06    -2.844971e-06    -8.706166e-07    1.030621e-06    -3.334925e-06    -1.932707e-06    3.151918e-06    -3.574882e-07
-3.454384e-06    6.441898e-06    3.738657e-06    -3.647641e-06    -1.49712e-06    8.550283e-07    -2.589876e-06    -4.201023e-06    -3.574882e-07    4.389343e-06
