4.083067e-06    -7.209514e-07    -2.108591e-06    1.132269e-06    -8.348474e-07    5.874067e-07    -2.923946e-06    -2.332267e-06    3.138033e-07    2.063818e-06    3.989158e-07    2.079932e-06    1.134973e-06    -1.880515e-07    -1.482194e-06
-7.209514e-07    3.225865e-06    1.042384e-06    -2.33534e-06    -4.072581e-07    1.470062e-07    2.196151e-06    9.92426e-07    -8.980676e-07    -1.168983e-06    2.669429e-07    -4.908744e-07    -8.196691e-07    4.248384e-07    9.217587e-08
-2.108591e-06    1.042384e-06    5.821202e-06    -1.991838e-08    -3.365409e-06    -1.151038e-06    2.429427e-07    1.686035e-06    -3.625149e-07    -4.094751e-07    -6.493725e-07    1.28175e-06    8.500238e-07    -8.688429e-07    2.063513e-07
1.132269e-06    -2.33534e-06    -1.991838e-08    5.180488e-06    -2.360911e-06    -1.35887e-07    -5.211858e-06    -2.242527e-06    1.971859e-06    2.529834e-06    -1.496635e-06    2.830372e-06    3.86963e-06    -1.259048e-06    -1.623778e-06
-8.348474e-07    -4.072581e-07    -3.365409e-06    -2.360911e-06    5.410115e-06    7.283437e-08    3.073589e-06    1.113299e-06    -5.588887e-07    -1.600636e-06    6.390754e-07    -2.772524e-06    -2.658945e-06    7.232111e-07    1.726133e-06
5.874067e-07    1.470062e-07    -1.151038e-06    -1.35887e-07    7.283437e-08    3.542222e-06    -1.019945e-06    -3.484572e-06    4.533619e-07    8.609967e-07    3.56985e-07    -2.54519e-07    3.272968e-07    1.002341e-06    -1.347019e-06
-2.923946e-06    2.196151e-06    2.429427e-07    -5.211858e-06    3.073589e-06    -1.019945e-06    1.376126e-05    7.27163e-06    -5.312984e-06    -6.64568e-06    2.463635e-06    -7.074454e-06    -8.214413e-06    2.156731e-06    5.236181e-06
-2.332267e-06    9.92426e-07    1.686035e-06    -2.242527e-06    1.113299e-06    -3.484572e-06    7.27163e-06    9.840838e-06    -2.098703e-06    -6.409223e-06    7.951821e-07    -4.368877e-06    -4.926651e-06    7.94792e-07    4.207716e-06
3.138033e-07    -8.980676e-07    -3.625149e-07    1.971859e-06    -5.588887e-07    4.533619e-07    -5.312984e-06    -2.098703e-06    4.494634e-06    9.966772e-07    -1.284476e-06    1.157076e-06    3.130173e-06    -3.023326e-07    -1.862962e-06
2.063818e-06    -1.168983e-06    -4.094751e-07    2.529834e-06    -1.600636e-06    8.609967e-07    -6.64568e-06    -6.409223e-06    9.966772e-07    6.422314e-06    -1.000296e-06    4.87925e-06    4.534244e-06    -1.630617e-06    -3.076304e-06
3.989158e-07    2.669429e-07    -6.493725e-07    -1.496635e-06    6.390754e-07    3.56985e-07    2.463635e-06    7.951821e-07    -1.284476e-06    -1.000296e-06    3.084688e-06    -1.453245e-06    -3.664578e-06    1.030621e-06    8.550283e-07
2.079932e-06    -4.908744e-07    1.28175e-06    2.830372e-06    -2.772524e-06    -2.54519e-07    -7.074454e-06    -4.368877e-06    1.157076e-06    4.87925e-06    -1.453245e-06    7.948872e-06    4.720644e-06    -3.334925e-06    -2.589876e-06
1.134973e-06    -8.196691e-07    8.500238e-07    3.86963e-06    -2.658945e-06    3.272968e-07    -8.214413e-06    -4.926651e-06    3.130173e-06    4.534244e-06    -3.664578e-06    4.720644e-06    8.373818e-06    -1.932707e-06    -4.201023e-06
-1.880515e-07    4.248384e-07    -8.688429e-07    -1.259048e-06    7.232111e-07    1.002341e-06    2.156731e-06    7.94792e-07    -3.023326e-07    -1.630617e-06    1.030621e-06    -3.334925e-06    -1.932707e-06    3.151918e-06    -3.574882e-07
-1.482194e-06    9.217587e-08    2.063513e-07    -1.623778e-06    1.726133e-06    -1.347019e-06    5.236181e-06    4.207716e-06    -1.862962e-06    -3.076304e-06    8.550283e-07    -2.589876e-06    -4.201023e-06    -3.574882e-07    4.389343e-06
