1    -0.06409369    -0.6033327    -0.117936    0.005767962    0.04265604    0.004742313    0.009519133    0.002767773    0.008198226    0.02093308    -0.01606784    -0.006830882    0.02804108    -0.05309203
-0.06409369    1    -0.09900662    -0.5676348    0.03544622    0.009865752    0.00773829    -0.03855447    -0.001142512    0.01262869    -0.01204764    0.02077989    0.001403953    -0.01595646    0.01200544
-0.6033327    -0.09900662    1    -0.06336199    -0.3576137    -0.01322964    -0.0236998    0.004687712    0.00139574    0.01667518    0.001555386    -0.01761126    0.03318254    -0.007484851    -0.04273721
-0.117936    -0.5676348    -0.06336199    1    -0.2964738    0.002449875    0.03121991    0.007652858    -0.02627162    -0.0603438    -0.03154554    0.0003895109    0.02274462    -0.0151352    0.0230612
0.005767962    0.03544622    -0.3576137    -0.2964738    1    -0.01248673    0.02960454    -0.0002696748    -0.05114572    -0.06488314    0.01671633    0.02775073    -0.05549356    0.004671751    0.04606816
0.04265604    0.009865752    -0.01322964    0.002449875    -0.01248673    1    -0.06179415    -0.5939001    -0.1180336    0.02355674    0.01295838    -0.05850945    -0.01582909    0.09730831    -0.05142728
0.004742313    0.00773829    -0.0236998    0.03121991    0.02960454    -0.06179415    1    -0.1008464    -0.6099681    0.04573424    0.0268858    0.04548053    -0.01269761    -0.01923355    -0.01348765
0.009519133    -0.03855447    0.004687712    0.007652858    -0.0002696748    -0.5939001    -0.1008464    1    -0.06423964    -0.3811407    -0.02649808    0.0549    0.02127432    -0.02359991    -0.0332647
0.002767773    -0.001142512    0.00139574    -0.02627162    -0.05114572    -0.1180336    -0.6099681    -0.06423964    1    -0.2719001    -0.02478192    0.005719094    0.04061504    -0.02626131    -0.01754155
0.008198226    0.01262869    0.01667518    -0.0603438    -0.06488314    0.02355674    0.04573424    -0.3811407    -0.2719001    1    0.03305312    -0.05874306    -0.01440025    0.004651166    0.0413756
0.02093308    -0.01204764    0.001555386    -0.03154554    0.01671633    0.01295838    0.0268858    -0.02649808    -0.02478192    0.03305312    1    -0.07100112    -0.728322    -0.04729772    0.1596486
-0.01606784    0.02077989    -0.01761126    0.0003895109    0.02775073    -0.05850945    0.04548053    0.0549    0.005719094    -0.05874306    -0.07100112    1    0.0881019    -0.7726396    0.1730508
-0.006830882    0.001403953    0.03318254    0.02274462    -0.05549356    -0.01582909    -0.01269761    0.02127432    0.04061504    -0.01440025    -0.728322    0.0881019    1    0.04617607    -0.5515985
0.02804108    -0.01595646    -0.007484851    -0.0151352    0.004671751    0.09730831    -0.01923355    -0.02359991    -0.02626131    0.004651166    -0.04729772    -0.7726396    0.04617607    1    -0.5459898
-0.05309203    0.01200544    -0.04273721    0.0230612    0.04606816    -0.05142728    -0.01348765    -0.0332647    -0.01754155    0.0413756    0.1596486    0.1730508    -0.5515985    -0.5459898    1
