1    -0.06409369    -0.6033327    -0.117936    0.005767962    0.04265604    0.004742313    0.009519133    0.002767773    0.008198226    0.07832183    -0.001543651    -0.04515409    0.01661505    -0.08180572    0.06534016    -0.1163313    -0.02033259    0.1258359    -0.06493257
-0.06409369    1    -0.09900662    -0.5676348    0.03544622    0.009865752    0.00773829    -0.03855447    -0.001142512    0.01262869    -0.03149223    0.07929445    0.0214283    -0.0427591    0.01179005    -0.0532665    -0.04249174    -0.01974201    -0.07879296    0.1409335
-0.6033327    -0.09900662    1    -0.06336199    -0.3576137    -0.01322964    -0.0236998    0.004687712    0.00139574    0.01667518    0.0299431    0.01729769    0.03479909    -0.0405237    0.009483895    -0.0365611    0.009801473    -0.08391466    -0.0966684    0.138903
-0.117936    -0.5676348    -0.06336199    1    -0.2964738    0.002449875    0.03121991    0.007652858    -0.02627162    -0.0603438    -0.03964216    -0.007947096    0.01918804    0.02502245    -0.001094818    0.09880219    -0.07425723    -0.08382606    0.1052555    -0.03890341
0.005767962    0.03544622    -0.3576137    -0.2964738    1    -0.01248673    0.02960454    -0.0002696748    -0.05114572    -0.06488314    -0.04002131    -0.09305515    -0.02538079    0.07569078    0.1250716    -0.06349245    0.1157299    0.1619293    -0.02005041    -0.1447093
0.04265604    0.009865752    -0.01322964    0.002449875    -0.01248673    1    -0.06179415    -0.5939001    -0.1180336    0.02355674    0.05167966    -0.1152897    0.02066657    0.09069551    -0.05447833    0.1162023    -0.1066769    -0.1043039    0.1754894    -0.02627036
0.004742313    0.00773829    -0.0236998    0.03121991    0.02960454    -0.06179415    1    -0.1008464    -0.6099681    0.04573424    -0.09588906    0.06631092    0.06696303    -0.05048789    0.03211869    -0.09981231    -0.07278751    -0.0120283    -0.04702475    0.1095547
0.009519133    -0.03855447    0.004687712    0.007652858    -0.0002696748    -0.5939001    -0.1008464    1    -0.06423964    -0.3811407    -0.03325535    0.1240084    -0.02484923    -0.04320801    -0.007768238    -0.08991358    -0.01950374    -0.04552009    -0.1051977    0.1431752
0.002767773    -0.001142512    0.00139574    -0.02627162    -0.05114572    -0.1180336    -0.6099681    -0.06423964    1    -0.2719001    0.05996405    0.01692201    -0.01928402    -0.02647303    -0.03397779    0.156764    -0.07175043    -0.05450183    0.07758917    -0.06221434
0.008198226    0.01262869    0.01667518    -0.0603438    -0.06488314    0.02355674    0.04573424    -0.3811407    -0.2719001    1    0.05134978    -0.07520341    -0.03895309    -0.0006839066    0.001843406    -0.05389333    0.1836952    0.1530053    -0.0742562    -0.09665735
0.07832183    -0.03149223    0.0299431    -0.03964216    -0.04002131    0.05167966    -0.09588906    -0.03325535    0.05996405    0.05134978    1    -0.09296697    -0.5872855    0.1205512    -0.008874198    0.1030662    -0.07605895    -0.06870183    0.09936693    0.01169829
-0.001543651    0.07929445    0.01729769    -0.007947096    -0.09305515    -0.1152897    0.06631092    0.1240084    0.01692201    -0.07520341    -0.09296697    1    -0.2674181    -0.5953015    0.2580198    -0.0996536    0.01994633    0.004172335    -0.05106776    0.08591229
-0.04515409    0.0214283    0.03479909    0.01918804    -0.02538079    0.02066657    0.06696303    -0.02484923    -0.01928402    -0.03895309    -0.5872855    -0.2674181    1    -0.09069658    -0.3813491    -0.06550003    0.01167621    -0.00244369    -0.1233466    0.05034909
0.01661505    -0.0427591    -0.0405237    0.02502245    0.07569078    0.09069551    -0.05048789    -0.04320801    -0.02647303    -0.0006839066    0.1205512    -0.5953015    -0.09069658    1    -0.4833    0.08055422    -0.09252682    -0.04217377    0.08228877    -0.0396797
-0.08180572    0.01179005    0.009483895    -0.001094818    0.1250716    -0.05447833    0.03211869    -0.007768238    -0.03397779    0.001843406    -0.008874198    0.2580198    -0.3813491    -0.4833    1    -0.04017966    0.08678713    0.08857573    0.01464415    -0.05682052
0.06534016    -0.0532665    -0.0365611    0.09880219    -0.06349245    0.1162023    -0.09981231    -0.08991358    0.156764    -0.05389333    0.1030662    -0.0996536    -0.06550003    0.08055422    -0.04017966    1    -0.006012193    -0.5898456    0.08617625    -0.07295721
-0.1163313    -0.04249174    0.009801473    -0.07425723    0.1157299    -0.1066769    -0.07278751    -0.01950374    -0.07175043    0.1836952    -0.07605895    0.01994633    0.01167621    -0.09252682    0.08678713    -0.006012193    1    -0.2592951    -0.5895032    0.2392751
-0.02033259    -0.01974201    -0.08391466    -0.08382606    0.1619293    -0.1043039    -0.0120283    -0.04552009    -0.05450183    0.1530053    -0.06870183    0.004172335    -0.00244369    -0.04217377    0.08857573    -0.5898456    -0.2592951    1    -0.006376612    -0.4396046
0.1258359    -0.07879296    -0.0966684    0.1052555    -0.02005041    0.1754894    -0.04702475    -0.1051977    0.07758917    -0.0742562    0.09936693    -0.05106776    -0.1233466    0.08228877    0.01464415    0.08617625    -0.5895032    -0.006376612    1    -0.4237378
-0.06493257    0.1409335    0.138903    -0.03890341    -0.1447093    -0.02627036    0.1095547    0.1431752    -0.06221434    -0.09665735    0.01169829    0.08591229    0.05034909    -0.0396797    -0.05682052    -0.07295721    0.2392751    -0.4396046    -0.4237378    1
