1    -0.06409369    -0.6033327    -0.117936    0.005767962    0.04265604    0.004742313    0.009519133    0.002767773    0.008198226    -0.02250176    0.01587454    0.02393126    -0.01888183    0.03645
-0.06409369    1    -0.09900662    -0.5676348    0.03544622    0.009865752    0.00773829    -0.03855447    -0.001142512    0.01262869    -0.03746975    0.03675218    0.01029787    -0.01799916    0.02044175
-0.6033327    -0.09900662    1    -0.06336199    -0.3576137    -0.01322964    -0.0236998    0.004687712    0.00139574    0.01667518    -0.001972195    -0.04271607    0.03486935    0.08047891    -0.07520727
-0.117936    -0.5676348    -0.06336199    1    -0.2964738    0.002449875    0.03121991    0.007652858    -0.02627162    -0.0603438    0.0122577    -0.02619333    -0.001349864    -0.004806057    0.03549004
0.005767962    0.03544622    -0.3576137    -0.2964738    1    -0.01248673    0.02960454    -0.0002696748    -0.05114572    -0.06488314    0.02793176    0.01605795    -0.04636856    -0.02977209    -0.007754299
0.04265604    0.009865752    -0.01322964    0.002449875    -0.01248673    1    -0.06179415    -0.5939001    -0.1180336    0.02355674    -0.04035273    0.0431109    0.07112415    -0.02322071    -0.04646692
0.004742313    0.00773829    -0.0236998    0.03121991    0.02960454    -0.06179415    1    -0.1008464    -0.6099681    0.04573424    0.04956068    -0.05752618    -0.01767491    0.07328264    -0.0597043
0.009519133    -0.03855447    0.004687712    0.007652858    -0.0002696748    -0.5939001    -0.1008464    1    -0.06423964    -0.3811407    0.003278509    0.0249634    -0.01292407    -0.001454679    0.0291588
0.002767773    -0.001142512    0.00139574    -0.02627162    -0.05114572    -0.1180336    -0.6099681    -0.06423964    1    -0.2719001    0.009487315    -0.008269734    -0.01730028    -0.01782193    0.05507071
0.008198226    0.01262869    0.01667518    -0.0603438    -0.06488314    0.02355674    0.04573424    -0.3811407    -0.2719001    1    -0.02001439    -0.02539951    -0.01385478    0.001364644    2.791224e-05
-0.02250176    -0.03746975    -0.001972195    0.0122577    0.02793176    -0.04035273    0.04956068    0.003278509    0.009487315    -0.02001439    1    -0.2296069    -0.743259    0.1712309    0.09838464
0.01587454    0.03675218    -0.04271607    -0.02619333    0.01605795    0.0431109    -0.05752618    0.0249634    -0.008269734    -0.02539951    -0.2296069    1    0.1247282    -0.7481843    0.2853823
0.02393126    0.01029787    0.03486935    -0.001349864    -0.04636856    0.07112415    -0.01767491    -0.01292407    -0.01730028    -0.01385478    -0.743259    0.1247282    1    -0.1546872    -0.4145793
-0.01888183    -0.01799916    0.08047891    -0.004806057    -0.02977209    -0.02322071    0.07328264    -0.001454679    -0.01782193    0.001364644    0.1712309    -0.7481843    -0.1546872    1    -0.613247
0.03645    0.02044175    -0.07520727    0.03549004    -0.007754299    -0.04646692    -0.0597043    0.0291588    0.05507071    2.791224e-05    0.09838464    0.2853823    -0.4145793    -0.613247    1
