1    -0.06409369    -0.6033327    -0.117936    0.005767962    0.1254093    -0.06357015    -0.1067739    0.09672983    -0.0006097968
-0.06409369    1    -0.09900662    -0.5676348    0.03544622    -0.04629596    0.02069013    -0.05652678    -0.05753384    0.1154391
-0.6033327    -0.09900662    1    -0.06336199    -0.3576137    -0.06042226    -0.03943763    -0.01580375    -0.07187572    0.1128916
-0.117936    -0.5676348    -0.06336199    1    -0.2964738    0.0553607    -0.1433729    -0.03299325    0.1432519    -0.03798009
0.005767962    0.03544622    -0.3576137    -0.2964738    1    -0.02866895    0.178108    0.128398    -0.10562    -0.1239327
0.1254093    -0.04629596    -0.06042226    0.0553607    -0.02866895    1    0.1175183    -0.6888881    -0.007499106    0.04592695
-0.06357015    0.02069013    -0.03943763    -0.1433729    0.178108    0.1175183    1    -0.2907878    -0.6958708    0.2802592
-0.1067739    -0.05652678    -0.01580375    -0.03299325    0.128398    -0.6888881    -0.2907878    1    0.09759804    -0.538035
0.09672983    -0.05753384    -0.07187572    0.1432519    -0.10562    -0.007499106    -0.6958708    0.09759804    1    -0.4298296
-0.0006097968    0.1154391    0.1128916    -0.03798009    -0.1239327    0.04592695    0.2802592    -0.538035    -0.4298296    1
