1    -0.1946423    -0.4709472    0.235111    -0.02529814    -0.08566339    0.02077572    0.02551791    0.03708786    0.00229714    0.09385781    -0.08776051    -0.1242036    0.03258501    0.0502754    -0.003253133    -0.009992194    -0.0006106038    0.02774732    -0.00179487    -0.001534872    0.05063826    -0.002241941    -0.03190337    0.02546108
-0.1946423    1    0.005353657    -0.6506694    0.2672641    0.02729262    -0.003498174    0.01101164    0.002570376    -0.05719703    -0.1390567    0.05639625    0.068539    -0.1577087    0.1101471    -0.051045    0.08802882    0.04717612    -0.04326889    -0.0269349    0.02242996    -0.02480425    -0.03574136    0.02219396    -0.001093415
-0.4709472    0.005353657    1    0.06514224    -0.5083593    0.03900224    0.02140272    -0.01039284    -0.07307121    0.03432822    -0.1177488    -0.0588366    -0.038929    -0.06430305    0.1876393    -0.02099735    0.09939648    0.06635002    -0.01830727    -0.08478977    0.05399122    0.009914369    -0.04129292    -0.05664204    0.03876142
0.235111    -0.6506694    0.06514224    1    -0.6078586    -0.01128964    0.04635509    -0.002379128    -0.02643029    0.001209666    0.1166931    -0.1987784    -0.2100947    0.158768    0.09811559    0.03723318    -0.04572196    0.01875071    0.06778943    -0.05689477    -0.03163273    0.006853225    0.03700013    -0.0111481    -0.00718758
-0.02529814    0.2672641    -0.5083593    -0.6078586    1    -0.002921072    -0.01608019    0.01543202    0.03704312    -0.04123738    -0.04899594    0.2044164    0.2562508    -0.05158134    -0.2554506    0.001573076    -0.01440425    -0.06931756    -0.05824296    0.09940462    0.02458782    -0.03170019    -0.01951984    0.02234625    -0.0315896
-0.08566339    0.02729262    0.03900224    -0.01128964    -0.002921072    1    -0.06409369    -0.6033327    -0.117936    0.005767962    0.04265604    0.004742313    0.009519133    0.002767773    0.008198226    0.07832183    -0.001543651    -0.04515409    0.01661505    -0.08180572    0.04681567    -0.005954578    -0.07356422    -0.02210486    0.07070623
0.02077572    -0.003498174    0.02140272    0.04635509    -0.01608019    -0.06409369    1    -0.09900662    -0.5676348    0.03544622    0.009865752    0.00773829    -0.03855447    -0.001142512    0.01262869    -0.03149223    0.07929445    0.0214283    -0.0427591    0.01179005    0.01389733    0.02633003    -0.02127676    -0.02363457    0.01835077
0.02551791    0.01101164    -0.01039284    -0.002379128    0.01543202    -0.6033327    -0.09900662    1    -0.06336199    -0.3576137    -0.01322964    -0.0236998    0.004687712    0.00139574    0.01667518    0.0299431    0.01729769    0.03479909    -0.0405237    0.009483895    -0.05265094    -0.003807218    0.05204751    0.01736793    -0.02636096
0.03708786    0.002570376    -0.07307121    -0.02643029    0.03704312    -0.117936    -0.5676348    -0.06336199    1    -0.2964738    0.002449875    0.03121991    0.007652858    -0.02627162    -0.0603438    -0.03964216    -0.007947096    0.01918804    0.02502245    -0.001094818    0.001736466    -0.06182621    0.01289526    0.04011599    -0.02636901
0.00229714    -0.05719703    0.03432822    0.001209666    -0.04123738    0.005767962    0.03544622    -0.3576137    -0.2964738    1    -0.01248673    0.02960454    -0.0002696748    -0.05114572    -0.06488314    -0.04002131    -0.09305515    -0.02538079    0.07569078    0.1250716    0.007962936    0.03334443    0.02413553    -0.007468822    -0.04061243
0.09385781    -0.1390567    -0.1177488    0.1166931    -0.04899594    0.04265604    0.009865752    -0.01322964    0.002449875    -0.01248673    1    -0.06179415    -0.5939001    -0.1180336    0.02355674    0.05167966    -0.1152897    0.02066657    0.09069551    -0.05447833    0.05426853    0.000505366    -0.06805389    -0.03360533    0.06612075
-0.08776051    0.05639625    -0.0588366    -0.1987784    0.2044164    0.004742313    0.00773829    -0.0236998    0.03121991    0.02960454    -0.06179415    1    -0.1008464    -0.6099681    0.04573424    -0.09588906    0.06631092    0.06696303    -0.05048789    0.03211869    -0.004246432    -0.04159932    0.00768869    0.01770902    -0.02889479
-0.1242036    0.068539    -0.038929    -0.2100947    0.2562508    0.009519133    -0.03855447    0.004687712    0.007652858    -0.0002696748    -0.5939001    -0.1008464    1    -0.06423964    -0.3811407    -0.03325535    0.1240084    -0.02484923    -0.04320801    -0.007768238    -0.02551256    -0.04440771    0.01413089    0.03410996    -0.02177367
0.03258501    -0.1577087    -0.06430305    0.158768    -0.05158134    0.002767773    -0.001142512    0.00139574    -0.02627162    -0.05114572    -0.1180336    -0.6099681    -0.06423964    1    -0.2719001    0.05996405    0.01692201    -0.01928402    -0.02647303    -0.03397779    -0.01513642    -0.006985553    -0.005106879    0.02898172    0.01311843
0.0502754    0.1101471    0.1876393    0.09811559    -0.2554506    0.008198226    0.01262869    0.01667518    -0.0603438    -0.06488314    0.02355674    0.04573424    -0.3811407    -0.2719001    1    0.05134978    -0.07520341    -0.03895309    -0.0006839066    0.001843406    -0.005234553    0.042336    0.02138593    -0.02681612    0.006279229
-0.003253133    -0.051045    -0.02099735    0.03723318    0.001573076    0.07832183    -0.03149223    0.0299431    -0.03964216    -0.04002131    0.05167966    -0.09588906    -0.03325535    0.05996405    0.05134978    1    -0.09296697    -0.5872855    0.1205512    -0.008874198    -0.05614705    -0.03965656    0.02556047    0.04547907    -0.0001584828
-0.009992194    0.08802882    0.09939648    -0.04572196    -0.01440425    -0.001543651    0.07929445    0.01729769    -0.007947096    -0.09305515    -0.1152897    0.06631092    0.1240084    0.01692201    -0.07520341    -0.09296697    1    -0.2674181    -0.5953015    0.2580198    0.02789463    0.01180216    -0.04517602    -0.05660356    0.04698143
-0.0006106038    0.04717612    0.06635002    0.01875071    -0.06931756    -0.04515409    0.0214283    0.03479909    0.01918804    -0.02538079    0.02066657    0.06696303    -0.02484923    -0.01928402    -0.03895309    -0.5872855    -0.2674181    1    -0.09069658    -0.3813491    0.00432015    0.005100982    -0.02295805    -0.02390855    0.03868112
0.02774732    -0.04326889    -0.01830727    0.06778943    -0.05824296    0.01661505    -0.0427591    -0.0405237    0.02502245    0.07569078    0.09069551    -0.05048789    -0.04320801    -0.02647303    -0.0006839066    0.1205512    -0.5953015    -0.09069658    1    -0.4833    -0.04403976    -0.07216046    0.006837407    0.07808713    9.347354e-05
-0.00179487    -0.0269349    -0.08478977    -0.05689477    0.09940462    -0.08180572    0.01179005    0.009483895    -0.001094818    0.1250716    -0.05447833    0.03211869    -0.007768238    -0.03397779    0.001843406    -0.008874198    0.2580198    -0.3813491    -0.4833    1    0.06295784    0.08232487    0.008313983    -0.06665525    -0.04340985
-0.001534872    0.02242996    0.05399122    -0.03163273    0.02458782    0.04681567    0.01389733    -0.05265094    0.001736466    0.007962936    0.05426853    -0.004246432    -0.02551256    -0.01513642    -0.005234553    -0.05614705    0.02789463    0.00432015    -0.04403976    0.06295784    1    0.1113    -0.7716235    -0.2948739    0.2616917
0.05063826    -0.02480425    0.009914369    0.006853225    -0.03170019    -0.005954578    0.02633003    -0.003807218    -0.06182621    0.03334443    0.000505366    -0.04159932    -0.04440771    -0.006985553    0.042336    -0.03965656    0.01180216    0.005100982    -0.07216046    0.08232487    0.1113    1    0.1167179    -0.7951628    0.1122501
-0.002241941    -0.03574136    -0.04129292    0.03700013    -0.01951984    -0.07356422    -0.02127676    0.05204751    0.01289526    0.02413553    -0.06805389    0.00768869    0.01413089    -0.005106879    0.02138593    0.02556047    -0.04517602    -0.02295805    0.006837407    0.008313983    -0.7716235    0.1167179    1    0.2636114    -0.66048
-0.03190337    0.02219396    -0.05664204    -0.0111481    0.02234625    -0.02210486    -0.02363457    0.01736793    0.04011599    -0.007468822    -0.03360533    0.01770902    0.03410996    0.02898172    -0.02681612    0.04547907    -0.05660356    -0.02390855    0.07808713    -0.06665525    -0.2948739    -0.7951628    0.2636114    1    -0.5298588
0.02546108    -0.001093415    0.03876142    -0.00718758    -0.0315896    0.07070623    0.01835077    -0.02636096    -0.02636901    -0.04061243    0.06612075    -0.02889479    -0.02177367    0.01311843    0.006279229    -0.0001584828    0.04698143    0.03868112    9.347354e-05    -0.04340985    0.2616917    0.1122501    -0.66048    -0.5298588    1
