1    -0.06409369    -0.6033327    -0.117936    0.005767962    0.04265604    0.004742313    0.009519133    0.002767773    0.008198226    -0.04973298    0.02315722    0.04227467    -0.02980095    0.03469901    0.07832183    -0.001543651    -0.04515409    0.01661505    -0.08180572
-0.06409369    1    -0.09900662    -0.5676348    0.03544622    0.009865752    0.00773829    -0.03855447    -0.001142512    0.01262869    0.03849447    0.009378634    -0.0002139396    0.01270622    -0.02691074    -0.03149223    0.07929445    0.0214283    -0.0427591    0.01179005
-0.6033327    -0.09900662    1    -0.06336199    -0.3576137    -0.01322964    -0.0236998    0.004687712    0.00139574    0.01667518    -0.01155115    0.01150335    -0.02174231    0.03291502    -0.02506084    0.0299431    0.01729769    0.03479909    -0.0405237    0.009483895
-0.117936    -0.5676348    -0.06336199    1    -0.2964738    0.002449875    0.03121991    0.007652858    -0.02627162    -0.0603438    0.01731926    -0.04310018    -0.008644501    -0.01004017    0.05539219    -0.03964216    -0.007947096    0.01918804    0.02502245    -0.001094818
0.005767962    0.03544622    -0.3576137    -0.2964738    1    -0.01248673    0.02960454    -0.0002696748    -0.05114572    -0.06488314    -0.005705438    -0.0465822    0.02586613    0.01137434    -0.05665694    -0.04002131    -0.09305515    -0.02538079    0.07569078    0.1250716
0.04265604    0.009865752    -0.01322964    0.002449875    -0.01248673    1    -0.06179415    -0.5939001    -0.1180336    0.02355674    0.118604    -0.1088371    -0.1428686    0.08750867    -0.005491455    0.05167966    -0.1152897    0.02066657    0.09069551    -0.05447833
0.004742313    0.00773829    -0.0236998    0.03121991    0.02960454    -0.06179415    1    -0.1008464    -0.6099681    0.04573424    -0.1296574    -0.007182328    0.02187673    -0.1327159    0.1430849    -0.09588906    0.06631092    0.06696303    -0.05048789    0.03211869
0.009519133    -0.03855447    0.004687712    0.007652858    -0.0002696748    -0.5939001    -0.1008464    1    -0.06423964    -0.3811407    -0.1590559    0.03660184    0.004379546    -0.1734088    0.1185073    -0.03325535    0.1240084    -0.02484923    -0.04320801    -0.007768238
0.002767773    -0.001142512    0.00139574    -0.02627162    -0.05114572    -0.1180336    -0.6099681    -0.06423964    1    -0.2719001    0.05810743    -0.1228287    -0.09352634    0.09831846    0.008658875    0.05996405    0.01692201    -0.01928402    -0.02647303    -0.03397779
0.008198226    0.01262869    0.01667518    -0.0603438    -0.06488314    0.02355674    0.04573424    -0.3811407    -0.2719001    1    0.09021241    0.1381914    0.1315933    0.07987356    -0.1671793    0.05134978    -0.07520341    -0.03895309    -0.0006839066    0.001843406
-0.04973298    0.03849447    -0.01155115    0.01731926    -0.005705438    0.118604    -0.1296574    -0.1590559    0.05810743    0.09021241    1    0.02409479    -0.5540134    0.007876378    0.0002197257    -0.01113027    0.0008637091    0.0003805406    0.04875292    -0.04330749
0.02315722    0.009378634    0.01150335    -0.04310018    -0.0465822    -0.1088371    -0.007182328    0.03660184    -0.1228287    0.1381914    0.02409479    1    -0.07524301    -0.5866202    0.1660791    -0.04823535    0.1570087    0.03428094    -0.06150957    -0.05852754
0.04227467    -0.0002139396    -0.02174231    -0.008644501    0.02586613    -0.1428686    0.02187673    0.004379546    -0.09352634    0.1315933    -0.5540134    -0.07524301    1    -0.01726578    -0.3431392    -0.03060982    0.02493071    0.07034718    -0.006239736    -0.03744547
-0.02980095    0.01270622    0.03291502    -0.01004017    0.01137434    0.08750867    -0.1327159    -0.1734088    0.09831846    0.07987356    0.007876378    -0.5866202    -0.01726578    1    -0.4829047    0.04912726    -0.06755592    0.0195679    0.06048212    -0.02541053
0.03469901    -0.02691074    -0.02506084    0.05539219    -0.05665694    -0.005491455    0.1430849    0.1185073    0.008658875    -0.1671793    0.0002197257    0.1660791    -0.3431392    -0.4829047    1    0.010169    0.004498679    -0.09107153    -0.02929514    0.05005591
0.07832183    -0.03149223    0.0299431    -0.03964216    -0.04002131    0.05167966    -0.09588906    -0.03325535    0.05996405    0.05134978    -0.01113027    -0.04823535    -0.03060982    0.04912726    0.010169    1    -0.09296697    -0.5872855    0.1205512    -0.008874198
-0.001543651    0.07929445    0.01729769    -0.007947096    -0.09305515    -0.1152897    0.06631092    0.1240084    0.01692201    -0.07520341    0.0008637091    0.1570087    0.02493071    -0.06755592    0.004498679    -0.09296697    1    -0.2674181    -0.5953015    0.2580198
-0.04515409    0.0214283    0.03479909    0.01918804    -0.02538079    0.02066657    0.06696303    -0.02484923    -0.01928402    -0.03895309    0.0003805406    0.03428094    0.07034718    0.0195679    -0.09107153    -0.5872855    -0.2674181    1    -0.09069658    -0.3813491
0.01661505    -0.0427591    -0.0405237    0.02502245    0.07569078    0.09069551    -0.05048789    -0.04320801    -0.02647303    -0.0006839066    0.04875292    -0.06150957    -0.006239736    0.06048212    -0.02929514    0.1205512    -0.5953015    -0.09069658    1    -0.4833
-0.08180572    0.01179005    0.009483895    -0.001094818    0.1250716    -0.05447833    0.03211869    -0.007768238    -0.03397779    0.001843406    -0.04330749    -0.05852754    -0.03744547    -0.02541053    0.05005591    -0.008874198    0.2580198    -0.3813491    -0.4833    1
