1    -0.06409369    -0.6033327    -0.117936    0.005767962    0.06534016    -0.1163313    -0.02033259    0.1258359    -0.06493257
-0.06409369    1    -0.09900662    -0.5676348    0.03544622    -0.0532665    -0.04249174    -0.01974201    -0.07879296    0.1409335
-0.6033327    -0.09900662    1    -0.06336199    -0.3576137    -0.0365611    0.009801473    -0.08391466    -0.0966684    0.138903
-0.117936    -0.5676348    -0.06336199    1    -0.2964738    0.09880219    -0.07425723    -0.08382606    0.1052555    -0.03890341
0.005767962    0.03544622    -0.3576137    -0.2964738    1    -0.06349245    0.1157299    0.1619293    -0.02005041    -0.1447093
0.06534016    -0.0532665    -0.0365611    0.09880219    -0.06349245    1    -0.006012193    -0.5898456    0.08617625    -0.07295721
-0.1163313    -0.04249174    0.009801473    -0.07425723    0.1157299    -0.006012193    1    -0.2592951    -0.5895032    0.2392751
-0.02033259    -0.01974201    -0.08391466    -0.08382606    0.1619293    -0.5898456    -0.2592951    1    -0.006376612    -0.4396046
0.1258359    -0.07879296    -0.0966684    0.1052555    -0.02005041    0.08617625    -0.5895032    -0.006376612    1    -0.4237378
-0.06493257    0.1409335    0.138903    -0.03890341    -0.1447093    -0.07295721    0.2392751    -0.4396046    -0.4237378    1
