1    -0.06409369    -0.6033327    -0.117936    0.005767962    0.04265604    0.004742313    0.009519133    0.002767773    0.008198226    0.001315428    0.0384244    -0.01446077    -0.00429657    -0.0346426
-0.06409369    1    -0.09900662    -0.5676348    0.03544622    0.009865752    0.00773829    -0.03855447    -0.001142512    0.01262869    0.001640238    0.0453152    0.01507534    -0.05097111    -0.01701819
-0.6033327    -0.09900662    1    -0.06336199    -0.3576137    -0.01322964    -0.0236998    0.004687712    0.00139574    0.01667518    0.04685193    -0.02144581    -9.279386e-05    -0.008801986    -0.02712854
-0.117936    -0.5676348    -0.06336199    1    -0.2964738    0.002449875    0.03121991    0.007652858    -0.02627162    -0.0603438    0.02250812    0.009965586    -0.02100766    0.006577363    -0.0143077
0.005767962    0.03544622    -0.3576137    -0.2964738    1    -0.01248673    0.02960454    -0.0002696748    -0.05114572    -0.06488314    -0.07560601    -0.0106553    0.03240347    0.01286369    0.07626942
0.04265604    0.009865752    -0.01322964    0.002449875    -0.01248673    1    -0.06179415    -0.5939001    -0.1180336    0.02355674    -0.007379206    0.02073047    0.03440847    -0.0301227    -0.01486017
0.004742313    0.00773829    -0.0236998    0.03121991    0.02960454    -0.06179415    1    -0.1008464    -0.6099681    0.04573424    0.04139116    0.02033605    -0.01113191    -0.002083082    -0.02990063
0.009519133    -0.03855447    0.004687712    0.007652858    -0.0002696748    -0.5939001    -0.1008464    1    -0.06423964    -0.3811407    0.0221167    -4.600448e-06    -0.04810542    0.00760355    0.01173294
0.002767773    -0.001142512    0.00139574    -0.02627162    -0.05114572    -0.1180336    -0.6099681    -0.06423964    1    -0.2719001    -0.01534831    -0.03151472    0.009195833    0.04631385    -0.04398092
0.008198226    0.01262869    0.01667518    -0.0603438    -0.06488314    0.02355674    0.04573424    -0.3811407    -0.2719001    1    0.01697366    -0.001451602    -0.02147071    0.002502564    0.02865046
0.001315428    0.001640238    0.04685193    0.02250812    -0.07560601    -0.007379206    0.04139116    0.0221167    -0.01534831    0.01697366    1    -0.1169316    -0.7228295    0.1430365    0.1130299
0.0384244    0.0453152    -0.02144581    0.009965586    -0.0106553    0.02073047    0.02033605    -4.600448e-06    -0.03151472    -0.001451602    -0.1169316    1    0.1225456    -0.708288    0.1717449
-0.01446077    0.01507534    -9.279386e-05    -0.02100766    0.03240347    0.03440847    -0.01113191    -0.04810542    0.009195833    -0.02147071    -0.7228295    0.1225456    1    -0.1843117    -0.4438617
-0.00429657    -0.05097111    -0.008801986    0.006577363    0.01286369    -0.0301227    -0.002083082    0.00760355    0.04631385    0.002502564    0.1430365    -0.708288    -0.1843117    1    -0.5048047
-0.0346426    -0.01701819    -0.02712854    -0.0143077    0.07626942    -0.01486017    -0.02990063    0.01173294    -0.04398092    0.02865046    0.1130299    0.1717449    -0.4438617    -0.5048047    1
