1    -0.05330177    -0.7076816    -0.05428078    -0.0042453    -0.03260079    0.04732671    0.01778713    -0.05149739    0.0435914    0.09337979    -0.1401505    -0.1160857    0.1043552    0.06404415
-0.05330177    1    -0.07540401    -0.5736487    0.1523894    -0.0765811    0.03770422    0.02687694    -0.009595471    0.02003757    -0.1199486    0.01008388    0.04499226    -0.08215949    0.07351005
-0.7076816    -0.07540401    1    0.02279707    -0.3127617    0.0293918    -0.05910624    -0.03413501    0.05623993    0.01685803    -0.09275608    0.04707542    -0.004244288    -0.1078054    0.08441666
-0.05428078    -0.5736487    0.02279707    1    -0.3869901    0.02373267    -0.05732573    0.02646388    0.03542455    -0.07071895    0.1005112    -0.1439108    -0.1376963    0.08783474    0.0649689
-0.0042453    0.1523894    -0.3127617    -0.3869901    1    -0.005918094    0.03424026    0.01210992    -0.03345085    -0.02709558    -0.01542669    0.0973309    0.1291996    0.01012248    -0.1592304
-0.03260079    -0.0765811    0.0293918    0.02373267    -0.005918094    1    -0.06409369    -0.6033327    -0.117936    0.005767962    0.04265604    0.004742313    0.009519133    0.002767773    0.008198226
0.04732671    0.03770422    -0.05910624    -0.05732573    0.03424026    -0.06409369    1    -0.09900662    -0.5676348    0.03544622    0.009865752    0.00773829    -0.03855447    -0.001142512    0.01262869
0.01778713    0.02687694    -0.03413501    0.02646388    0.01210992    -0.6033327    -0.09900662    1    -0.06336199    -0.3576137    -0.01322964    -0.0236998    0.004687712    0.00139574    0.01667518
-0.05149739    -0.009595471    0.05623993    0.03542455    -0.03345085    -0.117936    -0.5676348    -0.06336199    1    -0.2964738    0.002449875    0.03121991    0.007652858    -0.02627162    -0.0603438
0.0435914    0.02003757    0.01685803    -0.07071895    -0.02709558    0.005767962    0.03544622    -0.3576137    -0.2964738    1    -0.01248673    0.02960454    -0.0002696748    -0.05114572    -0.06488314
0.09337979    -0.1199486    -0.09275608    0.1005112    -0.01542669    0.04265604    0.009865752    -0.01322964    0.002449875    -0.01248673    1    -0.06179415    -0.5939001    -0.1180336    0.02355674
-0.1401505    0.01008388    0.04707542    -0.1439108    0.0973309    0.004742313    0.00773829    -0.0236998    0.03121991    0.02960454    -0.06179415    1    -0.1008464    -0.6099681    0.04573424
-0.1160857    0.04499226    -0.004244288    -0.1376963    0.1291996    0.009519133    -0.03855447    0.004687712    0.007652858    -0.0002696748    -0.5939001    -0.1008464    1    -0.06423964    -0.3811407
0.1043552    -0.08215949    -0.1078054    0.08783474    0.01012248    0.002767773    -0.001142512    0.00139574    -0.02627162    -0.05114572    -0.1180336    -0.6099681    -0.06423964    1    -0.2719001
0.06404415    0.07351005    0.08441666    0.0649689    -0.1592304    0.008198226    0.01262869    0.01667518    -0.0603438    -0.06488314    0.02355674    0.04573424    -0.3811407    -0.2719001    1
