1    -0.1750601    -0.4248295    0.2174913    0.002515153    -0.03238841    0.04783724    -0.02160848    -0.001132487    0.004781861    0.07395104    -0.1131871    -0.1369199    0.07386933    0.07649416    -0.02704097    0.02649808    -0.01492897    -0.02350755    0.01867777    0.007737359    -0.0496647    0.03343609    0.1082092    -0.09720418    0.06960626    -0.05946263    0.01124724    0.06525906    -0.0422528    0.04901338    0.03777627    -0.004170395    -0.02228881    -0.02847023    -0.02241952    0.02945679    0.008760102    -0.02560259    0.02023621    0.01143045    0.03571542    0.007562312    -0.01871933    -0.0147369
-0.1750601    1    -0.01491714    -0.6222392    0.2333305    -0.01114538    -0.056802    0.04319913    0.04859191    -0.01306501    -0.07732744    0.01778574    0.01058778    -0.1651793    0.08876159    -0.03742454    0.05308068    0.02446545    -0.01794528    0.007860983    -0.04952563    0.07152838    0.0610728    -0.02311315    -0.08404258    0.05904949    -0.003635176    -0.07226143    0.02426811    0.06971675    -0.07638673    0.04287444    0.07752935    -0.0354916    -0.03312849    0.05364091    -0.01631893    -0.03769026    0.0274596    -0.001477796    0.01222076    0.01145902    0.03418631    0.0009239955    -0.02531505
-0.4248295    -0.01491714    1    0.05952327    -0.5232977    -0.02410398    -0.02140263    0.002887439    -0.02615133    0.04397876    -0.1276178    -0.08015054    -0.01464825    -0.09411968    0.2261081    -0.02309141    -0.02516572    0.05528584    0.06182433    -0.06535056    -0.01840606    0.05351053    0.06291157    -0.03478856    -0.01951604    -0.03717377    -0.0524544    -0.01608579    0.07371991    0.07790413    -0.02816364    0.07149433    0.05057256    -0.048711    -0.007703355    0.02445593    -0.02934515    -0.0160448    0.03610256    0.01897256    0.01725315    -0.03016273    0.02256089    0.05296424    -0.07297914
0.2174913    -0.6222392    0.05952327    1    -0.5990358    -0.004350109    0.04695518    0.007053844    -0.04386999    -0.0358891    0.08927624    -0.1740325    -0.180289    0.1381758    0.09513753    0.007989553    -0.03876592    -0.01755944    0.02966799    0.01332508    -0.00589075    0.02116704    0.02304788    -0.01029791    0.003824369    0.03295568    -0.03238618    -0.03195911    0.05777876    0.04540745    0.0374761    0.01309802    0.003958793    -0.0008711112    -0.02311995    -0.02507977    -0.005862087    -0.00900583    -0.01177597    0.05591542    -0.04820604    0.01419888    0.03635762    -0.0002405232    -0.006649769
0.002515153    0.2333305    -0.5232977    -0.5990358    1    0.02357466    -0.006217423    0.004515984    0.02179571    -0.03559496    -0.0001732517    0.1783414    0.2074047    -0.02316448    -0.2377356    0.01251816    0.03036345    -0.04140801    -0.0420534    0.05631704    0.03597718    -0.07128305    -0.07965728    0.02026767    0.06539621    -0.05598918    0.07469587    0.06070256    -0.1086727    -0.1021506    0.01021374    -0.07437749    -0.04490543    0.04902425    0.003974    -0.01221327    -0.01065451    0.02797767    0.007083841    -0.0721387    0.05026147    -0.009815147    -0.07936827    -0.01687809    0.05447497
-0.03238841    -0.01114538    -0.02410398    -0.004350109    0.02357466    1    -0.1946423    -0.4709472    0.235111    -0.02529814    -0.08566339    0.02077572    0.02551791    0.03708786    0.00229714    0.09385781    -0.08776051    -0.1242036    0.03258501    0.0502754    -0.003253133    -0.009992194    -0.0006106038    0.02774732    -0.00179487    0.04370249    -0.02391211    -0.02552311    0.04000411    0.01861263    -0.002023299    0.00764351    0.02170665    0.03386528    -0.0341711    -0.02306903    -0.02257848    -0.00329915    0.01303041    -0.000340857    0.05716871    -0.03482036    -0.07803169    0.02123365    0.009101963
0.04783724    -0.056802    -0.02140263    0.04695518    -0.006217423    -0.1946423    1    0.005353657    -0.6506694    0.2672641    0.02729262    -0.003498174    0.01101164    0.002570376    -0.05719703    -0.1390567    0.05639625    0.068539    -0.1577087    0.1101471    -0.051045    0.08802882    0.04717612    -0.04326889    -0.0269349    0.02430503    -0.06125764    -0.01451888    0.02676009    0.06309214    -0.0753247    -0.01936059    0.1058499    0.01495575    -0.03634186    0.005602549    -0.03680413    0.0319904    0.0575555    -0.04738499    -0.04994922    -0.01146806    0.05481847    0.01881458    -0.003383073
-0.02160848    0.04319913    0.002887439    0.007053844    0.004515984    -0.4709472    0.005353657    1    0.06514224    -0.5083593    0.03900224    0.02140272    -0.01039284    -0.07307121    0.03432822    -0.1177488    -0.0588366    -0.038929    -0.06430305    0.1876393    -0.02099735    0.09939648    0.06635002    -0.01830727    -0.08478977    0.05158124    -0.0245993    -0.06011067    0.01643522    0.0675262    -0.08187566    0.1260964    0.0744444    -0.08229582    -0.05025464    0.04527836    0.01276498    -0.01115731    -0.03657144    0.03227499    -0.008895939    0.06052161    0.07155021    0.004151692    -0.07608384
-0.001132487    0.04859191    -0.02615133    -0.04386999    0.02179571    0.235111    -0.6506694    0.06514224    1    -0.6078586    -0.01128964    0.04635509    -0.002379128    -0.02643029    0.001209666    0.1166931    -0.1987784    -0.2100947    0.158768    0.09811559    0.03723318    -0.04572196    0.01875071    0.06778943    -0.05689477    0.04406171    -0.03355917    -0.03772896    0.08385934    0.003023485    0.09051334    0.07639208    -0.07679546    -0.02277395    -0.01224867    0.03839176    0.008092684    -0.05395704    -0.02746769    0.04783365    0.0694424    0.04490785    -0.05446569    -0.04523339    0.001490559
0.004781861    -0.01306501    0.04397876    -0.0358891    -0.03559496    -0.02529814    0.2672641    -0.5083593    -0.6078586    1    -0.002921072    -0.01608019    0.01543202    0.03704312    -0.04123738    -0.04899594    0.2044164    0.2562508    -0.05158134    -0.2554506    0.001573076    -0.01440425    -0.06931756    -0.05824296    0.09940462    -0.06877164    0.03305229    0.08397911    -0.07236744    -0.0665572    -0.009418949    -0.115067    -0.03035186    0.02420408    0.05798563    -0.03858226    -0.004696596    0.03972183    0.01929935    -0.03458975    -0.04959441    -0.05544888    0.01357185    0.04399728    0.02116627
0.07395104    -0.07732744    -0.1276178    0.08927624    -0.0001732517    -0.08566339    0.02729262    0.03900224    -0.01128964    -0.002921072    1    -0.06409369    -0.6033327    -0.117936    0.005767962    0.04265604    0.004742313    0.009519133    0.002767773    0.008198226    0.07832183    -0.001543651    -0.04515409    0.01661505    -0.08180572    0.01610019    -0.06951527    0.01076136    0.09534299    -0.01308736    0.06534016    -0.1163313    -0.02033259    0.1258359    -0.06493257    0.007598915    0.01456095    -0.01459661    -0.003319771    -0.01710018    0.0178741    -0.03074282    -0.0444878    0.05670578    0.05235588
-0.1131871    0.01778574    -0.08015054    -0.1740325    0.1783414    0.02077572    -0.003498174    0.02140272    0.04635509    -0.01608019    -0.06409369    1    -0.09900662    -0.5676348    0.03544622    0.009865752    0.00773829    -0.03855447    -0.001142512    0.01262869    -0.03149223    0.07929445    0.0214283    -0.0427591    0.01179005    0.09035622    0.0005434782    -0.09284294    -0.03065628    0.05221953    -0.0532665    -0.04249174    -0.01974201    -0.07879296    0.1409335    0.01692247    0.02917717    0.008233981    -0.06900505    0.001992819    -0.003012325    -0.03051097    0.01547207    0.01994551    -0.03760291
-0.1369199    0.01058778    -0.01464825    -0.180289    0.2074047    0.02551791    0.01101164    -0.01039284    -0.002379128    0.01543202    -0.6033327    -0.09900662    1    -0.06336199    -0.3576137    -0.01322964    -0.0236998    0.004687712    0.00139574    0.01667518    0.0299431    0.01729769    0.03479909    -0.0405237    0.009483895    -0.008745422    -0.0367233    -0.004724281    0.02556267    0.0508789    -0.0365611    0.009801473    -0.08391466    -0.0966684    0.138903    -0.01084667    -0.009885302    0.05640804    -0.00089148    -0.05603712    0.01220384    -0.02953096    -0.003829815    0.02287009    -0.01707746
0.07386933    -0.1651793    -0.09411968    0.1381758    -0.02316448    0.03708786    0.002570376    -0.07307121    -0.02643029    0.03704312    -0.117936    -0.5676348    -0.06336199    1    -0.2964738    0.002449875    0.03121991    0.007652858    -0.02627162    -0.0603438    -0.03964216    -0.007947096    0.01918804    0.02502245    -0.001094818    0.07562052    -0.005852118    -0.0299171    -0.007934935    -0.00913873    0.09880219    -0.07425723    -0.08382606    0.1052555    -0.03890341    -0.03714263    -0.02476232    -0.003573712    0.03269481    0.007849347    -0.008643043    0.07023077    -0.002782257    -0.06789909    0.02644932
0.07649416    0.08876159    0.2261081    0.09513753    -0.2377356    0.00229714    -0.05719703    0.03432822    0.001209666    -0.04123738    0.005767962    0.03544622    -0.3576137    -0.2964738    1    -0.01248673    0.02960454    -0.0002696748    -0.05114572    -0.06488314    -0.04002131    -0.09305515    -0.02538079    0.07569078    0.1250716    -0.1073837    0.07627857    0.08079149    -0.08159052    -0.03085781    -0.06349245    0.1157299    0.1619293    -0.02005041    -0.1447093    0.05275606    0.01668235    -0.07406812    -0.0006279842    0.08257611    0.01216691    0.007981525    0.0135797    -0.05782028    -0.05295999
-0.02704097    -0.03742454    -0.02309141    0.007989553    0.01251816    0.09385781    -0.1390567    -0.1177488    0.1166931    -0.04899594    0.04265604    0.009865752    -0.01322964    0.002449875    -0.01248673    1    -0.06179415    -0.5939001    -0.1180336    0.02355674    0.05167966    -0.1152897    0.02066657    0.09069551    -0.05447833    0.08197752    -0.001425257    -0.03697838    0.03881304    -0.05002561    0.1162023    -0.1066769    -0.1043039    0.1754894    -0.02627036    0.007482569    0.01891509    -0.01843323    0.01437767    -0.006697406    0.1060747    -0.02626833    -0.08276362    0.01211681    0.009421968
0.02649808    0.05308068    -0.02516572    -0.03876592    0.03036345    -0.08776051    0.05639625    -0.0588366    -0.1987784    0.2044164    0.004742313    0.00773829    -0.0236998    0.03121991    0.02960454    -0.06179415    1    -0.1008464    -0.6099681    0.04573424    -0.09588906    0.06631092    0.06696303    -0.05048789    0.03211869    0.001560001    -0.07429014    0.02348987    -0.01501669    0.07973867    -0.09981231    -0.07278751    -0.0120283    -0.04702475    0.1095547    0.03406298    0.01750032    0.002225363    -0.008353258    -0.0243514    0.02149667    0.01418499    -0.0290766    -0.01621258    -0.02431367
-0.01492897    0.02446545    0.05528584    -0.01755944    -0.04140801    -0.1242036    0.068539    -0.038929    -0.2100947    0.2562508    0.009519133    -0.03855447    0.004687712    0.007652858    -0.0002696748    -0.5939001    -0.1008464    1    -0.06423964    -0.3811407    -0.03325535    0.1240084    -0.02484923    -0.04320801    -0.007768238    0.01210735    -0.02341492    -0.03505125    0.02170153    0.03176039    -0.08991358    -0.01950374    -0.04552009    -0.1051977    0.1431752    -0.02401794    0.01400013    0.01876383    -0.00799936    -0.02047109    -0.06213153    0.007087577    0.0578896    0.007889381    -0.01036099
-0.02350755    -0.01794528    0.06182433    0.02966799    -0.0420534    0.03258501    -0.1577087    -0.06430305    0.158768    -0.05158134    0.002767773    -0.001142512    0.00139574    -0.02627162    -0.05114572    -0.1180336    -0.6099681    -0.06423964    1    -0.2719001    0.05996405    0.01692201    -0.01928402    -0.02647303    -0.03397779    0.02191401    -0.0185645    -0.04593798    0.1056719    0.0109211    0.156764    -0.07175043    -0.05450183    0.07758917    -0.06221434    -0.04783721    -0.009089499    0.03052655    -0.00520894    -0.02782029    -0.02213641    0.01209078    0.01265232    0.00995439    0.02421431
0.01867777    0.007860983    -0.06535056    0.01332508    0.05631704    0.0502754    0.1101471    0.1876393    0.09811559    -0.2554506    0.008198226    0.01262869    0.01667518    -0.0603438    -0.06488314    0.02355674    0.04573424    -0.3811407    -0.2719001    1    0.05134978    -0.07520341    -0.03895309    -0.0006839066    0.001843406    -0.09784893    0.06749055    0.06676996    -0.0523314    -0.06221906    -0.05389333    0.1836952    0.1530053    -0.0742562    -0.09665735    0.02183823    -0.002681004    0.003168661    -7.183558e-05    0.01412672    -0.04528354    -0.03258053    0.001015344    0.01467392    0.05891425
0.007737359    -0.04952563    -0.01840606    -0.00589075    0.03597718    -0.003253133    -0.051045    -0.02099735    0.03723318    0.001573076    0.07832183    -0.03149223    0.0299431    -0.03964216    -0.04002131    0.05167966    -0.09588906    -0.03325535    0.05996405    0.05134978    1    -0.09296697    -0.5872855    0.1205512    -0.008874198    0.02976092    0.01818533    0.009618376    0.06954611    -0.1375378    0.1030662    -0.07605895    -0.06870183    0.09936693    0.01169829    0.04710214    0.01754277    -0.03626073    -0.004614688    0.001635322    -0.1179656    -0.2980671    0.06641426    0.4483354    -0.1221541
-0.0496647    0.07152838    0.05351053    0.02116704    -0.07128305    -0.009992194    0.08802882    0.09939648    -0.04572196    -0.01440425    -0.001543651    0.07929445    0.01729769    -0.007947096    -0.09305515    -0.1152897    0.06631092    0.1240084    0.01692201    -0.07520341    -0.09296697    1    -0.2674181    -0.5953015    0.2580198    0.06570928    -0.1070775    -0.0735188    0.08245047    0.1196483    -0.0996536    0.01994633    0.004172335    -0.05106776    0.08591229    -0.06038926    -0.02245117    -0.001589754    -0.04749324    0.06409999    -0.2510339    0.02346951    0.3400784    0.1013593    -0.1992053
0.03343609    0.0610728    0.06291157    0.02304788    -0.07965728    -0.0006106038    0.04717612    0.06635002    0.01875071    -0.06931756    -0.04515409    0.0214283    0.03479909    0.01918804    -0.02538079    0.02066657    0.06696303    -0.02484923    -0.01928402    -0.03895309    -0.5872855    -0.2674181    1    -0.09069658    -0.3813491    0.04360853    -0.1083042    -0.02654665    0.06765148    0.11326    -0.06550003    0.01167621    -0.00244369    -0.1233466    0.05034909    -0.0387741    -0.0405285    -0.01432079    -0.002247628    0.06114651    0.07215081    0.3303277    0.05506116    -0.2063156    -0.1128322
0.1082092    -0.02311315    -0.03478856    -0.01029791    0.02026767    0.02774732    -0.04326889    -0.01830727    0.06778943    -0.05824296    0.01661505    -0.0427591    -0.0405237    0.02502245    0.07569078    0.09069551    -0.05048789    -0.04320801    -0.02647303    -0.0006839066    0.1205512    -0.5953015    -0.09069658    1    -0.4833    0.04685137    0.05194265    -0.01272133    0.05252365    -0.08485076    0.08055422    -0.09252682    -0.04217377    0.08228877    -0.0396797    0.0815159    -0.03339855    -0.008632428    0.08038157    -0.04880244    0.5098434    0.07291783    -0.3542301    -0.1281001    0.02787081
-0.09720418    -0.08404258    -0.01951604    0.003824369    0.06539621    -0.00179487    -0.0269349    -0.08478977    -0.05689477    0.09940462    -0.08180572    0.01179005    0.009483895    -0.001094818    0.1250716    -0.05447833    0.03211869    -0.007768238    -0.03397779    0.001843406    -0.008874198    0.2580198    -0.3813491    -0.4833    1    -0.1389066    0.1009307    0.0697749    -0.1891751    0.004837892    -0.04017966    0.08678713    0.08857573    0.01464415    -0.05682052    -0.0008092788    0.06068607    1.043309e-05    -0.04013991    -0.01363167    -0.3181835    -0.2759907    0.09980855    0.04931708    -0.08786729
0.06960626    0.05904949    -0.03717377    0.03295568    -0.05598918    0.04370249    0.02430503    0.05158124    0.04406171    -0.06877164    0.01610019    0.09035622    -0.008745422    0.07562052    -0.1073837    0.08197752    0.001560001    0.01210735    0.02191401    -0.09784893    0.02976092    0.06570928    0.04360853    0.04685137    -0.1389066    1    0.1802937    -0.5691702    -0.2002636    -0.1141258    0.006926832    -0.05485113    -0.1206977    -0.02248353    0.09874283    0.002072449    0.07737635    0.06396886    -0.02752499    -0.07243562    -0.003906764    0.02706601    0.03703464    0.02824346    -0.0488362
-0.05946263    -0.003635176    -0.0524544    -0.03238618    0.07469587    -0.02391211    -0.06125764    -0.0245993    -0.03355917    0.03305229    -0.06951527    0.0005434782    -0.0367233    -0.005852118    0.07627857    -0.001425257    -0.07429014    -0.02341492    -0.0185645    0.06749055    0.01818533    -0.1070775    -0.1083042    0.05194265    0.1009307    0.1802937    1    -0.712963    -0.5634511    0.2419349    -0.009893346    0.05802443    0.03664878    0.004883361    -0.02681716    -0.007546856    -0.01243617    0.01225864    0.02522846    -0.01440876    0.004158192    0.02600851    -0.0159317    -0.05735925    0.03966254
0.01124724    -0.07226143    -0.01608579    -0.03195911    0.06070256    -0.02552311    -0.01451888    -0.06011067    -0.03772896    0.08397911    0.01076136    -0.09284294    -0.004724281    -0.0299171    0.08079149    -0.03697838    0.02348987    -0.03505125    -0.04593798    0.06676996    0.009618376    -0.0735188    -0.02654665    -0.01272133    0.0697749    -0.5691702    -0.712963    1    0.1600804    -0.4300399    -0.006297432    0.02611275    0.0569163    -0.002624584    -0.05054589    0.03160495    0.02645571    -0.03095185    -0.005834921    0.01190503    -0.01944    -0.0008345508    0.0353223    0.008335525    -0.03372905
0.06525906    0.02426811    0.07371991    0.05777876    -0.1086727    0.04000411    0.02676009    0.01643522    0.08385934    -0.07236744    0.09534299    -0.03065628    0.02556267    -0.007934935    -0.08159052    0.03881304    -0.01501669    0.02170153    0.1056719    -0.0523314    0.06954611    0.08245047    0.06765148    0.05252365    -0.1891751    -0.2002636    -0.5634511    0.1600804    1    -0.04550196    0.04406168    -0.09264929    -0.08889166    0.0308862    0.04626276    -0.01894724    -0.01822931    0.04700578    0.01852502    -0.0371248    0.04581257    0.01258463    0.01078633    0.05804431    -0.04879413
-0.0422528    0.06971675    0.07790413    0.04540745    -0.1021506    0.01861263    0.06309214    0.0675262    0.003023485    -0.0665572    -0.01308736    0.05221953    0.0508789    -0.00913873    -0.03085781    -0.05002561    0.07973867    0.03176039    0.0109211    -0.06221906    -0.1375378    0.1196483    0.11326    -0.08485076    0.004837892    -0.1141258    0.2419349    -0.4300399    -0.04550196    1    -0.01690092    0.02321122    0.02356336    -0.002146749    -0.005846807    -0.04841896    -0.1168799    -0.03812896    0.007186327    0.08302554    0.03204457    -0.07275854    -0.1021404    -0.003162287    0.06366392
0.04901338    -0.07638673    -0.02816364    0.0374761    0.01021374    -0.002023299    -0.0753247    -0.08187566    0.09051334    -0.009418949    0.06534016    -0.0532665    -0.0365611    0.09880219    -0.06349245    0.1162023    -0.09981231    -0.08991358    0.156764    -0.05389333    0.1030662    -0.0996536    -0.06550003    0.08055422    -0.04017966    0.006926832    -0.009893346    -0.006297432    0.04406168    -0.01690092    1    -0.006012193    -0.5898456    0.08617625    -0.07295721    0.05054278    0.0443616    -0.0008872456    0.02809182    -0.1028516    0.04511923    0.001767592    -0.06445633    -0.01372151    0.0554438
0.03777627    0.04287444    0.07149433    0.01309802    -0.07437749    0.00764351    -0.01936059    0.1260964    0.07639208    -0.115067    -0.1163313    -0.04249174    0.009801473    -0.07425723    0.1157299    -0.1066769    -0.07278751    -0.01950374    -0.07175043    0.1836952    -0.07605895    0.01994633    0.01167621    -0.09252682    0.08678713    -0.05485113    0.05802443    0.02611275    -0.09264929    0.02321122    -0.006012193    1    -0.2592951    -0.5895032    0.2392751    0.01691734    -0.06745725    -0.08832753    0.01826965    0.1257391    -0.03678603    -0.05916866    -0.01012221    0.01556901    0.03874026
-0.004170395    0.07752935    0.05057256    0.003958793    -0.04490543    0.02170665    0.1058499    0.0744444    -0.07679546    -0.03035186    -0.02033259    -0.01974201    -0.08391466    -0.08382606    0.1619293    -0.1043039    -0.0120283    -0.04552009    -0.05450183    0.1530053    -0.06870183    0.004172335    -0.00244369    -0.04217377    0.08857573    -0.1206977    0.03664878    0.0569163    -0.08889166    0.02356336    -0.5898456    -0.2592951    1    -0.006376612    -0.4396046    -0.06673594    -0.01887899    0.002860253    -0.05155244    0.1073449    -0.08244826    0.001399142    0.05637271    -0.01702433    -0.002799511
-0.02228881    -0.0354916    -0.048711    -0.0008711112    0.04902425    0.03386528    0.01495575    -0.08229582    -0.02277395    0.02420408    0.1258359    -0.07879296    -0.0966684    0.1052555    -0.02005041    0.1754894    -0.04702475    -0.1051977    0.07758917    -0.0742562    0.09936693    -0.05106776    -0.1233466    0.08228877    0.01464415    -0.02248353    0.004883361    -0.002624584    0.0308862    -0.002146749    0.08617625    -0.5895032    -0.006376612    1    -0.4237378    0.01332751    0.02325242    0.04952414    0.06031715    -0.1341519    0.02498155    -0.03454853    -0.04760403    -0.003469083    0.06224026
-0.02847023    -0.03312849    -0.007703355    -0.02311995    0.003974    -0.0341711    -0.03634186    -0.05025464    -0.01224867    0.05798563    -0.06493257    0.1409335    0.138903    -0.03890341    -0.1447093    -0.02627036    0.1095547    0.1431752    -0.06221434    -0.09665735    0.01169829    0.08591229    0.05034909    -0.0396797    -0.05682052    0.09874283    -0.02681716    -0.05054589    0.04626276    -0.005846807    -0.07295721    0.2392751    -0.4396046    -0.4237378    1    0.01291464    0.02713083    -0.004907002    -0.0422126    0.02320187    -0.001902545    -0.02018574    0.04504953    0.05990323    -0.08773082
-0.02241952    0.05364091    0.02445593    -0.02507977    -0.01221327    -0.02306903    0.005602549    0.04527836    0.03839176    -0.03858226    0.007598915    0.01692247    -0.01084667    -0.03714263    0.05275606    0.007482569    0.03406298    -0.02401794    -0.04783721    0.02183823    0.04710214    -0.06038926    -0.0387741    0.0815159    -0.0008092788    0.002072449    -0.007546856    0.03160495    -0.01894724    -0.04841896    0.05054278    0.01691734    -0.06673594    0.01332751    0.01291464    1    -0.07105915    -0.7590877    -0.01713896    0.1621592    0.03507668    -0.04771279    -0.02701914    0.02601578    -0.04159734
0.02945679    -0.01631893    -0.02934515    -0.005862087    -0.01065451    -0.02257848    -0.03680413    0.01276498    0.008092684    -0.004696596    0.01456095    0.02917717    -0.009885302    -0.02476232    0.01668235    0.01891509    0.01750032    0.01400013    -0.009089499    -0.002681004    0.01754277    -0.02245117    -0.0405285    -0.03339855    0.06068607    0.07737635    -0.01243617    0.02645571    -0.01822931    -0.1168799    0.0443616    -0.06745725    -0.01887899    0.02325242    0.02713083    -0.07105915    1    0.1470227    -0.7767391    0.1245049    -0.0768866    0.04919458    0.03727594    -0.03476111    0.01209644
0.008760102    -0.03769026    -0.0160448    -0.00900583    0.02797767    -0.00329915    0.0319904    -0.01115731    -0.05395704    0.03972183    -0.01459661    0.008233981    0.05640804    -0.003573712    -0.07406812    -0.01843323    0.002225363    0.01876383    0.03052655    0.003168661    -0.03626073    -0.001589754    -0.01432079    -0.008632428    1.043309e-05    0.06396886    0.01225864    -0.03095185    0.04700578    -0.03812896    -0.0008872456    -0.08832753    0.002860253    0.04952414    -0.004907002    -0.7590877    0.1470227    1    0.002426858    -0.537623    0.01708326    0.04755401    -0.01100449    -0.07308969    0.08129135
-0.02560259    0.0274596    0.03610256    -0.01177597    0.007083841    0.01303041    0.0575555    -0.03657144    -0.02746769    0.01929935    -0.003319771    -0.06900505    -0.00089148    0.03269481    -0.0006279842    0.01437767    -0.008353258    -0.00799936    -0.00520894    -7.183558e-05    -0.004614688    -0.04749324    -0.002247628    0.08038157    -0.04013991    -0.02752499    0.02522846    -0.005834921    0.01852502    0.007186327    0.02809182    0.01826965    -0.05155244    0.06031715    -0.0422126    -0.01713896    -0.7767391    0.002426858    1    -0.5020596    0.1000654    -0.03559738    -0.07661812    0.01090283    0.03953012
0.02023621    -0.001477796    0.01897256    0.05591542    -0.0721387    -0.000340857    -0.04738499    0.03227499    0.04783365    -0.03458975    -0.01710018    0.001992819    -0.05603712    0.007849347    0.08257611    -0.006697406    -0.0243514    -0.02047109    -0.02782029    0.01412672    0.001635322    0.06409999    0.06114651    -0.04880244    -0.01363167    -0.07243562    -0.01440876    0.01190503    -0.0371248    0.08302554    -0.1028516    0.1257391    0.1073449    -0.1341519    0.02320187    0.1621592    0.1245049    -0.537623    -0.5020596    1    -0.09364499    0.007081986    0.08966868    0.06320062    -0.05815377
0.01143045    0.01222076    0.01725315    -0.04820604    0.05026147    0.05716871    -0.04994922    -0.008895939    0.0694424    -0.04959441    0.0178741    -0.003012325    0.01220384    -0.008643043    0.01216691    0.1060747    0.02149667    -0.06213153    -0.02213641    -0.04528354    -0.1179656    -0.2510339    0.07215081    0.5098434    -0.3181835    -0.003906764    0.004158192    -0.01944    0.04581257    0.03204457    0.04511923    -0.03678603    -0.08244826    0.02498155    -0.001902545    0.03507668    -0.0768866    0.01708326    0.1000654    -0.09364499    1    0.101416    -0.7969551    -0.2103847    0.2428828
0.03571542    0.01145902    -0.03016273    0.01419888    -0.009815147    -0.03482036    -0.01146806    0.06052161    0.04490785    -0.05544888    -0.03074282    -0.03051097    -0.02953096    0.07023077    0.007981525    -0.02626833    0.01418499    0.007087577    0.01209078    -0.03258053    -0.2980671    0.02346951    0.3303277    0.07291783    -0.2759907    0.02706601    0.02600851    -0.0008345508    0.01258463    -0.07275854    0.001767592    -0.05916866    0.001399142    -0.03454853    -0.02018574    -0.04771279    0.04919458    0.04755401    -0.03559738    0.007081986    0.101416    1    0.04487903    -0.7812895    0.1599303
0.007562312    0.03418631    0.02256089    0.03635762    -0.07936827    -0.07803169    0.05481847    0.07155021    -0.05446569    0.01357185    -0.0444878    0.01547207    -0.003829815    -0.002782257    0.0135797    -0.08276362    -0.0290766    0.0578896    0.01265232    0.001015344    0.06641426    0.3400784    0.05506116    -0.3542301    0.09980855    0.03703464    -0.0159317    0.0353223    0.01078633    -0.1021404    -0.06445633    -0.01012221    0.05637271    -0.04760403    0.04504953    -0.02701914    0.03727594    -0.01100449    -0.07661812    0.08966868    -0.7969551    0.04487903    1    0.1790457    -0.582267
-0.01871933    0.0009239955    0.05296424    -0.0002405232    -0.01687809    0.02123365    0.01881458    0.004151692    -0.04523339    0.04399728    0.05670578    0.01994551    0.02287009    -0.06789909    -0.05782028    0.01211681    -0.01621258    0.007889381    0.00995439    0.01467392    0.4483354    0.1013593    -0.2063156    -0.1281001    0.04931708    0.02824346    -0.05735925    0.008335525    0.05804431    -0.003162287    -0.01372151    0.01556901    -0.01702433    -0.003469083    0.05990323    0.02601578    -0.03476111    -0.07308969    0.01090283    0.06320062    -0.2103847    -0.7812895    0.1790457    1    -0.5209955
-0.0147369    -0.02531505    -0.07297914    -0.006649769    0.05447497    0.009101963    -0.003383073    -0.07608384    0.001490559    0.02116627    0.05235588    -0.03760291    -0.01707746    0.02644932    -0.05295999    0.009421968    -0.02431367    -0.01036099    0.02421431    0.05891425    -0.1221541    -0.1992053    -0.1128322    0.02787081    -0.08786729    -0.0488362    0.03966254    -0.03372905    -0.04879413    0.06366392    0.0554438    0.03874026    -0.002799511    0.06224026    -0.08773082    -0.04159734    0.01209644    0.08129135    0.03953012    -0.05815377    0.2428828    0.1599303    -0.582267    -0.5209955    1
