1    -0.06409369    -0.6033327    -0.117936    0.005767962    0.04265604    0.004742313    0.009519133    0.002767773    0.008198226    0.04681567    -0.005954578    -0.07356422    -0.02210486    0.07070623
-0.06409369    1    -0.09900662    -0.5676348    0.03544622    0.009865752    0.00773829    -0.03855447    -0.001142512    0.01262869    0.01389733    0.02633003    -0.02127676    -0.02363457    0.01835077
-0.6033327    -0.09900662    1    -0.06336199    -0.3576137    -0.01322964    -0.0236998    0.004687712    0.00139574    0.01667518    -0.05265094    -0.003807218    0.05204751    0.01736793    -0.02636096
-0.117936    -0.5676348    -0.06336199    1    -0.2964738    0.002449875    0.03121991    0.007652858    -0.02627162    -0.0603438    0.001736466    -0.06182621    0.01289526    0.04011599    -0.02636901
0.005767962    0.03544622    -0.3576137    -0.2964738    1    -0.01248673    0.02960454    -0.0002696748    -0.05114572    -0.06488314    0.007962936    0.03334443    0.02413553    -0.007468822    -0.04061243
0.04265604    0.009865752    -0.01322964    0.002449875    -0.01248673    1    -0.06179415    -0.5939001    -0.1180336    0.02355674    0.05426853    0.000505366    -0.06805389    -0.03360533    0.06612075
0.004742313    0.00773829    -0.0236998    0.03121991    0.02960454    -0.06179415    1    -0.1008464    -0.6099681    0.04573424    -0.004246432    -0.04159932    0.00768869    0.01770902    -0.02889479
0.009519133    -0.03855447    0.004687712    0.007652858    -0.0002696748    -0.5939001    -0.1008464    1    -0.06423964    -0.3811407    -0.02551256    -0.04440771    0.01413089    0.03410996    -0.02177367
0.002767773    -0.001142512    0.00139574    -0.02627162    -0.05114572    -0.1180336    -0.6099681    -0.06423964    1    -0.2719001    -0.01513642    -0.006985553    -0.005106879    0.02898172    0.01311843
0.008198226    0.01262869    0.01667518    -0.0603438    -0.06488314    0.02355674    0.04573424    -0.3811407    -0.2719001    1    -0.005234553    0.042336    0.02138593    -0.02681612    0.006279229
0.04681567    0.01389733    -0.05265094    0.001736466    0.007962936    0.05426853    -0.004246432    -0.02551256    -0.01513642    -0.005234553    1    0.1113    -0.7716235    -0.2948739    0.2616917
-0.005954578    0.02633003    -0.003807218    -0.06182621    0.03334443    0.000505366    -0.04159932    -0.04440771    -0.006985553    0.042336    0.1113    1    0.1167179    -0.7951628    0.1122501
-0.07356422    -0.02127676    0.05204751    0.01289526    0.02413553    -0.06805389    0.00768869    0.01413089    -0.005106879    0.02138593    -0.7716235    0.1167179    1    0.2636114    -0.66048
-0.02210486    -0.02363457    0.01736793    0.04011599    -0.007468822    -0.03360533    0.01770902    0.03410996    0.02898172    -0.02681612    -0.2948739    -0.7951628    0.2636114    1    -0.5298588
0.07070623    0.01835077    -0.02636096    -0.02636901    -0.04061243    0.06612075    -0.02889479    -0.02177367    0.01311843    0.006279229    0.2616917    0.1122501    -0.66048    -0.5298588    1
