1    -0.06409369    -0.6033327    -0.117936    0.005767962    0.04265604    0.004742313    0.009519133    0.002767773    0.008198226    -0.0192144    -0.05264847    0.006246816    0.01408952    0.03757521    0.07832183    -0.001543651    -0.04515409    0.01661505    -0.08180572
-0.06409369    1    -0.09900662    -0.5676348    0.03544622    0.009865752    0.00773829    -0.03855447    -0.001142512    0.01262869    0.02029376    0.01492477    -0.02422817    -0.03500459    0.02388229    -0.03149223    0.07929445    0.0214283    -0.0427591    0.01179005
-0.6033327    -0.09900662    1    -0.06336199    -0.3576137    -0.01322964    -0.0236998    0.004687712    0.00139574    0.01667518    0.07038841    0.03111335    -0.04758121    -0.02866881    -0.04591984    0.0299431    0.01729769    0.03479909    -0.0405237    0.009483895
-0.117936    -0.5676348    -0.06336199    1    -0.2964738    0.002449875    0.03121991    0.007652858    -0.02627162    -0.0603438    -0.01681301    0.03903336    -0.008420048    0.008409884    -0.0006851304    -0.03964216    -0.007947096    0.01918804    0.02502245    -0.001094818
0.005767962    0.03544622    -0.3576137    -0.2964738    1    -0.01248673    0.02960454    -0.0002696748    -0.05114572    -0.06488314    -0.0152668    0.00255632    0.05817463    -0.01399667    0.01138284    -0.04002131    -0.09305515    -0.02538079    0.07569078    0.1250716
0.04265604    0.009865752    -0.01322964    0.002449875    -0.01248673    1    -0.06179415    -0.5939001    -0.1180336    0.02355674    0.08413338    -0.1154386    -0.1000648    0.1109304    -0.005129378    0.05167966    -0.1152897    0.02066657    0.09069551    -0.05447833
0.004742313    0.00773829    -0.0236998    0.03121991    0.02960454    -0.06179415    1    -0.1008464    -0.6099681    0.04573424    -0.1428794    0.01691515    0.04397782    -0.1383665    0.07189472    -0.09588906    0.06631092    0.06696303    -0.05048789    0.03211869
0.009519133    -0.03855447    0.004687712    0.007652858    -0.0002696748    -0.5939001    -0.1008464    1    -0.06423964    -0.3811407    -0.1447721    0.02736427    0.0232221    -0.1129713    0.1703574    -0.03325535    0.1240084    -0.02484923    -0.04320801    -0.007768238
0.002767773    -0.001142512    0.00139574    -0.02627162    -0.05114572    -0.1180336    -0.6099681    -0.06423964    1    -0.2719001    0.05089662    -0.1121762    -0.07544994    0.1367732    -0.01523543    0.05996405    0.01692201    -0.01928402    -0.02647303    -0.03397779
0.008198226    0.01262869    0.01667518    -0.0603438    -0.06488314    0.02355674    0.04573424    -0.3811407    -0.2719001    1    0.1161216    0.1043566    0.04773272    0.01533999    -0.1622242    0.05134978    -0.07520341    -0.03895309    -0.0006839066    0.001843406
-0.0192144    0.02029376    0.07038841    -0.01681301    -0.0152668    0.08413338    -0.1428794    -0.1447721    0.05089662    0.1161216    1    -0.001034051    -0.579239    -0.05867098    -0.04234761    0.1670293    -0.1051443    -0.145578    0.09727463    0.008522908
-0.05264847    0.01492477    0.03111335    0.03903336    0.00255632    -0.1154386    0.01691515    0.02736427    -0.1121762    0.1043566    -0.001034051    1    -0.09055389    -0.6628608    0.215994    -0.07186956    0.03370058    -0.03549441    -0.143073    0.1908255
0.006246816    -0.02422817    -0.04758121    -0.008420048    0.05817463    -0.1000648    0.04397782    0.0232221    -0.07544994    0.04773272    -0.579239    -0.09055389    1    -0.07619338    -0.3353676    -0.1111975    -0.06032263    0.04133    -0.06385503    0.1095042
0.01408952    -0.03500459    -0.02866881    0.008409884    -0.01399667    0.1109304    -0.1383665    -0.1129713    0.1367732    0.01533999    -0.05867098    -0.6628608    -0.07619338    1    -0.4102918    0.1287695    -0.1302077    -0.03923505    0.1749582    -0.1391606
0.03757521    0.02388229    -0.04591984    -0.0006851304    0.01138284    -0.005129378    0.07189472    0.1703574    -0.01523543    -0.1622242    -0.04234761    0.215994    -0.3353676    -0.4102918    1    -0.06536638    0.1582602    0.08579088    -0.07276751    -0.00433312
0.07832183    -0.03149223    0.0299431    -0.03964216    -0.04002131    0.05167966    -0.09588906    -0.03325535    0.05996405    0.05134978    0.1670293    -0.07186956    -0.1111975    0.1287695    -0.06536638    1    -0.09296697    -0.5872855    0.1205512    -0.008874198
-0.001543651    0.07929445    0.01729769    -0.007947096    -0.09305515    -0.1152897    0.06631092    0.1240084    0.01692201    -0.07520341    -0.1051443    0.03370058    -0.06032263    -0.1302077    0.1582602    -0.09296697    1    -0.2674181    -0.5953015    0.2580198
-0.04515409    0.0214283    0.03479909    0.01918804    -0.02538079    0.02066657    0.06696303    -0.02484923    -0.01928402    -0.03895309    -0.145578    -0.03549441    0.04133    -0.03923505    0.08579088    -0.5872855    -0.2674181    1    -0.09069658    -0.3813491
0.01661505    -0.0427591    -0.0405237    0.02502245    0.07569078    0.09069551    -0.05048789    -0.04320801    -0.02647303    -0.0006839066    0.09727463    -0.143073    -0.06385503    0.1749582    -0.07276751    0.1205512    -0.5953015    -0.09069658    1    -0.4833
-0.08180572    0.01179005    0.009483895    -0.001094818    0.1250716    -0.05447833    0.03211869    -0.007768238    -0.03397779    0.001843406    0.008522908    0.1908255    0.1095042    -0.1391606    -0.00433312    -0.008874198    0.2580198    -0.3813491    -0.4833    1
