1    -0.06409369    -0.6033327    -0.117936    0.005767962    0.04681567    -0.005954578    -0.07356422    -0.02210486    0.07070623
-0.06409369    1    -0.09900662    -0.5676348    0.03544622    0.01389733    0.02633003    -0.02127676    -0.02363457    0.01835077
-0.6033327    -0.09900662    1    -0.06336199    -0.3576137    -0.05265094    -0.003807218    0.05204751    0.01736793    -0.02636096
-0.117936    -0.5676348    -0.06336199    1    -0.2964738    0.001736466    -0.06182621    0.01289526    0.04011599    -0.02636901
0.005767962    0.03544622    -0.3576137    -0.2964738    1    0.007962936    0.03334443    0.02413553    -0.007468822    -0.04061243
0.04681567    0.01389733    -0.05265094    0.001736466    0.007962936    1    0.1113    -0.7716235    -0.2948739    0.2616917
-0.005954578    0.02633003    -0.003807218    -0.06182621    0.03334443    0.1113    1    0.1167179    -0.7951628    0.1122501
-0.07356422    -0.02127676    0.05204751    0.01289526    0.02413553    -0.7716235    0.1167179    1    0.2636114    -0.66048
-0.02210486    -0.02363457    0.01736793    0.04011599    -0.007468822    -0.2948739    -0.7951628    0.2636114    1    -0.5298588
0.07070623    0.01835077    -0.02636096    -0.02636901    -0.04061243    0.2616917    0.1122501    -0.66048    -0.5298588    1
