1    -0.1750601    -0.4248295    0.2174913    0.002515153    -0.03238841    0.04783724    -0.02160848    -0.001132487    0.004781861    0.07395104    -0.1131871    -0.1369199    0.07386933    0.07649416    -0.02704097    0.02649808    -0.01492897    -0.02350755    0.01867777    0.01689402    -0.007827286    0.04156598    0.008776501    -0.0205498    0.08045247    -0.07690611    -0.0909989    0.07327928    0.03840799    0.007737359    -0.0496647    0.03343609    0.1082092    -0.09720418    0.06960626    -0.05946263    0.01124724    0.06525906    -0.0422528    -0.03868388    0.02683497    0.02435256    -0.03779789    0.01498125    0.04901338    0.03777627    -0.004170395    -0.02228881    -0.02847023    -0.02241952    0.02945679    0.008760102    -0.02560259    0.02023621    -0.0324485    0.03713678    -0.01089743    -0.0252368    0.02411072    0.01143045    0.03571542    0.007562312    -0.01871933    -0.0147369
-0.1750601    1    -0.01491714    -0.6222392    0.2333305    -0.01114538    -0.056802    0.04319913    0.04859191    -0.01306501    -0.07732744    0.01778574    0.01058778    -0.1651793    0.08876159    -0.03742454    0.05308068    0.02446545    -0.01794528    0.007860983    -0.04408736    0.03763997    0.08218417    -0.06613515    -0.01940526    -0.03606889    -0.04560146    -0.0428654    -0.03354765    0.1364674    -0.04952563    0.07152838    0.0610728    -0.02311315    -0.08404258    0.05904949    -0.003635176    -0.07226143    0.02426811    0.06971675    0.02570057    0.005629873    -0.02206836    0.0267326    -0.01257761    -0.07638673    0.04287444    0.07752935    -0.0354916    -0.03312849    0.05364091    -0.01631893    -0.03769026    0.0274596    -0.001477796    0.06517634    -0.02067189    -0.0349201    0.02311271    -0.007536412    0.01222076    0.01145902    0.03418631    0.0009239955    -0.02531505
-0.4248295    -0.01491714    1    0.05952327    -0.5232977    -0.02410398    -0.02140263    0.002887439    -0.02615133    0.04397876    -0.1276178    -0.08015054    -0.01464825    -0.09411968    0.2261081    -0.02309141    -0.02516572    0.05528584    0.06182433    -0.06535056    -0.08279902    0.02124634    0.09939839    0.008893872    -0.06331844    -0.02822615    -0.0611769    -0.0250126    -0.02210743    0.1312862    -0.01840606    0.05351053    0.06291157    -0.03478856    -0.01951604    -0.03717377    -0.0524544    -0.01608579    0.07371991    0.07790413    0.05941823    -0.02345454    -0.03673244    -0.0009793452    0.0164058    -0.02816364    0.07149433    0.05057256    -0.048711    -0.007703355    0.02445593    -0.02934515    -0.0160448    0.03610256    0.01897256    0.07469758    -0.07160698    -0.04301916    0.03843172    -0.007932219    0.01725315    -0.03016273    0.02256089    0.05296424    -0.07297914
0.2174913    -0.6222392    0.05952327    1    -0.5990358    -0.004350109    0.04695518    0.007053844    -0.04386999    -0.0358891    0.08927624    -0.1740325    -0.180289    0.1381758    0.09513753    0.007989553    -0.03876592    -0.01755944    0.02966799    0.01332508    0.003469206    0.009919372    0.006749883    0.03282896    -0.03321681    0.119538    -0.1185249    -0.09677928    0.1441567    -0.03057524    -0.00589075    0.02116704    0.02304788    -0.01029791    0.003824369    0.03295568    -0.03238618    -0.03195911    0.05777876    0.04540745    0.01295194    -0.007756155    -0.01507274    -0.04536799    0.0123655    0.0374761    0.01309802    0.003958793    -0.0008711112    -0.02311995    -0.02507977    -0.005862087    -0.00900583    -0.01177597    0.05591542    -0.01060321    0.00331427    -0.004962427    -0.03767499    0.01569491    -0.04820604    0.01419888    0.03635762    -0.0002405232    -0.006649769
0.002515153    0.2333305    -0.5232977    -0.5990358    1    0.02357466    -0.006217423    0.004515984    0.02179571    -0.03559496    -0.0001732517    0.1783414    0.2074047    -0.02316448    -0.2377356    0.01251816    0.03036345    -0.04140801    -0.0420534    0.05631704    0.09331798    0.001268893    -0.1189013    -0.03742274    0.04900445    -0.0827866    0.1297842    0.129556    -0.07433294    -0.1390769    0.03597718    -0.07128305    -0.07965728    0.02026767    0.06539621    -0.05598918    0.07469587    0.06070256    -0.1086727    -0.1021506    0.01103227    0.02341695    -0.00105645    0.003877634    -0.02687516    0.01021374    -0.07437749    -0.04490543    0.04902425    0.003974    -0.01221327    -0.01065451    0.02797767    0.007083841    -0.0721387    -0.0139021    0.006085149    0.01554656    0.001828074    -0.0170674    0.05026147    -0.009815147    -0.07936827    -0.01687809    0.05447497
-0.03238841    -0.01114538    -0.02410398    -0.004350109    0.02357466    1    -0.1946423    -0.4709472    0.235111    -0.02529814    -0.08566339    0.02077572    0.02551791    0.03708786    0.00229714    0.09385781    -0.08776051    -0.1242036    0.03258501    0.0502754    0.01215092    0.02744832    0.001489062    0.01955558    -0.02809272    0.1125817    -0.08291987    -0.0868434    0.1033577    -0.01966699    -0.003253133    -0.009992194    -0.0006106038    0.02774732    -0.00179487    0.04370249    -0.02391211    -0.02552311    0.04000411    0.01861263    -0.05441887    0.03259111    0.042098    -0.01144002    0.01634724    -0.002023299    0.00764351    0.02170665    0.03386528    -0.0341711    -0.02306903    -0.02257848    -0.00329915    0.01303041    -0.000340857    -0.05806814    -0.01905838    0.03358171    0.01492308    0.01209968    0.05716871    -0.03482036    -0.07803169    0.02123365    0.009101963
0.04783724    -0.056802    -0.02140263    0.04695518    -0.006217423    -0.1946423    1    0.005353657    -0.6506694    0.2672641    0.02729262    -0.003498174    0.01101164    0.002570376    -0.05719703    -0.1390567    0.05639625    0.068539    -0.1577087    0.1101471    -0.007567942    0.06293068    0.02211944    -0.05201462    -0.01847086    -0.05889785    -0.00170725    -0.01437208    -0.06253377    0.1102095    -0.051045    0.08802882    0.04717612    -0.04326889    -0.0269349    0.02430503    -0.06125764    -0.01451888    0.02676009    0.06309214    0.04852323    -0.04285439    0.004806626    0.01411818    -0.07562327    -0.0753247    -0.01936059    0.1058499    0.01495575    -0.03634186    0.005602549    -0.03680413    0.0319904    0.0575555    -0.04738499    0.04425848    -0.0529086    0.01351094    0.04822084    -0.08463976    -0.04994922    -0.01146806    0.05481847    0.01881458    -0.003383073
-0.02160848    0.04319913    0.002887439    0.007053844    0.004515984    -0.4709472    0.005353657    1    0.06514224    -0.5083593    0.03900224    0.02140272    -0.01039284    -0.07307121    0.03432822    -0.1177488    -0.0588366    -0.038929    -0.06430305    0.1876393    -0.06726309    0.09942476    0.101867    -0.09660469    -0.04082691    -0.006737235    -0.0705223    -0.09045187    -0.01487817    0.1719383    -0.02099735    0.09939648    0.06635002    -0.01830727    -0.08478977    0.05158124    -0.0245993    -0.06011067    0.01643522    0.0675262    0.004058885    -0.009180644    -0.03947601    -0.03934062    0.04766085    -0.08187566    0.1260964    0.0744444    -0.08229582    -0.05025464    0.04527836    0.01276498    -0.01115731    -0.03657144    0.03227499    -0.01245327    0.03746201    0.001815271    -0.07141561    0.04733052    -0.008895939    0.06052161    0.07155021    0.004151692    -0.07608384
-0.001132487    0.04859191    -0.02615133    -0.04386999    0.02179571    0.235111    -0.6506694    0.06514224    1    -0.6078586    -0.01128964    0.04635509    -0.002379128    -0.02643029    0.001209666    0.1166931    -0.1987784    -0.2100947    0.158768    0.09811559    0.02897244    -0.02056982    0.02207482    0.03593319    -0.05619152    0.1557245    -0.128178    -0.1220098    0.1055599    0.01355246    0.03723318    -0.04572196    0.01875071    0.06778943    -0.05689477    0.04406171    -0.03355917    -0.03772896    0.08385934    0.003023485    -0.06069623    0.03151801    0.03092303    -0.04632147    0.05767631    0.09051334    0.07639208    -0.07679546    -0.02277395    -0.01224867    0.03839176    0.008092684    -0.05395704    -0.02746769    0.04783365    -0.03970691    0.02975632    0.01790455    -0.05704641    0.04815327    0.0694424    0.04490785    -0.05446569    -0.04523339    0.001490559
0.004781861    -0.01306501    0.04397876    -0.0358891    -0.03559496    -0.02529814    0.2672641    -0.5083593    -0.6078586    1    -0.002921072    -0.01608019    0.01543202    0.03704312    -0.04123738    -0.04899594    0.2044164    0.2562508    -0.05158134    -0.2554506    -0.01613452    -0.07280861    -0.07414618    0.0332482    0.09921452    -0.1497256    0.1351196    0.1929388    -0.05353459    -0.1540285    0.001573076    -0.01440425    -0.06931756    -0.05824296    0.09940462    -0.06877164    0.03305229    0.08397911    -0.07236744    -0.0665572    0.03167666    0.02441669    0.004928975    0.02656286    -0.09268848    -0.009418949    -0.115067    -0.03035186    0.02420408    0.05798563    -0.03858226    -0.004696596    0.03972183    0.01929935    -0.03458975    0.04737169    -0.02647088    -0.03644412    0.05826634    -0.06837055    -0.04959441    -0.05544888    0.01357185    0.04399728    0.02116627
0.07395104    -0.07732744    -0.1276178    0.08927624    -0.0001732517    -0.08566339    0.02729262    0.03900224    -0.01128964    -0.002921072    1    -0.06409369    -0.6033327    -0.117936    0.005767962    0.04265604    0.004742313    0.009519133    0.002767773    0.008198226    0.1177741    -0.03671037    -0.1002466    0.07016904    0.03273156    0.004912869    -0.02372919    -0.01944006    0.02564671    -0.005627487    0.07832183    -0.001543651    -0.04515409    0.01661505    -0.08180572    0.01610019    -0.06951527    0.01076136    0.09534299    -0.01308736    -0.003667107    0.01434533    0.02196922    0.01293101    -0.05925186    0.06534016    -0.1163313    -0.02033259    0.1258359    -0.06493257    0.007598915    0.01456095    -0.01459661    -0.003319771    -0.01710018    0.02093308    -0.01606784    -0.006830882    0.02804108    -0.05309203    0.0178741    -0.03074282    -0.0444878    0.05670578    0.05235588
-0.1131871    0.01778574    -0.08015054    -0.1740325    0.1783414    0.02077572    -0.003498174    0.02140272    0.04635509    -0.01608019    -0.06409369    1    -0.09900662    -0.5676348    0.03544622    0.009865752    0.00773829    -0.03855447    -0.001142512    0.01262869    -0.07891265    -0.05656397    -0.006043824    -0.05039992    0.1052325    -0.04350291    -0.004177662    0.09391179    0.01177709    -0.08812059    -0.03149223    0.07929445    0.0214283    -0.0427591    0.01179005    0.09035622    0.0005434782    -0.09284294    -0.03065628    0.05221953    0.01871929    -0.05181283    -0.05050695    0.04179945    0.002959576    -0.0532665    -0.04249174    -0.01974201    -0.07879296    0.1409335    0.01692247    0.02917717    0.008233981    -0.06900505    0.001992819    -0.01204764    0.02077989    0.001403953    -0.01595646    0.01200544    -0.003012325    -0.03051097    0.01547207    0.01994551    -0.03760291
-0.1369199    0.01058778    -0.01464825    -0.180289    0.2074047    0.02551791    0.01101164    -0.01039284    -0.002379128    0.01543202    -0.6033327    -0.09900662    1    -0.06336199    -0.3576137    -0.01322964    -0.0236998    0.004687712    0.00139574    0.01667518    -0.06866305    -0.0289117    -0.04409661    -0.06215578    0.09294894    0.005152301    0.07123273    0.008917819    -0.04820343    -0.0311183    0.0299431    0.01729769    0.03479909    -0.0405237    0.009483895    -0.008745422    -0.0367233    -0.004724281    0.02556267    0.0508789    0.03143309    -0.0316137    -0.01585068    0.02629431    -0.0393443    -0.0365611    0.009801473    -0.08391466    -0.0966684    0.138903    -0.01084667    -0.009885302    0.05640804    -0.00089148    -0.05603712    0.001555386    -0.01761126    0.03318254    -0.007484851    -0.04273721    0.01220384    -0.02953096    -0.003829815    0.02287009    -0.01707746
0.07386933    -0.1651793    -0.09411968    0.1381758    -0.02316448    0.03708786    0.002570376    -0.07307121    -0.02643029    0.03704312    -0.117936    -0.5676348    -0.06336199    1    -0.2964738    0.002449875    0.03121991    0.007652858    -0.02627162    -0.0603438    0.12856    -0.05235684    -0.1048421    0.07198006    -0.01696595    0.01527309    0.03310413    -0.02823734    0.002585586    0.0247469    -0.03964216    -0.007947096    0.01918804    0.02502245    -0.001094818    0.07562052    -0.005852118    -0.0299171    -0.007934935    -0.00913873    -0.02343289    0.06052918    0.03467632    -0.06485584    0.01284983    0.09880219    -0.07425723    -0.08382606    0.1052555    -0.03890341    -0.03714263    -0.02476232    -0.003573712    0.03269481    0.007849347    -0.03154554    0.0003895109    0.02274462    -0.0151352    0.0230612    -0.008643043    0.07023077    -0.002782257    -0.06789909    0.02644932
0.07649416    0.08876159    0.2261081    0.09513753    -0.2377356    0.00229714    -0.05719703    0.03432822    0.001209666    -0.04123738    0.005767962    0.03544622    -0.3576137    -0.2964738    1    -0.01248673    0.02960454    -0.0002696748    -0.05114572    -0.06488314    -0.05055374    0.1031687    0.1735462    -0.03267858    -0.118603    0.01485464    -0.08676033    -0.02104514    0.04509317    0.03677732    -0.04002131    -0.09305515    -0.02538079    0.07569078    0.1250716    -0.1073837    0.07627857    0.08079149    -0.08159052    -0.03085781    -0.008418857    0.00471083    -0.01117648    0.0101948    0.04207786    -0.06349245    0.1157299    0.1619293    -0.02005041    -0.1447093    0.05275606    0.01668235    -0.07406812    -0.0006279842    0.08257611    0.01671633    0.02775073    -0.05549356    0.004671751    0.04606816    0.01216691    0.007981525    0.0135797    -0.05782028    -0.05295999
-0.02704097    -0.03742454    -0.02309141    0.007989553    0.01251816    0.09385781    -0.1390567    -0.1177488    0.1166931    -0.04899594    0.04265604    0.009865752    -0.01322964    0.002449875    -0.01248673    1    -0.06179415    -0.5939001    -0.1180336    0.02355674    0.1346409    -0.0959808    -0.1152543    0.1536712    -0.04056245    0.02158268    -0.007019248    -0.0387266    0.03016881    -0.0154851    0.05167966    -0.1152897    0.02066657    0.09069551    -0.05447833    0.08197752    -0.001425257    -0.03697838    0.03881304    -0.05002561    -0.03065267    -0.01769961    0.05009034    0.0559951    -0.06036414    0.1162023    -0.1066769    -0.1043039    0.1754894    -0.02627036    0.007482569    0.01891509    -0.01843323    0.01437767    -0.006697406    0.01295838    -0.05850945    -0.01582909    0.09730831    -0.05142728    0.1060747    -0.02626833    -0.08276362    0.01211681    0.009421968
0.02649808    0.05308068    -0.02516572    -0.03876592    0.03036345    -0.08776051    0.05639625    -0.0588366    -0.1987784    0.2044164    0.004742313    0.00773829    -0.0236998    0.03121991    0.02960454    -0.06179415    1    -0.1008464    -0.6099681    0.04573424    -0.02973766    -0.03796035    -0.04657636    -0.1149377    0.1441106    -0.0471    0.02816566    0.06474895    -0.03748152    0.02328071    -0.09588906    0.06631092    0.06696303    -0.05048789    0.03211869    0.001560001    -0.07429014    0.02348987    -0.01501669    0.07973867    0.0311435    0.02083692    -0.01284636    5.780415e-05    -0.009904912    -0.09981231    -0.07278751    -0.0120283    -0.04702475    0.1095547    0.03406298    0.01750032    0.002225363    -0.008353258    -0.0243514    0.0268858    0.04548053    -0.01269761    -0.01923355    -0.01348765    0.02149667    0.01418499    -0.0290766    -0.01621258    -0.02431367
-0.01492897    0.02446545    0.05528584    -0.01755944    -0.04140801    -0.1242036    0.068539    -0.038929    -0.2100947    0.2562508    0.009519133    -0.03855447    0.004687712    0.007652858    -0.0002696748    -0.5939001    -0.1008464    1    -0.06423964    -0.3811407    -0.1137064    -0.04030266    -0.02418527    -0.07823854    0.1311809    -0.04286127    0.03409386    0.04611969    -0.02327391    -0.01175242    -0.03325535    0.1240084    -0.02484923    -0.04320801    -0.007768238    0.01210735    -0.02341492    -0.03505125    0.02170153    0.03176039    0.02020352    0.04184439    -0.005928774    -0.01366671    -0.04291455    -0.08991358    -0.01950374    -0.04552009    -0.1051977    0.1431752    -0.02401794    0.01400013    0.01876383    -0.00799936    -0.02047109    -0.02649808    0.0549    0.02127432    -0.02359991    -0.0332647    -0.06213153    0.007087577    0.0578896    0.007889381    -0.01036099
-0.02350755    -0.01794528    0.06182433    0.02966799    -0.0420534    0.03258501    -0.1577087    -0.06430305    0.158768    -0.05158134    0.002767773    -0.001142512    0.00139574    -0.02627162    -0.05114572    -0.1180336    -0.6099681    -0.06423964    1    -0.2719001    0.08024534    -0.08699944    -0.04061098    0.1525324    -0.06874055    0.03643369    0.008530019    -0.02352048    0.007661468    -0.04851676    0.05996405    0.01692201    -0.01928402    -0.02647303    -0.03397779    0.02191401    -0.0185645    -0.04593798    0.1056719    0.0109211    -0.03616802    0.003565345    0.0312197    -0.02646607    0.004106452    0.156764    -0.07175043    -0.05450183    0.07758917    -0.06221434    -0.04783721    -0.009089499    0.03052655    -0.00520894    -0.02782029    -0.02478192    0.005719094    0.04061504    -0.02626131    -0.01754155    -0.02213641    0.01209078    0.01265232    0.00995439    0.02421431
0.01867777    0.007860983    -0.06535056    0.01332508    0.05631704    0.0502754    0.1101471    0.1876393    0.09811559    -0.2554506    0.008198226    0.01262869    0.01667518    -0.0603438    -0.06488314    0.02355674    0.04573424    -0.3811407    -0.2719001    1    -0.05607654    0.1839513    0.1528062    -0.07115589    -0.1054066    -0.0003821191    -0.02212775    -0.01864193    -0.01558589    0.02796451    0.05134978    -0.07520341    -0.03895309    -0.0006839066    0.001843406    -0.09784893    0.06749055    0.06676996    -0.0523314    -0.06221906    0.006714172    -0.0517316    -0.02779441    0.009652567    0.05573689    -0.05389333    0.1836952    0.1530053    -0.0742562    -0.09665735    0.02183823    -0.002681004    0.003168661    -7.183558e-05    0.01412672    0.03305312    -0.05874306    -0.01440025    0.004651166    0.0413756    -0.04528354    -0.03258053    0.001015344    0.01467392    0.05891425
0.01689402    -0.04408736    -0.08279902    0.003469206    0.09331798    0.01215092    -0.007567942    -0.06726309    0.02897244    -0.01613452    0.1177741    -0.07891265    -0.06866305    0.12856    -0.05055374    0.1346409    -0.02973766    -0.1137064    0.08024534    -0.05607654    1    0.002486199    -0.6084731    0.05587275    -0.03522792    0.1088512    -0.06644037    -0.1028358    0.05544688    0.03159115    0.118534    -0.06763387    -0.1165317    0.06329067    0.02329751    0.01594462    0.02042783    -0.01847228    0.02094347    -0.02424602    -0.002494613    0.1473763    0.07965342    -0.05909678    -0.1031635    0.5791161    -0.2873379    -0.333581    0.5141676    -0.2445816    0.03534902    0.01676522    0.02021526    0.06600987    -0.1337464    0.04095794    0.06883209    0.01744654    0.009609315    -0.1069397    0.02409484    -0.01830849    -0.05322952    -0.002105005    0.05289565
-0.007827286    0.03763997    0.02124634    0.009919372    0.001268893    0.02744832    0.06293068    0.09942476    -0.02056982    -0.07280861    -0.03671037    -0.05656397    -0.0289117    -0.05235684    0.1031687    -0.0959808    -0.03796035    -0.04030266    -0.08699944    0.1839513    0.002486199    1    -0.2610428    -0.5998652    0.2709889    -0.05057511    -0.003926934    0.02484109    -0.02241865    0.04915013    -0.04068063    0.0385303    -0.03882541    -0.09661622    0.1084896    -0.1062123    0.06204149    0.0582886    -0.1076767    0.01662779    -0.01219274    0.003850291    0.008210433    0.02755608    0.001810504    -0.2823358    0.4081231    0.3220711    -0.3083334    -0.09516296    -0.05733499    -0.0393164    -0.0003313001    -0.0107314    0.07604469    -0.06917442    -0.02796333    0.002808347    -0.005379614    0.07112555    -0.04131536    -0.06840524    -0.01439085    0.04523161    0.02502021
0.04156598    0.08218417    0.09939839    0.006749883    -0.1189013    0.001489062    0.02211944    0.101867    0.02207482    -0.07414618    -0.1002466    -0.006043824    -0.04409661    -0.1048421    0.1735462    -0.1152543    -0.04657636    -0.02418527    -0.04061098    0.1528062    -0.6084731    -0.2610428    1    0.02869043    -0.4800809    -0.09915214    0.04044227    0.03009792    -0.06964021    0.09857411    -0.1027279    -0.0139711    0.04670473    -0.03906479    0.06852279    -0.06799667    0.03434319    0.02334767    -0.0748681    0.03048375    0.02284956    -0.0518164    -0.04664825    -0.0009187674    0.07461777    -0.3056901    0.3479753    0.4009787    -0.2940864    -0.09578737    0.008492611    -0.04825428    -0.08621679    -0.02133824    0.1572372    0.01975102    -0.0409682    -0.08349606    -0.01345054    0.1266676    -0.07804434    0.009368639    0.06020526    -0.0459649    0.01118076
0.008776501    -0.06613515    0.008893872    0.03282896    -0.03742274    0.01955558    -0.05201462    -0.09660469    0.03593319    0.0332482    0.07016904    -0.05039992    -0.06215578    0.07198006    -0.03267858    0.1536712    -0.1149377    -0.07823854    0.1525324    -0.07115589    0.05587275    -0.5998652    0.02869043    1    -0.3962035    0.09346618    -0.008937186    -0.08943497    0.03692319    -0.02995317    0.07971616    -0.08075808    -0.06775    0.09827519    -0.05132883    -0.03272617    -0.02841551    0.01181701    0.05539545    0.004998971    0.01919973    0.006986546    0.03169457    -0.02355308    -0.02725899    0.4821038    -0.3127244    -0.2436211    0.5654001    -0.246    0.02591286    0.05311727    0.02940488    0.01813724    -0.09963854    0.07128375    -0.01742053    -0.01491799    0.02926597    -0.06563859    0.0459218    -0.01361547    -0.05746281    -0.01479267    0.06289179
-0.0205498    -0.01940526    -0.06331844    -0.03321681    0.04900445    -0.02809272    -0.01847086    -0.04082691    -0.05619152    0.09921452    0.03273156    0.1052325    0.09294894    -0.01696595    -0.118603    -0.04056245    0.1441106    0.1311809    -0.06874055    -0.1054066    -0.03522792    0.2709889    -0.4800809    -0.3962035    1    -0.04439478    -0.002613666    0.09712877    0.03962462    -0.1025498    -0.01176067    0.08430235    0.0765952    -0.03306862    -0.07544567    0.09086385    -0.04481681    -0.0270837    0.04514848    -0.006758461    -0.04528239    -0.02101901    -0.01250928    0.01996117    0.005007388    -0.2043044    -0.07915786    -0.1378609    -0.2323051    0.3596672    -0.03486565    0.00494263    0.06208796    -0.04524369    -0.004726599    -0.06054012    0.02207982    0.05011104    -0.03826331    0.003831922    0.02962603    -0.01431951    0.008205228    0.05515158    -0.06020576
0.08045247    -0.03606889    -0.02822615    0.119538    -0.0827866    0.1125817    -0.05889785    -0.006737235    0.1557245    -0.1497256    0.004912869    -0.04350291    0.005152301    0.01527309    0.01485464    0.02158268    -0.0471    -0.04286127    0.03643369    -0.0003821191    0.1088512    -0.05057511    -0.09915214    0.09346618    -0.04439478    1    0.0416845    -0.7534453    -0.07856249    0.08736875    0.08627751    -0.04781298    -0.05241944    0.1224326    -0.09535699    0.0316579    -0.05171671    -0.008127827    0.06716212    0.0193786    0.05358964    -0.09566903    0.01407236    0.07424532    -0.05939981    0.1010361    -0.07621722    -0.07312974    0.1049474    -0.03343972    0.01315789    0.03447173    0.02969894    -0.004472645    -0.03402248    0.06491292    -0.08783711    0.01703698    0.05084744    -0.05346482    0.0262788    0.05698015    -0.01599268    -0.06873283    0.05426024
-0.07690611    -0.04560146    -0.0611769    -0.1185249    0.1297842    -0.08291987    -0.00170725    -0.0705223    -0.128178    0.1351196    -0.02372919    -0.004177662    0.07123273    0.03310413    -0.08676033    -0.007019248    0.02816566    0.03409386    0.008530019    -0.02212775    -0.06644037    -0.003926934    0.04044227    -0.008937186    -0.002613666    0.0416845    1    -0.220745    -0.7680268    0.1760315    -0.08185093    0.02024578    -0.01105522    -0.089933    0.07608428    -0.1051961    0.02387862    0.05185905    -0.07125035    0.03913429    -0.01551211    0.003946173    -0.08642587    -0.105248    0.1961661    -0.05243741    0.04428357    -0.007751519    -0.02527461    0.04575472    -0.04715567    -0.006231137    0.02947198    -0.001007373    -0.001916083    -0.005501604    0.004635608    -0.02617324    -0.05303656    0.09271849    -0.08089656    -0.01582878    0.02841656    -0.04458345    0.07219664
-0.0909989    -0.0428654    -0.0250126    -0.09677928    0.129556    -0.0868434    -0.01437208    -0.09045187    -0.1220098    0.1929388    -0.01944006    0.09391179    0.008917819    -0.02823734    -0.02104514    -0.0387266    0.06474895    0.04611969    -0.02352048    -0.01864193    -0.1028358    0.02484109    0.03009792    -0.08943497    0.09712877    -0.7534453    -0.220745    1    0.05457984    -0.4539195    -0.059366    0.01174614    0.004214773    -0.1153916    0.1266135    -0.05979963    0.08516478    0.01064528    -0.1203532    0.001821103    -0.06272539    -0.01194206    -0.09389979    -0.03887333    0.1568439    -0.08232248    0.01296119    0.04202866    -0.1139117    0.07720137    -0.03665424    0.01839079    0.01929632    -0.02737088    0.00246218    -0.09215185    0.05982941    -0.01852999    -0.05101991    0.09314656    -0.01141587    -0.06813351    -0.02753477    0.05175853    -0.006492945
0.07327928    -0.03354765    -0.02210743    0.1441567    -0.07433294    0.1033577    -0.06253377    -0.01487817    0.1055599    -0.05353459    0.02564671    0.01177709    -0.04820343    0.002585586    0.04509317    0.03016881    -0.03748152    -0.02327391    0.007661468    -0.01558589    0.05544688    -0.02241865    -0.06964021    0.03692319    0.03962462    -0.07856249    -0.7680268    0.05457984    1    -0.3206691    0.110468    -0.06954608    -0.03846287    0.09141676    -0.01120699    0.05208402    0.01437357    -0.04227616    0.02363694    -0.02765765    0.03157683    -0.06082448    0.0227204    0.1370287    -0.1426721    0.0377489    -0.08460987    -0.007015851    0.05603495    -0.05048478    0.06079203    0.03150306    -0.01032573    -0.0155718    -0.02803601    0.022386    -0.02876085    0.01044916    0.0817403    -0.09150593    0.07956627    0.00894293    -0.07805379    0.01476694    -0.01597685
0.03840799    0.1364674    0.1312862    -0.03057524    -0.1390769    -0.01966699    0.1102095    0.1719383    0.01355246    -0.1540285    -0.005627487    -0.08812059    -0.0311183    0.0247469    0.03677732    -0.0154851    0.02328071    -0.01175242    -0.04851676    0.02796451    0.03159115    0.04915013    0.09857411    -0.02995317    -0.1025498    0.08736875    0.1760315    -0.4539195    -0.3206691    1    -0.05440636    0.08040617    0.0695934    0.006832698    -0.09534136    0.09880376    -0.1022697    -0.000121861    0.1156254    -0.03573489    0.01528098    0.1717524    0.1637211    -0.06162261    -0.1827065    0.01175326    0.1029747    0.04317545    -0.007176206    -0.04396124    0.01131843    -0.05666096    -0.04880353    0.03874425    0.03262475    0.03363894    0.05936517    0.03737423    -0.04236998    -0.06246687    -0.04258993    0.02488868    0.1079307    0.004169122    -0.06749138
0.007737359    -0.04952563    -0.01840606    -0.00589075    0.03597718    -0.003253133    -0.051045    -0.02099735    0.03723318    0.001573076    0.07832183    -0.03149223    0.0299431    -0.03964216    -0.04002131    0.05167966    -0.09588906    -0.03325535    0.05996405    0.05134978    0.118534    -0.04068063    -0.1027279    0.07971616    -0.01176067    0.08627751    -0.08185093    -0.059366    0.110468    -0.05440636    1    -0.09296697    -0.5872855    0.1205512    -0.008874198    0.02976092    0.01818533    0.009618376    0.06954611    -0.1375378    0.04926505    -0.1176351    -0.03088224    0.1632472    -0.09398396    0.1030662    -0.07605895    -0.06870183    0.09936693    0.01169829    0.04710214    0.01754277    -0.03626073    -0.004614688    0.001635322    0.09144331    -0.1395352    -0.06685502    0.1552404    -0.05712691    -0.1179656    -0.2980671    0.06641426    0.4483354    -0.1221541
-0.0496647    0.07152838    0.05351053    0.02116704    -0.07128305    -0.009992194    0.08802882    0.09939648    -0.04572196    -0.01440425    -0.001543651    0.07929445    0.01729769    -0.007947096    -0.09305515    -0.1152897    0.06631092    0.1240084    0.01692201    -0.07520341    -0.06763387    0.0385303    -0.0139711    -0.08075808    0.08430235    -0.04781298    0.02024578    0.01174614    -0.06954608    0.08040617    -0.09296697    1    -0.2674181    -0.5953015    0.2580198    0.06570928    -0.1070775    -0.0735188    0.08245047    0.1196483    -0.05184876    0.07176172    -0.03781501    -0.1925416    0.1628168    -0.0996536    0.01994633    0.004172335    -0.05106776    0.08591229    -0.06038926    -0.02245117    -0.001589754    -0.04749324    0.06409999    -0.07295513    0.02234999    -0.0474914    -0.163158    0.188544    -0.2510339    0.02346951    0.3400784    0.1013593    -0.1992053
0.03343609    0.0610728    0.06291157    0.02304788    -0.07965728    -0.0006106038    0.04717612    0.06635002    0.01875071    -0.06931756    -0.04515409    0.0214283    0.03479909    0.01918804    -0.02538079    0.02066657    0.06696303    -0.02484923    -0.01928402    -0.03895309    -0.1165317    -0.03882541    0.04670473    -0.06775    0.0765952    -0.05241944    -0.01105522    0.004214773    -0.03846287    0.0695934    -0.5872855    -0.2674181    1    -0.09069658    -0.3813491    0.04360853    -0.1083042    -0.02654665    0.06765148    0.11326    -0.0417618    -0.05885779    -0.1049232    -0.07321295    0.1991867    -0.06550003    0.01167621    -0.00244369    -0.1233466    0.05034909    -0.0387741    -0.0405285    -0.01432079    -0.002247628    0.06114651    -0.07749114    -0.00311394    -0.04002052    -0.07562346    0.1360881    0.07215081    0.3303277    0.05506116    -0.2063156    -0.1128322
0.1082092    -0.02311315    -0.03478856    -0.01029791    0.02026767    0.02774732    -0.04326889    -0.01830727    0.06778943    -0.05824296    0.01661505    -0.0427591    -0.0405237    0.02502245    0.07569078    0.09069551    -0.05048789    -0.04320801    -0.02647303    -0.0006839066    0.06329067    -0.09661622    -0.03906479    0.09827519    -0.03306862    0.1224326    -0.089933    -0.1153916    0.09141676    0.006832698    0.1205512    -0.5953015    -0.09069658    1    -0.4833    0.04685137    0.05194265    -0.01272133    0.05252365    -0.08485076    0.05928642    -0.1474505    -0.009321575    0.195102    -0.1106225    0.08055422    -0.09252682    -0.04217377    0.08228877    -0.0396797    0.0815159    -0.03339855    -0.008632428    0.08038157    -0.04880244    0.07003529    -0.1504289    0.001679907    0.2007968    -0.1302686    0.5098434    0.07291783    -0.3542301    -0.1281001    0.02787081
-0.09720418    -0.08404258    -0.01951604    0.003824369    0.06539621    -0.00179487    -0.0269349    -0.08478977    -0.05689477    0.09940462    -0.08180572    0.01179005    0.009483895    -0.001094818    0.1250716    -0.05447833    0.03211869    -0.007768238    -0.03397779    0.001843406    0.02329751    0.1084896    0.06852279    -0.05132883    -0.07544567    -0.09535699    0.07608428    0.1266135    -0.01120699    -0.09534136    -0.008874198    0.2580198    -0.3813491    -0.4833    1    -0.1389066    0.1009307    0.0697749    -0.1891751    0.004837892    -0.007809671    0.1851792    0.1013714    -0.04979448    -0.1077125    -0.04017966    0.08678713    0.08857573    0.01464415    -0.05682052    -0.0008092788    0.06068607    1.043309e-05    -0.04013991    -0.01363167    0.002615327    0.1696826    0.05225146    -0.07208402    -0.05749886    -0.3181835    -0.2759907    0.09980855    0.04931708    -0.08786729
0.06960626    0.05904949    -0.03717377    0.03295568    -0.05598918    0.04370249    0.02430503    0.05158124    0.04406171    -0.06877164    0.01610019    0.09035622    -0.008745422    0.07562052    -0.1073837    0.08197752    0.001560001    0.01210735    0.02191401    -0.09784893    0.01594462    -0.1062123    -0.06799667    -0.03272617    0.09086385    0.0316579    -0.1051961    -0.05979963    0.05208402    0.09880376    0.02976092    0.06570928    0.04360853    0.04685137    -0.1389066    1    0.1802937    -0.5691702    -0.2002636    -0.1141258    -0.03518199    0.04406992    0.08748384    -0.006565689    -0.09400843    0.006926832    -0.05485113    -0.1206977    -0.02248353    0.09874283    0.002072449    0.07737635    0.06396886    -0.02752499    -0.07243562    -0.1603644    0.01298608    0.1604654    0.08648642    -0.03671642    -0.003906764    0.02706601    0.03703464    0.02824346    -0.0488362
-0.05946263    -0.003635176    -0.0524544    -0.03238618    0.07469587    -0.02391211    -0.06125764    -0.0245993    -0.03355917    0.03305229    -0.06951527    0.0005434782    -0.0367233    -0.005852118    0.07627857    -0.001425257    -0.07429014    -0.02341492    -0.0185645    0.06749055    0.02042783    0.06204149    0.03434319    -0.02841551    -0.04481681    -0.05171671    0.02387862    0.08516478    0.01437357    -0.1022697    0.01818533    -0.1070775    -0.1083042    0.05194265    0.1009307    0.1802937    1    -0.712963    -0.5634511    0.2419349    -0.004117329    -0.05887365    0.02810096    0.07208845    -0.01944009    -0.009893346    0.05802443    0.03664878    0.004883361    -0.02681716    -0.007546856    -0.01243617    0.01225864    0.02522846    -0.01440876    -0.02048981    -0.04206599    -0.01845305    0.05780439    0.1025666    0.004158192    0.02600851    -0.0159317    -0.05735925    0.03966254
0.01124724    -0.07226143    -0.01608579    -0.03195911    0.06070256    -0.02552311    -0.01451888    -0.06011067    -0.03772896    0.08397911    0.01076136    -0.09284294    -0.004724281    -0.0299171    0.08079149    -0.03697838    0.02348987    -0.03505125    -0.04593798    0.06676996    -0.01847228    0.0582886    0.02334767    0.01181701    -0.0270837    -0.008127827    0.05185905    0.01064528    -0.04227616    -0.000121861    0.009618376    -0.0735188    -0.02654665    -0.01272133    0.0697749    -0.5691702    -0.712963    1    0.1600804    -0.4300399    0.004094961    0.08498085    -0.01357486    -0.04992367    0.03569054    -0.006297432    0.02611275    0.0569163    -0.002624584    -0.05054589    0.03160495    0.02645571    -0.03095185    -0.005834921    0.01190503    0.04503312    0.06082599    -0.01556947    -0.04923939    -0.05356981    -0.01944    -0.0008345508    0.0353223    0.008335525    -0.03372905
0.06525906    0.02426811    0.07371991    0.05777876    -0.1086727    0.04000411    0.02676009    0.01643522    0.08385934    -0.07236744    0.09534299    -0.03065628    0.02556267    -0.007934935    -0.08159052    0.03881304    -0.01501669    0.02170153    0.1056719    -0.0523314    0.02094347    -0.1076767    -0.0748681    0.05539545    0.04514848    0.06716212    -0.07125035    -0.1203532    0.02363694    0.1156254    0.06954611    0.08245047    0.06765148    0.05252365    -0.1891751    -0.2002636    -0.5634511    0.1600804    1    -0.04550196    0.04088292    0.03016526    -0.01105948    -0.05378308    -0.03262829    0.04406168    -0.09264929    -0.08889166    0.0308862    0.04626276    -0.01894724    -0.01822931    0.04700578    0.01852502    -0.0371248    0.1436854    0.03978726    -0.04075165    -0.09282286    -0.1352477    0.04581257    0.01258463    0.01078633    0.05804431    -0.04879413
-0.0422528    0.06971675    0.07790413    0.04540745    -0.1021506    0.01861263    0.06309214    0.0675262    0.003023485    -0.0665572    -0.01308736    0.05221953    0.0508789    -0.00913873    -0.03085781    -0.05002561    0.07973867    0.03176039    0.0109211    -0.06221906    -0.02424602    0.01662779    0.03048375    0.004998971    -0.006758461    0.0193786    0.03913429    0.001821103    -0.02765765    -0.03573489    -0.1375378    0.1196483    0.11326    -0.08485076    0.004837892    -0.1141258    0.2419349    -0.4300399    -0.04550196    1    -0.01434644    -0.1607475    -0.08457745    0.04869665    0.08412436    -0.01690092    0.02321122    0.02356336    -0.002146749    -0.005846807    -0.04841896    -0.1168799    -0.03812896    0.007186327    0.08302554    -0.04299442    -0.1391635    -0.0326559    0.01498628    -0.005949784    0.03204457    -0.07275854    -0.1021404    -0.003162287    0.06366392
-0.03868388    0.02570057    0.05941823    0.01295194    0.01103227    -0.05441887    0.04852323    0.004058885    -0.06069623    0.03167666    -0.003667107    0.01871929    0.03143309    -0.02343289    -0.008418857    -0.03065267    0.0311435    0.02020352    -0.03616802    0.006714172    -0.002494613    -0.01219274    0.02284956    0.01919973    -0.04528239    0.05358964    -0.01551211    -0.06272539    0.03157683    0.01528098    0.04926505    -0.05184876    -0.0417618    0.05928642    -0.007809671    -0.03518199    -0.004117329    0.004094961    0.04088292    -0.01434644    1    0.05016715    -0.7652618    -0.2164396    0.2527462    -0.0228036    -0.02411838    0.03606677    0.03828862    -0.04145693    0.09293558    -0.04479658    -0.06658394    0.008783134    0.03758904    0.5959399    0.008867918    -0.4352198    -0.1327181    0.1665932    0.05632841    0.06317599    -0.05417921    -0.08111974    0.09834939
0.02683497    0.005629873    -0.02345454    -0.007756155    0.02341695    0.03259111    -0.04285439    -0.009180644    0.03151801    0.02441669    0.01434533    -0.05181283    -0.0316137    0.06052918    0.00471083    -0.01769961    0.02083692    0.04184439    0.003565345    -0.0517316    0.1473763    0.003850291    -0.0518164    0.006986546    -0.02101901    -0.09566903    0.003946173    -0.01194206    -0.06082448    0.1717524    -0.1176351    0.07176172    -0.05885779    -0.1474505    0.1851792    0.04406992    -0.05887365    0.08498085    0.03016526    -0.1607475    0.05016715    1    0.07725506    -0.7808682    0.1179414    0.1262761    0.008030148    -0.05894042    0.0340227    0.00316198    0.008163831    0.05353282    0.05082531    -0.01102475    -0.07750115    0.03727942    0.5768487    0.003365721    -0.4236526    0.06463427    -0.0565378    0.00996876    -0.0005498985    -0.1221495    0.146665
0.02435256    -0.02206836    -0.03673244    -0.01507274    -0.00105645    0.042098    0.004806626    -0.03947601    0.03092303    0.004928975    0.02196922    -0.05050695    -0.01585068    0.03467632    -0.01117648    0.05009034    -0.01284636    -0.005928774    0.0312197    -0.02779441    0.07965342    0.008210433    -0.04664825    0.03169457    -0.01250928    0.01407236    -0.08642587    -0.09389979    0.0227204    0.1637211    -0.03088224    -0.03781501    -0.1049232    -0.009321575    0.1013714    0.08748384    0.02810096    -0.01357486    -0.01105948    -0.08457745    -0.7652618    0.07725506    1    0.210168    -0.6410685    0.06820211    -0.008719703    -0.03070719    0.04692835    -0.01839709    -0.0330146    0.0576957    0.07353514    0.03507434    -0.1227615    -0.4368008    0.05310049    0.5855373    0.1218832    -0.4151067    -0.07655645    -0.1181726    -0.003767898    0.04811523    0.05396438
