1    -0.06409369    -0.6033327    -0.117936    0.005767962    0.004912869    -0.02372919    -0.01944006    0.02564671    -0.005627487
-0.06409369    1    -0.09900662    -0.5676348    0.03544622    -0.04350291    -0.004177662    0.09391179    0.01177709    -0.08812059
-0.6033327    -0.09900662    1    -0.06336199    -0.3576137    0.005152301    0.07123273    0.008917819    -0.04820343    -0.0311183
-0.117936    -0.5676348    -0.06336199    1    -0.2964738    0.01527309    0.03310413    -0.02823734    0.002585586    0.0247469
0.005767962    0.03544622    -0.3576137    -0.2964738    1    0.01485464    -0.08676033    -0.02104514    0.04509317    0.03677732
0.004912869    -0.04350291    0.005152301    0.01527309    0.01485464    1    0.0416845    -0.7534453    -0.07856249    0.08736875
-0.02372919    -0.004177662    0.07123273    0.03310413    -0.08676033    0.0416845    1    -0.220745    -0.7680268    0.1760315
-0.01944006    0.09391179    0.008917819    -0.02823734    -0.02104514    -0.7534453    -0.220745    1    0.05457984    -0.4539195
0.02564671    0.01177709    -0.04820343    0.002585586    0.04509317    -0.07856249    -0.7680268    0.05457984    1    -0.3206691
-0.005627487    -0.08812059    -0.0311183    0.0247469    0.03677732    0.08736875    0.1760315    -0.4539195    -0.3206691    1
