1    -0.06409369    -0.6033327    -0.117936    0.005767962    0.04265604    0.004742313    0.009519133    0.002767773    0.008198226    0.04843194    -0.01957106    -0.02747747    0.02529899    0.003684517
-0.06409369    1    -0.09900662    -0.5676348    0.03544622    0.009865752    0.00773829    -0.03855447    -0.001142512    0.01262869    0.0573867    -0.06832908    -0.01568841    -0.01892123    0.07607413
-0.6033327    -0.09900662    1    -0.06336199    -0.3576137    -0.01322964    -0.0236998    0.004687712    0.00139574    0.01667518    0.003734577    -0.04983977    -0.03398431    0.02861582    0.06303425
-0.117936    -0.5676348    -0.06336199    1    -0.2964738    0.002449875    0.03121991    0.007652858    -0.02627162    -0.0603438    0.09387393    -0.04064565    -0.08973677    0.1115495    -0.006582809
0.005767962    0.03544622    -0.3576137    -0.2964738    1    -0.01248673    0.02960454    -0.0002696748    -0.05114572    -0.06488314    -0.1140779    0.1330583    0.08068067    -0.1034987    -0.04228813
0.04265604    0.009865752    -0.01322964    0.002449875    -0.01248673    1    -0.06179415    -0.5939001    -0.1180336    0.02355674    0.1162531    -0.1139267    0.00128487    0.1293206    -0.05547518
0.004742313    0.00773829    -0.0236998    0.03121991    0.02960454    -0.06179415    1    -0.1008464    -0.6099681    0.04573424    -0.001550482    -0.01378769    -0.05543593    0.009300404    0.06775517
0.009519133    -0.03855447    0.004687712    0.007652858    -0.0002696748    -0.5939001    -0.1008464    1    -0.06423964    -0.3811407    -0.01950941    -0.01188849    -0.02186892    -0.05353666    0.09461715
0.002767773    -0.001142512    0.00139574    -0.02627162    -0.05114572    -0.1180336    -0.6099681    -0.06423964    1    -0.2719001    0.09659845    -0.05081481    -0.007237194    0.04845973    -0.02623888
0.008198226    0.01262869    0.01667518    -0.0603438    -0.06488314    0.02355674    0.04573424    -0.3811407    -0.2719001    1    -0.1325456    0.1167388    0.05831755    -0.07513279    -0.06290769
0.04843194    0.0573867    0.003734577    0.09387393    -0.1140779    0.1162531    -0.001550482    -0.01950941    0.09659845    -0.1325456    1    -0.218888    -0.3308694    0.08306893    -0.09162578
-0.01957106    -0.06832908    -0.04983977    -0.04064565    0.1330583    -0.1139267    -0.01378769    -0.01188849    -0.05081481    0.1167388    -0.218888    1    -0.5246829    -0.383431    0.2626359
-0.02747747    -0.01568841    -0.03398431    -0.08973677    0.08068067    0.00128487    -0.05543593    -0.02186892    -0.007237194    0.05831755    -0.3308694    -0.5246829    1    -0.1363358    -0.5814342
0.02529899    -0.01892123    0.02861582    0.1115495    -0.1034987    0.1293206    0.009300404    -0.05353666    0.04845973    -0.07513279    0.08306893    -0.383431    -0.1363358    1    -0.08966739
0.003684517    0.07607413    0.06303425    -0.006582809    -0.04228813    -0.05547518    0.06775517    0.09461715    -0.02623888    -0.06290769    -0.09162578    0.2626359    -0.5814342    -0.08966739    1
