1    -0.1946423    -0.4709472    0.235111    -0.02529814    0.04999516    0.06208021    -0.01995253    -0.06661765    -0.0323891    -0.08566339    0.02077572    0.02551791    0.03708786    0.00229714    0.09385781    -0.08776051    -0.1242036    0.03258501    0.0502754    -0.003253133    -0.009992194    -0.0006106038    0.02774732    -0.00179487
-0.1946423    1    0.005353657    -0.6506694    0.2672641    -0.01674512    -0.01851354    0.03069296    -0.02914187    0.00799477    0.02729262    -0.003498174    0.01101164    0.002570376    -0.05719703    -0.1390567    0.05639625    0.068539    -0.1577087    0.1101471    -0.051045    0.08802882    0.04717612    -0.04326889    -0.0269349
-0.4709472    0.005353657    1    0.06514224    -0.5083593    -0.02042022    0.01288188    0.01544832    -0.007161473    0.0140519    0.03900224    0.02140272    -0.01039284    -0.07307121    0.03432822    -0.1177488    -0.0588366    -0.038929    -0.06430305    0.1876393    -0.02099735    0.09939648    0.06635002    -0.01830727    -0.08478977
0.235111    -0.6506694    0.06514224    1    -0.6078586    0.006334508    0.01858058    -0.0336703    0.001419121    0.03690263    -0.01128964    0.04635509    -0.002379128    -0.02643029    0.001209666    0.1166931    -0.1987784    -0.2100947    0.158768    0.09811559    0.03723318    -0.04572196    0.01875071    0.06778943    -0.05689477
-0.02529814    0.2672641    -0.5083593    -0.6078586    1    -0.03704632    -0.06396964    0.01999468    0.05012336    0.00133042    -0.002921072    -0.01608019    0.01543202    0.03704312    -0.04123738    -0.04899594    0.2044164    0.2562508    -0.05158134    -0.2554506    0.001573076    -0.01440425    -0.06931756    -0.05824296    0.09940462
0.04999516    -0.01674512    -0.02042022    0.006334508    -0.03704632    1    -0.0653515    -0.7025817    -0.07246449    -0.03990777    0.1395281    -0.12362    -0.1223675    0.09732824    0.02030995    0.03780605    -0.01481273    -0.02226548    -0.007613043    0.02113233    0.06375699    -0.04526758    -0.08097679    0.08014966    -0.02576871
0.06208021    -0.01851354    0.01288188    0.01858058    -0.06396964    -0.0653515    1    -0.05452125    -0.5470611    0.1192943    -0.1069759    -0.03351299    0.06417549    -0.09815119    0.1040035    0.02888135    0.07290454    -0.04967516    -0.08799917    0.0392869    -0.05633923    -0.04876632    -0.003679735    -0.08453883    0.1217872
-0.01995253    0.03069296    0.01544832    -0.0336703    0.01999468    -0.7025817    -0.05452125    1    0.01906412    -0.3010253    -0.1267321    0.04870277    0.009464437    -0.1173848    0.1177917    -0.03859815    -0.02588103    0.01661437    0.009023877    0.02334298    -0.05579805    -0.0720603    -0.02120898    -0.01193176    0.1047061
-0.06661765    -0.02914187    -0.007161473    0.001419121    0.05012336    -0.07246449    -0.5470611    0.01906412    1    -0.3474456    0.08271804    -0.09445865    -0.1745957    0.0710263    0.08372038    -0.009850831    -0.08751963    0.02895423    0.09793057    -0.03073621    0.09615392    -0.04777666    -0.1171323    0.0759059    0.03727543
-0.0323891    0.00799477    0.0140519    0.03690263    0.00133042    -0.03990777    0.1192943    -0.3010253    -0.3474456    1    0.01737562    0.0507159    0.09020382    0.07313678    -0.1393613    -0.0127539    0.04102012    -0.0123815    -0.006952481    0.0208314    -0.03149083    0.1117756    0.114908    -0.02804286    -0.1174122
-0.08566339    0.02729262    0.03900224    -0.01128964    -0.002921072    0.1395281    -0.1069759    -0.1267321    0.08271804    0.01737562    1    -0.06409369    -0.6033327    -0.117936    0.005767962    0.04265604    0.004742313    0.009519133    0.002767773    0.008198226    0.07832183    -0.001543651    -0.04515409    0.01661505    -0.08180572
0.02077572    -0.003498174    0.02140272    0.04635509    -0.01608019    -0.12362    -0.03351299    0.04870277    -0.09445865    0.0507159    -0.06409369    1    -0.09900662    -0.5676348    0.03544622    0.009865752    0.00773829    -0.03855447    -0.001142512    0.01262869    -0.03149223    0.07929445    0.0214283    -0.0427591    0.01179005
0.02551791    0.01101164    -0.01039284    -0.002379128    0.01543202    -0.1223675    0.06417549    0.009464437    -0.1745957    0.09020382    -0.6033327    -0.09900662    1    -0.06336199    -0.3576137    -0.01322964    -0.0236998    0.004687712    0.00139574    0.01667518    0.0299431    0.01729769    0.03479909    -0.0405237    0.009483895
0.03708786    0.002570376    -0.07307121    -0.02643029    0.03704312    0.09732824    -0.09815119    -0.1173848    0.0710263    0.07313678    -0.117936    -0.5676348    -0.06336199    1    -0.2964738    0.002449875    0.03121991    0.007652858    -0.02627162    -0.0603438    -0.03964216    -0.007947096    0.01918804    0.02502245    -0.001094818
0.00229714    -0.05719703    0.03432822    0.001209666    -0.04123738    0.02030995    0.1040035    0.1177917    0.08372038    -0.1393613    0.005767962    0.03544622    -0.3576137    -0.2964738    1    -0.01248673    0.02960454    -0.0002696748    -0.05114572    -0.06488314    -0.04002131    -0.09305515    -0.02538079    0.07569078    0.1250716
0.09385781    -0.1390567    -0.1177488    0.1166931    -0.04899594    0.03780605    0.02888135    -0.03859815    -0.009850831    -0.0127539    0.04265604    0.009865752    -0.01322964    0.002449875    -0.01248673    1    -0.06179415    -0.5939001    -0.1180336    0.02355674    0.05167966    -0.1152897    0.02066657    0.09069551    -0.05447833
-0.08776051    0.05639625    -0.0588366    -0.1987784    0.2044164    -0.01481273    0.07290454    -0.02588103    -0.08751963    0.04102012    0.004742313    0.00773829    -0.0236998    0.03121991    0.02960454    -0.06179415    1    -0.1008464    -0.6099681    0.04573424    -0.09588906    0.06631092    0.06696303    -0.05048789    0.03211869
-0.1242036    0.068539    -0.038929    -0.2100947    0.2562508    -0.02226548    -0.04967516    0.01661437    0.02895423    -0.0123815    0.009519133    -0.03855447    0.004687712    0.007652858    -0.0002696748    -0.5939001    -0.1008464    1    -0.06423964    -0.3811407    -0.03325535    0.1240084    -0.02484923    -0.04320801    -0.007768238
0.03258501    -0.1577087    -0.06430305    0.158768    -0.05158134    -0.007613043    -0.08799917    0.009023877    0.09793057    -0.006952481    0.002767773    -0.001142512    0.00139574    -0.02627162    -0.05114572    -0.1180336    -0.6099681    -0.06423964    1    -0.2719001    0.05996405    0.01692201    -0.01928402    -0.02647303    -0.03397779
0.0502754    0.1101471    0.1876393    0.09811559    -0.2554506    0.02113233    0.0392869    0.02334298    -0.03073621    0.0208314    0.008198226    0.01262869    0.01667518    -0.0603438    -0.06488314    0.02355674    0.04573424    -0.3811407    -0.2719001    1    0.05134978    -0.07520341    -0.03895309    -0.0006839066    0.001843406
-0.003253133    -0.051045    -0.02099735    0.03723318    0.001573076    0.06375699    -0.05633923    -0.05579805    0.09615392    -0.03149083    0.07832183    -0.03149223    0.0299431    -0.03964216    -0.04002131    0.05167966    -0.09588906    -0.03325535    0.05996405    0.05134978    1    -0.09296697    -0.5872855    0.1205512    -0.008874198
-0.009992194    0.08802882    0.09939648    -0.04572196    -0.01440425    -0.04526758    -0.04876632    -0.0720603    -0.04777666    0.1117756    -0.001543651    0.07929445    0.01729769    -0.007947096    -0.09305515    -0.1152897    0.06631092    0.1240084    0.01692201    -0.07520341    -0.09296697    1    -0.2674181    -0.5953015    0.2580198
-0.0006106038    0.04717612    0.06635002    0.01875071    -0.06931756    -0.08097679    -0.003679735    -0.02120898    -0.1171323    0.114908    -0.04515409    0.0214283    0.03479909    0.01918804    -0.02538079    0.02066657    0.06696303    -0.02484923    -0.01928402    -0.03895309    -0.5872855    -0.2674181    1    -0.09069658    -0.3813491
0.02774732    -0.04326889    -0.01830727    0.06778943    -0.05824296    0.08014966    -0.08453883    -0.01193176    0.0759059    -0.02804286    0.01661505    -0.0427591    -0.0405237    0.02502245    0.07569078    0.09069551    -0.05048789    -0.04320801    -0.02647303    -0.0006839066    0.1205512    -0.5953015    -0.09069658    1    -0.4833
-0.00179487    -0.0269349    -0.08478977    -0.05689477    0.09940462    -0.02576871    0.1217872    0.1047061    0.03727543    -0.1174122    -0.08180572    0.01179005    0.009483895    -0.001094818    0.1250716    -0.05447833    0.03211869    -0.007768238    -0.03397779    0.001843406    -0.008874198    0.2580198    -0.3813491    -0.4833    1
