1    -0.1946423    -0.4709472    0.235111    -0.02529814    -0.08566339    0.02077572    0.02551791    0.03708786    0.00229714    0.09385781    -0.08776051    -0.1242036    0.03258501    0.0502754    -0.003253133    -0.009992194    -0.0006106038    0.02774732    -0.00179487    0.02004144    0.04273592    -0.05215318    -0.07045713    0.07017869
-0.1946423    1    0.005353657    -0.6506694    0.2672641    0.02729262    -0.003498174    0.01101164    0.002570376    -0.05719703    -0.1390567    0.05639625    0.068539    -0.1577087    0.1101471    -0.051045    0.08802882    0.04717612    -0.04326889    -0.0269349    -0.06996184    0.001719751    0.06293339    0.006851533    0.01176129
-0.4709472    0.005353657    1    0.06514224    -0.5083593    0.03900224    0.02140272    -0.01039284    -0.07307121    0.03432822    -0.1177488    -0.0588366    -0.038929    -0.06430305    0.1876393    -0.02099735    0.09939648    0.06635002    -0.01830727    -0.08478977    -0.02423889    -0.00824435    0.05413134    0.01702322    -0.01448483
0.235111    -0.6506694    0.06514224    1    -0.6078586    -0.01128964    0.04635509    -0.002379128    -0.02643029    0.001209666    0.1166931    -0.1987784    -0.2100947    0.158768    0.09811559    0.03723318    -0.04572196    0.01875071    0.06778943    -0.05689477    0.05296283    0.04351211    -0.03167337    -0.01256975    -0.02858256
-0.02529814    0.2672641    -0.5083593    -0.6078586    1    -0.002921072    -0.01608019    0.01543202    0.03704312    -0.04123738    -0.04899594    0.2044164    0.2562508    -0.05158134    -0.2554506    0.001573076    -0.01440425    -0.06931756    -0.05824296    0.09940462    0.009636278    -0.04555553    -0.03912217    0.01518262    0.03027273
-0.08566339    0.02729262    0.03900224    -0.01128964    -0.002921072    1    -0.06409369    -0.6033327    -0.117936    0.005767962    0.04265604    0.004742313    0.009519133    0.002767773    0.008198226    0.07832183    -0.001543651    -0.04515409    0.01661505    -0.08180572    -0.005785504    -0.00267461    -0.005283474    0.02213259    0.01222934
0.02077572    -0.003498174    0.02140272    0.04635509    -0.01608019    -0.06409369    1    -0.09900662    -0.5676348    0.03544622    0.009865752    0.00773829    -0.03855447    -0.001142512    0.01262869    -0.03149223    0.07929445    0.0214283    -0.0427591    0.01179005    -0.007617339    -0.04878791    -0.02793276    0.03019914    0.02979338
0.02551791    0.01101164    -0.01039284    -0.002379128    0.01543202    -0.6033327    -0.09900662    1    -0.06336199    -0.3576137    -0.01322964    -0.0236998    0.004687712    0.00139574    0.01667518    0.0299431    0.01729769    0.03479909    -0.0405237    0.009483895    0.03912787    -0.02853262    -0.0410553    -0.03581504    0.05539082
0.03708786    0.002570376    -0.07307121    -0.02643029    0.03704312    -0.117936    -0.5676348    -0.06336199    1    -0.2964738    0.002449875    0.03121991    0.007652858    -0.02627162    -0.0603438    -0.03964216    -0.007947096    0.01918804    0.02502245    -0.001094818    0.03686822    0.02536326    -0.00872771    0.006136708    -0.06177666
0.00229714    -0.05719703    0.03432822    0.001209666    -0.04123738    0.005767962    0.03544622    -0.3576137    -0.2964738    1    -0.01248673    0.02960454    -0.0002696748    -0.05114572    -0.06488314    -0.04002131    -0.09305515    -0.02538079    0.07569078    0.1250716    -0.02049029    0.0342186    0.02548965    -0.02999124    -0.03585497
0.09385781    -0.1390567    -0.1177488    0.1166931    -0.04899594    0.04265604    0.009865752    -0.01322964    0.002449875    -0.01248673    1    -0.06179415    -0.5939001    -0.1180336    0.02355674    0.05167966    -0.1152897    0.02066657    0.09069551    -0.05447833    0.01280759    0.03723907    -0.0100492    -0.02669686    -0.006755493
-0.08776051    0.05639625    -0.0588366    -0.1987784    0.2044164    0.004742313    0.00773829    -0.0236998    0.03121991    0.02960454    -0.06179415    1    -0.1008464    -0.6099681    0.04573424    -0.09588906    0.06631092    0.06696303    -0.05048789    0.03211869    -0.01381063    -0.0463417    0.03556589    0.03565988    -0.08591217
-0.1242036    0.068539    -0.038929    -0.2100947    0.2562508    0.009519133    -0.03855447    0.004687712    0.007652858    -0.0002696748    -0.5939001    -0.1008464    1    -0.06423964    -0.3811407    -0.03325535    0.1240084    -0.02484923    -0.04320801    -0.007768238    -0.02792715    -0.007897233    0.02109772    0.04342393    -0.01367678
0.03258501    -0.1577087    -0.06430305    0.158768    -0.05158134    0.002767773    -0.001142512    0.00139574    -0.02627162    -0.05114572    -0.1180336    -0.6099681    -0.06423964    1    -0.2719001    0.05996405    0.01692201    -0.01928402    -0.02647303    -0.03397779    0.04781362    0.02812329    -0.05066692    -0.0445645    0.04875444
0.0502754    0.1101471    0.1876393    0.09811559    -0.2554506    0.008198226    0.01262869    0.01667518    -0.0603438    -0.06488314    0.02355674    0.04573424    -0.3811407    -0.2719001    1    0.05134978    -0.07520341    -0.03895309    -0.0006839066    0.001843406    0.02108923    -0.02557202    0.006455076    -0.01385733    -0.0275204
-0.003253133    -0.051045    -0.02099735    0.03723318    0.001573076    0.07832183    -0.03149223    0.0299431    -0.03964216    -0.04002131    0.05167966    -0.09588906    -0.03325535    0.05996405    0.05134978    1    -0.09296697    -0.5872855    0.1205512    -0.008874198    -0.005303463    0.03586342    0.02341528    0.0162719    -0.01294772
-0.009992194    0.08802882    0.09939648    -0.04572196    -0.01440425    -0.001543651    0.07929445    0.01729769    -0.007947096    -0.09305515    -0.1152897    0.06631092    0.1240084    0.01692201    -0.07520341    -0.09296697    1    -0.2674181    -0.5953015    0.2580198    0.002553311    -0.02078851    0.01601615    0.0001710993    -0.01667433
-0.0006106038    0.04717612    0.06635002    0.01875071    -0.06931756    -0.04515409    0.0214283    0.03479909    0.01918804    -0.02538079    0.02066657    0.06696303    -0.02484923    -0.01928402    -0.03895309    -0.5872855    -0.2674181    1    -0.09069658    -0.3813491    -0.03140881    -0.01462852    0.02127022    0.01519333    -0.0343766
0.02774732    -0.04326889    -0.01830727    0.06778943    -0.05824296    0.01661505    -0.0427591    -0.0405237    0.02502245    0.07569078    0.09069551    -0.05048789    -0.04320801    -0.02647303    -0.0006839066    0.1205512    -0.5953015    -0.09069658    1    -0.4833    0.001390956    0.02920639    0.01321162    0.02770152    -0.000693453
-0.00179487    -0.0269349    -0.08478977    -0.05689477    0.09940462    -0.08180572    0.01179005    0.009483895    -0.001094818    0.1250716    -0.05447833    0.03211869    -0.007768238    -0.03397779    0.001843406    -0.008874198    0.2580198    -0.3813491    -0.4833    1    0.02596057    -0.0326868    -0.04390219    -0.03538663    0.01377583
0.02004144    -0.06996184    -0.02423889    0.05296283    0.009636278    -0.005785504    -0.007617339    0.03912787    0.03686822    -0.02049029    0.01280759    -0.01381063    -0.02792715    0.04781362    0.02108923    -0.005303463    0.002553311    -0.03140881    0.001390956    0.02596057    1    0.2292549    -0.7925327    -0.3398313    0.2443113
0.04273592    0.001719751    -0.00824435    0.04351211    -0.04555553    -0.00267461    -0.04878791    -0.02853262    0.02536326    0.0342186    0.03723907    -0.0463417    -0.007897233    0.02812329    -0.02557202    0.03586342    -0.02078851    -0.01462852    0.02920639    -0.0326868    0.2292549    1    0.0582692    -0.7753216    0.1000554
-0.05215318    0.06293339    0.05413134    -0.03167337    -0.03912217    -0.005283474    -0.02793276    -0.0410553    -0.00872771    0.02548965    -0.0100492    0.03556589    0.02109772    -0.05066692    0.006455076    0.02341528    0.01601615    0.02127022    0.01321162    -0.04390219    -0.7925327    0.0582692    1    0.2852451    -0.6086443
-0.07045713    0.006851533    0.01702322    -0.01256975    0.01518262    0.02213259    0.03019914    -0.03581504    0.006136708    -0.02999124    -0.02669686    0.03565988    0.04342393    -0.0445645    -0.01385733    0.0162719    0.0001710993    0.01519333    0.02770152    -0.03538663    -0.3398313    -0.7753216    0.2852451    1    -0.503745
0.07017869    0.01176129    -0.01448483    -0.02858256    0.03027273    0.01222934    0.02979338    0.05539082    -0.06177666    -0.03585497    -0.006755493    -0.08591217    -0.01367678    0.04875444    -0.0275204    -0.01294772    -0.01667433    -0.0343766    -0.000693453    0.01377583    0.2443113    0.1000554    -0.6086443    -0.503745    1
