1    -0.06409369    -0.6033327    -0.117936    0.005767962    0.1177741    -0.03671037    -0.1002466    0.07016904    0.03273156
-0.06409369    1    -0.09900662    -0.5676348    0.03544622    -0.07891265    -0.05656397    -0.006043824    -0.05039992    0.1052325
-0.6033327    -0.09900662    1    -0.06336199    -0.3576137    -0.06866305    -0.0289117    -0.04409661    -0.06215578    0.09294894
-0.117936    -0.5676348    -0.06336199    1    -0.2964738    0.12856    -0.05235684    -0.1048421    0.07198006    -0.01696595
0.005767962    0.03544622    -0.3576137    -0.2964738    1    -0.05055374    0.1031687    0.1735462    -0.03267858    -0.118603
0.1177741    -0.07891265    -0.06866305    0.12856    -0.05055374    1    0.002486199    -0.6084731    0.05587275    -0.03522792
-0.03671037    -0.05656397    -0.0289117    -0.05235684    0.1031687    0.002486199    1    -0.2610428    -0.5998652    0.2709889
-0.1002466    -0.006043824    -0.04409661    -0.1048421    0.1735462    -0.6084731    -0.2610428    1    0.02869043    -0.4800809
0.07016904    -0.05039992    -0.06215578    0.07198006    -0.03267858    0.05587275    -0.5998652    0.02869043    1    -0.3962035
0.03273156    0.1052325    0.09294894    -0.01696595    -0.118603    -0.03522792    0.2709889    -0.4800809    -0.3962035    1
