1    -0.06409369    -0.6033327    -0.117936    0.005767962    0.01612176    -0.0433726    0.02382867    0.01360433    -0.05420181
-0.06409369    1    -0.09900662    -0.5676348    0.03544622    -0.01443897    0.05490531    0.0502575    -0.02716747    -0.07018385
-0.6033327    -0.09900662    1    -0.06336199    -0.3576137    -0.001979101    0.01073591    -0.004929634    -0.002707075    -0.01963873
-0.117936    -0.5676348    -0.06336199    1    -0.2964738    0.01313018    0.01682462    -0.03802799    0.002339762    0.02653575
0.005767962    0.03544622    -0.3576137    -0.2964738    1    -0.02807461    0.00432905    -0.001323624    -0.01984359    0.07829489
0.01612176    -0.01443897    -0.001979101    0.01313018    -0.02807461    1    -0.01208665    -0.7751805    -0.07643994    0.1642374
-0.0433726    0.05490531    0.01073591    0.01682462    0.00432905    -0.01208665    1    0.1663351    -0.7695498    0.07538156
0.02382867    0.0502575    -0.004929634    -0.03802799    -0.001323624    -0.7751805    0.1663351    1    0.03349777    -0.5361289
0.01360433    -0.02716747    -0.002707075    0.002339762    -0.01984359    -0.07643994    -0.7695498    0.03349777    1    -0.4759833
-0.05420181    -0.07018385    -0.01963873    0.02653575    0.07829489    0.1642374    0.07538156    -0.5361289    -0.4759833    1
