1    -0.06409369    -0.6033327    -0.117936    0.005767962    0.086679    -0.1073651    -0.0530472    0.1225789    -0.03729752
-0.06409369    1    -0.09900662    -0.5676348    0.03544622    -0.01340588    0.04069093    -0.08041511    -0.09213415    0.1444982
-0.6033327    -0.09900662    1    -0.06336199    -0.3576137    -0.07965904    -0.04672542    -0.008948183    -0.0481617    0.07084145
-0.117936    -0.5676348    -0.06336199    1    -0.2964738    0.08441838    -0.09547573    -0.07445427    0.110877    -0.01220747
0.005767962    0.03544622    -0.3576137    -0.2964738    1    -0.07331352    0.1322175    0.1676938    -0.05381029    -0.103825
0.086679    -0.01340588    -0.07965904    0.08441838    -0.07331352    1    0.1817067    -0.7009072    -0.08989701    0.03300119
-0.1073651    0.04069093    -0.04672542    -0.09547573    0.1322175    0.1817067    1    -0.3427951    -0.6935129    0.2865004
-0.0530472    -0.08041511    -0.008948183    -0.07445427    0.1676938    -0.7009072    -0.3427951    1    0.168816    -0.5352536
0.1225789    -0.09213415    -0.0481617    0.110877    -0.05381029    -0.08989701    -0.6935129    0.168816    1    -0.3929891
-0.03729752    0.1444982    0.07084145    -0.01220747    -0.103825    0.03300119    0.2865004    -0.5352536    -0.3929891    1
