1    -0.1946423    -0.4709472    0.235111    -0.02529814    -0.08566339    0.02077572    0.02551791    0.03708786    0.00229714    0.09385781    -0.08776051    -0.1242036    0.03258501    0.0502754    0.01215092    0.02744832    0.001489062    0.01955558    -0.02809272    -0.003253133    -0.009992194    -0.0006106038    0.02774732    -0.00179487
-0.1946423    1    0.005353657    -0.6506694    0.2672641    0.02729262    -0.003498174    0.01101164    0.002570376    -0.05719703    -0.1390567    0.05639625    0.068539    -0.1577087    0.1101471    -0.007567942    0.06293068    0.02211944    -0.05201462    -0.01847086    -0.051045    0.08802882    0.04717612    -0.04326889    -0.0269349
-0.4709472    0.005353657    1    0.06514224    -0.5083593    0.03900224    0.02140272    -0.01039284    -0.07307121    0.03432822    -0.1177488    -0.0588366    -0.038929    -0.06430305    0.1876393    -0.06726309    0.09942476    0.101867    -0.09660469    -0.04082691    -0.02099735    0.09939648    0.06635002    -0.01830727    -0.08478977
0.235111    -0.6506694    0.06514224    1    -0.6078586    -0.01128964    0.04635509    -0.002379128    -0.02643029    0.001209666    0.1166931    -0.1987784    -0.2100947    0.158768    0.09811559    0.02897244    -0.02056982    0.02207482    0.03593319    -0.05619152    0.03723318    -0.04572196    0.01875071    0.06778943    -0.05689477
-0.02529814    0.2672641    -0.5083593    -0.6078586    1    -0.002921072    -0.01608019    0.01543202    0.03704312    -0.04123738    -0.04899594    0.2044164    0.2562508    -0.05158134    -0.2554506    -0.01613452    -0.07280861    -0.07414618    0.0332482    0.09921452    0.001573076    -0.01440425    -0.06931756    -0.05824296    0.09940462
-0.08566339    0.02729262    0.03900224    -0.01128964    -0.002921072    1    -0.06409369    -0.6033327    -0.117936    0.005767962    0.04265604    0.004742313    0.009519133    0.002767773    0.008198226    0.1177741    -0.03671037    -0.1002466    0.07016904    0.03273156    0.07832183    -0.001543651    -0.04515409    0.01661505    -0.08180572
0.02077572    -0.003498174    0.02140272    0.04635509    -0.01608019    -0.06409369    1    -0.09900662    -0.5676348    0.03544622    0.009865752    0.00773829    -0.03855447    -0.001142512    0.01262869    -0.07891265    -0.05656397    -0.006043824    -0.05039992    0.1052325    -0.03149223    0.07929445    0.0214283    -0.0427591    0.01179005
0.02551791    0.01101164    -0.01039284    -0.002379128    0.01543202    -0.6033327    -0.09900662    1    -0.06336199    -0.3576137    -0.01322964    -0.0236998    0.004687712    0.00139574    0.01667518    -0.06866305    -0.0289117    -0.04409661    -0.06215578    0.09294894    0.0299431    0.01729769    0.03479909    -0.0405237    0.009483895
0.03708786    0.002570376    -0.07307121    -0.02643029    0.03704312    -0.117936    -0.5676348    -0.06336199    1    -0.2964738    0.002449875    0.03121991    0.007652858    -0.02627162    -0.0603438    0.12856    -0.05235684    -0.1048421    0.07198006    -0.01696595    -0.03964216    -0.007947096    0.01918804    0.02502245    -0.001094818
0.00229714    -0.05719703    0.03432822    0.001209666    -0.04123738    0.005767962    0.03544622    -0.3576137    -0.2964738    1    -0.01248673    0.02960454    -0.0002696748    -0.05114572    -0.06488314    -0.05055374    0.1031687    0.1735462    -0.03267858    -0.118603    -0.04002131    -0.09305515    -0.02538079    0.07569078    0.1250716
0.09385781    -0.1390567    -0.1177488    0.1166931    -0.04899594    0.04265604    0.009865752    -0.01322964    0.002449875    -0.01248673    1    -0.06179415    -0.5939001    -0.1180336    0.02355674    0.1346409    -0.0959808    -0.1152543    0.1536712    -0.04056245    0.05167966    -0.1152897    0.02066657    0.09069551    -0.05447833
-0.08776051    0.05639625    -0.0588366    -0.1987784    0.2044164    0.004742313    0.00773829    -0.0236998    0.03121991    0.02960454    -0.06179415    1    -0.1008464    -0.6099681    0.04573424    -0.02973766    -0.03796035    -0.04657636    -0.1149377    0.1441106    -0.09588906    0.06631092    0.06696303    -0.05048789    0.03211869
-0.1242036    0.068539    -0.038929    -0.2100947    0.2562508    0.009519133    -0.03855447    0.004687712    0.007652858    -0.0002696748    -0.5939001    -0.1008464    1    -0.06423964    -0.3811407    -0.1137064    -0.04030266    -0.02418527    -0.07823854    0.1311809    -0.03325535    0.1240084    -0.02484923    -0.04320801    -0.007768238
0.03258501    -0.1577087    -0.06430305    0.158768    -0.05158134    0.002767773    -0.001142512    0.00139574    -0.02627162    -0.05114572    -0.1180336    -0.6099681    -0.06423964    1    -0.2719001    0.08024534    -0.08699944    -0.04061098    0.1525324    -0.06874055    0.05996405    0.01692201    -0.01928402    -0.02647303    -0.03397779
0.0502754    0.1101471    0.1876393    0.09811559    -0.2554506    0.008198226    0.01262869    0.01667518    -0.0603438    -0.06488314    0.02355674    0.04573424    -0.3811407    -0.2719001    1    -0.05607654    0.1839513    0.1528062    -0.07115589    -0.1054066    0.05134978    -0.07520341    -0.03895309    -0.0006839066    0.001843406
0.01215092    -0.007567942    -0.06726309    0.02897244    -0.01613452    0.1177741    -0.07891265    -0.06866305    0.12856    -0.05055374    0.1346409    -0.02973766    -0.1137064    0.08024534    -0.05607654    1    0.002486199    -0.6084731    0.05587275    -0.03522792    0.118534    -0.06763387    -0.1165317    0.06329067    0.02329751
0.02744832    0.06293068    0.09942476    -0.02056982    -0.07280861    -0.03671037    -0.05656397    -0.0289117    -0.05235684    0.1031687    -0.0959808    -0.03796035    -0.04030266    -0.08699944    0.1839513    0.002486199    1    -0.2610428    -0.5998652    0.2709889    -0.04068063    0.0385303    -0.03882541    -0.09661622    0.1084896
0.001489062    0.02211944    0.101867    0.02207482    -0.07414618    -0.1002466    -0.006043824    -0.04409661    -0.1048421    0.1735462    -0.1152543    -0.04657636    -0.02418527    -0.04061098    0.1528062    -0.6084731    -0.2610428    1    0.02869043    -0.4800809    -0.1027279    -0.0139711    0.04670473    -0.03906479    0.06852279
0.01955558    -0.05201462    -0.09660469    0.03593319    0.0332482    0.07016904    -0.05039992    -0.06215578    0.07198006    -0.03267858    0.1536712    -0.1149377    -0.07823854    0.1525324    -0.07115589    0.05587275    -0.5998652    0.02869043    1    -0.3962035    0.07971616    -0.08075808    -0.06775    0.09827519    -0.05132883
-0.02809272    -0.01847086    -0.04082691    -0.05619152    0.09921452    0.03273156    0.1052325    0.09294894    -0.01696595    -0.118603    -0.04056245    0.1441106    0.1311809    -0.06874055    -0.1054066    -0.03522792    0.2709889    -0.4800809    -0.3962035    1    -0.01176067    0.08430235    0.0765952    -0.03306862    -0.07544567
-0.003253133    -0.051045    -0.02099735    0.03723318    0.001573076    0.07832183    -0.03149223    0.0299431    -0.03964216    -0.04002131    0.05167966    -0.09588906    -0.03325535    0.05996405    0.05134978    0.118534    -0.04068063    -0.1027279    0.07971616    -0.01176067    1    -0.09296697    -0.5872855    0.1205512    -0.008874198
-0.009992194    0.08802882    0.09939648    -0.04572196    -0.01440425    -0.001543651    0.07929445    0.01729769    -0.007947096    -0.09305515    -0.1152897    0.06631092    0.1240084    0.01692201    -0.07520341    -0.06763387    0.0385303    -0.0139711    -0.08075808    0.08430235    -0.09296697    1    -0.2674181    -0.5953015    0.2580198
-0.0006106038    0.04717612    0.06635002    0.01875071    -0.06931756    -0.04515409    0.0214283    0.03479909    0.01918804    -0.02538079    0.02066657    0.06696303    -0.02484923    -0.01928402    -0.03895309    -0.1165317    -0.03882541    0.04670473    -0.06775    0.0765952    -0.5872855    -0.2674181    1    -0.09069658    -0.3813491
0.02774732    -0.04326889    -0.01830727    0.06778943    -0.05824296    0.01661505    -0.0427591    -0.0405237    0.02502245    0.07569078    0.09069551    -0.05048789    -0.04320801    -0.02647303    -0.0006839066    0.06329067    -0.09661622    -0.03906479    0.09827519    -0.03306862    0.1205512    -0.5953015    -0.09069658    1    -0.4833
-0.00179487    -0.0269349    -0.08478977    -0.05689477    0.09940462    -0.08180572    0.01179005    0.009483895    -0.001094818    0.1250716    -0.05447833    0.03211869    -0.007768238    -0.03397779    0.001843406    0.02329751    0.1084896    0.06852279    -0.05132883    -0.07544567    -0.008874198    0.2580198    -0.3813491    -0.4833    1
