1    -0.1946423    -0.4709472    0.235111    -0.02529814    -0.08566339    0.02077572    0.02551791    0.03708786    0.00229714    0.09385781    -0.08776051    -0.1242036    0.03258501    0.0502754    -0.003253133    -0.009992194    -0.0006106038    0.02774732    -0.00179487    -0.02306903    -0.02257848    -0.00329915    0.01303041    -0.000340857
-0.1946423    1    0.005353657    -0.6506694    0.2672641    0.02729262    -0.003498174    0.01101164    0.002570376    -0.05719703    -0.1390567    0.05639625    0.068539    -0.1577087    0.1101471    -0.051045    0.08802882    0.04717612    -0.04326889    -0.0269349    0.005602549    -0.03680413    0.0319904    0.0575555    -0.04738499
-0.4709472    0.005353657    1    0.06514224    -0.5083593    0.03900224    0.02140272    -0.01039284    -0.07307121    0.03432822    -0.1177488    -0.0588366    -0.038929    -0.06430305    0.1876393    -0.02099735    0.09939648    0.06635002    -0.01830727    -0.08478977    0.04527836    0.01276498    -0.01115731    -0.03657144    0.03227499
0.235111    -0.6506694    0.06514224    1    -0.6078586    -0.01128964    0.04635509    -0.002379128    -0.02643029    0.001209666    0.1166931    -0.1987784    -0.2100947    0.158768    0.09811559    0.03723318    -0.04572196    0.01875071    0.06778943    -0.05689477    0.03839176    0.008092684    -0.05395704    -0.02746769    0.04783365
-0.02529814    0.2672641    -0.5083593    -0.6078586    1    -0.002921072    -0.01608019    0.01543202    0.03704312    -0.04123738    -0.04899594    0.2044164    0.2562508    -0.05158134    -0.2554506    0.001573076    -0.01440425    -0.06931756    -0.05824296    0.09940462    -0.03858226    -0.004696596    0.03972183    0.01929935    -0.03458975
-0.08566339    0.02729262    0.03900224    -0.01128964    -0.002921072    1    -0.06409369    -0.6033327    -0.117936    0.005767962    0.04265604    0.004742313    0.009519133    0.002767773    0.008198226    0.07832183    -0.001543651    -0.04515409    0.01661505    -0.08180572    0.007598915    0.01456095    -0.01459661    -0.003319771    -0.01710018
0.02077572    -0.003498174    0.02140272    0.04635509    -0.01608019    -0.06409369    1    -0.09900662    -0.5676348    0.03544622    0.009865752    0.00773829    -0.03855447    -0.001142512    0.01262869    -0.03149223    0.07929445    0.0214283    -0.0427591    0.01179005    0.01692247    0.02917717    0.008233981    -0.06900505    0.001992819
0.02551791    0.01101164    -0.01039284    -0.002379128    0.01543202    -0.6033327    -0.09900662    1    -0.06336199    -0.3576137    -0.01322964    -0.0236998    0.004687712    0.00139574    0.01667518    0.0299431    0.01729769    0.03479909    -0.0405237    0.009483895    -0.01084667    -0.009885302    0.05640804    -0.00089148    -0.05603712
0.03708786    0.002570376    -0.07307121    -0.02643029    0.03704312    -0.117936    -0.5676348    -0.06336199    1    -0.2964738    0.002449875    0.03121991    0.007652858    -0.02627162    -0.0603438    -0.03964216    -0.007947096    0.01918804    0.02502245    -0.001094818    -0.03714263    -0.02476232    -0.003573712    0.03269481    0.007849347
0.00229714    -0.05719703    0.03432822    0.001209666    -0.04123738    0.005767962    0.03544622    -0.3576137    -0.2964738    1    -0.01248673    0.02960454    -0.0002696748    -0.05114572    -0.06488314    -0.04002131    -0.09305515    -0.02538079    0.07569078    0.1250716    0.05275606    0.01668235    -0.07406812    -0.0006279842    0.08257611
0.09385781    -0.1390567    -0.1177488    0.1166931    -0.04899594    0.04265604    0.009865752    -0.01322964    0.002449875    -0.01248673    1    -0.06179415    -0.5939001    -0.1180336    0.02355674    0.05167966    -0.1152897    0.02066657    0.09069551    -0.05447833    0.007482569    0.01891509    -0.01843323    0.01437767    -0.006697406
-0.08776051    0.05639625    -0.0588366    -0.1987784    0.2044164    0.004742313    0.00773829    -0.0236998    0.03121991    0.02960454    -0.06179415    1    -0.1008464    -0.6099681    0.04573424    -0.09588906    0.06631092    0.06696303    -0.05048789    0.03211869    0.03406298    0.01750032    0.002225363    -0.008353258    -0.0243514
-0.1242036    0.068539    -0.038929    -0.2100947    0.2562508    0.009519133    -0.03855447    0.004687712    0.007652858    -0.0002696748    -0.5939001    -0.1008464    1    -0.06423964    -0.3811407    -0.03325535    0.1240084    -0.02484923    -0.04320801    -0.007768238    -0.02401794    0.01400013    0.01876383    -0.00799936    -0.02047109
0.03258501    -0.1577087    -0.06430305    0.158768    -0.05158134    0.002767773    -0.001142512    0.00139574    -0.02627162    -0.05114572    -0.1180336    -0.6099681    -0.06423964    1    -0.2719001    0.05996405    0.01692201    -0.01928402    -0.02647303    -0.03397779    -0.04783721    -0.009089499    0.03052655    -0.00520894    -0.02782029
0.0502754    0.1101471    0.1876393    0.09811559    -0.2554506    0.008198226    0.01262869    0.01667518    -0.0603438    -0.06488314    0.02355674    0.04573424    -0.3811407    -0.2719001    1    0.05134978    -0.07520341    -0.03895309    -0.0006839066    0.001843406    0.02183823    -0.002681004    0.003168661    -7.183558e-05    0.01412672
-0.003253133    -0.051045    -0.02099735    0.03723318    0.001573076    0.07832183    -0.03149223    0.0299431    -0.03964216    -0.04002131    0.05167966    -0.09588906    -0.03325535    0.05996405    0.05134978    1    -0.09296697    -0.5872855    0.1205512    -0.008874198    0.04710214    0.01754277    -0.03626073    -0.004614688    0.001635322
-0.009992194    0.08802882    0.09939648    -0.04572196    -0.01440425    -0.001543651    0.07929445    0.01729769    -0.007947096    -0.09305515    -0.1152897    0.06631092    0.1240084    0.01692201    -0.07520341    -0.09296697    1    -0.2674181    -0.5953015    0.2580198    -0.06038926    -0.02245117    -0.001589754    -0.04749324    0.06409999
-0.0006106038    0.04717612    0.06635002    0.01875071    -0.06931756    -0.04515409    0.0214283    0.03479909    0.01918804    -0.02538079    0.02066657    0.06696303    -0.02484923    -0.01928402    -0.03895309    -0.5872855    -0.2674181    1    -0.09069658    -0.3813491    -0.0387741    -0.0405285    -0.01432079    -0.002247628    0.06114651
0.02774732    -0.04326889    -0.01830727    0.06778943    -0.05824296    0.01661505    -0.0427591    -0.0405237    0.02502245    0.07569078    0.09069551    -0.05048789    -0.04320801    -0.02647303    -0.0006839066    0.1205512    -0.5953015    -0.09069658    1    -0.4833    0.0815159    -0.03339855    -0.008632428    0.08038157    -0.04880244
-0.00179487    -0.0269349    -0.08478977    -0.05689477    0.09940462    -0.08180572    0.01179005    0.009483895    -0.001094818    0.1250716    -0.05447833    0.03211869    -0.007768238    -0.03397779    0.001843406    -0.008874198    0.2580198    -0.3813491    -0.4833    1    -0.0008092788    0.06068607    1.043309e-05    -0.04013991    -0.01363167
-0.02306903    0.005602549    0.04527836    0.03839176    -0.03858226    0.007598915    0.01692247    -0.01084667    -0.03714263    0.05275606    0.007482569    0.03406298    -0.02401794    -0.04783721    0.02183823    0.04710214    -0.06038926    -0.0387741    0.0815159    -0.0008092788    1    -0.07105915    -0.7590877    -0.01713896    0.1621592
-0.02257848    -0.03680413    0.01276498    0.008092684    -0.004696596    0.01456095    0.02917717    -0.009885302    -0.02476232    0.01668235    0.01891509    0.01750032    0.01400013    -0.009089499    -0.002681004    0.01754277    -0.02245117    -0.0405285    -0.03339855    0.06068607    -0.07105915    1    0.1470227    -0.7767391    0.1245049
-0.00329915    0.0319904    -0.01115731    -0.05395704    0.03972183    -0.01459661    0.008233981    0.05640804    -0.003573712    -0.07406812    -0.01843323    0.002225363    0.01876383    0.03052655    0.003168661    -0.03626073    -0.001589754    -0.01432079    -0.008632428    1.043309e-05    -0.7590877    0.1470227    1    0.002426858    -0.537623
0.01303041    0.0575555    -0.03657144    -0.02746769    0.01929935    -0.003319771    -0.06900505    -0.00089148    0.03269481    -0.0006279842    0.01437767    -0.008353258    -0.00799936    -0.00520894    -7.183558e-05    -0.004614688    -0.04749324    -0.002247628    0.08038157    -0.04013991    -0.01713896    -0.7767391    0.002426858    1    -0.5020596
-0.000340857    -0.04738499    0.03227499    0.04783365    -0.03458975    -0.01710018    0.001992819    -0.05603712    0.007849347    0.08257611    -0.006697406    -0.0243514    -0.02047109    -0.02782029    0.01412672    0.001635322    0.06409999    0.06114651    -0.04880244    -0.01363167    0.1621592    0.1245049    -0.537623    -0.5020596    1
