1    -0.1750601    -0.4248295    0.2174913    0.002515153    -0.03238841    0.04783724    -0.02160848    -0.001132487    0.004781861    0.1079122    -0.1208308    -0.1016283    0.02446583    0.01695501    -0.02704097    0.02649808    -0.01492897    -0.02350755    0.01867777    0.08417821    0.03365734    -0.08765574    0.06743536    -0.03421618    0.06621934    -0.1088972    -0.07793142    0.09708115    0.06477236    0.007737359    -0.0496647    0.03343609    0.1082092    -0.09720418    0.06960626    -0.05946263    0.01124724    0.06525906    -0.0422528    -0.03868388    0.02683497    0.02435256    -0.03779789    0.01498125    0.04901338    0.03777627    -0.004170395    -0.02228881    -0.02847023    -0.0324485    0.03713678    -0.01089743    -0.0252368    0.02411072    -0.05807252    0.03968554    0.06534787    -0.04743546    0.0005622251    0.0009747135    0.03327251    -0.05064715    -0.0215638    0.05025186
-0.1750601    1    -0.01491714    -0.6222392    0.2333305    -0.01114538    -0.056802    0.04319913    0.04859191    -0.01306501    -0.1610701    -0.05555202    0.06741579    -0.01584294    0.07706995    -0.03742454    0.05308068    0.02446545    -0.01794528    0.007860983    0.01301839    -0.05051267    -0.03481799    0.08244198    0.04738014    -0.08912375    -0.07692517    0.02483626    0.006941856    0.1031524    -0.04952563    0.07152838    0.0610728    -0.02311315    -0.08404258    0.05904949    -0.003635176    -0.07226143    0.02426811    0.06971675    0.02570057    0.005629873    -0.02206836    0.0267326    -0.01257761    -0.07638673    0.04287444    0.07752935    -0.0354916    -0.03312849    0.06517634    -0.02067189    -0.0349201    0.02311271    -0.007536412    0.04423707    -0.004806135    -0.03297587    0.01730947    0.007689346    0.03858535    -0.04293042    -0.03044503    0.020002    0.0008537819
-0.4248295    -0.01491714    1    0.05952327    -0.5232977    -0.02410398    -0.02140263    0.002887439    -0.02615133    0.04397876    -0.1389593    -0.03479942    -0.02128682    -0.001143197    0.1773051    -0.02309141    -0.02516572    0.05528584    0.06182433    -0.06535056    0.02684463    -0.06595245    -0.01000153    0.01066658    0.06929134    -0.008892919    -0.07442783    -0.04799066    -0.01705087    0.08121752    -0.01840606    0.05351053    0.06291157    -0.03478856    -0.01951604    -0.03717377    -0.0524544    -0.01608579    0.07371991    0.07790413    0.05941823    -0.02345454    -0.03673244    -0.0009793452    0.0164058    -0.02816364    0.07149433    0.05057256    -0.048711    -0.007703355    0.07469758    -0.07160698    -0.04301916    0.03843172    -0.007932219    -0.04625985    -0.100408    -0.005250648    0.07494291    0.0283137    0.002771592    -0.05800285    0.03287454    0.02958227    -0.02717925
0.2174913    -0.6222392    0.05952327    1    -0.5990358    -0.004350109    0.04695518    0.007053844    -0.04386999    -0.0358891    0.1374584    -0.1120579    -0.1576606    0.03290222    0.0470667    0.007989553    -0.03876592    -0.01755944    0.02966799    0.01332508    0.1007842    -0.003344613    -0.07037752    -0.004614059    0.002774564    0.141704    -0.05806259    -0.1313163    0.05721546    0.0411066    -0.00589075    0.02116704    0.02304788    -0.01029791    0.003824369    0.03295568    -0.03238618    -0.03195911    0.05777876    0.04540745    0.01295194    -0.007756155    -0.01507274    -0.04536799    0.0123655    0.0374761    0.01309802    0.003958793    -0.0008711112    -0.02311995    -0.01060321    0.00331427    -0.004962427    -0.03767499    0.01569491    -0.08167457    -0.07163985    0.03220032    0.0405251    0.01582251    0.009905022    0.03889825    -0.01558606    -0.06794439    0.05679076
0.002515153    0.2333305    -0.5232977    -0.5990358    1    0.02357466    -0.006217423    0.004515984    0.02179571    -0.03559496    0.007183483    0.1960142    0.132439    -0.05088529    -0.1721358    0.01251816    0.03036345    -0.04140801    -0.0420534    0.05631704    -0.106741    0.07079975    0.08252189    -0.07358928    -0.04753515    -0.09934181    0.1484838    0.1417193    -0.04974588    -0.1247196    0.03597718    -0.07128305    -0.07965728    0.02026767    0.06539621    -0.05598918    0.07469587    0.06070256    -0.1086727    -0.1021506    0.01103227    0.02341695    -0.00105645    0.003877634    -0.02687516    0.01021374    -0.07437749    -0.04490543    0.04902425    0.003974    -0.0139021    0.006085149    0.01554656    0.001828074    -0.0170674    0.07066949    0.09468897    0.0004590038    -0.07678299    -0.04454572    -0.01513226    -0.03677966    0.009636552    0.05131929    -0.06605082
-0.03238841    -0.01114538    -0.02410398    -0.004350109    0.02357466    1    -0.1946423    -0.4709472    0.235111    -0.02529814    0.04999516    0.06208021    -0.01995253    -0.06661765    -0.0323891    0.09385781    -0.08776051    -0.1242036    0.03258501    0.0502754    0.04644491    -0.0389853    -0.0121119    0.04363976    0.03307405    0.06731654    -0.06647871    -0.02457491    0.08697665    -0.07981959    -0.003253133    -0.009992194    -0.0006106038    0.02774732    -0.00179487    0.04370249    -0.02391211    -0.02552311    0.04000411    0.01861263    -0.05441887    0.03259111    0.042098    -0.01144002    0.01634724    -0.002023299    0.00764351    0.02170665    0.03386528    -0.0341711    -0.05806814    -0.01905838    0.03358171    0.01492308    0.01209968    0.002692811    -0.02284607    -0.02580832    0.004302346    0.03183198    -0.09196398    0.007111502    0.01919093    -0.0115296    0.03615598
0.04783724    -0.056802    -0.02140263    0.04695518    -0.006217423    -0.1946423    1    0.005353657    -0.6506694    0.2672641    -0.01674512    -0.01851354    0.03069296    -0.02914187    0.00799477    -0.1390567    0.05639625    0.068539    -0.1577087    0.1101471    0.1012212    -0.009957278    -0.07720498    -0.0490888    0.03962412    -0.08480226    -0.03535208    0.02558643    -0.05207884    0.1131521    -0.051045    0.08802882    0.04717612    -0.04326889    -0.0269349    0.02430503    -0.06125764    -0.01451888    0.02676009    0.06309214    0.04852323    -0.04285439    0.004806626    0.01411818    -0.07562327    -0.0753247    -0.01936059    0.1058499    0.01495575    -0.03634186    0.04425848    -0.0529086    0.01351094    0.04822084    -0.08463976    0.004567809    -0.02335305    -0.00606119    -0.0009895416    -0.01399939    -0.01949221    -0.04198734    0.02874585    0.03525049    -0.04166531
-0.02160848    0.04319913    0.002887439    0.007053844    0.004515984    -0.4709472    0.005353657    1    0.06514224    -0.5083593    -0.02042022    0.01288188    0.01544832    -0.007161473    0.0140519    -0.1177488    -0.0588366    -0.038929    -0.06430305    0.1876393    0.04635416    -0.05806395    -0.03856506    0.02784477    0.05042768    -0.01373322    -0.03771882    -0.1253563    -0.02811869    0.1803146    -0.02099735    0.09939648    0.06635002    -0.01830727    -0.08478977    0.05158124    -0.0245993    -0.06011067    0.01643522    0.0675262    0.004058885    -0.009180644    -0.03947601    -0.03934062    0.04766085    -0.08187566    0.1260964    0.0744444    -0.08229582    -0.05025464    -0.01245327    0.03746201    0.001815271    -0.07141561    0.04733052    0.02794168    -0.03166912    -0.03269408    0.02370175    0.02345682    0.02641534    -0.02992343    0.002548544    -0.05080884    0.04667453
-0.001132487    0.04859191    -0.02615133    -0.04386999    0.02179571    0.235111    -0.6506694    0.06514224    1    -0.6078586    0.006334508    0.01858058    -0.0336703    0.001419121    0.03690263    0.1166931    -0.1987784    -0.2100947    0.158768    0.09811559    0.009532761    -0.04699024    -0.03107697    0.1385891    0.0276312    0.1406228    -0.08728251    -0.1565472    0.113644    0.02400587    0.03723318    -0.04572196    0.01875071    0.06778943    -0.05689477    0.04406171    -0.03355917    -0.03772896    0.08385934    0.003023485    -0.06069623    0.03151801    0.03092303    -0.04632147    0.05767631    0.09051334    0.07639208    -0.07679546    -0.02277395    -0.01224867    -0.03970691    0.02975632    0.01790455    -0.05704641    0.04815327    -0.06379766    -0.007812445    0.0433122    0.006616718    0.004828605    0.0144666    0.05111462    -0.03096351    -0.06306929    0.04605624
0.004781861    -0.01306501    0.04397876    -0.0358891    -0.03559496    -0.02529814    0.2672641    -0.5083593    -0.6078586    1    -0.03704632    -0.06396964    0.01999468    0.05012336    0.00133042    -0.04899594    0.2044164    0.2562508    -0.05158134    -0.2554506    -0.04923306    0.09537406    0.0359335    -0.1084731    -0.05204156    -0.1326501    0.1034138    0.2141373    -0.05871626    -0.1559781    0.001573076    -0.01440425    -0.06931756    -0.05824296    0.09940462    -0.06877164    0.03305229    0.08397911    -0.07236744    -0.0665572    0.03167666    0.02441669    0.004928975    0.02656286    -0.09268848    -0.009418949    -0.115067    -0.03035186    0.02420408    0.05798563    0.04737169    -0.02647088    -0.03644412    0.05826634    -0.06837055    0.04968352    0.04206381    -0.03280274    -0.01054522    -0.03359252    0.01933827    -0.02711124    0.02084406    0.05430986    -0.08850135
0.1079122    -0.1610701    -0.1389593    0.1374584    0.007183483    0.04999516    -0.01674512    -0.02042022    0.006334508    -0.03704632    1    -0.0653515    -0.7025817    -0.07246449    -0.03990777    0.03780605    -0.01481273    -0.02226548    -0.007613043    0.02113233    0.1580074    -0.003830543    -0.05742862    0.1432287    -0.1397357    0.0459031    -0.04679347    -0.0162912    0.071306    -0.05553205    0.06375699    -0.04526758    -0.08097679    0.08014966    -0.02576871    0.1119487    -0.0306998    -0.02404761    0.1615659    -0.1017869    -0.05735186    -0.03068268    0.03731908    0.0339948    -0.01774125    0.08679149    -0.03097221    -0.0533212    0.06373618    -0.08078072    -0.04656379    -0.02450968    0.06832775    0.05737959    -0.08723703    -0.04538115    0.007239789    0.05762384    -0.03795125    -0.005082973    -0.0211035    -0.02844851    0.04425556    0.03614543    -0.04129023
-0.1208308    -0.05555202    -0.03479942    -0.1120579    0.1960142    0.06208021    -0.01851354    0.01288188    0.01858058    -0.06396964    -0.0653515    1    -0.05452125    -0.5470611    0.1192943    0.02888135    0.07290454    -0.04967516    -0.08799917    0.0392869    -0.2857105    0.1779428    0.1388119    -0.2534226    0.005528445    -0.02125433    0.108748    0.04464735    -0.04977563    -0.06059233    -0.05633923    -0.04876632    -0.003679735    -0.08453883    0.1217872    -0.2691293    0.1216071    0.1612525    -0.2220394    -0.02468432    -0.02122781    -0.03761231    0.01279158    0.04081183    0.01646836    -0.1394204    0.09162075    0.1137017    -0.0947956    -0.003072002    -0.02305848    0.02032462    -0.02303756    -0.008309708    0.05213728    -0.03236139    -0.02749777    -0.0002919384    0.02072212    0.02997351    -0.05571547    0.03124489    -0.005263358    0.01292093    0.0196505
-0.1016283    0.06741579    -0.02128682    -0.1576606    0.132439    -0.01995253    0.03069296    0.01544832    -0.0336703    0.01999468    -0.7025817    -0.05452125    1    0.01906412    -0.3010253    -0.03859815    -0.02588103    0.01661437    0.009023877    0.02334298    -0.2787953    0.1086704    0.1850143    -0.2577934    0.0004285448    -0.02112941    0.05848748    0.03008021    -0.03767364    -0.04752427    -0.05579805    -0.0720603    -0.02120898    -0.01193176    0.1047061    -0.2112911    0.149687    0.1137867    -0.2744241    -0.01365065    -0.007419551    0.04277517    0.002508647    -0.02401571    0.04124434    -0.06724498    0.05987391    0.1114909    -0.01177798    -0.02624548    -0.01388494    0.03191903    -0.02555524    -0.01929723    0.07371488    0.03702329    0.01478587    -0.0471459    0.0235767    0.03450347    -0.01354869    0.02381293    -0.0120049    -0.0008737186    0.03446948
0.02446583    -0.01584294    -0.001143197    0.03290222    -0.05088529    -0.06661765    -0.02914187    -0.007161473    0.001419121    0.05012336    -0.07246449    -0.5470611    0.01906412    1    -0.3474456    -0.009850831    -0.08751963    0.02895423    0.09793057    -0.03073621    0.120506    -0.05642641    0.01836614    0.1239808    -0.1452645    0.0396367    0.02124012    -0.03615557    -0.01981168    0.01135266    0.09615392    -0.04777666    -0.1171323    0.0759059    0.03727543    0.1036328    -0.005337062    -0.02918636    0.1222977    -0.1364391    0.03306556    0.0692363    0.003159733    -0.07714675    0.03158206    0.112694    -0.009092361    -0.04774075    0.1126077    -0.06513158    0.04312793    0.03024446    -0.006829902    -0.03666107    0.01409886    0.0451509    0.04610146    -0.0164992    -0.02344864    0.002177915    0.04149865    0.02677067    -0.03036496    -0.04351334    0.04054505
0.01695501    0.07706995    0.1773051    0.0470667    -0.1721358    -0.0323891    0.00799477    0.0140519    0.03690263    0.00133042    -0.03990777    0.1192943    -0.3010253    -0.3474456    1    -0.0127539    0.04102012    -0.0123815    -0.006952481    0.0208314    0.1153776    -0.08242504    -0.1559821    0.09812624    0.1240957    -0.007595226    -0.02463731    -0.05001719    -0.007893455    0.0855424    -0.03149083    0.1117756    0.114908    -0.02804286    -0.1174122    0.1045796    -0.102774    -0.1068129    0.08444076    0.1738623    -0.008806754    -0.03036565    0.009668594    0.0296788    -0.06149167    -0.0383401    -0.02215446    -0.03365184    -0.07479489    0.1002162    -0.007968931    -0.04523761    0.01878411    0.007284937    -0.02672611    -0.02805334    -0.07359731    -0.008538113    0.04679589    -0.05780668    0.01341937    -0.0240525    0.003897094    -0.01999872    0.009542477
-0.02704097    -0.03742454    -0.02309141    0.007989553    0.01251816    0.09385781    -0.1390567    -0.1177488    0.1166931    -0.04899594    0.03780605    0.02888135    -0.03859815    -0.009850831    -0.0127539    1    -0.06179415    -0.5939001    -0.1180336    0.02355674    0.06340581    -0.02615884    -0.01560779    0.06853683    -0.03082233    0.06777358    -0.03256545    -0.01853442    0.04042199    -0.02486809    0.05167966    -0.1152897    0.02066657    0.09069551    -0.05447833    0.08197752    -0.001425257    -0.03697838    0.03881304    -0.05002561    -0.03065267    -0.01769961    0.05009034    0.0559951    -0.06036414    0.1162023    -0.1066769    -0.1043039    0.1754894    -0.02627036    0.01295838    -0.05850945    -0.01582909    0.09730831    -0.05142728    -0.007379206    0.02073047    0.03440847    -0.0301227    -0.01486017    0.01695272    -0.01407648    -0.03416736    0.06627287    -0.04323028
0.02649808    0.05308068    -0.02516572    -0.03876592    0.03036345    -0.08776051    0.05639625    -0.0588366    -0.1987784    0.2044164    -0.01481273    0.07290454    -0.02588103    -0.08751963    0.04102012    -0.06179415    1    -0.1008464    -0.6099681    0.04573424    -0.006344366    -0.03194891    -0.01817021    -0.0106335    0.1286486    -0.02951339    0.06014817    -0.02418068    -0.01952682    0.03791219    -0.09588906    0.06631092    0.06696303    -0.05048789    0.03211869    0.001560001    -0.07429014    0.02348987    -0.01501669    0.07973867    0.0311435    0.02083692    -0.01284636    5.780415e-05    -0.009904912    -0.09981231    -0.07278751    -0.0120283    -0.04702475    0.1095547    0.0268858    0.04548053    -0.01269761    -0.01923355    -0.01348765    0.04139116    0.02033605    -0.01113191    -0.002083082    -0.02990063    0.05017908    0.03859853    0.0003286684    0.003572982    -0.05133569
-0.01492897    0.02446545    0.05528584    -0.01755944    -0.04140801    -0.1242036    0.068539    -0.038929    -0.2100947    0.2562508    -0.02226548    -0.04967516    0.01661437    0.02895423    -0.0123815    -0.5939001    -0.1008464    1    -0.06423964    -0.3811407    0.03620073    -0.01980161    -0.04540647    0.001084534    0.05734787    -0.05889854    0.0487907    0.07776806    -0.07632229    -0.03763317    -0.03325535    0.1240084    -0.02484923    -0.04320801    -0.007768238    0.01210735    -0.02341492    -0.03505125    0.02170153    0.03176039    0.02020352    0.04184439    -0.005928774    -0.01366671    -0.04291455    -0.08991358    -0.01950374    -0.04552009    -0.1051977    0.1431752    -0.02649808    0.0549    0.02127432    -0.02359991    -0.0332647    0.0221167    -4.600448e-06    -0.04810542    0.00760355    0.01173294    -0.02512137    0.03133349    0.05872744    -0.01318928    -0.05255804
-0.02350755    -0.01794528    0.06182433    0.02966799    -0.0420534    0.03258501    -0.1577087    -0.06430305    0.158768    -0.05158134    -0.007613043    -0.08799917    0.009023877    0.09793057    -0.006952481    -0.1180336    -0.6099681    -0.06423964    1    -0.2719001    0.0458594    -0.0311778    -0.04527184    0.1006763    -0.03528672    0.02962524    -0.01393313    0.02187897    -0.004943796    -0.04511865    0.05996405    0.01692201    -0.01928402    -0.02647303    -0.03397779    0.02191401    -0.0185645    -0.04593798    0.1056719    0.0109211    -0.03616802    0.003565345    0.0312197    -0.02646607    0.004106452    0.156764    -0.07175043    -0.05450183    0.07758917    -0.06221434    -0.02478192    0.005719094    0.04061504    -0.02626131    -0.01754155    -0.01534831    -0.03151472    0.009195833    0.04631385    -0.04398092    -0.002344669    -0.02653181    -0.01451307    -0.00431456    0.01790585
0.01867777    0.007860983    -0.06535056    0.01332508    0.05631704    0.0502754    0.1101471    0.1876393    0.09811559    -0.2554506    0.02113233    0.0392869    0.02334298    -0.03073621    0.0208314    0.02355674    0.04573424    -0.3811407    -0.2719001    1    -0.07940159    0.05775508    0.09229607    -0.09003035    -0.07883023    -0.02088288    -0.08405107    -0.03049155    0.05859478    0.08546537    0.05134978    -0.07520341    -0.03895309    -0.0006839066    0.001843406    -0.09784893    0.06749055    0.06676996    -0.0523314    -0.06221906    0.006714172    -0.0517316    -0.02779441    0.009652567    0.05573689    -0.05389333    0.1836952    0.1530053    -0.0742562    -0.09665735    0.03305312    -0.05874306    -0.01440025    0.004651166    0.0413756    0.01697366    -0.001451602    -0.02147071    0.002502564    0.02865046    -0.01086225    -0.01229876    0.01213007    -0.03356012    0.0535438
0.08417821    0.01301839    0.02684463    0.1007842    -0.106741    0.04644491    0.1012212    0.04635416    0.009532761    -0.04923306    0.1580074    -0.2857105    -0.2787953    0.120506    0.1153776    0.06340581    -0.006344366    0.03620073    0.0458594    -0.07940159    1    0.009148284    -0.5227716    -0.02662411    -0.09164891    0.02034355    -0.09586615    -0.05725513    -0.0001474403    0.1087332    0.07606735    0.05775162    0.07622361    0.09475273    -0.2334871    0.4204961    -0.2341166    -0.2264663    0.4998609    -0.0821902    0.1386391    0.08816061    -0.03314759    -0.1297317    -0.1288084    0.003928312    -0.09536979    -0.1022438    0.04300446    0.06526848    0.005091197    0.02243629    0.05565761    0.01011421    -0.1166541    0.01540491    0.01258068    -0.04976839    -0.002353165    -0.01475874    -0.100262    -0.05876979    0.1153365    0.08746204    -0.01207187
0.03365734    -0.05051267    -0.06595245    -0.003344613    0.07079975    -0.0389853    -0.009957278    -0.05806395    -0.04699024    0.09537406    -0.003830543    0.1779428    0.1086704    -0.05642641    -0.08242504    -0.02615884    -0.03194891    -0.01980161    -0.0311778    0.05775508    0.009148284    1    -0.6390093    -0.4031495    0.1813855    0.03727827    0.01729067    0.03099974    0.03153167    -0.08674941    0.05433498    -0.1205679    -0.08634408    0.08182868    0.06181782    -0.2274046    0.1175345    0.1908151    -0.1545485    -0.1289595    -0.0195929    0.02779592    0.07049557    0.02577592    -0.1272831    -0.03673373    0.02997736    0.03597956    0.05557583    -0.0396891    0.02871934    0.009693684    -0.03261973    0.03209977    -0.02410192    -0.02850811    -0.01029109    -0.0229577    -0.02719403    0.07284148    -0.00643592    0.007629718    -0.04101519    -0.002514353    0.101324
-0.08765574    -0.03481799    -0.01000153    -0.07037752    0.08252189    -0.0121119    -0.07720498    -0.03856506    -0.03107697    0.0359335    -0.05742862    0.1388119    0.1850143    0.01836614    -0.1559821    -0.01560779    -0.01817021    -0.04540647    -0.04527184    0.09229607    -0.5227716    -0.6390093    1    -0.06712646    -0.3321347    -0.0348708    0.05084712    0.01880581    -0.005262894    -0.03888836    -0.02587836    -0.08292315    -0.05816828    -0.04026337    0.1293349    -0.2122947    0.1960092    0.1364153    -0.2960502    -0.07907293    0.02174639    0.003933316    -0.06161711    -0.003440981    0.1605904    0.02102461    0.06224156    0.06430519    -0.05135232    -0.04137148    0.0007899139    0.009874467    -0.008705152    -0.02039757    0.07858117    0.01070721    0.01166231    0.0122022    0.01903576    -0.00407252    0.008517349    0.02727629    0.02599453    0.01829302    -0.0881724
0.06743536    0.08244198    0.01066658    -0.004614059    -0.07358928    0.04363976    -0.0490888    0.02784477    0.1385891    -0.1084731    0.1432287    -0.2534226    -0.2577934    0.1239808    0.09812624    0.06853683    -0.0106335    0.001084534    0.1006763    -0.09003035    -0.02662411    -0.4031495    -0.06712646    1    -0.130076    -0.009991644    -0.06300713    -0.06579267    -0.02954723    0.151162    0.03352394    0.1109262    0.04259428    0.0134009    -0.1259633    0.45942    -0.200229    -0.2124393    0.3807536    -0.0990365    -0.1525124    -0.01174401    0.1347067    0.07572466    -0.02105252    0.05257792    -0.06758326    -0.1293456    -0.03445795    0.09306766    -0.02708129    0.03772605    0.07853927    -0.01878144    -0.07378712    0.0007202085    -0.004232853    0.03530859    -0.05441105    -0.002176541    0.1530265    0.0912724    -0.0306517    -0.1043167    -0.1119837
-0.03421618    0.04738014    0.06929134    0.002774564    -0.04753515    0.03307405    0.03962412    0.05042768    0.0276312    -0.05204156    -0.1397357    0.005528445    0.0004285448    -0.1452645    0.1240957    -0.03082233    0.1286486    0.05734787    -0.03528672    -0.07883023    -0.09164891    0.1813855    -0.3321347    -0.130076    1    -0.0437171    0.05538218    0.07017089    -0.04162291    -0.03214117    -0.1402156    0.1246299    0.149821    -0.1416016    0.01889611    -0.1253436    -0.116752    -0.07265703    -0.0724626    0.4619384    -0.01962446    -0.08758819    -0.1067967    0.02100698    0.1683764    0.000341857    -0.01933043    -0.005115234    0.01220695    0.04194738    -0.00673613    -0.0844615    -0.07383136    0.01516558    0.05537724    0.0539599    -0.01912879    0.00315108    0.06041969    -0.07549291    -0.01698752    -0.09226233    -0.04700224    -0.01030879    -0.02343041
0.06621934    -0.08912375    -0.008892919    0.141704    -0.09934181    0.06731654    -0.08480226    -0.01373322    0.1406228    -0.1326501    0.0459031    -0.02125433    -0.02112941    0.0396367    -0.007595226    0.06777358    -0.02951339    -0.05889854    0.02962524    -0.02088288    0.02034355    0.03727827    -0.0348708    -0.009991644    -0.0437171    1    -0.02954475    -0.6886428    -0.02435365    0.001571975    0.06443082    -0.07015391    -0.05780759    0.1339086    -0.02215292    0.02210497    -0.005625861    0.01153422    -0.01543189    -0.0372272    -0.09162924    0.03798744    0.1165212    -0.007314125    -0.06510241    0.1096161    -0.03679114    -0.09023539    0.1049995    -0.01560174    -0.005726172    -0.05943923    0.03238843    0.1181485    -0.09600679    -0.07745642    -0.02990895    0.03546748    -0.01970455    0.02242412    0.1248173    -0.1155325    -0.1105805    0.1767402    -0.05914807
-0.1088972    -0.07692517    -0.07442783    -0.05806259    0.1484838    -0.06647871    -0.03535208    -0.03771882    -0.08728251    0.1034138    -0.04679347    0.108748    0.05848748    0.02124012    -0.02463731    -0.03256545    0.06014817    0.0487907    -0.01393313    -0.08405107    -0.09586615    0.01729067    0.05084712    -0.06300713    0.05538218    -0.02954475    1    -0.230843    -0.6910545    0.2013255    -0.05546732    -0.002827555    0.02384357    -0.06292279    0.07814099    -0.06562623    0.03405532    0.0243466    -0.0784151    0.05082583    -0.04920301    -0.05762246    0.02099966    0.04462724    0.03819855    -0.08031891    -0.03798509    0.05166643    -0.03317085    0.01942614    -0.08422547    -0.02148169    -0.001140089    -0.02670523    0.1069603    -0.0367918    -0.0182784    0.02924082    0.01024232    -0.006027432    -0.102223    -0.01980947    -0.01923039    -0.07527398    0.1578336
-0.07793142    0.02483626    -0.04799066    -0.1313163    0.1417193    -0.02457491    0.02558643    -0.1253563    -0.1565472    0.2141373    -0.0162912    0.04464735    0.03008021    -0.03615557    -0.05001719    -0.01853442    -0.02418068    0.07776806    0.02187897    -0.03049155    -0.05725513    0.03099974    0.01880581    -0.06579267    0.07017089    -0.6886428    -0.230843    1    -0.006458427    -0.3909671    -0.02648205    0.01348771    -0.001865565    -0.1240855    0.09211669    -0.07607799    -0.001608413    0.04197843    -0.03385146    0.02032892    0.09372042    -0.006732673    -0.09861772    0.0295    0.01024666    -0.1165714    -0.004719445    0.06854383    -0.08891676    0.06255886    0.02240141    0.01033089    -0.05804785    -0.06108805    0.08193496    0.08161761    0.03084409    -0.08449848    -0.003882643    0.04535234    -0.09236206    0.009773263    0.02511242    -0.1310994    0.1178758
0.09708115    0.006941856    -0.01705087    0.05721546    -0.04974588    0.08697665    -0.05207884    -0.02811869    0.113644    -0.05871626    0.071306    -0.04977563    -0.03767364    -0.01981168    -0.007893455    0.04042199    -0.01952682    -0.07632229    -0.004943796    0.05859478    -0.0001474403    0.03153167    -0.005262894    -0.02954723    -0.04162291    -0.02435365    -0.6910545    -0.006458427    1    -0.3307153    0.05139153    -0.03882252    -0.07138099    0.06367587    -0.02674284    -0.03701212    0.004282911    0.02254124    0.008661871    -0.02409745    0.01519089    0.08854756    0.03698186    -0.04423118    -0.05474142    0.1007805    0.02156738    -0.103534    0.03191942    -0.002677041    0.0405404    -0.002027345    0.002981894    0.03780915    -0.06965843    -0.0002650409    -0.0257052    -0.009358238    0.004219955    0.02516631    0.06959323    -0.06669911    -0.02460443    0.11518    -0.08923101
0.06477236    0.1031524    0.08121752    0.0411066    -0.1247196    -0.07981959    0.1131521    0.1803146    0.02400587    -0.1559781    -0.05553205    -0.06059233    -0.04752427    0.01135266    0.0855424    -0.02486809    0.03791219    -0.03763317    -0.04511865    0.08546537    0.1087332    -0.08674941    -0.03888836    0.151162    -0.03214117    0.001571975    0.2013255    -0.3909671    -0.3307153    1    -0.02051223    0.04563923    0.1137046    0.03057345    -0.1325142    0.120062    -0.064261    -0.04854096    0.116031    0.0007749348    -0.01244836    -0.04533453    -0.0184135    -0.01921662    0.05064297    0.0213995    0.03685069    0.01935239    0.02303167    -0.03243195    0.01276683    0.06091751    0.02938047    -0.0394169    -0.03719238    -0.02287751    0.01739392    0.0433569    0.03240768    -0.08110159    0.01616435    0.1203652    0.0702878    -0.007335686    -0.1173098
0.007737359    -0.04952563    -0.01840606    -0.00589075    0.03597718    -0.003253133    -0.051045    -0.02099735    0.03723318    0.001573076    0.06375699    -0.05633923    -0.05579805    0.09615392    -0.03149083    0.05167966    -0.09588906    -0.03325535    0.05996405    0.05134978    0.07606735    0.05433498    -0.02587836    0.03352394    -0.1402156    0.06443082    -0.05546732    -0.02648205    0.05139153    -0.02051223    1    -0.09296697    -0.5872855    0.1205512    -0.008874198    0.02976092    0.01818533    0.009618376    0.06954611    -0.1375378    0.04926505    -0.1176351    -0.03088224    0.1632472    -0.09398396    0.1030662    -0.07605895    -0.06870183    0.09936693    0.01169829    0.09144331    -0.1395352    -0.06685502    0.1552404    -0.05712691    -0.01160578    0.01980098    0.00916651    -0.07285987    0.04993602    0.05763775    -0.1311562    -0.03322864    0.1651721    -0.07828577
-0.0496647    0.07152838    0.05351053    0.02116704    -0.07128305    -0.009992194    0.08802882    0.09939648    -0.04572196    -0.01440425    -0.04526758    -0.04876632    -0.0720603    -0.04777666    0.1117756    -0.1152897    0.06631092    0.1240084    0.01692201    -0.07520341    0.05775162    -0.1205679    -0.08292315    0.1109262    0.1246299    -0.07015391    -0.002827555    0.01348771    -0.03882252    0.04563923    -0.09296697    1    -0.2674181    -0.5953015    0.2580198    0.06570928    -0.1070775    -0.0735188    0.08245047    0.1196483    -0.05184876    0.07176172    -0.03781501    -0.1925416    0.1628168    -0.0996536    0.01994633    0.004172335    -0.05106776    0.08591229    -0.07295513    0.02234999    -0.0474914    -0.163158    0.188544    5.82853e-05    -0.04651183    -0.06603296    0.02542935    0.02941391    -0.07122164    -0.01854234    -0.03378469    -0.1252391    0.1431448
0.03343609    0.0610728    0.06291157    0.02304788    -0.07965728    -0.0006106038    0.04717612    0.06635002    0.01875071    -0.06931756    -0.08097679    -0.003679735    -0.02120898    -0.1171323    0.114908    0.02066657    0.06696303    -0.02484923    -0.01928402    -0.03895309    0.07622361    -0.08634408    -0.05816828    0.04259428    0.149821    -0.05780759    0.02384357    -0.001865565    -0.07138099    0.1137046    -0.5872855    -0.2674181    1    -0.09069658    -0.3813491    0.04360853    -0.1083042    -0.02654665    0.06765148    0.11326    -0.0417618    -0.05885779    -0.1049232    -0.07321295    0.1991867    -0.06550003    0.01167621    -0.00244369    -0.1233466    0.05034909    -0.07749114    -0.00311394    -0.04002052    -0.07562346    0.1360881    0.0008889303    -0.07119673    -0.03015922    0.05364785    0.02568993    -0.06970353    -0.01089588    -0.05592175    -0.1040838    0.1684001
0.1082092    -0.02311315    -0.03478856    -0.01029791    0.02026767    0.02774732    -0.04326889    -0.01830727    0.06778943    -0.05824296    0.08014966    -0.08453883    -0.01193176    0.0759059    -0.02804286    0.09069551    -0.05048789    -0.04320801    -0.02647303    -0.0006839066    0.09475273    0.08182868    -0.04026337    0.0134009    -0.1416016    0.1339086    -0.06292279    -0.1240855    0.06367587    0.03057345    0.1205512    -0.5953015    -0.09069658    1    -0.4833    0.04685137    0.05194265    -0.01272133    0.05252365    -0.08485076    0.05928642    -0.1474505    -0.009321575    0.195102    -0.1106225    0.08055422    -0.09252682    -0.04217377    0.08228877    -0.0396797    0.07003529    -0.1504289    0.001679907    0.2007968    -0.1302686    -0.02764678    0.0317069    0.03524912    -0.05282616    0.04279138    0.07113511    -0.1224206    -0.005190791    0.1784945    -0.09433865
-0.09720418    -0.08404258    -0.01951604    0.003824369    0.06539621    -0.00179487    -0.0269349    -0.08478977    -0.05689477    0.09940462    -0.02576871    0.1217872    0.1047061    0.03727543    -0.1174122    -0.05447833    0.03211869    -0.007768238    -0.03397779    0.001843406    -0.2334871    0.06181782    0.1293349    -0.1259633    0.01889611    -0.02215292    0.07814099    0.09211669    -0.02674284    -0.1325142    -0.008874198    0.2580198    -0.3813491    -0.4833    1    -0.1389066    0.1009307    0.0697749    -0.1891751    0.004837892    -0.007809671    0.1851792    0.1013714    -0.04979448    -0.1077125    -0.04017966    0.08678713    0.08857573    0.01464415    -0.05682052    0.002615327    0.1696826    0.05225146    -0.07208402    -0.05749886    -0.006579247    0.07773688    0.04170448    0.01012504    -0.08038808    -0.005105011    0.1899199    0.08406861    -0.07565051    -0.09136203
0.06960626    0.05904949    -0.03717377    0.03295568    -0.05598918    0.04370249    0.02430503    0.05158124    0.04406171    -0.06877164    0.1119487    -0.2691293    -0.2112911    0.1036328    0.1045796    0.08197752    0.001560001    0.01210735    0.02191401    -0.09784893    0.4204961    -0.2274046    -0.2122947    0.45942    -0.1253436    0.02210497    -0.06562623    -0.07607799    -0.03701212    0.120062    0.02976092    0.06570928    0.04360853    0.04685137    -0.1389066    1    0.1802937    -0.5691702    -0.2002636    -0.1141258    -0.03518199    0.04406992    0.08748384    -0.006565689    -0.09400843    0.006926832    -0.05485113    -0.1206977    -0.02248353    0.09874283    -0.1603644    0.01298608    0.1604654    0.08648642    -0.03671642    0.009782154    0.0202012    0.02121928    -0.0270355    -0.02540858    0.02973779    0.05498523    0.07407697    -0.01060514    -0.09392598
-0.05946263    -0.003635176    -0.0524544    -0.03238618    0.07469587    -0.02391211    -0.06125764    -0.0245993    -0.03355917    0.03305229    -0.0306998    0.1216071    0.149687    -0.005337062    -0.102774    -0.001425257    -0.07429014    -0.02341492    -0.0185645    0.06749055    -0.2341166    0.1175345    0.1960092    -0.200229    -0.116752    -0.005625861    0.03405532    -0.001608413    0.004282911    -0.064261    0.01818533    -0.1070775    -0.1083042    0.05194265    0.1009307    0.1802937    1    -0.712963    -0.5634511    0.2419349    -0.004117329    -0.05887365    0.02810096    0.07208845    -0.01944009    -0.009893346    0.05802443    0.03664878    0.004883361    -0.02681716    -0.02048981    -0.04206599    -0.01845305    0.05780439    0.1025666    -0.0247092    -5.045238e-06    0.02760131    -0.008060462    0.03860986    -0.00674628    0.01408197    0.04352533    0.03240485    -0.03614079
0.01124724    -0.07226143    -0.01608579    -0.03195911    0.06070256    -0.02552311    -0.01451888    -0.06011067    -0.03772896    0.08397911    -0.02404761    0.1612525    0.1137867    -0.02918636    -0.1068129    -0.03697838    0.02348987    -0.03505125    -0.04593798    0.06676996    -0.2264663    0.1908151    0.1364153    -0.2124393    -0.07265703    0.01153422    0.0243466    0.04197843    0.02254124    -0.04854096    0.009618376    -0.0735188    -0.02654665    -0.01272133    0.0697749    -0.5691702    -0.712963    1    0.1600804    -0.4300399    0.004094961    0.08498085    -0.01357486    -0.04992367    0.03569054    -0.006297432    0.02611275    0.0569163    -0.002624584    -0.05054589    0.04503312    0.06082599    -0.01556947    -0.04923939    -0.05356981    0.003597296    0.001566739    -0.03474799    -0.001172043    0.02451777    0.008916974    0.02095433    -0.05981778    -0.02081737    0.05972902
0.06525906    0.02426811    0.07371991    0.05777876    -0.1086727    0.04000411    0.02676009    0.01643522    0.08385934    -0.07236744    0.1615659    -0.2220394    -0.2744241    0.1222977    0.08444076    0.03881304    -0.01501669    0.02170153    0.1056719    -0.0523314    0.4998609    -0.1545485    -0.2960502    0.3807536    -0.0724626    -0.01543189    -0.0784151    -0.03385146    0.008661871    0.116031    0.06954611    0.08245047    0.06765148    0.05252365    -0.1891751    -0.2002636    -0.5634511    0.1600804    1    -0.04550196    0.04088292    0.03016526    -0.01105948    -0.05378308    -0.03262829    0.04406168    -0.09264929    -0.08889166    0.0308862    0.04626276    0.1436854    0.03978726    -0.04075165    -0.09282286    -0.1352477    0.008888669    -0.01208931    -0.03775615    -0.01970504    0.006970709    0.006911928    -0.03437708    0.01492334    0.008254262    -0.02685137
-0.0422528    0.06971675    0.07790413    0.04540745    -0.1021506    0.01861263    0.06309214    0.0675262    0.003023485    -0.0665572    -0.1017869    -0.02468432    -0.01365065    -0.1364391    0.1738623    -0.05002561    0.07973867    0.03176039    0.0109211    -0.06221906    -0.0821902    -0.1289595    -0.07907293    -0.0990365    0.4619384    -0.0372272    0.05082583    0.02032892    -0.02409745    0.0007749348    -0.1375378    0.1196483    0.11326    -0.08485076    0.004837892    -0.1141258    0.2419349    -0.4300399    -0.04550196    1    -0.01434644    -0.1607475    -0.08457745    0.04869665    0.08412436    -0.01690092    0.02321122    0.02356336    -0.002146749    -0.005846807    -0.04299442    -0.1391635    -0.0326559    0.01498628    -0.005949784    0.005409186    -0.009697696    0.03467781    0.052814    -0.08539626    -0.05358654    -0.09921473    -0.02379207    -0.006139206    0.05736875
-0.03868388    0.02570057    0.05941823    0.01295194    0.01103227    -0.05441887    0.04852323    0.004058885    -0.06069623    0.03167666    -0.05735186    -0.02122781    -0.007419551    0.03306556    -0.008806754    -0.03065267    0.0311435    0.02020352    -0.03616802    0.006714172    0.1386391    -0.0195929    0.02174639    -0.1525124    -0.01962446    -0.09162924    -0.04920301    0.09372042    0.01519089    -0.01244836    0.04926505    -0.05184876    -0.0417618    0.05928642    -0.007809671    -0.03518199    -0.004117329    0.004094961    0.04088292    -0.01434644    1    0.05016715    -0.7652618    -0.2164396    0.2527462    -0.0228036    -0.02411838    0.03606677    0.03828862    -0.04145693    0.5959399    0.008867918    -0.4352198    -0.1327181    0.1665932    -0.0522793    -0.0377209    0.01484643    0.05200724    -0.1038063    0.1757093    -0.01902461    -0.08365833    -0.06035079    0.02954738
0.02683497    0.005629873    -0.02345454    -0.007756155    0.02341695    0.03259111    -0.04285439    -0.009180644    0.03151801    0.02441669    -0.03068268    -0.03761231    0.04277517    0.0692363    -0.03036565    -0.01769961    0.02083692    0.04184439    0.003565345    -0.0517316    0.08816061    0.02779592    0.003933316    -0.01174401    -0.08758819    0.03798744    -0.05762246    -0.006732673    0.08854756    -0.04533453    -0.1176351    0.07176172    -0.05885779    -0.1474505    0.1851792    0.04406992    -0.05887365    0.08498085    0.03016526    -0.1607475    0.05016715    1    0.07725506    -0.7808682    0.1179414    0.1262761    0.008030148    -0.05894042    0.0340227    0.00316198    0.03727942    0.5768487    0.003365721    -0.4236526    0.06463427    -0.05951829    -0.01459902    0.009564239    -0.01242605    -0.007176681    0.04511379    0.1572304    -0.01627114    -0.09815471    -0.01748515
0.02435256    -0.02206836    -0.03673244    -0.01507274    -0.00105645    0.042098    0.004806626    -0.03947601    0.03092303    0.004928975    0.03731908    0.01279158    0.002508647    0.003159733    0.009668594    0.05009034    -0.01284636    -0.005928774    0.0312197    -0.02779441    -0.03314759    0.07049557    -0.06161711    0.1347067    -0.1067967    0.1165212    0.02099966    -0.09861772    0.03698186    -0.0184135    -0.03088224    -0.03781501    -0.1049232    -0.009321575    0.1013714    0.08748384    0.02810096    -0.01357486    -0.01105948    -0.08457745    -0.7652618    0.07725506    1    0.210168    -0.6410685    0.06820211    -0.008719703    -0.03070719    0.04692835    -0.01839709    -0.4368008    0.05310049    0.5855373    0.1218832    -0.4151067    0.04282656    0.002688617    -0.01594257    -0.04167077    0.05626838    -0.1032741    0.05570676    0.1396427    0.0561913    -0.1408994
