1    0.009148284    -0.5227716    -0.02662411    -0.09164891    -0.07882301    0.007646385    0.1192401    -0.0343122    -0.09016064    -0.01628689    0.01370384    -0.01937211    -0.009862767    0.005914027    -0.100262    -0.05876979    0.1153365    0.08746204    -0.01207187
0.009148284    1    -0.6390093    -0.4031495    0.1813855    0.0363528    -0.06141078    -0.02327589    0.02080157    0.04933726    0.05351074    -0.009591859    -0.02798242    0.02032603    -0.02388509    -0.00643592    0.007629718    -0.04101519    -0.002514353    0.101324
-0.5227716    -0.6390093    1    -0.06712646    -0.3321347    0.13328    0.008431393    -0.1470135    0.08302932    0.03029962    -0.04015951    -0.02308402    0.01742671    0.01081596    0.03092504    0.008517349    0.02727629    0.02599453    0.01829302    -0.0881724
-0.02662411    -0.4031495    -0.06712646    1    -0.130076    -0.07388538    0.01882861    0.09124265    -0.02663602    -0.06094702    -0.06758    -0.0328287    0.02140417    -0.02079085    0.03788224    0.1530265    0.0912724    -0.0306517    -0.1043167    -0.1119837
-0.09164891    0.1813855    -0.3321347    -0.130076    1    -0.1542298    0.04494515    0.1098803    -0.1195906    0.002665364    0.02998861    0.0727058    0.03456228    -0.02273753    -0.06387105    -0.01698752    -0.09226233    -0.04700224    -0.01030879    -0.02343041
-0.07882301    0.0363528    0.13328    -0.07388538    -0.1542298    1    -0.3425514    -0.24755    0.1688995    0.007790085    -0.004582885    -0.04296578    0.02552021    0.05643201    -0.07085672    -0.08447945    -0.07770937    0.05651413    0.1102664    0.02200722
0.007646385    -0.06141078    0.008431393    0.01882861    0.04494515    -0.3425514    1    -0.6241456    -0.2792986    0.1218277    -0.02692572    0.05480855    0.002903606    -0.06230863    0.03465143    -0.01779192    0.02507684    0.01382804    0.01303361    0.01928556
0.1192401    -0.02327589    -0.1470135    0.09124265    0.1098803    -0.24755    -0.6241456    1    -0.2963397    -0.2330515    0.007017316    -0.04656564    -0.03707781    0.01395382    0.05423006    -0.01887102    0.02595673    0.07922218    0.0074203    -0.1310156
-0.0343122    0.02080157    0.08302932    -0.02663602    -0.1195906    0.1688995    -0.2792986    -0.2963397    1    -0.3314129    -0.01576923    -0.03294314    0.01581278    0.02762851    -0.01828486    0.2354998    0.07558538    -0.1578722    -0.08792805    -0.01408765
-0.09016064    0.04933726    0.03029962    -0.06094702    0.002665364    0.007790085    0.1218277    -0.2330515    -0.3314129    1    0.02676728    0.05069387    0.03062471    0.01187546    -0.07281335    -0.1188029    -0.1060314    0.02790666    -0.02140475    -0.006324006
-0.01628689    0.05351074    -0.04015951    -0.06758    0.02998861    -0.004582885    -0.02692572    0.007017316    -0.01576923    0.02676728    1    0.02908078    -0.7833883    -0.1832564    0.1855046    -0.04770671    -0.06125778    0.04310393    0.08447078    -0.08224589
0.01370384    -0.009591859    -0.02308402    -0.0328287    0.0727058    -0.04296578    0.05480855    -0.04656564    -0.03294314    0.05069387    0.02908078    1    0.1197286    -0.7818992    0.104468    -0.09875956    0.02147977    0.0574648    -0.07599739    0.04724947
-0.01937211    -0.02798242    0.01742671    0.02140417    0.03456228    0.02552021    0.002903606    -0.03707781    0.01581278    0.03062471    -0.7833883    0.1197286    1    0.183956    -0.5796155    0.02061411    0.009775405    -0.05974862    -0.1146549    0.151426
-0.009862767    0.02032603    0.01081596    -0.02079085    -0.02273753    0.05643201    -0.06230863    0.01395382    0.02762851    0.01187546    -0.1832564    -0.7818992    0.183956    1    -0.5016877    0.0992627    -0.08801021    -0.1117138    0.07056019    0.05887932
0.005914027    -0.02388509    0.03092504    0.03788224    -0.06387105    -0.07085672    0.03465143    0.05423006    -0.01828486    -0.07281335    0.1855046    0.104468    -0.5796155    -0.5016877    1    -0.09082348    0.08659771    0.1111492    0.04930926    -0.08575363
-0.100262    -0.00643592    0.008517349    0.1530265    -0.01698752    -0.08447945    -0.01779192    -0.01887102    0.2354998    -0.1188029    -0.04770671    -0.09875956    0.02061411    0.0992627    -0.09082348    1    -0.1376514    -0.6676179    0.09997202    0.0203232
-0.05876979    0.007629718    0.02727629    0.0912724    -0.09226233    -0.07770937    0.02507684    0.02595673    0.07558538    -0.1060314    -0.06125778    0.02147977    0.009775405    -0.08801021    0.08659771    -0.1376514    1    0.03542279    -0.676552    0.1943159
0.1153365    -0.04101519    0.02599453    -0.0306517    -0.04700224    0.05651413    0.01382804    0.07922218    -0.1578722    0.02790666    0.04310393    0.0574648    -0.05974862    -0.1117138    0.1111492    -0.6676179    0.03542279    1    -0.05155417    -0.452103
0.08746204    -0.002514353    0.01829302    -0.1043167    -0.01030879    0.1102664    0.01303361    0.0074203    -0.08792805    -0.02140475    0.08447078    -0.07599739    -0.1146549    0.07056019    0.04930926    0.09997202    -0.676552    -0.05155417    1    -0.5967933
-0.01207187    0.101324    -0.0881724    -0.1119837    -0.02343041    0.02200722    0.01928556    -0.1310156    -0.01408765    -0.006324006    -0.08224589    0.04724947    0.151426    0.05887932    -0.08575363    0.0203232    0.1943159    -0.452103    -0.5967933    1
