1    0.1400241    -0.8017412    -0.2016428    0.2533022    0.1505055    0.01463641    -0.08259465    -0.009590243    0.007012099
0.1400241    1    0.1472722    -0.7823827    0.08175681    0.05029851    0.1195945    -0.03536964    -0.07018548    0.003337377
-0.8017412    0.1472722    1    0.08810614    -0.5706687    -0.1021701    0.0291711    0.1122944    -0.001305928    -0.07595497
-0.2016428    -0.7823827    0.08810614    1    -0.4619127    -0.05785682    -0.09681303    0.07878019    0.09896317    -0.05325679
0.2533022    0.08175681    -0.5706687    -0.4619127    1    -0.004920112    -0.03197663    -0.09976217    -0.03825894    0.2072811
0.1505055    0.05029851    -0.1021701    -0.05785682    -0.004920112    1    -0.1376514    -0.6676179    0.09997202    0.0203232
0.01463641    0.1195945    0.0291711    -0.09681303    -0.03197663    -0.1376514    1    0.03542279    -0.676552    0.1943159
-0.08259465    -0.03536964    0.1122944    0.07878019    -0.09976217    -0.6676179    0.03542279    1    -0.05155417    -0.452103
-0.009590243    -0.07018548    -0.001305928    0.09896317    -0.03825894    0.09997202    -0.676552    -0.05155417    1    -0.5967933
0.007012099    0.003337377    -0.07595497    -0.05325679    0.2072811    0.0203232    0.1943159    -0.452103    -0.5967933    1
