1    -0.1750601    -0.4248295    0.2174913    0.002515153    -0.03238841    0.04783724    -0.02160848    -0.001132487    0.004781861    0.1079122    -0.1208308    -0.1016283    0.02446583    0.01695501    0.08417821    0.03365734    -0.08765574    0.06743536    -0.03421618    0.06960626    -0.05946263    0.01124724    0.06525906    -0.0422528    -0.03868388    0.02683497    0.02435256    -0.03779789    0.01498125    0.04901338    0.03777627    -0.004170395    -0.02228881    -0.02847023    -0.0324485    0.03713678    -0.01089743    -0.0252368    0.02411072    0.0009747135    0.03327251    -0.05064715    -0.0215638    0.05025186
-0.1750601    1    -0.01491714    -0.6222392    0.2333305    -0.01114538    -0.056802    0.04319913    0.04859191    -0.01306501    -0.1610701    -0.05555202    0.06741579    -0.01584294    0.07706995    0.01301839    -0.05051267    -0.03481799    0.08244198    0.04738014    0.05904949    -0.003635176    -0.07226143    0.02426811    0.06971675    0.02570057    0.005629873    -0.02206836    0.0267326    -0.01257761    -0.07638673    0.04287444    0.07752935    -0.0354916    -0.03312849    0.06517634    -0.02067189    -0.0349201    0.02311271    -0.007536412    0.03858535    -0.04293042    -0.03044503    0.020002    0.0008537819
-0.4248295    -0.01491714    1    0.05952327    -0.5232977    -0.02410398    -0.02140263    0.002887439    -0.02615133    0.04397876    -0.1389593    -0.03479942    -0.02128682    -0.001143197    0.1773051    0.02684463    -0.06595245    -0.01000153    0.01066658    0.06929134    -0.03717377    -0.0524544    -0.01608579    0.07371991    0.07790413    0.05941823    -0.02345454    -0.03673244    -0.0009793452    0.0164058    -0.02816364    0.07149433    0.05057256    -0.048711    -0.007703355    0.07469758    -0.07160698    -0.04301916    0.03843172    -0.007932219    0.002771592    -0.05800285    0.03287454    0.02958227    -0.02717925
0.2174913    -0.6222392    0.05952327    1    -0.5990358    -0.004350109    0.04695518    0.007053844    -0.04386999    -0.0358891    0.1374584    -0.1120579    -0.1576606    0.03290222    0.0470667    0.1007842    -0.003344613    -0.07037752    -0.004614059    0.002774564    0.03295568    -0.03238618    -0.03195911    0.05777876    0.04540745    0.01295194    -0.007756155    -0.01507274    -0.04536799    0.0123655    0.0374761    0.01309802    0.003958793    -0.0008711112    -0.02311995    -0.01060321    0.00331427    -0.004962427    -0.03767499    0.01569491    0.009905022    0.03889825    -0.01558606    -0.06794439    0.05679076
0.002515153    0.2333305    -0.5232977    -0.5990358    1    0.02357466    -0.006217423    0.004515984    0.02179571    -0.03559496    0.007183483    0.1960142    0.132439    -0.05088529    -0.1721358    -0.106741    0.07079975    0.08252189    -0.07358928    -0.04753515    -0.05598918    0.07469587    0.06070256    -0.1086727    -0.1021506    0.01103227    0.02341695    -0.00105645    0.003877634    -0.02687516    0.01021374    -0.07437749    -0.04490543    0.04902425    0.003974    -0.0139021    0.006085149    0.01554656    0.001828074    -0.0170674    -0.01513226    -0.03677966    0.009636552    0.05131929    -0.06605082
-0.03238841    -0.01114538    -0.02410398    -0.004350109    0.02357466    1    -0.1946423    -0.4709472    0.235111    -0.02529814    0.04999516    0.06208021    -0.01995253    -0.06661765    -0.0323891    0.04644491    -0.0389853    -0.0121119    0.04363976    0.03307405    0.04370249    -0.02391211    -0.02552311    0.04000411    0.01861263    -0.05441887    0.03259111    0.042098    -0.01144002    0.01634724    -0.002023299    0.00764351    0.02170665    0.03386528    -0.0341711    -0.05806814    -0.01905838    0.03358171    0.01492308    0.01209968    -0.09196398    0.007111502    0.01919093    -0.0115296    0.03615598
0.04783724    -0.056802    -0.02140263    0.04695518    -0.006217423    -0.1946423    1    0.005353657    -0.6506694    0.2672641    -0.01674512    -0.01851354    0.03069296    -0.02914187    0.00799477    0.1012212    -0.009957278    -0.07720498    -0.0490888    0.03962412    0.02430503    -0.06125764    -0.01451888    0.02676009    0.06309214    0.04852323    -0.04285439    0.004806626    0.01411818    -0.07562327    -0.0753247    -0.01936059    0.1058499    0.01495575    -0.03634186    0.04425848    -0.0529086    0.01351094    0.04822084    -0.08463976    -0.01949221    -0.04198734    0.02874585    0.03525049    -0.04166531
-0.02160848    0.04319913    0.002887439    0.007053844    0.004515984    -0.4709472    0.005353657    1    0.06514224    -0.5083593    -0.02042022    0.01288188    0.01544832    -0.007161473    0.0140519    0.04635416    -0.05806395    -0.03856506    0.02784477    0.05042768    0.05158124    -0.0245993    -0.06011067    0.01643522    0.0675262    0.004058885    -0.009180644    -0.03947601    -0.03934062    0.04766085    -0.08187566    0.1260964    0.0744444    -0.08229582    -0.05025464    -0.01245327    0.03746201    0.001815271    -0.07141561    0.04733052    0.02641534    -0.02992343    0.002548544    -0.05080884    0.04667453
-0.001132487    0.04859191    -0.02615133    -0.04386999    0.02179571    0.235111    -0.6506694    0.06514224    1    -0.6078586    0.006334508    0.01858058    -0.0336703    0.001419121    0.03690263    0.009532761    -0.04699024    -0.03107697    0.1385891    0.0276312    0.04406171    -0.03355917    -0.03772896    0.08385934    0.003023485    -0.06069623    0.03151801    0.03092303    -0.04632147    0.05767631    0.09051334    0.07639208    -0.07679546    -0.02277395    -0.01224867    -0.03970691    0.02975632    0.01790455    -0.05704641    0.04815327    0.0144666    0.05111462    -0.03096351    -0.06306929    0.04605624
0.004781861    -0.01306501    0.04397876    -0.0358891    -0.03559496    -0.02529814    0.2672641    -0.5083593    -0.6078586    1    -0.03704632    -0.06396964    0.01999468    0.05012336    0.00133042    -0.04923306    0.09537406    0.0359335    -0.1084731    -0.05204156    -0.06877164    0.03305229    0.08397911    -0.07236744    -0.0665572    0.03167666    0.02441669    0.004928975    0.02656286    -0.09268848    -0.009418949    -0.115067    -0.03035186    0.02420408    0.05798563    0.04737169    -0.02647088    -0.03644412    0.05826634    -0.06837055    0.01933827    -0.02711124    0.02084406    0.05430986    -0.08850135
0.1079122    -0.1610701    -0.1389593    0.1374584    0.007183483    0.04999516    -0.01674512    -0.02042022    0.006334508    -0.03704632    1    -0.0653515    -0.7025817    -0.07246449    -0.03990777    0.1580074    -0.003830543    -0.05742862    0.1432287    -0.1397357    0.1119487    -0.0306998    -0.02404761    0.1615659    -0.1017869    -0.05735186    -0.03068268    0.03731908    0.0339948    -0.01774125    0.08679149    -0.03097221    -0.0533212    0.06373618    -0.08078072    -0.04656379    -0.02450968    0.06832775    0.05737959    -0.08723703    -0.0211035    -0.02844851    0.04425556    0.03614543    -0.04129023
-0.1208308    -0.05555202    -0.03479942    -0.1120579    0.1960142    0.06208021    -0.01851354    0.01288188    0.01858058    -0.06396964    -0.0653515    1    -0.05452125    -0.5470611    0.1192943    -0.2857105    0.1779428    0.1388119    -0.2534226    0.005528445    -0.2691293    0.1216071    0.1612525    -0.2220394    -0.02468432    -0.02122781    -0.03761231    0.01279158    0.04081183    0.01646836    -0.1394204    0.09162075    0.1137017    -0.0947956    -0.003072002    -0.02305848    0.02032462    -0.02303756    -0.008309708    0.05213728    -0.05571547    0.03124489    -0.005263358    0.01292093    0.0196505
-0.1016283    0.06741579    -0.02128682    -0.1576606    0.132439    -0.01995253    0.03069296    0.01544832    -0.0336703    0.01999468    -0.7025817    -0.05452125    1    0.01906412    -0.3010253    -0.2787953    0.1086704    0.1850143    -0.2577934    0.0004285448    -0.2112911    0.149687    0.1137867    -0.2744241    -0.01365065    -0.007419551    0.04277517    0.002508647    -0.02401571    0.04124434    -0.06724498    0.05987391    0.1114909    -0.01177798    -0.02624548    -0.01388494    0.03191903    -0.02555524    -0.01929723    0.07371488    -0.01354869    0.02381293    -0.0120049    -0.0008737186    0.03446948
0.02446583    -0.01584294    -0.001143197    0.03290222    -0.05088529    -0.06661765    -0.02914187    -0.007161473    0.001419121    0.05012336    -0.07246449    -0.5470611    0.01906412    1    -0.3474456    0.120506    -0.05642641    0.01836614    0.1239808    -0.1452645    0.1036328    -0.005337062    -0.02918636    0.1222977    -0.1364391    0.03306556    0.0692363    0.003159733    -0.07714675    0.03158206    0.112694    -0.009092361    -0.04774075    0.1126077    -0.06513158    0.04312793    0.03024446    -0.006829902    -0.03666107    0.01409886    0.04149865    0.02677067    -0.03036496    -0.04351334    0.04054505
0.01695501    0.07706995    0.1773051    0.0470667    -0.1721358    -0.0323891    0.00799477    0.0140519    0.03690263    0.00133042    -0.03990777    0.1192943    -0.3010253    -0.3474456    1    0.1153776    -0.08242504    -0.1559821    0.09812624    0.1240957    0.1045796    -0.102774    -0.1068129    0.08444076    0.1738623    -0.008806754    -0.03036565    0.009668594    0.0296788    -0.06149167    -0.0383401    -0.02215446    -0.03365184    -0.07479489    0.1002162    -0.007968931    -0.04523761    0.01878411    0.007284937    -0.02672611    0.01341937    -0.0240525    0.003897094    -0.01999872    0.009542477
0.08417821    0.01301839    0.02684463    0.1007842    -0.106741    0.04644491    0.1012212    0.04635416    0.009532761    -0.04923306    0.1580074    -0.2857105    -0.2787953    0.120506    0.1153776    1    0.009148284    -0.5227716    -0.02662411    -0.09164891    0.4204961    -0.2341166    -0.2264663    0.4998609    -0.0821902    0.1386391    0.08816061    -0.03314759    -0.1297317    -0.1288084    0.003928312    -0.09536979    -0.1022438    0.04300446    0.06526848    0.005091197    0.02243629    0.05565761    0.01011421    -0.1166541    -0.100262    -0.05876979    0.1153365    0.08746204    -0.01207187
0.03365734    -0.05051267    -0.06595245    -0.003344613    0.07079975    -0.0389853    -0.009957278    -0.05806395    -0.04699024    0.09537406    -0.003830543    0.1779428    0.1086704    -0.05642641    -0.08242504    0.009148284    1    -0.6390093    -0.4031495    0.1813855    -0.2274046    0.1175345    0.1908151    -0.1545485    -0.1289595    -0.0195929    0.02779592    0.07049557    0.02577592    -0.1272831    -0.03673373    0.02997736    0.03597956    0.05557583    -0.0396891    0.02871934    0.009693684    -0.03261973    0.03209977    -0.02410192    -0.00643592    0.007629718    -0.04101519    -0.002514353    0.101324
-0.08765574    -0.03481799    -0.01000153    -0.07037752    0.08252189    -0.0121119    -0.07720498    -0.03856506    -0.03107697    0.0359335    -0.05742862    0.1388119    0.1850143    0.01836614    -0.1559821    -0.5227716    -0.6390093    1    -0.06712646    -0.3321347    -0.2122947    0.1960092    0.1364153    -0.2960502    -0.07907293    0.02174639    0.003933316    -0.06161711    -0.003440981    0.1605904    0.02102461    0.06224156    0.06430519    -0.05135232    -0.04137148    0.0007899139    0.009874467    -0.008705152    -0.02039757    0.07858117    0.008517349    0.02727629    0.02599453    0.01829302    -0.0881724
0.06743536    0.08244198    0.01066658    -0.004614059    -0.07358928    0.04363976    -0.0490888    0.02784477    0.1385891    -0.1084731    0.1432287    -0.2534226    -0.2577934    0.1239808    0.09812624    -0.02662411    -0.4031495    -0.06712646    1    -0.130076    0.45942    -0.200229    -0.2124393    0.3807536    -0.0990365    -0.1525124    -0.01174401    0.1347067    0.07572466    -0.02105252    0.05257792    -0.06758326    -0.1293456    -0.03445795    0.09306766    -0.02708129    0.03772605    0.07853927    -0.01878144    -0.07378712    0.1530265    0.0912724    -0.0306517    -0.1043167    -0.1119837
-0.03421618    0.04738014    0.06929134    0.002774564    -0.04753515    0.03307405    0.03962412    0.05042768    0.0276312    -0.05204156    -0.1397357    0.005528445    0.0004285448    -0.1452645    0.1240957    -0.09164891    0.1813855    -0.3321347    -0.130076    1    -0.1253436    -0.116752    -0.07265703    -0.0724626    0.4619384    -0.01962446    -0.08758819    -0.1067967    0.02100698    0.1683764    0.000341857    -0.01933043    -0.005115234    0.01220695    0.04194738    -0.00673613    -0.0844615    -0.07383136    0.01516558    0.05537724    -0.01698752    -0.09226233    -0.04700224    -0.01030879    -0.02343041
0.06960626    0.05904949    -0.03717377    0.03295568    -0.05598918    0.04370249    0.02430503    0.05158124    0.04406171    -0.06877164    0.1119487    -0.2691293    -0.2112911    0.1036328    0.1045796    0.4204961    -0.2274046    -0.2122947    0.45942    -0.1253436    1    0.1802937    -0.5691702    -0.2002636    -0.1141258    -0.03518199    0.04406992    0.08748384    -0.006565689    -0.09400843    0.006926832    -0.05485113    -0.1206977    -0.02248353    0.09874283    -0.1603644    0.01298608    0.1604654    0.08648642    -0.03671642    0.02973779    0.05498523    0.07407697    -0.01060514    -0.09392598
-0.05946263    -0.003635176    -0.0524544    -0.03238618    0.07469587    -0.02391211    -0.06125764    -0.0245993    -0.03355917    0.03305229    -0.0306998    0.1216071    0.149687    -0.005337062    -0.102774    -0.2341166    0.1175345    0.1960092    -0.200229    -0.116752    0.1802937    1    -0.712963    -0.5634511    0.2419349    -0.004117329    -0.05887365    0.02810096    0.07208845    -0.01944009    -0.009893346    0.05802443    0.03664878    0.004883361    -0.02681716    -0.02048981    -0.04206599    -0.01845305    0.05780439    0.1025666    -0.00674628    0.01408197    0.04352533    0.03240485    -0.03614079
0.01124724    -0.07226143    -0.01608579    -0.03195911    0.06070256    -0.02552311    -0.01451888    -0.06011067    -0.03772896    0.08397911    -0.02404761    0.1612525    0.1137867    -0.02918636    -0.1068129    -0.2264663    0.1908151    0.1364153    -0.2124393    -0.07265703    -0.5691702    -0.712963    1    0.1600804    -0.4300399    0.004094961    0.08498085    -0.01357486    -0.04992367    0.03569054    -0.006297432    0.02611275    0.0569163    -0.002624584    -0.05054589    0.04503312    0.06082599    -0.01556947    -0.04923939    -0.05356981    0.008916974    0.02095433    -0.05981778    -0.02081737    0.05972902
0.06525906    0.02426811    0.07371991    0.05777876    -0.1086727    0.04000411    0.02676009    0.01643522    0.08385934    -0.07236744    0.1615659    -0.2220394    -0.2744241    0.1222977    0.08444076    0.4998609    -0.1545485    -0.2960502    0.3807536    -0.0724626    -0.2002636    -0.5634511    0.1600804    1    -0.04550196    0.04088292    0.03016526    -0.01105948    -0.05378308    -0.03262829    0.04406168    -0.09264929    -0.08889166    0.0308862    0.04626276    0.1436854    0.03978726    -0.04075165    -0.09282286    -0.1352477    0.006911928    -0.03437708    0.01492334    0.008254262    -0.02685137
-0.0422528    0.06971675    0.07790413    0.04540745    -0.1021506    0.01861263    0.06309214    0.0675262    0.003023485    -0.0665572    -0.1017869    -0.02468432    -0.01365065    -0.1364391    0.1738623    -0.0821902    -0.1289595    -0.07907293    -0.0990365    0.4619384    -0.1141258    0.2419349    -0.4300399    -0.04550196    1    -0.01434644    -0.1607475    -0.08457745    0.04869665    0.08412436    -0.01690092    0.02321122    0.02356336    -0.002146749    -0.005846807    -0.04299442    -0.1391635    -0.0326559    0.01498628    -0.005949784    -0.05358654    -0.09921473    -0.02379207    -0.006139206    0.05736875
-0.03868388    0.02570057    0.05941823    0.01295194    0.01103227    -0.05441887    0.04852323    0.004058885    -0.06069623    0.03167666    -0.05735186    -0.02122781    -0.007419551    0.03306556    -0.008806754    0.1386391    -0.0195929    0.02174639    -0.1525124    -0.01962446    -0.03518199    -0.004117329    0.004094961    0.04088292    -0.01434644    1    0.05016715    -0.7652618    -0.2164396    0.2527462    -0.0228036    -0.02411838    0.03606677    0.03828862    -0.04145693    0.5959399    0.008867918    -0.4352198    -0.1327181    0.1665932    0.1757093    -0.01902461    -0.08365833    -0.06035079    0.02954738
0.02683497    0.005629873    -0.02345454    -0.007756155    0.02341695    0.03259111    -0.04285439    -0.009180644    0.03151801    0.02441669    -0.03068268    -0.03761231    0.04277517    0.0692363    -0.03036565    0.08816061    0.02779592    0.003933316    -0.01174401    -0.08758819    0.04406992    -0.05887365    0.08498085    0.03016526    -0.1607475    0.05016715    1    0.07725506    -0.7808682    0.1179414    0.1262761    0.008030148    -0.05894042    0.0340227    0.00316198    0.03727942    0.5768487    0.003365721    -0.4236526    0.06463427    0.04511379    0.1572304    -0.01627114    -0.09815471    -0.01748515
0.02435256    -0.02206836    -0.03673244    -0.01507274    -0.00105645    0.042098    0.004806626    -0.03947601    0.03092303    0.004928975    0.03731908    0.01279158    0.002508647    0.003159733    0.009668594    -0.03314759    0.07049557    -0.06161711    0.1347067    -0.1067967    0.08748384    0.02810096    -0.01357486    -0.01105948    -0.08457745    -0.7652618    0.07725506    1    0.210168    -0.6410685    0.06820211    -0.008719703    -0.03070719    0.04692835    -0.01839709    -0.4368008    0.05310049    0.5855373    0.1218832    -0.4151067    -0.1032741    0.05570676    0.1396427    0.0561913    -0.1408994
-0.03779789    0.0267326    -0.0009793452    -0.04536799    0.003877634    -0.01144002    0.01411818    -0.03934062    -0.04632147    0.02656286    0.0339948    0.04081183    -0.02401571    -0.07714675    0.0296788    -0.1297317    0.02577592    -0.003440981    0.07572466    0.02100698    -0.006565689    0.07208845    -0.04992367    -0.05378308    0.04869665    -0.2164396    -0.7808682    0.210168    1    -0.5415401    -0.08877299    -0.008013395    0.0358176    0.003555783    -0.009995167    -0.1096388    -0.43125    0.1203527    0.5588632    -0.3183744    -0.02245147    -0.0877916    0.04534361    0.128129    -0.06091721
0.01498125    -0.01257761    0.0164058    0.0123655    -0.02687516    0.01634724    -0.07562327    0.04766085    0.05767631    -0.09268848    -0.01774125    0.01646836    0.04124434    0.03158206    -0.06149167    -0.1288084    -0.1272831    0.1605904    -0.02105252    0.1683764    -0.09400843    -0.01944009    0.03569054    -0.03262829    0.08412436    0.2527462    0.1179414    -0.6410685    -0.5415401    1    -0.03913438    0.04666721    0.03043407    -0.09457234    0.05019027    0.08022032    0.03772683    -0.3454525    -0.2947401    0.6483583    -0.06040446    -0.04292855    -0.09685357    -0.04914318    0.253015
0.04901338    -0.07638673    -0.02816364    0.0374761    0.01021374    -0.002023299    -0.0753247    -0.08187566    0.09051334    -0.009418949    0.08679149    -0.1394204    -0.06724498    0.112694    -0.0383401    0.003928312    -0.03673373    0.02102461    0.05257792    0.000341857    0.006926832    -0.009893346    -0.006297432    0.04406168    -0.01690092    -0.0228036    0.1262761    0.06820211    -0.08877299    -0.03913438    1    -0.006012193    -0.5898456    0.08617625    -0.07295721    0.04513517    0.0838474    0.004981297    -0.04607445    -0.0560617    0.1076101    -0.03764536    -0.04524536    0.1007491    -0.131228
0.03777627    0.04287444    0.07149433    0.01309802    -0.07437749    0.00764351    -0.01936059    0.1260964    0.07639208    -0.115067    -0.03097221    0.09162075    0.05987391    -0.009092361    -0.02215446    -0.09536979    0.02997736    0.06224156    -0.06758326    -0.01933043    -0.05485113    0.05802443    0.02611275    -0.09264929    0.02321122    -0.02411838    0.008030148    -0.008719703    -0.008013395    0.04666721    -0.006012193    1    -0.2592951    -0.5895032    0.2392751    -0.04304761    -0.02637004    -0.0545643    0.00307631    0.09466037    -0.07796276    -0.01470101    -0.05955463    -0.07328333    0.1700516
-0.004170395    0.07752935    0.05057256    0.003958793    -0.04490543    0.02170665    0.1058499    0.0744444    -0.07679546    -0.03035186    -0.0533212    0.1137017    0.1114909    -0.04774075    -0.03365184    -0.1022438    0.03597956    0.06430519    -0.1293456    -0.005115234    -0.1206977    0.03664878    0.0569163    -0.08889166    0.02356336    0.03606677    -0.05894042    -0.03070719    0.0358176    0.03043407    -0.5898456    -0.2592951    1    -0.006376612    -0.4396046    -0.00560497    -0.04339688    -0.02578967    -0.02231426    0.1034512    -0.08738423    -0.02926552    -0.05541142    -0.0939214    0.2184909
-0.02228881    -0.0354916    -0.048711    -0.0008711112    0.04902425    0.03386528    0.01495575    -0.08229582    -0.02277395    0.02420408    0.06373618    -0.0947956    -0.01177798    0.1126077    -0.07479489    0.04300446    0.05557583    -0.05135232    -0.03445795    0.01220695    -0.02248353    0.004883361    -0.002624584    0.0308862    -0.002146749    0.03828862    0.0340227    0.04692835    0.003555783    -0.09457234    0.08617625    -0.5895032    -0.006376612    1    -0.4237378    0.06827115    -0.03206706    -0.002291855    0.08712138    -0.1197903    0.05396363    -0.07534543    -0.006880194    0.1585259    -0.1463556
-0.02847023    -0.03312849    -0.007703355    -0.02311995    0.003974    -0.0341711    -0.03634186    -0.05025464    -0.01224867    0.05798563    -0.08078072    -0.003072002    -0.02624548    -0.06513158    0.1002162    0.06526848    -0.0396891    -0.04137148    0.09306766    0.04194738    0.09874283    -0.02681716    -0.05054589    0.04626276    -0.005846807    -0.04145693    0.00316198    -0.01839709    -0.009995167    0.05019027    -0.07295721    0.2392751    -0.4396046    -0.4237378    1    -0.03523438    0.05800906    0.03848337    -0.04156922    0.00269662    0.03271876    0.08872767    0.09144405    -0.03583204    -0.08763128
-0.0324485    0.06517634    0.07469758    -0.01060321    -0.0139021    -0.05806814    0.04425848    -0.01245327    -0.03970691    0.04737169    -0.04656379    -0.02305848    -0.01388494    0.04312793    -0.007968931    0.005091197    0.02871934    0.0007899139    -0.02708129    -0.00673613    -0.1603644    -0.02048981    0.04503312    0.1436854    -0.04299442    0.5959399    0.03727942    -0.4368008    -0.1096388    0.08022032    0.04513517    -0.04304761    -0.00560497    0.06827115    -0.03523438    1    -0.07100112    -0.728322    -0.04729772    0.1596486    0.5977577    -0.08046202    -0.3984988    0.0001008383    0.04818253
0.03713678    -0.02067189    -0.07160698    0.00331427    0.006085149    -0.01905838    -0.0529086    0.03746201    0.02975632    -0.02647088    -0.02450968    0.02032462    0.03191903    0.03024446    -0.04523761    0.02243629    0.009693684    0.009874467    0.03772605    -0.0844615    0.01298608    -0.04206599    0.06082599    0.03978726    -0.1391635    0.008867918    0.5768487    0.05310049    -0.43125    0.03772683    0.0838474    -0.02637004    -0.04339688    -0.03206706    0.05800906    -0.07100112    1    0.0881019    -0.7726396    0.1730508    -0.02102613    0.5589629    0.01665341    -0.4008157    0.09564381
-0.01089743    -0.0349201    -0.04301916    -0.004962427    0.01554656    0.03358171    0.01351094    0.001815271    0.01790455    -0.03644412    0.06832775    -0.02303756    -0.02555524    -0.006829902    0.01878411    0.05565761    -0.03261973    -0.008705152    0.07853927    -0.07383136    0.1604654    -0.01845305    -0.01556947    -0.04075165    -0.0326559    -0.4352198    0.003365721    0.5855373    0.1203527    -0.3454525    0.004981297    -0.0545643    -0.02578967    -0.002291855    0.03848337    -0.728322    0.0881019    1    0.04617607    -0.5515985    -0.4168925    0.06428404    0.5812836    0.01412991    -0.3068639
-0.0252368    0.02311271    0.03843172    -0.03767499    0.001828074    0.01492308    0.04822084    -0.07141561    -0.05704641    0.05826634    0.05737959    -0.008309708    -0.01929723    -0.03666107    0.007284937    0.01011421    0.03209977    -0.02039757    -0.01878144    0.01516558    0.08648642    0.05780439    -0.04923939    -0.09282286    0.01498628    -0.1327181    -0.4236526    0.1218832    0.5588632    -0.2947401    -0.04607445    0.00307631    -0.02231426    0.08712138    -0.04156922    -0.04729772    -0.7726396    0.04617607    1    -0.5459898    0.007878584    -0.412785    0.01791493    0.5618735    -0.3169163
0.02411072    -0.007536412    -0.007932219    0.01569491    -0.0170674    0.01209968    -0.08463976    0.04733052    0.04815327    -0.06837055    -0.08723703    0.05213728    0.07371488    0.01409886    -0.02672611    -0.1166541    -0.02410192    0.07858117    -0.07378712    0.05537724    -0.03671642    0.1025666    -0.05356981    -0.1352477    -0.005949784    0.1665932    0.06463427    -0.4151067    -0.3183744    0.6483583    -0.0560617    0.09466037    0.1034512    -0.1197903    0.00269662    0.1596486    0.1730508    -0.5515985    -0.5459898    1    0.0122435    0.08702397    -0.3026942    -0.3122294    0.6186472
0.0009747135    0.03858535    0.002771592    0.009905022    -0.01513226    -0.09196398    -0.01949221    0.02641534    0.0144666    0.01933827    -0.0211035    -0.05571547    -0.01354869    0.04149865    0.01341937    -0.100262    -0.00643592    0.008517349    0.1530265    -0.01698752    0.02973779    -0.00674628    0.008916974    0.006911928    -0.05358654    0.1757093    0.04511379    -0.1032741    -0.02245147    -0.06040446    0.1076101    -0.07796276    -0.08738423    0.05396363    0.03271876    0.5977577    -0.02102613    -0.4168925    0.007878584    0.0122435    1    -0.1376514    -0.6676179    0.09997202    0.0203232
0.03327251    -0.04293042    -0.05800285    0.03889825    -0.03677966    0.007111502    -0.04198734    -0.02992343    0.05111462    -0.02711124    -0.02844851    0.03124489    0.02381293    0.02677067    -0.0240525    -0.05876979    0.007629718    0.02727629    0.0912724    -0.09226233    0.05498523    0.01408197    0.02095433    -0.03437708    -0.09921473    -0.01902461    0.1572304    0.05570676    -0.0877916    -0.04292855    -0.03764536    -0.01470101    -0.02926552    -0.07534543    0.08872767    -0.08046202    0.5589629    0.06428404    -0.412785    0.08702397    -0.1376514    1    0.03542279    -0.676552    0.1943159
-0.05064715    -0.03044503    0.03287454    -0.01558606    0.009636552    0.01919093    0.02874585    0.002548544    -0.03096351    0.02084406    0.04425556    -0.005263358    -0.0120049    -0.03036496    0.003897094    0.1153365    -0.04101519    0.02599453    -0.0306517    -0.04700224    0.07407697    0.04352533    -0.05981778    0.01492334    -0.02379207    -0.08365833    -0.01627114    0.1396427    0.04534361    -0.09685357    -0.04524536    -0.05955463    -0.05541142    -0.006880194    0.09144405    -0.3984988    0.01665341    0.5812836    0.01791493    -0.3026942    -0.6676179    0.03542279    1    -0.05155417    -0.452103
-0.0215638    0.020002    0.02958227    -0.06794439    0.05131929    -0.0115296    0.03525049    -0.05080884    -0.06306929    0.05430986    0.03614543    0.01292093    -0.0008737186    -0.04351334    -0.01999872    0.08746204    -0.002514353    0.01829302    -0.1043167    -0.01030879    -0.01060514    0.03240485    -0.02081737    0.008254262    -0.006139206    -0.06035079    -0.09815471    0.0561913    0.128129    -0.04914318    0.1007491    -0.07328333    -0.0939214    0.1585259    -0.03583204    0.0001008383    -0.4008157    0.01412991    0.5618735    -0.3122294    0.09997202    -0.676552    -0.05155417    1    -0.5967933
0.05025186    0.0008537819    -0.02717925    0.05679076    -0.06605082    0.03615598    -0.04166531    0.04667453    0.04605624    -0.08850135    -0.04129023    0.0196505    0.03446948    0.04054505    0.009542477    -0.01207187    0.101324    -0.0881724    -0.1119837    -0.02343041    -0.09392598    -0.03614079    0.05972902    -0.02685137    0.05736875    0.02954738    -0.01748515    -0.1408994    -0.06091721    0.253015    -0.131228    0.1700516    0.2184909    -0.1463556    -0.08763128    0.04818253    0.09564381    -0.3068639    -0.3169163    0.6186472    0.0203232    0.1943159    -0.452103    -0.5967933    1
