1    -0.0653515    -0.7025817    -0.07246449    -0.03990777    0.1239674    -0.07089753    -0.02619431    0.07643802    0.01880399    -0.01877491    -0.002536726    -0.0001194373    0.00907822    -0.0308177    0.007099553    0.02733702    -0.05443675    0.005809154    0.05036793    -0.0211035    -0.02844851    0.04425556    0.03614543    -0.04129023
-0.0653515    1    -0.05452125    -0.5470611    0.1192943    0.006670565    -0.02209787    -0.03278482    -0.01332771    0.05799486    0.03781276    -0.01044606    -0.07934641    -0.05251811    0.1051894    0.004822596    -0.01518732    -0.0102655    -0.01851174    0.01752086    -0.05571547    0.03124489    -0.005263358    0.01292093    0.0196505
-0.7025817    -0.05452125    1    0.01906412    -0.3010253    -0.02040162    0.03300264    -0.05692963    -0.0295625    0.04139035    0.007331623    -0.04689646    -0.01242739    0.03791118    0.01096669    -0.004914606    -0.007113497    0.001473684    -0.02597089    0.00983138    -0.01354869    0.02381293    -0.0120049    -0.0008737186    0.03446948
-0.07246449    -0.5470611    0.01906412    1    -0.3474456    0.1331762    -0.04061764    -0.05768512    0.08323573    -0.03061974    -0.02203795    -0.010997    0.0235814    0.02303624    -0.01444551    -0.02173738    0.01739484    0.01787867    -3.967328e-05    -0.02967924    0.04149865    0.02677067    -0.03036496    -0.04351334    0.04054505
-0.03990777    0.1192943    -0.3010253    -0.3474456    1    -0.07219191    0.04413709    0.05102562    -0.04480811    -0.005025426    0.03428278    0.05677509    0.0132068    -0.02251943    -0.03082946    0.04141451    0.01632143    -0.01504354    -0.01318981    0.03223727    0.01341937    -0.0240525    0.003897094    -0.01999872    0.009542477
0.1239674    0.006670565    -0.02040162    0.1331762    -0.07219191    1    -0.3425514    -0.24755    0.1688995    0.007790085    -0.117645    -0.1217612    0.0457179    0.1928327    0.04987837    0.1704847    0.1486006    -0.1184506    -0.149646    0.004453775    -0.08447945    -0.07770937    0.05651413    0.1102664    0.02200722
-0.07089753    -0.02209787    0.03300264    -0.04061764    0.04413709    -0.3425514    1    -0.6241456    -0.2792986    0.1218277    0.04582932    0.08810562    0.02508876    -0.02999201    0.007230208    -0.02690586    0.006442792    0.09219105    0.04895535    -0.1754709    -0.01779192    0.02507684    0.01382804    0.01303361    0.01928556
-0.02619431    -0.03278482    -0.05692963    -0.05768512    0.05102562    -0.24755    -0.6241456    1    -0.2963397    -0.2330515    -0.03037874    -0.006663493    0.05013394    0.003559211    -0.1217067    0.00364856    -0.001524695    -0.02054624    -0.00354238    0.1007749    -0.01887102    0.02595673    0.07922218    0.0074203    -0.1310156
0.07643802    -0.01332771    -0.0295625    0.08323573    -0.04480811    0.1688995    -0.2792986    -0.2963397    1    -0.3314129    0.09585971    0.07331181    -0.06738785    -0.1041663    -0.04926138    -0.06930924    -0.08401437    0.06103516    0.1061077    -0.00217204    0.2354998    0.07558538    -0.1578722    -0.08792805    -0.01408765
0.01880399    0.05799486    0.04139035    -0.03061974    -0.005025426    0.007790085    0.1218277    -0.2330515    -0.3314129    1    -0.05840315    -0.1398412    -0.02974762    0.02582762    -0.01406774    -0.01267065    -0.00614099    -0.1081869    -0.07353396    0.255919    -0.1188029    -0.1060314    0.02790666    -0.02140475    -0.006324006
-0.01877491    0.03781276    0.007331623    -0.02203795    0.03428278    -0.117645    0.04582932    -0.03037874    0.09585971    -0.05840315    1    0.1400241    -0.8017412    -0.2016428    0.2533022    -0.002012322    -0.1455306    0.0351826    0.1631883    -0.1104582    0.1505055    0.01463641    -0.08259465    -0.009590243    0.007012099
-0.002536726    -0.01044606    -0.04689646    -0.010997    0.05677509    -0.1217612    0.08810562    -0.006663493    0.07331181    -0.1398412    0.1400241    1    0.1472722    -0.7823827    0.08175681    -0.1231913    0.04655819    0.1624754    -0.01432585    -0.08539354    0.05029851    0.1195945    -0.03536964    -0.07018548    0.003337377
-0.0001194373    -0.07934641    -0.01242739    0.0235814    0.0132068    0.0457179    0.02508876    0.05013394    -0.06738785    -0.02974762    -0.8017412    0.1472722    1    0.08810614    -0.5706687    -0.002359715    0.1793472    0.01841461    -0.1215831    0.03523815    -0.1021701    0.0291711    0.1122944    -0.001305928    -0.07595497
0.00907822    -0.05251811    0.03791118    0.02303624    -0.02251943    0.1928327    -0.02999201    0.003559211    -0.1041663    0.02582762    -0.2016428    -0.7823827    0.08810614    1    -0.4619127    0.1990772    -0.02414758    -0.1173412    0.02879723    -0.02383739    -0.05785682    -0.09681303    0.07878019    0.09896317    -0.05325679
-0.0308177    0.1051894    0.01096669    -0.01444551    -0.03082946    0.04987837    0.007230208    -0.1217067    -0.04926138    -0.01406774    0.2533022    0.08175681    -0.5706687    -0.4619127    1    -0.07612706    -0.05157777    -0.01153986    -0.02988817    -0.03977894    -0.004920112    -0.03197663    -0.09976217    -0.03825894    0.2072811
0.007099553    0.004822596    -0.004914606    -0.02173738    0.04141451    0.1704847    -0.02690586    0.00364856    -0.06930924    -0.01267065    -0.002012322    -0.1231913    -0.002359715    0.1990772    -0.07612706    1    -0.2296069    -0.743259    0.1712309    0.09838464    0.0856522    -0.04523471    -0.01801394    0.04003625    -0.04664262
0.02733702    -0.01518732    -0.007113497    0.01739484    0.01632143    0.1486006    0.006442792    -0.001524695    -0.08401437    -0.00614099    -0.1455306    0.04655819    0.1793472    -0.02414758    -0.05157777    -0.2296069    1    0.1247282    -0.7481843    0.2853823    -0.005273077    0.02508515    0.01570861    -0.03861038    0.02998282
-0.05443675    -0.0102655    0.001473684    0.01787867    -0.01504354    -0.1184506    0.09219105    -0.02054624    0.06103516    -0.1081869    0.0351826    0.1624754    0.01841461    -0.1173412    -0.01153986    -0.743259    0.1247282    1    -0.1546872    -0.4145793    -0.04089768    0.01373279    0.02227346    -0.03342417    0.01561103
0.005809154    -0.01851174    -0.02597089    -3.967328e-05    -0.01318981    -0.149646    0.04895535    -0.00354238    0.1061077    -0.07353396    0.1631883    -0.01432585    -0.1215831    0.02879723    -0.02988817    0.1712309    -0.7481843    -0.1546872    1    -0.613247    0.02113682    -0.02903033    0.01013477    0.07918532    -0.08067909
0.05036793    0.01752086    0.00983138    -0.02967924    0.03223727    0.004453775    -0.1754709    0.1007749    -0.00217204    0.255919    -0.1104582    -0.08539354    0.03523815    -0.02383739    -0.03977894    0.09838464    0.2853823    -0.4145793    -0.613247    1    -0.03872268    0.03142138    -0.01628364    -0.03578866    0.07470589
-0.0211035    -0.05571547    -0.01354869    0.04149865    0.01341937    -0.08447945    -0.01779192    -0.01887102    0.2354998    -0.1188029    0.1505055    0.05029851    -0.1021701    -0.05785682    -0.004920112    0.0856522    -0.005273077    -0.04089768    0.02113682    -0.03872268    1    -0.1376514    -0.6676179    0.09997202    0.0203232
-0.02844851    0.03124489    0.02381293    0.02677067    -0.0240525    -0.07770937    0.02507684    0.02595673    0.07558538    -0.1060314    0.01463641    0.1195945    0.0291711    -0.09681303    -0.03197663    -0.04523471    0.02508515    0.01373279    -0.02903033    0.03142138    -0.1376514    1    0.03542279    -0.676552    0.1943159
0.04425556    -0.005263358    -0.0120049    -0.03036496    0.003897094    0.05651413    0.01382804    0.07922218    -0.1578722    0.02790666    -0.08259465    -0.03536964    0.1122944    0.07878019    -0.09976217    -0.01801394    0.01570861    0.02227346    0.01013477    -0.01628364    -0.6676179    0.03542279    1    -0.05155417    -0.452103
0.03614543    0.01292093    -0.0008737186    -0.04351334    -0.01999872    0.1102664    0.01303361    0.0074203    -0.08792805    -0.02140475    -0.009590243    -0.07018548    -0.001305928    0.09896317    -0.03825894    0.04003625    -0.03861038    -0.03342417    0.07918532    -0.03578866    0.09997202    -0.676552    -0.05155417    1    -0.5967933
-0.04129023    0.0196505    0.03446948    0.04054505    0.009542477    0.02200722    0.01928556    -0.1310156    -0.01408765    -0.006324006    0.007012099    0.003337377    -0.07595497    -0.05325679    0.2072811    -0.04664262    0.02998282    0.01561103    -0.08067909    0.07470589    0.0203232    0.1943159    -0.452103    -0.5967933    1
