1    -0.1750601    -0.4248295    0.2174913    0.002515153    0.08417821    0.03365734    -0.08765574    0.06743536    -0.03421618    0.1062739    -0.04173183    -0.06669368    0.0707084    0.03126267    0.0009747135    0.03327251    -0.05064715    -0.0215638    0.05025186
-0.1750601    1    -0.01491714    -0.6222392    0.2333305    0.01301839    -0.05051267    -0.03481799    0.08244198    0.04738014    -0.01884409    0.02837125    -0.05689195    -0.01663733    0.04394241    0.03858535    -0.04293042    -0.03044503    0.020002    0.0008537819
-0.4248295    -0.01491714    1    0.05952327    -0.5232977    0.02684463    -0.06595245    -0.01000153    0.01066658    0.06929134    0.0492766    -0.06421367    -0.03536227    0.01248344    0.06460526    0.002771592    -0.05800285    0.03287454    0.02958227    -0.02717925
0.2174913    -0.6222392    0.05952327    1    -0.5990358    0.1007842    -0.003344613    -0.07037752    -0.004614059    0.002774564    0.1399626    -0.08823668    -0.08628976    0.1332735    0.0390444    0.009905022    0.03889825    -0.01558606    -0.06794439    0.05679076
0.002515153    0.2333305    -0.5232977    -0.5990358    1    -0.106741    0.07079975    0.08252189    -0.07358928    -0.04753515    -0.171295    0.116167    0.1020139    -0.1270012    -0.03871811    -0.01513226    -0.03677966    0.009636552    0.05131929    -0.06605082
0.08417821    0.01301839    0.02684463    0.1007842    -0.106741    1    0.009148284    -0.5227716    -0.02662411    -0.09164891    -0.07882301    0.007646385    0.1192401    -0.0343122    -0.09016064    -0.100262    -0.05876979    0.1153365    0.08746204    -0.01207187
0.03365734    -0.05051267    -0.06595245    -0.003344613    0.07079975    0.009148284    1    -0.6390093    -0.4031495    0.1813855    0.0363528    -0.06141078    -0.02327589    0.02080157    0.04933726    -0.00643592    0.007629718    -0.04101519    -0.002514353    0.101324
-0.08765574    -0.03481799    -0.01000153    -0.07037752    0.08252189    -0.5227716    -0.6390093    1    -0.06712646    -0.3321347    0.13328    0.008431393    -0.1470135    0.08302932    0.03029962    0.008517349    0.02727629    0.02599453    0.01829302    -0.0881724
0.06743536    0.08244198    0.01066658    -0.004614059    -0.07358928    -0.02662411    -0.4031495    -0.06712646    1    -0.130076    -0.07388538    0.01882861    0.09124265    -0.02663602    -0.06094702    0.1530265    0.0912724    -0.0306517    -0.1043167    -0.1119837
-0.03421618    0.04738014    0.06929134    0.002774564    -0.04753515    -0.09164891    0.1813855    -0.3321347    -0.130076    1    -0.1542298    0.04494515    0.1098803    -0.1195906    0.002665364    -0.01698752    -0.09226233    -0.04700224    -0.01030879    -0.02343041
0.1062739    -0.01884409    0.0492766    0.1399626    -0.171295    -0.07882301    0.0363528    0.13328    -0.07388538    -0.1542298    1    -0.3425514    -0.24755    0.1688995    0.007790085    -0.08447945    -0.07770937    0.05651413    0.1102664    0.02200722
-0.04173183    0.02837125    -0.06421367    -0.08823668    0.116167    0.007646385    -0.06141078    0.008431393    0.01882861    0.04494515    -0.3425514    1    -0.6241456    -0.2792986    0.1218277    -0.01779192    0.02507684    0.01382804    0.01303361    0.01928556
-0.06669368    -0.05689195    -0.03536227    -0.08628976    0.1020139    0.1192401    -0.02327589    -0.1470135    0.09124265    0.1098803    -0.24755    -0.6241456    1    -0.2963397    -0.2330515    -0.01887102    0.02595673    0.07922218    0.0074203    -0.1310156
0.0707084    -0.01663733    0.01248344    0.1332735    -0.1270012    -0.0343122    0.02080157    0.08302932    -0.02663602    -0.1195906    0.1688995    -0.2792986    -0.2963397    1    -0.3314129    0.2354998    0.07558538    -0.1578722    -0.08792805    -0.01408765
0.03126267    0.04394241    0.06460526    0.0390444    -0.03871811    -0.09016064    0.04933726    0.03029962    -0.06094702    0.002665364    0.007790085    0.1218277    -0.2330515    -0.3314129    1    -0.1188029    -0.1060314    0.02790666    -0.02140475    -0.006324006
0.0009747135    0.03858535    0.002771592    0.009905022    -0.01513226    -0.100262    -0.00643592    0.008517349    0.1530265    -0.01698752    -0.08447945    -0.01779192    -0.01887102    0.2354998    -0.1188029    1    -0.1376514    -0.6676179    0.09997202    0.0203232
0.03327251    -0.04293042    -0.05800285    0.03889825    -0.03677966    -0.05876979    0.007629718    0.02727629    0.0912724    -0.09226233    -0.07770937    0.02507684    0.02595673    0.07558538    -0.1060314    -0.1376514    1    0.03542279    -0.676552    0.1943159
-0.05064715    -0.03044503    0.03287454    -0.01558606    0.009636552    0.1153365    -0.04101519    0.02599453    -0.0306517    -0.04700224    0.05651413    0.01382804    0.07922218    -0.1578722    0.02790666    -0.6676179    0.03542279    1    -0.05155417    -0.452103
-0.0215638    0.020002    0.02958227    -0.06794439    0.05131929    0.08746204    -0.002514353    0.01829302    -0.1043167    -0.01030879    0.1102664    0.01303361    0.0074203    -0.08792805    -0.02140475    0.09997202    -0.676552    -0.05155417    1    -0.5967933
0.05025186    0.0008537819    -0.02717925    0.05679076    -0.06605082    -0.01207187    0.101324    -0.0881724    -0.1119837    -0.02343041    0.02200722    0.01928556    -0.1310156    -0.01408765    -0.006324006    0.0203232    0.1943159    -0.452103    -0.5967933    1
