1    -0.07097652    -0.6286305    -0.03675972    0.02730792    -0.008896891    0.009869074    0.003122145    -0.009680778    0.02362222
-0.07097652    1    -0.0791724    -0.5835572    0.1192374    -0.06359591    0.008297618    0.01793905    0.005015956    0.02436472
-0.6286305    -0.0791724    1    -0.02143606    -0.3763256    -0.01497102    0.03701657    -0.02526247    0.02080239    0.01459992
-0.03675972    -0.5835572    -0.02143606    1    -0.4130093    0.03168262    -0.01068729    0.01469403    0.002564623    -0.02624095
0.02730792    0.1192374    -0.3763256    -0.4130093    1    0.007275371    -0.05941935    -0.0005473347    -0.009962569    -0.004733897
-0.008896891    -0.06359591    -0.01497102    0.03168262    0.007275371    1    -0.1376514    -0.6676179    0.09997202    0.0203232
0.009869074    0.008297618    0.03701657    -0.01068729    -0.05941935    -0.1376514    1    0.03542279    -0.676552    0.1943159
0.003122145    0.01793905    -0.02526247    0.01469403    -0.0005473347    -0.6676179    0.03542279    1    -0.05155417    -0.452103
-0.009680778    0.005015956    0.02080239    0.002564623    -0.009962569    0.09997202    -0.676552    -0.05155417    1    -0.5967933
0.02362222    0.02436472    0.01459992    -0.02624095    -0.004733897    0.0203232    0.1943159    -0.452103    -0.5967933    1
