1    -0.3425514    -0.24755    0.1688995    0.007790085    0.05389543    -0.04041079    -0.07738388    0.0345248    0.05482764    -0.08447945    -0.07770937    0.05651413    0.1102664    0.02200722
-0.3425514    1    -0.6241456    -0.2792986    0.1218277    -0.0578075    0.00617488    0.07724433    -0.001794454    -0.04895622    -0.01779192    0.02507684    0.01382804    0.01303361    0.01928556
-0.24755    -0.6241456    1    -0.2963397    -0.2330515    0.01083277    0.0509241    0.004399219    -0.04552222    -0.007806166    -0.01887102    0.02595673    0.07922218    0.0074203    -0.1310156
0.1688995    -0.2792986    -0.2963397    1    -0.3314129    0.01160255    -0.06977074    -0.06388856    0.02241983    0.07978027    0.2354998    0.07558538    -0.1578722    -0.08792805    -0.01408765
0.007790085    0.1218277    -0.2330515    -0.3314129    1    0.01080253    -0.01518604    0.01995498    0.03607049    -0.04102867    -0.1188029    -0.1060314    0.02790666    -0.02140475    -0.006324006
0.05389543    -0.0578075    0.01083277    0.01160255    0.01080253    1    -0.02954475    -0.6886428    -0.02435365    0.001571975    0.1248173    -0.1155325    -0.1105805    0.1767402    -0.05914807
-0.04041079    0.00617488    0.0509241    -0.06977074    -0.01518604    -0.02954475    1    -0.230843    -0.6910545    0.2013255    -0.102223    -0.01980947    -0.01923039    -0.07527398    0.1578336
-0.07738388    0.07724433    0.004399219    -0.06388856    0.01995498    -0.6886428    -0.230843    1    -0.006458427    -0.3909671    -0.09236206    0.009773263    0.02511242    -0.1310994    0.1178758
0.0345248    -0.001794454    -0.04552222    0.02241983    0.03607049    -0.02435365    -0.6910545    -0.006458427    1    -0.3307153    0.06959323    -0.06669911    -0.02460443    0.11518    -0.08923101
0.05482764    -0.04895622    -0.007806166    0.07978027    -0.04102867    0.001571975    0.2013255    -0.3909671    -0.3307153    1    0.01616435    0.1203652    0.0702878    -0.007335686    -0.1173098
-0.08447945    -0.01779192    -0.01887102    0.2354998    -0.1188029    0.1248173    -0.102223    -0.09236206    0.06959323    0.01616435    1    -0.1376514    -0.6676179    0.09997202    0.0203232
-0.07770937    0.02507684    0.02595673    0.07558538    -0.1060314    -0.1155325    -0.01980947    0.009773263    -0.06669911    0.1203652    -0.1376514    1    0.03542279    -0.676552    0.1943159
0.05651413    0.01382804    0.07922218    -0.1578722    0.02790666    -0.1105805    -0.01923039    0.02511242    -0.02460443    0.0702878    -0.6676179    0.03542279    1    -0.05155417    -0.452103
0.1102664    0.01303361    0.0074203    -0.08792805    -0.02140475    0.1767402    -0.07527398    -0.1310994    0.11518    -0.007335686    0.09997202    -0.676552    -0.05155417    1    -0.5967933
0.02200722    0.01928556    -0.1310156    -0.01408765    -0.006324006    -0.05914807    0.1578336    0.1178758    -0.08923101    -0.1173098    0.0203232    0.1943159    -0.452103    -0.5967933    1
