1    -0.07097652    -0.6286305    -0.03675972    0.02730792    0.1778885    0.00717446    -0.06966884    0.1006371    -0.1237649    0.1542303    -0.02729109    -0.08499181    0.08955012    -0.008501484    0.03837652    0.01464196    -0.03183952    -0.0231665    0.01720788    -0.008896891    0.009869074    0.003122145    -0.009680778    0.02362222
-0.07097652    1    -0.0791724    -0.5835572    0.1192374    -0.2540631    0.151082    0.1295091    -0.2500666    0.02273659    -0.006522141    -0.0156419    -0.03070145    -0.00761652    0.05827384    -0.05783462    0.04251286    0.0109579    -0.0234941    0.0474961    -0.06359591    0.008297618    0.01793905    0.005015956    0.02436472
-0.6286305    -0.0791724    1    -0.02143606    -0.3763256    -0.3011262    0.1388002    0.185191    -0.2571499    -0.0143701    -0.01294212    0.01936323    -0.04985623    -0.03461651    0.04513755    -0.01925285    0.01345457    0.04476694    0.0005493306    -0.02698693    -0.01497102    0.03701657    -0.02526247    0.02080239    0.01459992
-0.03675972    -0.5835572    -0.02143606    1    -0.4130093    0.1024341    -0.06965533    0.03474495    0.1717003    -0.1713955    0.1083171    -0.08387857    -0.002272007    0.07020876    -0.001825924    0.002542452    -0.06384683    0.02770382    0.06917097    -0.04429185    0.03168262    -0.01068729    0.01469403    0.002564623    -0.02624095
0.02730792    0.1192374    -0.3763256    -0.4130093    1    0.1499142    -0.1047348    -0.1695954    0.08973327    0.1954571    -0.1379491    0.07961261    0.0781259    -0.06960334    -0.02316791    -0.003156654    0.022004    -0.03299915    -0.02912227    0.01831258    0.007275371    -0.05941935    -0.0005473347    -0.009962569    -0.004733897
0.1778885    -0.2540631    -0.3011262    0.1024341    0.1499142    1    0.009148284    -0.5227716    -0.02662411    -0.09164891    -0.07882301    0.007646385    0.1192401    -0.0343122    -0.09016064    0.03516326    -0.0736607    -0.09286372    0.009222585    0.06892707    -0.100262    -0.05876979    0.1153365    0.08746204    -0.01207187
0.00717446    0.151082    0.1388002    -0.06965533    -0.1047348    0.009148284    1    -0.6390093    -0.4031495    0.1813855    0.0363528    -0.06141078    -0.02327589    0.02080157    0.04933726    0.01072083    -0.0190577    -0.03371766    -0.02416454    0.03808288    -0.00643592    0.007629718    -0.04101519    -0.002514353    0.101324
-0.06966884    0.1295091    0.185191    0.03474495    -0.1695954    -0.5227716    -0.6390093    1    -0.06712646    -0.3321347    0.13328    0.008431393    -0.1470135    0.08302932    0.03029962    -0.05773052    0.04677782    0.08727584    0.01561111    -0.04863121    0.008517349    0.02727629    0.02599453    0.01829302    -0.0881724
0.1006371    -0.2500666    -0.2571499    0.1717003    0.08973327    -0.02662411    -0.4031495    -0.06712646    1    -0.130076    -0.07388538    0.01882861    0.09124265    -0.02663602    -0.06094702    0.04500068    -0.03100721    -0.05463955    -0.0003248221    0.01787668    0.1530265    0.0912724    -0.0306517    -0.1043167    -0.1119837
-0.1237649    0.02273659    -0.0143701    -0.1713955    0.1954571    -0.09164891    0.1813855    -0.3321347    -0.130076    1    -0.1542298    0.04494515    0.1098803    -0.1195906    0.002665364    -0.02445379    0.07231441    0.06902858    -0.03180805    -0.05570177    -0.01698752    -0.09226233    -0.04700224    -0.01030879    -0.02343041
0.1542303    -0.006522141    -0.01294212    0.1083171    -0.1379491    -0.07882301    0.0363528    0.13328    -0.07388538    -0.1542298    1    -0.3425514    -0.24755    0.1688995    0.007790085    0.02901511    -0.005855489    -0.03062845    -0.009909169    0.01139331    -0.08447945    -0.07770937    0.05651413    0.1102664    0.02200722
-0.02729109    -0.0156419    0.01936323    -0.08387857    0.07961261    0.007646385    -0.06141078    0.008431393    0.01882861    0.04494515    -0.3425514    1    -0.6241456    -0.2792986    0.1218277    -0.02392559    -0.04965056    0.01132815    0.03570315    -0.003304345    -0.01779192    0.02507684    0.01382804    0.01303361    0.01928556
-0.08499181    -0.03070145    -0.04985623    -0.002272007    0.0781259    0.1192401    -0.02327589    -0.1470135    0.09124265    0.1098803    -0.24755    -0.6241456    1    -0.2963397    -0.2330515    0.002630206    -0.03693125    -0.02631473    0.01795838    0.009025377    -0.01887102    0.02595673    0.07922218    0.0074203    -0.1310156
0.08955012    -0.00761652    -0.03461651    0.07020876    -0.06960334    -0.0343122    0.02080157    0.08302932    -0.02663602    -0.1195906    0.1688995    -0.2792986    -0.2963397    1    -0.3314129    0.02855622    0.04183903    -0.0376764    -0.0668836    0.05776846    0.2354998    0.07558538    -0.1578722    -0.08792805    -0.01408765
-0.008501484    0.05827384    0.04513755    -0.001825924    -0.02316791    -0.09016064    0.04933726    0.03029962    -0.06094702    0.002665364    0.007790085    0.1218277    -0.2330515    -0.3314129    1    -0.02732812    0.08717869    0.08234134    -0.003210931    -0.06594606    -0.1188029    -0.1060314    0.02790666    -0.02140475    -0.006324006
0.03837652    -0.05783462    -0.01925285    0.002542452    -0.003156654    0.03516326    0.01072083    -0.05773052    0.04500068    -0.02445379    0.02901511    -0.02392559    0.002630206    0.02855622    -0.02732812    1    0.1113    -0.7716235    -0.2948739    0.2616917    0.1896235    0.05061179    -0.1184294    -0.0748676    0.04929889
0.01464196    0.04251286    0.01345457    -0.06384683    0.022004    -0.0736607    -0.0190577    0.04677782    -0.03100721    0.07231441    -0.005855489    -0.04965056    -0.03693125    0.04183903    0.08717869    0.1113    1    0.1167179    -0.7951628    0.1122501    0.02308711    0.1659117    -0.0458403    -0.1726403    0.0949835
-0.03183952    0.0109579    0.04476694    0.02770382    -0.03299915    -0.09286372    -0.03371766    0.08727584    -0.05463955    0.06902858    -0.03062845    0.01132815    -0.02631473    -0.0376764    0.08234134    -0.7716235    0.1167179    1    0.2636114    -0.66048    -0.1397133    0.01043808    0.1574417    0.02809964    -0.09859233
-0.0231665    -0.0234941    0.0005493306    0.06917097    -0.02912227    0.009222585    -0.02416454    0.01561111    -0.0003248221    -0.03180805    -0.009909169    0.03570315    0.01795838    -0.0668836    -0.003210931    -0.2948739    -0.7951628    0.2636114    1    -0.5298588    -0.0778675    -0.1371504    0.114669    0.2094833    -0.1530774
0.01720788    0.0474961    -0.02698693    -0.04429185    0.01831258    0.06892707    0.03808288    -0.04863121    0.01787668    -0.05570177    0.01139331    -0.003304345    0.009025377    0.05776846    -0.06594606    0.2616917    0.1122501    -0.66048    -0.5298588    1    0.02978344    0.02352367    -0.1501051    -0.07216762    0.2179818
-0.008896891    -0.06359591    -0.01497102    0.03168262    0.007275371    -0.100262    -0.00643592    0.008517349    0.1530265    -0.01698752    -0.08447945    -0.01779192    -0.01887102    0.2354998    -0.1188029    0.1896235    0.02308711    -0.1397133    -0.0778675    0.02978344    1    -0.1376514    -0.6676179    0.09997202    0.0203232
0.009869074    0.008297618    0.03701657    -0.01068729    -0.05941935    -0.05876979    0.007629718    0.02727629    0.0912724    -0.09226233    -0.07770937    0.02507684    0.02595673    0.07558538    -0.1060314    0.05061179    0.1659117    0.01043808    -0.1371504    0.02352367    -0.1376514    1    0.03542279    -0.676552    0.1943159
0.003122145    0.01793905    -0.02526247    0.01469403    -0.0005473347    0.1153365    -0.04101519    0.02599453    -0.0306517    -0.04700224    0.05651413    0.01382804    0.07922218    -0.1578722    0.02790666    -0.1184294    -0.0458403    0.1574417    0.114669    -0.1501051    -0.6676179    0.03542279    1    -0.05155417    -0.452103
-0.009680778    0.005015956    0.02080239    0.002564623    -0.009962569    0.08746204    -0.002514353    0.01829302    -0.1043167    -0.01030879    0.1102664    0.01303361    0.0074203    -0.08792805    -0.02140475    -0.0748676    -0.1726403    0.02809964    0.2094833    -0.07216762    0.09997202    -0.676552    -0.05155417    1    -0.5967933
0.02362222    0.02436472    0.01459992    -0.02624095    -0.004733897    -0.01207187    0.101324    -0.0881724    -0.1119837    -0.02343041    0.02200722    0.01928556    -0.1310156    -0.01408765    -0.006324006    0.04929889    0.0949835    -0.09859233    -0.1530774    0.2179818    0.0203232    0.1943159    -0.452103    -0.5967933    1
