3.924155e-06    -1.684096e-07    -2.334304e-06    -5.472707e-07    7.053083e-08    5.640626e-09    -3.4865e-08    2.739396e-08    5.650298e-08    -3.679691e-10
-1.684096e-07    3.96229e-06    -4.396727e-07    -2.460379e-06    2.04513e-07    9.970981e-08    4.347579e-08    -7.500163e-08    -1.15496e-08    -8.344061e-08
-2.334304e-06    -4.396727e-07    3.884889e-06    -1.64963e-07    -1.149445e-06    -2.22931e-08    6.962436e-08    7.017221e-08    -1.932709e-08    -1.727612e-07
-5.472707e-07    -2.460379e-06    -1.64963e-07    4.069895e-06    -9.110307e-07    4.537713e-09    2.63184e-08    4.464845e-08    -7.978124e-08    5.456145e-09
7.053083e-08    2.04513e-07    -1.149445e-06    -9.110307e-07    2.400727e-06    6.021593e-09    -5.22419e-08    -4.628649e-08    3.347417e-08    1.327031e-07
5.640626e-09    9.970981e-08    -2.22931e-08    4.537713e-09    6.021593e-09    3.069153e-06    -5.261763e-07    -2.192146e-06    3.374953e-07    8.121976e-08
-3.4865e-08    4.347579e-08    6.962436e-08    2.63184e-08    -5.22419e-08    -5.261763e-07    3.847413e-06    1.141822e-07    -3.192157e-06    8.326779e-07
2.739396e-08    -7.500163e-08    7.017221e-08    4.464845e-08    -4.628649e-08    -2.192146e-06    1.141822e-07    3.763799e-06    3.70122e-09    -1.990408e-06
5.650298e-08    -1.15496e-08    -1.932709e-08    -7.978124e-08    3.347417e-08    3.374953e-07    -3.192157e-06    3.70122e-09    5.55885e-06    -2.989057e-06
-3.679691e-10    -8.344061e-08    -1.727612e-07    5.456145e-09    1.327031e-07    8.121976e-08    8.326779e-07    -1.990408e-06    -2.989057e-06    4.455677e-06
