4.031233e-06    -1.349133e-07    -2.383666e-06    -5.92292e-07    8.958909e-09    -2.42113e-08    -5.465718e-08    2.146841e-08    4.628573e-08    -3.635983e-08
-1.349133e-07    3.917273e-06    -3.736174e-07    -2.365704e-06    1.450855e-07    -1.983373e-08    5.825707e-09    3.879564e-08    1.273127e-07    -1.516347e-07
-2.383666e-06    -3.736174e-07    3.896848e-06    -1.752482e-07    -1.137147e-06    5.07326e-08    3.642758e-08    -1.023082e-08    1.488412e-09    -1.258304e-07
-5.92292e-07    -2.365704e-06    -1.752482e-07    3.976115e-06    -9.157032e-07    5.415537e-08    2.75359e-08    3.764125e-08    -1.06466e-07    -2.231564e-08
8.958909e-09    1.450855e-07    -1.137147e-06    -9.157032e-07    2.505312e-06    -4.453383e-08    -1.262755e-08    -3.271179e-08    5.266398e-11    1.565979e-07
-2.42113e-08    -1.983373e-08    5.07326e-08    5.415537e-08    -4.453383e-08    3.069153e-06    -5.261763e-07    -2.192146e-06    3.374953e-07    8.121976e-08
-5.465718e-08    5.825707e-09    3.642758e-08    2.75359e-08    -1.262755e-08    -5.261763e-07    3.847413e-06    1.141822e-07    -3.192157e-06    8.326779e-07
2.146841e-08    3.879564e-08    -1.023082e-08    3.764125e-08    -3.271179e-08    -2.192146e-06    1.141822e-07    3.763799e-06    3.70122e-09    -1.990408e-06
4.628573e-08    1.273127e-07    1.488412e-09    -1.06466e-07    5.266398e-11    3.374953e-07    -3.192157e-06    3.70122e-09    5.55885e-06    -2.989057e-06
-3.635983e-08    -1.516347e-07    -1.258304e-07    -2.231564e-08    1.565979e-07    8.121976e-08    8.326779e-07    -1.990408e-06    -2.989057e-06    4.455677e-06
