3.924155e-06    -1.684096e-07    -2.334304e-06    -5.472707e-07    7.053083e-08    4.137879e-07    -3.793893e-07    -3.076524e-07    4.480167e-07    -6.516993e-08
-1.684096e-07    3.96229e-06    -4.396727e-07    -2.460379e-06    2.04513e-07    -2.86274e-07    -1.178369e-07    -1.539059e-07    -2.58246e-07    3.645716e-07
-2.334304e-06    -4.396727e-07    3.884889e-06    -1.64963e-07    -1.149445e-06    -1.953923e-07    -1.701021e-07    -2.76104e-07    -3.439434e-07    5.204444e-07
-5.472707e-07    -2.460379e-06    -1.64963e-07    4.069895e-06    -9.110307e-07    3.924594e-07    -3.905349e-07    -3.477401e-07    4.960022e-07    -7.450748e-08
7.053083e-08    2.04513e-07    -1.149445e-06    -9.110307e-07    2.400727e-06    -1.447357e-07    5.371253e-07    5.033019e-07    -1.876238e-07    -3.281473e-07
4.137879e-07    -2.86274e-07    -1.953923e-07    3.924594e-07    -1.447357e-07    5.089656e-06    1.888015e-07    -3.277961e-06    8.594094e-08    -2.952586e-07
-3.793893e-07    -1.178369e-07    -1.701021e-07    -3.905349e-07    5.371253e-07    1.888015e-07    6.066389e-06    -1.616651e-06    -3.337731e-06    1.28354e-06
-3.076524e-07    -1.539059e-07    -2.76104e-07    -3.477401e-07    5.033019e-07    -3.277961e-06    -1.616651e-06    5.880102e-06    2.169844e-07    -2.446277e-06
4.480167e-07    -2.58246e-07    -3.439434e-07    4.960022e-07    -1.876238e-07    8.594094e-08    -3.337731e-06    2.169844e-07    5.069693e-06    -1.798967e-06
-6.516993e-08    3.645716e-07    5.204444e-07    -7.450748e-08    -3.281473e-07    -2.952586e-07    1.28354e-06    -2.446277e-06    -1.798967e-06    4.716638e-06
