2.600983e-06    -3.286611e-07    -1.342674e-06    6.021406e-07    1.593954e-08    2.538982e-07    -3.887532e-07    -3.574546e-07    2.075149e-07    1.66915e-07    -7.653055e-08    5.941772e-08    9.663147e-08    3.736003e-08    -9.945902e-08    5.133165e-07    -4.875697e-07    -5.534647e-07    4.106472e-07    8.471846e-08    9.983419e-08    6.130515e-09    4.178487e-08    1.212171e-07    -1.30667e-07
-3.286611e-07    3.160636e-06    -1.907102e-08    -2.568925e-06    8.523284e-07    -4.900063e-07    7.468038e-08    1.170212e-07    -5.199746e-07    4.026357e-07    3.600934e-08    2.353316e-08    2.590894e-09    4.743568e-09    -3.331978e-09    -5.015089e-07    -7.018989e-08    3.83307e-08    -2.720019e-07    3.90987e-07    -1.741134e-07    2.932016e-07    2.46215e-07    -1.506201e-07    -6.480217e-08
-1.342674e-06    -1.907102e-08    3.326219e-06    3.893051e-07    -2.172842e-06    -2.716871e-07    -1.948574e-07    -3.160059e-07    -2.825799e-07    5.004945e-07    9.027872e-08    2.027802e-09    -8.015087e-08    -5.342214e-08    8.306228e-08    -1.883287e-08    -5.990057e-07    -4.317586e-07    1.035132e-07    4.524608e-07    -1.234787e-07    2.339987e-07    2.630445e-07    -9.270565e-08    -1.421591e-07
6.021406e-07    -2.568925e-06    3.893051e-07    5.404785e-06    -3.126419e-06    6.306022e-07    -7.682299e-07    -8.949955e-07    6.237045e-07    2.016926e-07    -5.53066e-08    -2.286789e-08    6.674054e-09    -8.952459e-09    -9.145968e-09    1.259305e-06    -1.193715e-06    -1.259082e-06    1.064288e-06    1.08476e-07    1.633056e-07    -7.861729e-08    -7.126372e-08    1.824258e-07    -1.230055e-07
1.593954e-08    8.523284e-07    -2.172842e-06    -3.126419e-06    5.295479e-06    -2.056946e-07    9.035447e-07    1.011827e-06    -2.254935e-07    -7.257489e-07    -1.95566e-08    -7.525311e-08    -2.228105e-08    2.491048e-08    2.16677e-08    -9.592466e-07    1.576248e-06    1.425144e-06    -8.506961e-07    -5.861574e-07    5.262328e-08    -3.219784e-07    -2.826443e-07    -3.297751e-08    2.677771e-07
2.538982e-07    -4.900063e-07    -2.716871e-07    6.306022e-07    -2.056946e-07    3.924155e-06    -1.684096e-07    -2.334304e-06    -5.472707e-07    7.053083e-08    5.37549e-08    4.684085e-08    -6.395567e-08    -3.163316e-08    1.266577e-07    1.744283e-07    -2.058841e-07    -1.337809e-07    2.416422e-07    -8.388326e-08    3.345986e-07    1.093041e-07    -2.146793e-07    -5.531162e-08    -1.050579e-07
-3.887532e-07    7.468038e-08    -1.948574e-07    -7.682299e-07    9.035447e-07    -1.684096e-07    3.96229e-06    -4.396727e-07    -2.460379e-06    2.04513e-07    -9.127783e-09    -5.681649e-08    -2.458543e-08    2.863088e-08    9.240912e-08    -3.426961e-07    2.469151e-07    4.369383e-07    -2.439439e-07    -1.544867e-07    -7.097241e-08    3.78293e-07    6.960446e-08    -2.515461e-07    -6.809382e-08
-3.574546e-07    1.170212e-07    -3.160059e-07    -8.949955e-07    1.011827e-06    -2.334304e-06    -4.396727e-07    3.884889e-06    -1.64963e-07    -1.149445e-06    -8.166076e-08    -1.104766e-08    1.100237e-07    5.360254e-08    -7.162231e-08    -2.596793e-07    4.511114e-07    3.52609e-07    -2.817921e-07    -8.587469e-08    -2.479298e-07    4.859507e-08    3.667459e-07    -4.743136e-08    -9.389577e-08
2.075149e-07    -5.199746e-07    -2.825799e-07    6.237045e-07    -2.254935e-07    -5.472707e-07    -2.460379e-06    -1.64963e-07    4.069895e-06    -9.110307e-07    -2.585033e-09    2.231243e-08    2.021839e-08    1.807402e-08    -1.639863e-07    2.581676e-07    -3.372224e-08    -2.343168e-07    1.823679e-07    -1.760715e-08    -4.44096e-08    -2.240176e-07    5.464887e-08    2.897717e-07    8.687698e-09
1.66915e-07    4.026357e-07    5.004945e-07    2.016926e-07    -7.257489e-07    7.053083e-08    2.04513e-07    -1.149445e-06    -9.110307e-07    2.400727e-06    1.797764e-07    2.616918e-08    -1.046644e-07    -1.68396e-07    -1.297441e-07    8.676655e-08    -2.811246e-07    -1.935784e-07    8.315371e-08    9.650085e-08    -2.471589e-08    -1.511685e-07    -1.698189e-07    1.064929e-07    2.786621e-07
-7.653055e-08    3.600934e-08    9.027872e-08    -5.53066e-08    -1.95566e-08    5.37549e-08    -9.127783e-09    -8.166076e-08    -2.585033e-09    1.797764e-07    4.031233e-06    -1.349133e-07    -2.383666e-06    -5.92292e-07    8.958909e-09    1.554369e-07    -2.29258e-07    -1.702405e-07    4.031683e-07    -1.386314e-07    5.460638e-08    -2.512127e-07    1.357673e-08    2.622811e-07    -3.892938e-08
5.941772e-08    2.353316e-08    2.027802e-09    -2.286789e-08    -7.525311e-08    4.684085e-08    -5.681649e-08    -1.104766e-08    2.231243e-08    2.616918e-08    -1.349133e-07    3.917273e-06    -3.736174e-07    -2.365704e-06    1.450855e-07    -2.964798e-07    3.989328e-07    4.520679e-07    -3.018542e-07    -1.329147e-07    -2.357639e-07    1.592949e-07    2.830654e-07    -1.051099e-07    -6.424662e-08
9.663147e-08    2.590894e-09    -8.015087e-08    6.674054e-09    -2.228105e-08    -6.395567e-08    -2.458543e-08    1.100237e-07    2.021839e-08    -1.046644e-07    -2.383666e-06    -3.736174e-07    3.896848e-06    -1.752482e-07    -1.137147e-06    -3.187665e-07    5.798152e-07    3.025827e-07    -4.430055e-07    -5.666547e-09    -1.404526e-07    3.771455e-07    1.532002e-07    -2.067375e-07    -8.409384e-08
3.736003e-08    4.743568e-09    -5.342214e-08    -8.952459e-09    2.491048e-08    -3.163316e-08    2.863088e-08    5.360254e-08    1.807402e-08    -1.68396e-07    -5.92292e-07    -2.365704e-06    -1.752482e-07    3.976115e-06    -9.157032e-07    2.931895e-07    -3.021516e-07    -2.290884e-07    2.312586e-07    3.148436e-08    2.365975e-07    -3.141934e-08    -1.444657e-07    5.386535e-08    -7.544913e-08
-9.945902e-08    -3.331978e-09    8.306228e-08    -9.145968e-09    2.16677e-08    1.266577e-07    9.240912e-08    -7.162231e-08    -1.639863e-07    -1.297441e-07    8.958909e-09    1.450855e-07    -1.137147e-06    -9.157032e-07    2.505312e-06    4.074204e-08    -2.840544e-07    -1.149665e-07    7.499588e-08    5.606557e-08    9.43237e-08    -1.233948e-07    -1.492196e-07    -1.05896e-07    -8.90377e-09
5.133165e-07    -5.015089e-07    -1.883287e-08    1.259305e-06    -9.592466e-07    1.744283e-07    -3.426961e-07    -2.596793e-07    2.581676e-07    8.676655e-08    1.554369e-07    -2.964798e-07    -3.187665e-07    2.931895e-07    4.074204e-08    1.133604e-05    -4.830607e-07    -9.574782e-06    1.700488e-07    3.543101e-07    6.427838e-07    -3.81912e-07    -5.420936e-07    7.051095e-07    -2.310259e-07
-4.875697e-07    -7.018989e-08    -5.990057e-07    -1.193715e-06    1.576248e-06    -2.058841e-07    2.469151e-07    4.511114e-07    -3.372224e-08    -2.811246e-07    -2.29258e-07    3.989328e-07    5.798152e-07    -3.021516e-07    -2.840544e-07    -4.830607e-07    1.44715e-05    -2.302421e-06    -9.600773e-06    1.007374e-06    -5.091691e-07    4.364909e-08    -2.433303e-08    -6.377337e-07    5.053036e-07
-5.534647e-07    3.83307e-08    -4.317586e-07    -1.259082e-06    1.425144e-06    -1.337809e-07    4.369383e-07    3.52609e-07    -2.343168e-07    -1.935784e-07    -1.702405e-07    4.520679e-07    3.025827e-07    -2.290884e-07    -1.149665e-07    -9.574782e-06    -2.302421e-06    1.432088e-05    -5.137219e-07    -2.89303e-06    -5.986135e-07    -8.929495e-08    2.223511e-07    -6.171845e-07    4.675544e-07
4.106472e-07    -2.720019e-07    1.035132e-07    1.064288e-06    -8.506961e-07    2.416422e-07    -2.439439e-07    -2.817921e-07    1.823679e-07    8.315371e-08    4.031683e-07    -3.018542e-07    -4.430055e-07    2.312586e-07    7.499588e-08    1.700488e-07    -9.600773e-06    -5.137219e-07    1.10853e-05    -1.76495e-06    5.314827e-07    -3.722291e-07    -3.697771e-07    6.896993e-07    -1.186587e-07
8.471846e-08    3.90987e-07    4.524608e-07    1.08476e-07    -5.861574e-07    -8.388326e-08    -1.544867e-07    -8.587469e-08    -1.760715e-08    9.650085e-08    -1.386314e-07    -1.329147e-07    -5.666547e-09    3.148436e-08    5.606557e-08    3.543101e-07    1.007374e-06    -2.89303e-06    -1.76495e-06    3.451853e-06    -3.190462e-08    4.04381e-07    3.202593e-07    -4.520889e-08    -3.077282e-07
9.983419e-08    -1.741134e-07    -1.234787e-07    1.633056e-07    5.262328e-08    3.345986e-07    -7.097241e-08    -2.479298e-07    -4.44096e-08    -2.471589e-08    5.460638e-08    -2.357639e-07    -1.404526e-07    2.365975e-07    9.43237e-08    6.427838e-07    -5.091691e-07    -5.986135e-07    5.314827e-07    -3.190462e-08    4.450782e-06    -2.010048e-07    -3.128666e-06    3.419283e-07    2.703366e-08
6.130515e-09    2.932016e-07    2.339987e-07    -7.861729e-08    -3.219784e-07    1.093041e-07    3.78293e-07    4.859507e-08    -2.240176e-07    -1.511685e-07    -2.512127e-07    1.592949e-07    3.771455e-07    -3.141934e-08    -1.233948e-07    -3.81912e-07    4.364909e-08    -8.929495e-08    -3.722291e-07    4.04381e-07    -2.010048e-07    5.097023e-06    -1.304585e-06    -3.029647e-06    9.681869e-07
4.178487e-08    2.46215e-07    2.630445e-07    -7.126372e-08    -2.826443e-07    -2.146793e-07    6.960446e-08    3.667459e-07    5.464887e-08    -1.698189e-07    1.357673e-08    2.830654e-07    1.532002e-07    -1.444657e-07    -1.492196e-07    -5.420936e-07    -2.433303e-08    2.223511e-07    -3.697771e-07    3.202593e-07    -3.128666e-06    -1.304585e-06    5.264917e-06    -8.953145e-08    -1.682977e-06
1.212171e-07    -1.506201e-07    -9.270565e-08    1.824258e-07    -3.297751e-08    -5.531162e-08    -2.515461e-07    -4.743136e-08    2.897717e-07    1.064929e-07    2.622811e-07    -1.051099e-07    -2.067375e-07    5.386535e-08    -1.05896e-07    7.051095e-07    -6.377337e-07    -6.171845e-07    6.896993e-07    -4.520889e-08    3.419283e-07    -3.029647e-06    -8.953145e-08    4.412261e-06    -1.565472e-06
-1.30667e-07    -6.480217e-08    -1.421591e-07    -1.230055e-07    2.677771e-07    -1.050579e-07    -6.809382e-08    -9.389577e-08    8.687698e-09    2.786621e-07    -3.892938e-08    -6.424662e-08    -8.409384e-08    -7.544913e-08    -8.90377e-09    -2.310259e-07    5.053036e-07    4.675544e-07    -1.186587e-07    -3.077282e-07    2.703366e-08    9.681869e-07    -1.682977e-06    -1.565472e-06    2.880845e-06
