3.924155e-06    -1.684096e-07    -2.334304e-06    -5.472707e-07    7.053083e-08    3.912584e-07    -7.346866e-08    -3.835013e-07    3.869518e-07    -1.242204e-07
-1.684096e-07    3.96229e-06    -4.396727e-07    -2.460379e-06    2.04513e-07    -7.412089e-07    5.286746e-07    8.728808e-07    -6.021015e-07    -4.38996e-08
-2.334304e-06    -4.396727e-07    3.884889e-06    -1.64963e-07    -1.149445e-06    -8.020758e-07    6.08471e-07    9.124068e-07    -6.467582e-07    -2.152713e-08
-5.472707e-07    -2.460379e-06    -1.64963e-07    4.069895e-06    -9.110307e-07    3.84049e-07    -9.214972e-08    -3.619307e-07    4.027078e-07    -1.252694e-07
7.053083e-08    2.04513e-07    -1.149445e-06    -9.110307e-07    2.400727e-06    3.94355e-07    -5.288843e-07    -5.200256e-07    2.629124e-07    1.544921e-07
3.912584e-07    -7.412089e-07    -8.020758e-07    3.84049e-07    3.94355e-07    1.522817e-06    -6.193391e-07    -1.167208e-06    3.210409e-07    3.583482e-08
-7.346866e-08    5.286746e-07    6.08471e-07    -9.214972e-08    -5.288843e-07    -6.193391e-07    4.544071e-06    -2.302371e-06    -1.320329e-06    2.26815e-07
-3.835013e-07    8.728808e-07    9.124068e-07    -3.619307e-07    -5.200256e-07    -1.167208e-06    -2.302371e-06    4.281386e-06    -4.117152e-07    -5.328397e-07
3.869518e-07    -6.021015e-07    -6.467582e-07    4.027078e-07    2.629124e-07    3.210409e-07    -1.320329e-06    -4.117152e-07    1.53437e-06    -1.456893e-07
-1.242204e-07    -4.38996e-08    -2.152713e-08    -1.252694e-07    1.544921e-07    3.583482e-08    2.26815e-07    -5.328397e-07    -1.456893e-07    4.091927e-07
