3.924155e-06    -1.684096e-07    -2.334304e-06    -5.472707e-07    7.053083e-08    5.37549e-08    4.684085e-08    -6.395567e-08    -3.163316e-08    1.266577e-07    4.241428e-07    -3.308083e-07    -4.708063e-07    3.77789e-07    8.358814e-08    3.345986e-07    1.093041e-07    -2.146793e-07    -5.531162e-08    -1.050579e-07
-1.684096e-07    3.96229e-06    -4.396727e-07    -2.460379e-06    2.04513e-07    -9.127783e-09    -5.681649e-08    -2.458543e-08    2.863088e-08    9.240912e-08    -6.089523e-07    -1.842912e-08    -1.945218e-08    -5.576814e-07    5.983729e-07    -7.097241e-08    3.78293e-07    6.960446e-08    -2.515461e-07    -6.809382e-08
-2.334304e-06    -4.396727e-07    3.884889e-06    -1.64963e-07    -1.149445e-06    -8.166076e-08    -1.104766e-08    1.100237e-07    5.360254e-08    -7.162231e-08    -6.005893e-07    -8.52078e-08    -9.382463e-09    -6.111932e-07    5.493172e-07    -2.479298e-07    4.859507e-08    3.667459e-07    -4.743136e-08    -9.389577e-08
-5.472707e-07    -2.460379e-06    -1.64963e-07    4.069895e-06    -9.110307e-07    -2.585033e-09    2.231243e-08    2.021839e-08    1.807402e-08    -1.639863e-07    4.577875e-07    -4.274228e-07    -4.121607e-07    3.138e-07    2.674346e-08    -4.44096e-08    -2.240176e-07    5.464887e-08    2.897717e-07    8.687698e-09
7.053083e-08    2.04513e-07    -1.149445e-06    -9.110307e-07    2.400727e-06    1.797764e-07    2.616918e-08    -1.046644e-07    -1.68396e-07    -1.297441e-07    1.993194e-07    4.609168e-07    3.913079e-07    2.25325e-07    -6.109313e-07    -2.471589e-08    -1.511685e-07    -1.698189e-07    1.064929e-07    2.786621e-07
5.37549e-08    -9.127783e-09    -8.166076e-08    -2.585033e-09    1.797764e-07    4.031233e-06    -1.349133e-07    -2.383666e-06    -5.92292e-07    8.958909e-09    -7.761797e-08    1.126145e-07    1.251584e-08    -7.423452e-08    1.188886e-07    5.460638e-08    -2.512127e-07    1.357673e-08    2.622811e-07    -3.892938e-08
4.684085e-08    -5.681649e-08    -1.104766e-08    2.231243e-08    2.616918e-08    -1.349133e-07    3.917273e-06    -3.736174e-07    -2.365704e-06    1.450855e-07    4.01837e-08    5.443361e-08    -4.562444e-09    -7.059022e-09    1.368355e-09    -2.357639e-07    1.592949e-07    2.830654e-07    -1.051099e-07    -6.424662e-08
-6.395567e-08    -2.458543e-08    1.100237e-07    2.021839e-08    -1.046644e-07    -2.383666e-06    -3.736174e-07    3.896848e-06    -1.752482e-07    -1.137147e-06    1.0859e-07    -4.004295e-08    -2.175585e-08    1.835124e-08    -5.448527e-08    -1.404526e-07    3.771455e-07    1.532002e-07    -2.067375e-07    -8.409384e-08
-3.163316e-08    2.863088e-08    5.360254e-08    1.807402e-08    -1.68396e-07    -5.92292e-07    -2.365704e-06    -1.752482e-07    3.976115e-06    -9.157032e-07    2.211312e-08    -4.587134e-08    1.201457e-09    2.79128e-08    -4.653293e-08    2.365975e-07    -3.141934e-08    -1.444657e-07    5.386535e-08    -7.544913e-08
1.266577e-07    9.240912e-08    -7.162231e-08    -1.639863e-07    -1.297441e-07    8.958909e-09    1.450855e-07    -1.137147e-06    -9.157032e-07    2.505312e-06    -9.361125e-08    7.879047e-10    5.871973e-08    -2.589072e-08    -9.554006e-10    9.43237e-08    -1.233948e-07    -1.492196e-07    -1.05896e-07    -8.90377e-09
4.241428e-07    -6.089523e-07    -6.005893e-07    4.577875e-07    1.993194e-07    -7.761797e-08    4.01837e-08    1.0859e-07    2.211312e-08    -9.361125e-08    5.172255e-06    2.427888e-07    -2.809872e-06    -2.827094e-07    2.905719e-07    6.22716e-08    -3.283857e-08    1.621353e-08    1.758319e-07    -1.490206e-07
-3.308083e-07    -1.842912e-08    -8.52078e-08    -4.274228e-07    4.609168e-07    1.126145e-07    5.443361e-08    -4.004295e-08    -4.587134e-08    7.879047e-10    2.427888e-07    3.569178e-06    -4.04574e-07    -2.42069e-06    8.808811e-07    -2.28811e-07    2.998268e-07    2.786813e-07    -1.418779e-07    -9.178854e-08
-4.708063e-07    -1.945218e-08    -9.382463e-09    -4.121607e-07    3.913079e-07    1.251584e-08    -4.562444e-09    -2.175585e-08    1.201457e-09    5.871973e-08    -2.809872e-06    -4.04574e-07    3.938312e-06    4.107296e-07    -2.125435e-06    -6.569379e-08    2.523692e-07    2.065291e-07    -1.178563e-07    -9.048285e-08
3.77789e-07    -5.576814e-07    -6.111932e-07    3.138e-07    2.25325e-07    -7.423452e-08    -7.059022e-09    1.835124e-08    2.79128e-08    -2.589072e-08    -2.827094e-07    -2.42069e-06    4.107296e-07    5.054463e-06    -2.842432e-06    1.658841e-07    -1.854516e-08    1.543255e-08    1.285654e-07    -1.224429e-07
8.358814e-08    5.983729e-07    5.493172e-07    2.674346e-08    -6.109313e-07    1.188886e-07    1.368355e-09    -5.448527e-08    -4.653293e-08    -9.554006e-10    2.905719e-07    8.808811e-07    -2.125435e-06    -2.842432e-06    6.504933e-06    -1.788743e-08    -2.633531e-07    -2.114797e-07    -6.750309e-08    1.786454e-07
3.345986e-07    -7.097241e-08    -2.479298e-07    -4.44096e-08    -2.471589e-08    5.460638e-08    -2.357639e-07    -1.404526e-07    2.365975e-07    9.43237e-08    6.22716e-08    -2.28811e-07    -6.569379e-08    1.658841e-07    -1.788743e-08    4.450782e-06    -2.010048e-07    -3.128666e-06    3.419283e-07    2.703366e-08
1.093041e-07    3.78293e-07    4.859507e-08    -2.240176e-07    -1.511685e-07    -2.512127e-07    1.592949e-07    3.771455e-07    -3.141934e-08    -1.233948e-07    -3.283857e-08    2.998268e-07    2.523692e-07    -1.854516e-08    -2.633531e-07    -2.010048e-07    5.097023e-06    -1.304585e-06    -3.029647e-06    9.681869e-07
-2.146793e-07    6.960446e-08    3.667459e-07    5.464887e-08    -1.698189e-07    1.357673e-08    2.830654e-07    1.532002e-07    -1.444657e-07    -1.492196e-07    1.621353e-08    2.786813e-07    2.065291e-07    1.543255e-08    -2.114797e-07    -3.128666e-06    -1.304585e-06    5.264917e-06    -8.953145e-08    -1.682977e-06
-5.531162e-08    -2.515461e-07    -4.743136e-08    2.897717e-07    1.064929e-07    2.622811e-07    -1.051099e-07    -2.067375e-07    5.386535e-08    -1.05896e-07    1.758319e-07    -1.418779e-07    -1.178563e-07    1.285654e-07    -6.750309e-08    3.419283e-07    -3.029647e-06    -8.953145e-08    4.412261e-06    -1.565472e-06
-1.050579e-07    -6.809382e-08    -9.389577e-08    8.687698e-09    2.786621e-07    -3.892938e-08    -6.424662e-08    -8.409384e-08    -7.544913e-08    -8.90377e-09    -1.490206e-07    -9.178854e-08    -9.048285e-08    -1.224429e-07    1.786454e-07    2.703366e-08    9.681869e-07    -1.682977e-06    -1.565472e-06    2.880845e-06
