3.924155e-06    -1.684096e-07    -2.334304e-06    -5.472707e-07    7.053083e-08    5.37549e-08    4.684085e-08    -6.395567e-08    -3.163316e-08    1.266577e-07    5.02573e-07    -3.464163e-07    -5.115142e-07    4.588137e-07    -6.171794e-08
-1.684096e-07    3.96229e-06    -4.396727e-07    -2.460379e-06    2.04513e-07    -9.127783e-09    -5.681649e-08    -2.458543e-08    2.863088e-08    9.240912e-08    -3.222354e-07    -3.351051e-07    -1.708375e-07    -2.698375e-07    5.424804e-07
-2.334304e-06    -4.396727e-07    3.884889e-06    -1.64963e-07    -1.149445e-06    -8.166076e-08    -1.104766e-08    1.100237e-07    5.360254e-08    -7.162231e-08    -2.794708e-07    -4.179444e-07    -3.110717e-07    -2.429175e-07    6.593807e-07
-5.472707e-07    -2.460379e-06    -1.64963e-07    4.069895e-06    -9.110307e-07    -2.585033e-09    2.231243e-08    2.021839e-08    1.807402e-08    -1.639863e-07    3.885667e-07    -5.310829e-07    -4.660023e-07    6.217339e-07    1.517843e-08
7.053083e-08    2.04513e-07    -1.149445e-06    -9.110307e-07    2.400727e-06    1.797764e-07    2.616918e-08    -1.046644e-07    -1.68396e-07    -1.297441e-07    -1.841622e-07    7.317072e-07    7.24424e-07    -2.315758e-07    -5.483341e-07
5.37549e-08    -9.127783e-09    -8.166076e-08    -2.585033e-09    1.797764e-07    4.031233e-06    -1.349133e-07    -2.383666e-06    -5.92292e-07    8.958909e-09    5.204364e-07    -5.034725e-07    -4.625477e-07    5.252273e-07    -7.443223e-08
4.684085e-08    -5.681649e-08    -1.104766e-08    2.231243e-08    2.616918e-08    -1.349133e-07    3.917273e-06    -3.736174e-07    -2.365704e-06    1.450855e-07    -4.787818e-07    -4.341325e-07    -1.746019e-07    -3.377629e-07    7.653359e-07
-6.395567e-08    -2.458543e-08    1.100237e-07    2.021839e-08    -1.046644e-07    -2.383666e-06    -3.736174e-07    3.896848e-06    -1.752482e-07    -1.137147e-06    -3.322997e-07    -2.195198e-07    -3.424066e-07    -3.08602e-07    6.414017e-07
-3.163316e-08    2.863088e-08    5.360254e-08    1.807402e-08    -1.68396e-07    -5.92292e-07    -2.365704e-06    -1.752482e-07    3.976115e-06    -9.157032e-07    6.98169e-07    -4.030083e-07    -5.948486e-07    6.664243e-07    -2.148956e-07
1.266577e-07    9.240912e-08    -7.162231e-08    -1.639863e-07    -1.297441e-07    8.958909e-09    1.450855e-07    -1.137147e-06    -9.157032e-07    2.505312e-06    -2.293275e-07    8.399825e-07    7.344612e-07    -2.658797e-07    -4.709007e-07
5.02573e-07    -3.222354e-07    -2.794708e-07    3.885667e-07    -1.841622e-07    5.204364e-07    -4.787818e-07    -3.322997e-07    6.98169e-07    -2.293275e-07    1.097541e-05    1.100321e-06    -8.138657e-06    -3.203094e-07    6.647987e-08
-3.464163e-07    -3.351051e-07    -4.179444e-07    -5.310829e-07    7.317072e-07    -5.034725e-07    -4.341325e-07    -2.195198e-07    -4.030083e-07    8.399825e-07    1.100321e-06    1.30728e-05    -3.444884e-06    -8.142735e-06    2.563034e-06
-5.115142e-07    -1.708375e-07    -3.110717e-07    -4.660023e-07    7.24424e-07    -4.625477e-07    -1.746019e-07    -3.424066e-07    -5.948486e-07    7.344612e-07    -8.138657e-06    -3.444884e-06    1.306918e-05    9.975466e-07    -5.104382e-06
4.588137e-07    -2.698375e-07    -2.429175e-07    6.217339e-07    -2.315758e-07    5.252273e-07    -3.377629e-07    -3.08602e-07    6.664243e-07    -2.658797e-07    -3.203094e-07    -8.142735e-06    9.975466e-07    1.096325e-05    -3.878048e-06
-6.171794e-08    5.424804e-07    6.593807e-07    1.517843e-08    -5.483341e-07    -7.443223e-08    7.653359e-07    6.414017e-07    -2.148956e-07    -4.709007e-07    6.647987e-08    2.563034e-06    -5.104382e-06    -3.878048e-06    8.086519e-06
