3.924155e-06    -1.684096e-07    -2.334304e-06    -5.472707e-07    7.053083e-08    5.37549e-08    4.684085e-08    -6.395567e-08    -3.163316e-08    1.266577e-07    4.137879e-07    -3.793893e-07    -3.076524e-07    4.480167e-07    -6.516993e-08    3.345986e-07    1.093041e-07    -2.146793e-07    -5.531162e-08    -1.050579e-07
-1.684096e-07    3.96229e-06    -4.396727e-07    -2.460379e-06    2.04513e-07    -9.127783e-09    -5.681649e-08    -2.458543e-08    2.863088e-08    9.240912e-08    -2.86274e-07    -1.178369e-07    -1.539059e-07    -2.58246e-07    3.645716e-07    -7.097241e-08    3.78293e-07    6.960446e-08    -2.515461e-07    -6.809382e-08
-2.334304e-06    -4.396727e-07    3.884889e-06    -1.64963e-07    -1.149445e-06    -8.166076e-08    -1.104766e-08    1.100237e-07    5.360254e-08    -7.162231e-08    -1.953923e-07    -1.701021e-07    -2.76104e-07    -3.439434e-07    5.204444e-07    -2.479298e-07    4.859507e-08    3.667459e-07    -4.743136e-08    -9.389577e-08
-5.472707e-07    -2.460379e-06    -1.64963e-07    4.069895e-06    -9.110307e-07    -2.585033e-09    2.231243e-08    2.021839e-08    1.807402e-08    -1.639863e-07    3.924594e-07    -3.905349e-07    -3.477401e-07    4.960022e-07    -7.450748e-08    -4.44096e-08    -2.240176e-07    5.464887e-08    2.897717e-07    8.687698e-09
7.053083e-08    2.04513e-07    -1.149445e-06    -9.110307e-07    2.400727e-06    1.797764e-07    2.616918e-08    -1.046644e-07    -1.68396e-07    -1.297441e-07    -1.447357e-07    5.371253e-07    5.033019e-07    -1.876238e-07    -3.281473e-07    -2.471589e-08    -1.511685e-07    -1.698189e-07    1.064929e-07    2.786621e-07
5.37549e-08    -9.127783e-09    -8.166076e-08    -2.585033e-09    1.797764e-07    4.031233e-06    -1.349133e-07    -2.383666e-06    -5.92292e-07    8.958909e-09    2.974338e-07    -3.580415e-07    -2.358462e-07    4.278742e-07    -8.74682e-08    5.460638e-08    -2.512127e-07    1.357673e-08    2.622811e-07    -3.892938e-08
4.684085e-08    -5.681649e-08    -1.104766e-08    2.231243e-08    2.616918e-08    -1.349133e-07    3.917273e-06    -3.736174e-07    -2.365704e-06    1.450855e-07    -3.202825e-07    -1.441681e-07    -3.159291e-07    -1.958117e-07    5.852157e-07    -2.357639e-07    1.592949e-07    2.830654e-07    -1.051099e-07    -6.424662e-08
-6.395567e-08    -2.458543e-08    1.100237e-07    2.021839e-08    -1.046644e-07    -2.383666e-06    -3.736174e-07    3.896848e-06    -1.752482e-07    -1.137147e-06    -2.760479e-07    -1.361165e-07    -1.892761e-07    -3.459638e-07    4.989891e-07    -1.404526e-07    3.771455e-07    1.532002e-07    -2.067375e-07    -8.409384e-08
-3.163316e-08    2.863088e-08    5.360254e-08    1.807402e-08    -1.68396e-07    -5.92292e-07    -2.365704e-06    -1.752482e-07    3.976115e-06    -9.157032e-07    4.146288e-07    -4.230453e-07    -2.15227e-07    4.482495e-07    -2.327504e-07    2.365975e-07    -3.141934e-08    -1.444657e-07    5.386535e-08    -7.544913e-08
1.266577e-07    9.240912e-08    -7.162231e-08    -1.639863e-07    -1.297441e-07    8.958909e-09    1.450855e-07    -1.137147e-06    -9.157032e-07    2.505312e-06    -5.981022e-08    5.629415e-07    4.574815e-07    -1.357303e-07    -3.516837e-07    9.43237e-08    -1.233948e-07    -1.492196e-07    -1.05896e-07    -8.90377e-09
4.137879e-07    -2.86274e-07    -1.953923e-07    3.924594e-07    -1.447357e-07    2.974338e-07    -3.202825e-07    -2.760479e-07    4.146288e-07    -5.981022e-08    5.089656e-06    1.888015e-07    -3.277961e-06    8.594094e-08    -2.952586e-07    3.07919e-07    -4.094813e-07    -2.933214e-07    4.298619e-07    -6.852064e-08
-3.793893e-07    -1.178369e-07    -1.701021e-07    -3.905349e-07    5.371253e-07    -3.580415e-07    -1.441681e-07    -1.361165e-07    -4.230453e-07    5.629415e-07    1.888015e-07    6.066389e-06    -1.616651e-06    -3.337731e-06    1.28354e-06    -3.380692e-07    2.058599e-09    5.202974e-08    -3.551964e-07    3.005822e-07
-3.076524e-07    -1.539059e-07    -2.76104e-07    -3.477401e-07    5.033019e-07    -2.358462e-07    -3.159291e-07    -1.892761e-07    -2.15227e-07    4.574815e-07    -3.277961e-06    -1.616651e-06    5.880102e-06    2.169844e-07    -2.446277e-06    -1.617449e-07    4.349454e-08    -1.083518e-07    -3.685502e-07    3.627597e-07
4.480167e-07    -2.58246e-07    -3.439434e-07    4.960022e-07    -1.876238e-07    4.278742e-07    -1.958117e-07    -3.459638e-07    4.482495e-07    -1.357303e-07    8.594094e-08    -3.337731e-06    2.169844e-07    5.069693e-06    -1.798967e-06    3.425619e-07    -2.605741e-07    -3.186429e-07    3.015714e-07    -3.743861e-08
-6.516993e-08    3.645716e-07    5.204444e-07    -7.450748e-08    -3.281473e-07    -8.74682e-08    5.852157e-07    4.989891e-07    -2.327504e-07    -3.516837e-07    -2.952586e-07    1.28354e-06    -2.446277e-06    -1.798967e-06    4.716638e-06    -1.913528e-07    3.261555e-07    4.180849e-07    -8.291039e-08    -2.600995e-07
3.345986e-07    -7.097241e-08    -2.479298e-07    -4.44096e-08    -2.471589e-08    5.460638e-08    -2.357639e-07    -1.404526e-07    2.365975e-07    9.43237e-08    3.07919e-07    -3.380692e-07    -1.617449e-07    3.425619e-07    -1.913528e-07    4.450782e-06    -2.010048e-07    -3.128666e-06    3.419283e-07    2.703366e-08
1.093041e-07    3.78293e-07    4.859507e-08    -2.240176e-07    -1.511685e-07    -2.512127e-07    1.592949e-07    3.771455e-07    -3.141934e-08    -1.233948e-07    -4.094813e-07    2.058599e-09    4.349454e-08    -2.605741e-07    3.261555e-07    -2.010048e-07    5.097023e-06    -1.304585e-06    -3.029647e-06    9.681869e-07
-2.146793e-07    6.960446e-08    3.667459e-07    5.464887e-08    -1.698189e-07    1.357673e-08    2.830654e-07    1.532002e-07    -1.444657e-07    -1.492196e-07    -2.933214e-07    5.202974e-08    -1.083518e-07    -3.186429e-07    4.180849e-07    -3.128666e-06    -1.304585e-06    5.264917e-06    -8.953145e-08    -1.682977e-06
-5.531162e-08    -2.515461e-07    -4.743136e-08    2.897717e-07    1.064929e-07    2.622811e-07    -1.051099e-07    -2.067375e-07    5.386535e-08    -1.05896e-07    4.298619e-07    -3.551964e-07    -3.685502e-07    3.015714e-07    -8.291039e-08    3.419283e-07    -3.029647e-06    -8.953145e-08    4.412261e-06    -1.565472e-06
-1.050579e-07    -6.809382e-08    -9.389577e-08    8.687698e-09    2.786621e-07    -3.892938e-08    -6.424662e-08    -8.409384e-08    -7.544913e-08    -8.90377e-09    -6.852064e-08    3.005822e-07    3.627597e-07    -3.743861e-08    -2.600995e-07    2.703366e-08    9.681869e-07    -1.682977e-06    -1.565472e-06    2.880845e-06
