3.924155e-06    -1.684096e-07    -2.334304e-06    -5.472707e-07    7.053083e-08    5.37549e-08    4.684085e-08    -6.395567e-08    -3.163316e-08    1.266577e-07    1.744283e-07    -2.058841e-07    -1.337809e-07    2.416422e-07    -8.388326e-08    3.345986e-07    1.093041e-07    -2.146793e-07    -5.531162e-08    -1.050579e-07
-1.684096e-07    3.96229e-06    -4.396727e-07    -2.460379e-06    2.04513e-07    -9.127783e-09    -5.681649e-08    -2.458543e-08    2.863088e-08    9.240912e-08    -3.426961e-07    2.469151e-07    4.369383e-07    -2.439439e-07    -1.544867e-07    -7.097241e-08    3.78293e-07    6.960446e-08    -2.515461e-07    -6.809382e-08
-2.334304e-06    -4.396727e-07    3.884889e-06    -1.64963e-07    -1.149445e-06    -8.166076e-08    -1.104766e-08    1.100237e-07    5.360254e-08    -7.162231e-08    -2.596793e-07    4.511114e-07    3.52609e-07    -2.817921e-07    -8.587469e-08    -2.479298e-07    4.859507e-08    3.667459e-07    -4.743136e-08    -9.389577e-08
-5.472707e-07    -2.460379e-06    -1.64963e-07    4.069895e-06    -9.110307e-07    -2.585033e-09    2.231243e-08    2.021839e-08    1.807402e-08    -1.639863e-07    2.581676e-07    -3.372224e-08    -2.343168e-07    1.823679e-07    -1.760715e-08    -4.44096e-08    -2.240176e-07    5.464887e-08    2.897717e-07    8.687698e-09
7.053083e-08    2.04513e-07    -1.149445e-06    -9.110307e-07    2.400727e-06    1.797764e-07    2.616918e-08    -1.046644e-07    -1.68396e-07    -1.297441e-07    8.676655e-08    -2.811246e-07    -1.935784e-07    8.315371e-08    9.650085e-08    -2.471589e-08    -1.511685e-07    -1.698189e-07    1.064929e-07    2.786621e-07
5.37549e-08    -9.127783e-09    -8.166076e-08    -2.585033e-09    1.797764e-07    4.031233e-06    -1.349133e-07    -2.383666e-06    -5.92292e-07    8.958909e-09    1.554369e-07    -2.29258e-07    -1.702405e-07    4.031683e-07    -1.386314e-07    5.460638e-08    -2.512127e-07    1.357673e-08    2.622811e-07    -3.892938e-08
4.684085e-08    -5.681649e-08    -1.104766e-08    2.231243e-08    2.616918e-08    -1.349133e-07    3.917273e-06    -3.736174e-07    -2.365704e-06    1.450855e-07    -2.964798e-07    3.989328e-07    4.520679e-07    -3.018542e-07    -1.329147e-07    -2.357639e-07    1.592949e-07    2.830654e-07    -1.051099e-07    -6.424662e-08
-6.395567e-08    -2.458543e-08    1.100237e-07    2.021839e-08    -1.046644e-07    -2.383666e-06    -3.736174e-07    3.896848e-06    -1.752482e-07    -1.137147e-06    -3.187665e-07    5.798152e-07    3.025827e-07    -4.430055e-07    -5.666547e-09    -1.404526e-07    3.771455e-07    1.532002e-07    -2.067375e-07    -8.409384e-08
-3.163316e-08    2.863088e-08    5.360254e-08    1.807402e-08    -1.68396e-07    -5.92292e-07    -2.365704e-06    -1.752482e-07    3.976115e-06    -9.157032e-07    2.931895e-07    -3.021516e-07    -2.290884e-07    2.312586e-07    3.148436e-08    2.365975e-07    -3.141934e-08    -1.444657e-07    5.386535e-08    -7.544913e-08
1.266577e-07    9.240912e-08    -7.162231e-08    -1.639863e-07    -1.297441e-07    8.958909e-09    1.450855e-07    -1.137147e-06    -9.157032e-07    2.505312e-06    4.074204e-08    -2.840544e-07    -1.149665e-07    7.499588e-08    5.606557e-08    9.43237e-08    -1.233948e-07    -1.492196e-07    -1.05896e-07    -8.90377e-09
1.744283e-07    -3.426961e-07    -2.596793e-07    2.581676e-07    8.676655e-08    1.554369e-07    -2.964798e-07    -3.187665e-07    2.931895e-07    4.074204e-08    1.133604e-05    -4.830607e-07    -9.574782e-06    1.700488e-07    3.543101e-07    6.427838e-07    -3.81912e-07    -5.420936e-07    7.051095e-07    -2.310259e-07
-2.058841e-07    2.469151e-07    4.511114e-07    -3.372224e-08    -2.811246e-07    -2.29258e-07    3.989328e-07    5.798152e-07    -3.021516e-07    -2.840544e-07    -4.830607e-07    1.44715e-05    -2.302421e-06    -9.600773e-06    1.007374e-06    -5.091691e-07    4.364909e-08    -2.433303e-08    -6.377337e-07    5.053036e-07
-1.337809e-07    4.369383e-07    3.52609e-07    -2.343168e-07    -1.935784e-07    -1.702405e-07    4.520679e-07    3.025827e-07    -2.290884e-07    -1.149665e-07    -9.574782e-06    -2.302421e-06    1.432088e-05    -5.137219e-07    -2.89303e-06    -5.986135e-07    -8.929495e-08    2.223511e-07    -6.171845e-07    4.675544e-07
2.416422e-07    -2.439439e-07    -2.817921e-07    1.823679e-07    8.315371e-08    4.031683e-07    -3.018542e-07    -4.430055e-07    2.312586e-07    7.499588e-08    1.700488e-07    -9.600773e-06    -5.137219e-07    1.10853e-05    -1.76495e-06    5.314827e-07    -3.722291e-07    -3.697771e-07    6.896993e-07    -1.186587e-07
-8.388326e-08    -1.544867e-07    -8.587469e-08    -1.760715e-08    9.650085e-08    -1.386314e-07    -1.329147e-07    -5.666547e-09    3.148436e-08    5.606557e-08    3.543101e-07    1.007374e-06    -2.89303e-06    -1.76495e-06    3.451853e-06    -3.190462e-08    4.04381e-07    3.202593e-07    -4.520889e-08    -3.077282e-07
3.345986e-07    -7.097241e-08    -2.479298e-07    -4.44096e-08    -2.471589e-08    5.460638e-08    -2.357639e-07    -1.404526e-07    2.365975e-07    9.43237e-08    6.427838e-07    -5.091691e-07    -5.986135e-07    5.314827e-07    -3.190462e-08    4.450782e-06    -2.010048e-07    -3.128666e-06    3.419283e-07    2.703366e-08
1.093041e-07    3.78293e-07    4.859507e-08    -2.240176e-07    -1.511685e-07    -2.512127e-07    1.592949e-07    3.771455e-07    -3.141934e-08    -1.233948e-07    -3.81912e-07    4.364909e-08    -8.929495e-08    -3.722291e-07    4.04381e-07    -2.010048e-07    5.097023e-06    -1.304585e-06    -3.029647e-06    9.681869e-07
-2.146793e-07    6.960446e-08    3.667459e-07    5.464887e-08    -1.698189e-07    1.357673e-08    2.830654e-07    1.532002e-07    -1.444657e-07    -1.492196e-07    -5.420936e-07    -2.433303e-08    2.223511e-07    -3.697771e-07    3.202593e-07    -3.128666e-06    -1.304585e-06    5.264917e-06    -8.953145e-08    -1.682977e-06
-5.531162e-08    -2.515461e-07    -4.743136e-08    2.897717e-07    1.064929e-07    2.622811e-07    -1.051099e-07    -2.067375e-07    5.386535e-08    -1.05896e-07    7.051095e-07    -6.377337e-07    -6.171845e-07    6.896993e-07    -4.520889e-08    3.419283e-07    -3.029647e-06    -8.953145e-08    4.412261e-06    -1.565472e-06
-1.050579e-07    -6.809382e-08    -9.389577e-08    8.687698e-09    2.786621e-07    -3.892938e-08    -6.424662e-08    -8.409384e-08    -7.544913e-08    -8.90377e-09    -2.310259e-07    5.053036e-07    4.675544e-07    -1.186587e-07    -3.077282e-07    2.703366e-08    9.681869e-07    -1.682977e-06    -1.565472e-06    2.880845e-06
