3.924155e-06    -1.684096e-07    -2.334304e-06    -5.472707e-07    7.053083e-08    3.33242e-08    -4.268881e-09    -3.397339e-08    -3.762645e-08    -1.089073e-08
-1.684096e-07    3.96229e-06    -4.396727e-07    -2.460379e-06    2.04513e-07    1.68918e-08    2.987944e-08    4.679015e-08    2.10064e-08    -4.001258e-08
-2.334304e-06    -4.396727e-07    3.884889e-06    -1.64963e-07    -1.149445e-06    -4.271999e-08    3.368023e-08    6.235127e-08    -6.756097e-10    2.957703e-08
-5.472707e-07    -2.460379e-06    -1.64963e-07    4.069895e-06    -9.110307e-07    -6.25292e-08    -6.146704e-08    6.64277e-09    3.073711e-08    1.20086e-08
7.053083e-08    2.04513e-07    -1.149445e-06    -9.110307e-07    2.400727e-06    2.510652e-08    1.456051e-08    -3.695192e-08    2.844755e-08    -3.169642e-08
3.33242e-08    1.68918e-08    -4.271999e-08    -6.25292e-08    2.510652e-08    5.182159e-06    3.853866e-07    -2.464886e-06    -2.743596e-07    -9.928149e-08
-4.268881e-09    2.987944e-08    3.368023e-08    -6.146704e-08    1.456051e-08    3.853866e-07    4.010525e-06    -3.291143e-07    -2.734395e-06    8.042172e-07
-3.397339e-08    4.679015e-08    6.235127e-08    6.64277e-09    -3.695192e-08    -2.464886e-06    -3.291143e-07    3.647567e-06    1.099244e-07    -1.724072e-06
-3.762645e-08    2.10064e-08    -6.756097e-10    3.073711e-08    2.844755e-08    -2.743596e-07    -2.734395e-06    1.099244e-07    5.123746e-06    -2.446878e-06
-1.089073e-08    -4.001258e-08    2.957703e-08    1.20086e-08    -3.169642e-08    -9.928149e-08    8.042172e-07    -1.724072e-06    -2.446878e-06    5.950417e-06
