2.600983e-06    -3.286611e-07    -1.342674e-06    6.021406e-07    1.593954e-08    2.538982e-07    -3.887532e-07    -3.574546e-07    2.075149e-07    1.66915e-07    -7.653055e-08    5.941772e-08    9.663147e-08    3.736003e-08    -9.945902e-08    2.424749e-07    -1.070363e-07    -3.07383e-07    2.20157e-07    -3.092637e-08    9.983419e-08    6.130515e-09    4.178487e-08    1.212171e-07    -1.30667e-07
-3.286611e-07    3.160636e-06    -1.907102e-08    -2.568925e-06    8.523284e-07    -4.900063e-07    7.468038e-08    1.170212e-07    -5.199746e-07    4.026357e-07    3.600934e-08    2.353316e-08    2.590894e-09    4.743568e-09    -3.331978e-09    7.58983e-08    -2.550777e-07    -1.889188e-07    2.393839e-08    1.519875e-07    -1.741134e-07    2.932016e-07    2.46215e-07    -1.506201e-07    -6.480217e-08
-1.342674e-06    -1.907102e-08    3.326219e-06    3.893051e-07    -2.172842e-06    -2.716871e-07    -1.948574e-07    -3.160059e-07    -2.825799e-07    5.004945e-07    9.027872e-08    2.027802e-09    -8.015087e-08    -5.342214e-08    8.306228e-08    1.154778e-07    -2.116157e-07    -2.787047e-07    6.528456e-08    1.359093e-07    -1.234787e-07    2.339987e-07    2.630445e-07    -9.270565e-08    -1.421591e-07
6.021406e-07    -2.568925e-06    3.893051e-07    5.404785e-06    -3.126419e-06    6.306022e-07    -7.682299e-07    -8.949955e-07    6.237045e-07    2.016926e-07    -5.53066e-08    -2.286789e-08    6.674054e-09    -8.952459e-09    -9.145968e-09    3.136192e-07    -2.552282e-07    -3.136161e-07    3.620669e-07    -4.917608e-08    1.633056e-07    -7.861729e-08    -7.126372e-08    1.824258e-07    -1.230055e-07
1.593954e-08    8.523284e-07    -2.172842e-06    -3.126419e-06    5.295479e-06    -2.056946e-07    9.035447e-07    1.011827e-06    -2.254935e-07    -7.257489e-07    -1.95566e-08    -7.525311e-08    -2.228105e-08    2.491048e-08    2.16677e-08    -4.65636e-07    4.275985e-07    6.865316e-07    -3.757029e-07    -1.427448e-07    5.262328e-08    -3.219784e-07    -2.826443e-07    -3.297751e-08    2.677771e-07
2.538982e-07    -4.900063e-07    -2.716871e-07    6.306022e-07    -2.056946e-07    3.924155e-06    -1.684096e-07    -2.334304e-06    -5.472707e-07    7.053083e-08    5.37549e-08    4.684085e-08    -6.395567e-08    -3.163316e-08    1.266577e-07    2.447024e-07    -1.362485e-07    -1.819171e-07    2.16112e-07    -9.776899e-08    3.345986e-07    1.093041e-07    -2.146793e-07    -5.531162e-08    -1.050579e-07
-3.887532e-07    7.468038e-08    -1.948574e-07    -7.682299e-07    9.035447e-07    -1.684096e-07    3.96229e-06    -4.396727e-07    -2.460379e-06    2.04513e-07    -9.127783e-09    -5.681649e-08    -2.458543e-08    2.863088e-08    9.240912e-08    6.42082e-08    -3.035813e-07    -2.187238e-07    9.150541e-08    1.579383e-07    -7.097241e-08    3.78293e-07    6.960446e-08    -2.515461e-07    -6.809382e-08
-3.574546e-07    1.170212e-07    -3.160059e-07    -8.949955e-07    1.011827e-06    -2.334304e-06    -4.396727e-07    3.884889e-06    -1.64963e-07    -1.149445e-06    -8.166076e-08    -1.104766e-08    1.100237e-07    5.360254e-08    -7.162231e-08    1.091169e-07    -2.983936e-07    -2.631225e-07    3.919332e-08    1.981156e-07    -2.479298e-07    4.859507e-08    3.667459e-07    -4.743136e-08    -9.389577e-08
2.075149e-07    -5.199746e-07    -2.825799e-07    6.237045e-07    -2.254935e-07    -5.472707e-07    -2.460379e-06    -1.64963e-07    4.069895e-06    -9.110307e-07    -2.585033e-09    2.231243e-08    2.021839e-08    1.807402e-08    -1.639863e-07    1.80777e-07    -3.034617e-07    4.605052e-08    2.042789e-07    -8.208446e-08    -4.44096e-08    -2.240176e-07    5.464887e-08    2.897717e-07    8.687698e-09
1.66915e-07    4.026357e-07    5.004945e-07    2.016926e-07    -7.257489e-07    7.053083e-08    2.04513e-07    -1.149445e-06    -9.110307e-07    2.400727e-06    1.797764e-07    2.616918e-08    -1.046644e-07    -1.68396e-07    -1.297441e-07    -2.521664e-07    5.712868e-07    2.524497e-07    -2.761757e-07    -1.233242e-07    -2.471589e-08    -1.511685e-07    -1.698189e-07    1.064929e-07    2.786621e-07
-7.653055e-08    3.600934e-08    9.027872e-08    -5.53066e-08    -1.95566e-08    5.37549e-08    -9.127783e-09    -8.166076e-08    -2.585033e-09    1.797764e-07    4.031233e-06    -1.349133e-07    -2.383666e-06    -5.92292e-07    8.958909e-09    2.522611e-07    -6.991328e-08    -1.983939e-07    1.728943e-07    -4.877872e-08    5.460638e-08    -2.512127e-07    1.357673e-08    2.622811e-07    -3.892938e-08
5.941772e-08    2.353316e-08    2.027802e-09    -2.286789e-08    -7.525311e-08    4.684085e-08    -5.681649e-08    -1.104766e-08    2.231243e-08    2.616918e-08    -1.349133e-07    3.917273e-06    -3.736174e-07    -2.365704e-06    1.450855e-07    1.126963e-07    -1.721754e-07    -3.572851e-07    -1.50638e-08    1.653444e-07    -2.357639e-07    1.592949e-07    2.830654e-07    -1.051099e-07    -6.424662e-08
9.663147e-08    2.590894e-09    -8.015087e-08    6.674054e-09    -2.228105e-08    -6.395567e-08    -2.458543e-08    1.100237e-07    2.021839e-08    -1.046644e-07    -2.383666e-06    -3.736174e-07    3.896848e-06    -1.752482e-07    -1.137147e-06    1.223775e-08    -3.395076e-07    -1.656714e-07    6.615273e-08    1.518517e-07    -1.404526e-07    3.771455e-07    1.532002e-07    -2.067375e-07    -8.409384e-08
3.736003e-08    4.743568e-09    -5.342214e-08    -8.952459e-09    2.491048e-08    -3.163316e-08    2.863088e-08    5.360254e-08    1.807402e-08    -1.68396e-07    -5.92292e-07    -2.365704e-06    -1.752482e-07    3.976115e-06    -9.157032e-07    2.268303e-07    -2.012523e-07    -1.158731e-07    2.188591e-07    -6.237872e-08    2.365975e-07    -3.141934e-08    -1.444657e-07    5.386535e-08    -7.544913e-08
-9.945902e-08    -3.331978e-09    8.306228e-08    -9.145968e-09    2.16677e-08    1.266577e-07    9.240912e-08    -7.162231e-08    -1.639863e-07    -1.297441e-07    8.958909e-09    1.450855e-07    -1.137147e-06    -9.157032e-07    2.505312e-06    -2.985701e-07    3.414929e-07    4.375775e-07    -2.268836e-07    -1.133559e-07    9.43237e-08    -1.233948e-07    -1.492196e-07    -1.05896e-07    -8.90377e-09
2.424749e-07    7.58983e-08    1.154778e-07    3.136192e-07    -4.65636e-07    2.447024e-07    6.42082e-08    1.091169e-07    1.80777e-07    -2.521664e-07    2.522611e-07    1.126963e-07    1.223775e-08    2.268303e-07    -2.985701e-07    4.198355e-06    -3.570896e-07    -3.268864e-06    -2.005086e-07    -1.219386e-07    1.321577e-07    3.837891e-07    3.98826e-07    1.946811e-07    -5.250532e-07
-1.070363e-07    -2.550777e-07    -2.116157e-07    -2.552282e-07    4.275985e-07    -1.362485e-07    -3.035813e-07    -2.983936e-07    -3.034617e-07    5.712868e-07    -6.991328e-08    -1.721754e-07    -3.395076e-07    -2.012523e-07    3.414929e-07    -3.570896e-07    1.233661e-05    -8.056497e-06    -2.337646e-06    6.702505e-07    2.176402e-07    -7.27721e-07    -8.338338e-07    2.533929e-07    5.91581e-07
-3.07383e-07    -1.889188e-07    -2.787047e-07    -3.136161e-07    6.865316e-07    -1.819171e-07    -2.187238e-07    -2.631225e-07    4.605052e-08    2.524497e-07    -1.983939e-07    -3.572851e-07    -1.656714e-07    -1.158731e-07    4.375775e-07    -3.268864e-06    -8.056497e-06    1.231061e-05    -7.233887e-07    -1.183478e-06    2.06839e-07    -6.396201e-07    -6.158771e-07    2.381444e-08    4.392275e-07
2.20157e-07    2.393839e-08    6.528456e-08    3.620669e-07    -3.757029e-07    2.16112e-07    9.150541e-08    3.919332e-08    2.042789e-07    -2.761757e-07    1.728943e-07    -1.50638e-08    6.615273e-08    2.188591e-07    -2.268836e-07    -2.005086e-07    -2.337646e-06    -7.233887e-07    3.857491e-06    -3.243028e-07    1.08036e-07    3.292992e-07    3.472286e-07    1.308195e-07    -4.428704e-07
-3.092637e-08    1.519875e-07    1.359093e-07    -4.917608e-08    -1.427448e-07    -9.776899e-08    1.579383e-07    1.981156e-07    -8.208446e-08    -1.233242e-07    -4.877872e-08    1.653444e-07    1.518517e-07    -6.237872e-08    -1.133559e-07    -1.219386e-07    6.702505e-07    -1.183478e-06    -3.243028e-07    1.055329e-06    -2.980511e-07    2.664832e-07    2.686432e-07    -2.351579e-07    1.476861e-09
9.983419e-08    -1.741134e-07    -1.234787e-07    1.633056e-07    5.262328e-08    3.345986e-07    -7.097241e-08    -2.479298e-07    -4.44096e-08    -2.471589e-08    5.460638e-08    -2.357639e-07    -1.404526e-07    2.365975e-07    9.43237e-08    1.321577e-07    2.176402e-07    2.06839e-07    1.08036e-07    -2.980511e-07    4.450782e-06    -2.010048e-07    -3.128666e-06    3.419283e-07    2.703366e-08
6.130515e-09    2.932016e-07    2.339987e-07    -7.861729e-08    -3.219784e-07    1.093041e-07    3.78293e-07    4.859507e-08    -2.240176e-07    -1.511685e-07    -2.512127e-07    1.592949e-07    3.771455e-07    -3.141934e-08    -1.233948e-07    3.837891e-07    -7.27721e-07    -6.396201e-07    3.292992e-07    2.664832e-07    -2.010048e-07    5.097023e-06    -1.304585e-06    -3.029647e-06    9.681869e-07
4.178487e-08    2.46215e-07    2.630445e-07    -7.126372e-08    -2.826443e-07    -2.146793e-07    6.960446e-08    3.667459e-07    5.464887e-08    -1.698189e-07    1.357673e-08    2.830654e-07    1.532002e-07    -1.444657e-07    -1.492196e-07    3.98826e-07    -8.338338e-07    -6.158771e-07    3.472286e-07    2.686432e-07    -3.128666e-06    -1.304585e-06    5.264917e-06    -8.953145e-08    -1.682977e-06
1.212171e-07    -1.506201e-07    -9.270565e-08    1.824258e-07    -3.297751e-08    -5.531162e-08    -2.515461e-07    -4.743136e-08    2.897717e-07    1.064929e-07    2.622811e-07    -1.051099e-07    -2.067375e-07    5.386535e-08    -1.05896e-07    1.946811e-07    2.533929e-07    2.381444e-08    1.308195e-07    -2.351579e-07    3.419283e-07    -3.029647e-06    -8.953145e-08    4.412261e-06    -1.565472e-06
-1.30667e-07    -6.480217e-08    -1.421591e-07    -1.230055e-07    2.677771e-07    -1.050579e-07    -6.809382e-08    -9.389577e-08    8.687698e-09    2.786621e-07    -3.892938e-08    -6.424662e-08    -8.409384e-08    -7.544913e-08    -8.90377e-09    -5.250532e-07    5.91581e-07    4.392275e-07    -4.428704e-07    1.476861e-09    2.703366e-08    9.681869e-07    -1.682977e-06    -1.565472e-06    2.880845e-06
