3.924155e-06    -1.684096e-07    -2.334304e-06    -5.472707e-07    7.053083e-08    5.37549e-08    4.684085e-08    -6.395567e-08    -3.163316e-08    1.266577e-07    4.136938e-07    -3.711404e-07    -4.552299e-07    3.450176e-07    7.138341e-08
-1.684096e-07    3.96229e-06    -4.396727e-07    -2.460379e-06    2.04513e-07    -9.127783e-09    -5.681649e-08    -2.458543e-08    2.863088e-08    9.240912e-08    -4.594632e-07    -7.250444e-08    3.804891e-08    -4.726994e-07    4.906443e-07
-2.334304e-06    -4.396727e-07    3.884889e-06    -1.64963e-07    -1.149445e-06    -8.166076e-08    -1.104766e-08    1.100237e-07    5.360254e-08    -7.162231e-08    -4.413513e-07    2.123558e-08    8.964647e-09    -4.849755e-07    3.823985e-07
-5.472707e-07    -2.460379e-06    -1.64963e-07    4.069895e-06    -9.110307e-07    -2.585033e-09    2.231243e-08    2.021839e-08    1.807402e-08    -1.639863e-07    3.536038e-07    -3.52088e-07    -3.613345e-07    3.604907e-07    -4.632446e-08
7.053083e-08    2.04513e-07    -1.149445e-06    -9.110307e-07    2.400727e-06    1.797764e-07    2.616918e-08    -1.046644e-07    -1.68396e-07    -1.297441e-07    4.712059e-08    3.570552e-07    3.874061e-07    1.481462e-07    -4.138666e-07
5.37549e-08    -9.127783e-09    -8.166076e-08    -2.585033e-09    1.797764e-07    4.031233e-06    -1.349133e-07    -2.383666e-06    -5.92292e-07    8.958909e-09    -3.221395e-09    1.693099e-08    2.716298e-08    -1.149796e-08    1.80973e-08
4.684085e-08    -5.681649e-08    -1.104766e-08    2.231243e-08    2.616918e-08    -1.349133e-07    3.917273e-06    -3.736174e-07    -2.365704e-06    1.450855e-07    -5.111278e-09    4.639527e-09    -2.790179e-08    -2.337575e-08    3.521554e-08
-6.395567e-08    -2.458543e-08    1.100237e-07    2.021839e-08    -1.046644e-07    -2.383666e-06    -3.736174e-07    3.896848e-06    -1.752482e-07    -1.137147e-06    -9.59953e-08    -7.741872e-08    -5.579866e-09    8.161922e-08    1.546998e-08
-3.163316e-08    2.863088e-08    5.360254e-08    1.807402e-08    -1.68396e-07    -5.92292e-07    -2.365704e-06    -1.752482e-07    3.976115e-06    -9.157032e-07    3.761599e-08    -3.895193e-08    -3.261703e-08    -4.035971e-08    2.623239e-08
1.266577e-07    9.240912e-08    -7.162231e-08    -1.639863e-07    -1.297441e-07    8.958909e-09    1.450855e-07    -1.137147e-06    -9.157032e-07    2.505312e-06    4.074447e-08    7.870096e-08    -3.536524e-09    -7.668635e-08    -6.395346e-08
4.136938e-07    -4.594632e-07    -4.413513e-07    3.536038e-07    4.712059e-08    -3.221395e-09    -5.111278e-09    -9.59953e-08    3.761599e-08    4.074447e-08    4.725822e-06    -2.000979e-07    -2.906086e-06    -4.483164e-07    1.731308e-07
-3.711404e-07    -7.250444e-08    2.123558e-08    -3.52088e-07    3.570552e-07    1.693099e-08    4.639527e-09    -7.741872e-08    -3.895193e-08    7.870096e-08    -2.000979e-07    3.915343e-06    -1.885232e-07    -2.538816e-06    3.615295e-07
-4.552299e-07    3.804891e-08    8.964647e-09    -3.613345e-07    3.874061e-07    2.716298e-08    -2.790179e-08    -5.579866e-09    -3.261703e-08    -3.536524e-09    -2.906086e-06    -1.885232e-07    4.379507e-06    3.138876e-09    -1.650605e-06
3.450176e-07    -4.726994e-07    -4.849755e-07    3.604907e-07    1.481462e-07    -1.149796e-08    -2.337575e-08    8.161922e-08    -4.035971e-08    -7.668635e-08    -4.483164e-07    -2.538816e-06    3.138876e-09    4.626585e-06    -1.536757e-06
7.138341e-08    4.906443e-07    3.823985e-07    -4.632446e-08    -4.138666e-07    1.80973e-08    3.521554e-08    1.546998e-08    2.623239e-08    -6.395346e-08    1.731308e-07    3.615295e-07    -1.650605e-06    -1.536757e-06    3.862514e-06
