2.600983e-06    -3.286611e-07    -1.342674e-06    6.021406e-07    1.593954e-08    3.228146e-09    -6.518403e-08    -4.987182e-08    -2.781047e-08    2.202135e-07    2.538982e-07    -3.887532e-07    -3.574546e-07    2.075149e-07    1.66915e-07    -7.653055e-08    5.941772e-08    9.663147e-08    3.736003e-08    -9.945902e-08    5.498353e-08    -1.920195e-07    -2.213754e-08    1.957773e-07    -3.328305e-08    9.983419e-08    6.130515e-09    4.178487e-08    1.212171e-07    -1.30667e-07
-3.286611e-07    3.160636e-06    -1.907102e-08    -2.568925e-06    8.523284e-07    -4.940481e-08    -1.6856e-08    -4.979639e-08    6.254391e-08    6.688295e-08    -4.900063e-07    7.468038e-08    1.170212e-07    -5.199746e-07    4.026357e-07    3.600934e-08    2.353316e-08    2.590894e-09    4.743568e-09    -3.331978e-09    -3.44589e-07    2.729919e-07    4.943608e-07    -3.030862e-07    -1.222045e-07    -1.741134e-07    2.932016e-07    2.46215e-07    -1.506201e-07    -6.480217e-08
-1.342674e-06    -1.907102e-08    3.326219e-06    3.893051e-07    -2.172842e-06    -4.455707e-08    -5.248881e-08    5.656774e-08    1.395079e-07    -1.109157e-07    -2.716871e-07    -1.948574e-07    -3.160059e-07    -2.825799e-07    5.004945e-07    9.027872e-08    2.027802e-09    -8.015087e-08    -5.342214e-08    8.306228e-08    -3.293292e-08    6.912719e-07    2.967077e-07    -3.239982e-07    -2.95622e-07    -1.234787e-07    2.339987e-07    2.630445e-07    -9.270565e-08    -1.421591e-07
6.021406e-07    -2.568925e-06    3.893051e-07    5.404785e-06    -3.126419e-06    9.156553e-08    -1.986293e-08    -4.650557e-10    -7.124445e-08    -5.753822e-08    6.306022e-07    -7.682299e-07    -8.949955e-07    6.237045e-07    2.016926e-07    -5.53066e-08    -2.286789e-08    6.674054e-09    -8.952459e-09    -9.145968e-09    5.236726e-07    7.303563e-08    -1.043296e-07    2.179196e-07    -2.877384e-07    1.633056e-07    -7.861729e-08    -7.126372e-08    1.824258e-07    -1.230055e-07
1.593954e-08    8.523284e-07    -2.172842e-06    -3.126419e-06    5.295479e-06    3.787011e-08    1.116206e-07    4.794605e-08    -1.289315e-07    -2.471375e-07    -2.056946e-07    9.035447e-07    1.011827e-06    -2.254935e-07    -7.257489e-07    -1.95566e-08    -7.525311e-08    -2.228105e-08    2.491048e-08    2.16677e-08    -2.654312e-07    -7.377017e-07    -1.892343e-07    1.948482e-07    3.624017e-07    5.262328e-08    -3.219784e-07    -2.826443e-07    -3.297751e-08    2.677771e-07
3.228146e-09    -4.940481e-08    -4.455707e-08    9.156553e-08    3.787011e-08    2.533777e-06    -4.266937e-07    -1.291445e-06    5.937822e-07    -7.863822e-11    1.351517e-08    4.34843e-08    7.135347e-09    -1.488053e-08    -5.067052e-09    2.835446e-07    -3.474275e-07    -4.339428e-07    1.811911e-07    1.638223e-07    2.32856e-07    7.96028e-09    -2.616352e-07    1.588194e-07    -2.013527e-08    1.667183e-07    3.817408e-08    -3.55231e-08    8.580231e-08    -1.154345e-07
-6.518403e-08    -1.6856e-08    -5.248881e-08    -1.986293e-08    1.116206e-07    -4.266937e-07    3.182776e-06    6.380439e-08    -2.655799e-06    8.383507e-07    -1.265474e-09    6.203492e-08    3.841545e-08    -4.867754e-08    -1.426604e-08    -4.852373e-07    1.090418e-07    1.108757e-07    -5.387858e-07    4.232573e-07    -4.70112e-07    4.401276e-07    5.585573e-07    -3.19329e-07    -1.241291e-07    -1.821607e-07    1.988607e-07    3.334636e-07    -1.035312e-07    -1.424173e-07
-4.987182e-08    -4.979639e-08    5.656774e-08    -4.650557e-10    4.794605e-08    -1.291445e-06    6.380439e-08    3.389444e-06    3.92713e-07    -2.300373e-06    -4.46262e-08    3.361369e-09    4.877538e-08    3.066017e-09    3.632891e-09    -4.310885e-07    -2.684061e-07    -2.003513e-07    -2.459131e-07    5.647887e-07    -2.142867e-07    4.60114e-07    5.73715e-07    -3.660283e-07    -3.170512e-07    -1.621587e-07    2.986313e-07    2.752374e-07    -1.229577e-07    -1.107265e-07
-2.781047e-08    6.254391e-08    1.395079e-07    -7.124445e-08    -1.289315e-07    5.937822e-07    -2.655799e-06    3.92713e-07    5.445952e-06    -3.122491e-06    -3.767559e-08    -2.425063e-08    -4.615381e-08    3.341053e-08    3.734994e-08    5.416288e-07    -9.242895e-07    -7.978646e-07    7.387606e-07    1.764058e-07    4.799197e-07    -1.152516e-07    -9.884578e-08    2.812793e-07    -3.065482e-07    1.817278e-07    5.552958e-09    -9.710395e-08    1.499057e-07    -8.131312e-08
2.202135e-07    6.688295e-08    -1.109157e-07    -5.753822e-08    -2.471375e-07    -7.863822e-11    8.383507e-07    -2.300373e-06    -3.122491e-06    5.391972e-06    1.624887e-08    -6.105218e-08    -4.019799e-08    9.056859e-08    -3.315035e-08    -1.36973e-07    1.061144e-06    9.925343e-07    -2.932715e-07    -7.955765e-07    -1.916573e-07    -6.275756e-07    -4.261244e-07    1.850005e-07    4.589628e-07    7.911405e-08    -2.90951e-07    -3.502114e-07    -2.123162e-08    2.933386e-07
2.538982e-07    -4.900063e-07    -2.716871e-07    6.306022e-07    -2.056946e-07    1.351517e-08    -1.265474e-09    -4.46262e-08    -3.767559e-08    1.624887e-08    3.924155e-06    -1.684096e-07    -2.334304e-06    -5.472707e-07    7.053083e-08    5.37549e-08    4.684085e-08    -6.395567e-08    -3.163316e-08    1.266577e-07    5.02573e-07    -3.464163e-07    -5.115142e-07    4.588137e-07    -6.171794e-08    3.345986e-07    1.093041e-07    -2.146793e-07    -5.531162e-08    -1.050579e-07
-3.887532e-07    7.468038e-08    -1.948574e-07    -7.682299e-07    9.035447e-07    4.34843e-08    6.203492e-08    3.361369e-09    -2.425063e-08    -6.105218e-08    -1.684096e-07    3.96229e-06    -4.396727e-07    -2.460379e-06    2.04513e-07    -9.127783e-09    -5.681649e-08    -2.458543e-08    2.863088e-08    9.240912e-08    -3.222354e-07    -3.351051e-07    -1.708375e-07    -2.698375e-07    5.424804e-07    -7.097241e-08    3.78293e-07    6.960446e-08    -2.515461e-07    -6.809382e-08
-3.574546e-07    1.170212e-07    -3.160059e-07    -8.949955e-07    1.011827e-06    7.135347e-09    3.841545e-08    4.877538e-08    -4.615381e-08    -4.019799e-08    -2.334304e-06    -4.396727e-07    3.884889e-06    -1.64963e-07    -1.149445e-06    -8.166076e-08    -1.104766e-08    1.100237e-07    5.360254e-08    -7.162231e-08    -2.794708e-07    -4.179444e-07    -3.110717e-07    -2.429175e-07    6.593807e-07    -2.479298e-07    4.859507e-08    3.667459e-07    -4.743136e-08    -9.389577e-08
2.075149e-07    -5.199746e-07    -2.825799e-07    6.237045e-07    -2.254935e-07    -1.488053e-08    -4.867754e-08    3.066017e-09    3.341053e-08    9.056859e-08    -5.472707e-07    -2.460379e-06    -1.64963e-07    4.069895e-06    -9.110307e-07    -2.585033e-09    2.231243e-08    2.021839e-08    1.807402e-08    -1.639863e-07    3.885667e-07    -5.310829e-07    -4.660023e-07    6.217339e-07    1.517843e-08    -4.44096e-08    -2.240176e-07    5.464887e-08    2.897717e-07    8.687698e-09
1.66915e-07    4.026357e-07    5.004945e-07    2.016926e-07    -7.257489e-07    -5.067052e-09    -1.426604e-08    3.632891e-09    3.734994e-08    -3.315035e-08    7.053083e-08    2.04513e-07    -1.149445e-06    -9.110307e-07    2.400727e-06    1.797764e-07    2.616918e-08    -1.046644e-07    -1.68396e-07    -1.297441e-07    -1.841622e-07    7.317072e-07    7.24424e-07    -2.315758e-07    -5.483341e-07    -2.471589e-08    -1.511685e-07    -1.698189e-07    1.064929e-07    2.786621e-07
-7.653055e-08    3.600934e-08    9.027872e-08    -5.53066e-08    -1.95566e-08    2.835446e-07    -4.852373e-07    -4.310885e-07    5.416288e-07    -1.36973e-07    5.37549e-08    -9.127783e-09    -8.166076e-08    -2.585033e-09    1.797764e-07    4.031233e-06    -1.349133e-07    -2.383666e-06    -5.92292e-07    8.958909e-09    5.204364e-07    -5.034725e-07    -4.625477e-07    5.252273e-07    -7.443223e-08    5.460638e-08    -2.512127e-07    1.357673e-08    2.622811e-07    -3.892938e-08
5.941772e-08    2.353316e-08    2.027802e-09    -2.286789e-08    -7.525311e-08    -3.474275e-07    1.090418e-07    -2.684061e-07    -9.242895e-07    1.061144e-06    4.684085e-08    -5.681649e-08    -1.104766e-08    2.231243e-08    2.616918e-08    -1.349133e-07    3.917273e-06    -3.736174e-07    -2.365704e-06    1.450855e-07    -4.787818e-07    -4.341325e-07    -1.746019e-07    -3.377629e-07    7.653359e-07    -2.357639e-07    1.592949e-07    2.830654e-07    -1.051099e-07    -6.424662e-08
9.663147e-08    2.590894e-09    -8.015087e-08    6.674054e-09    -2.228105e-08    -4.339428e-07    1.108757e-07    -2.003513e-07    -7.978646e-07    9.925343e-07    -6.395567e-08    -2.458543e-08    1.100237e-07    2.021839e-08    -1.046644e-07    -2.383666e-06    -3.736174e-07    3.896848e-06    -1.752482e-07    -1.137147e-06    -3.322997e-07    -2.195198e-07    -3.424066e-07    -3.08602e-07    6.414017e-07    -1.404526e-07    3.771455e-07    1.532002e-07    -2.067375e-07    -8.409384e-08
3.736003e-08    4.743568e-09    -5.342214e-08    -8.952459e-09    2.491048e-08    1.811911e-07    -5.387858e-07    -2.459131e-07    7.387606e-07    -2.932715e-07    -3.163316e-08    2.863088e-08    5.360254e-08    1.807402e-08    -1.68396e-07    -5.92292e-07    -2.365704e-06    -1.752482e-07    3.976115e-06    -9.157032e-07    6.98169e-07    -4.030083e-07    -5.948486e-07    6.664243e-07    -2.148956e-07    2.365975e-07    -3.141934e-08    -1.444657e-07    5.386535e-08    -7.544913e-08
-9.945902e-08    -3.331978e-09    8.306228e-08    -9.145968e-09    2.16677e-08    1.638223e-07    4.232573e-07    5.647887e-07    1.764058e-07    -7.955765e-07    1.266577e-07    9.240912e-08    -7.162231e-08    -1.639863e-07    -1.297441e-07    8.958909e-09    1.450855e-07    -1.137147e-06    -9.157032e-07    2.505312e-06    -2.293275e-07    8.399825e-07    7.344612e-07    -2.658797e-07    -4.709007e-07    9.43237e-08    -1.233948e-07    -1.492196e-07    -1.05896e-07    -8.90377e-09
5.498353e-08    -3.44589e-07    -3.293292e-08    5.236726e-07    -2.654312e-07    2.32856e-07    -4.70112e-07    -2.142867e-07    4.799197e-07    -1.916573e-07    5.02573e-07    -3.222354e-07    -2.794708e-07    3.885667e-07    -1.841622e-07    5.204364e-07    -4.787818e-07    -3.322997e-07    6.98169e-07    -2.293275e-07    1.097541e-05    1.100321e-06    -8.138657e-06    -3.203094e-07    6.647987e-08    4.903821e-07    -4.478387e-07    -3.68527e-07    4.183617e-07    -1.594302e-07
-1.920195e-07    2.729919e-07    6.912719e-07    7.303563e-08    -7.377017e-07    7.96028e-09    4.401276e-07    4.60114e-07    -1.152516e-07    -6.275756e-07    -3.464163e-07    -3.351051e-07    -4.179444e-07    -5.310829e-07    7.317072e-07    -5.034725e-07    -4.341325e-07    -2.195198e-07    -4.030083e-07    8.399825e-07    1.100321e-06    1.30728e-05    -3.444884e-06    -8.142735e-06    2.563034e-06    -5.479267e-07    3.991868e-09    2.794175e-08    -4.4522e-07    4.228179e-07
-2.213754e-08    4.943608e-07    2.967077e-07    -1.043296e-07    -1.892343e-07    -2.616352e-07    5.585573e-07    5.73715e-07    -9.884578e-08    -4.261244e-07    -5.115142e-07    -1.708375e-07    -3.110717e-07    -4.660023e-07    7.24424e-07    -4.625477e-07    -1.746019e-07    -3.424066e-07    -5.948486e-07    7.344612e-07    -8.138657e-06    -3.444884e-06    1.306918e-05    9.975466e-07    -5.104382e-06    -3.752677e-07    3.81465e-08    -4.029039e-08    -4.441351e-07    5.181916e-07
1.957773e-07    -3.030862e-07    -3.239982e-07    2.179196e-07    1.948482e-07    1.588194e-07    -3.19329e-07    -3.660283e-07    2.812793e-07    1.850005e-07    4.588137e-07    -2.698375e-07    -2.429175e-07    6.217339e-07    -2.315758e-07    5.252273e-07    -3.377629e-07    -3.08602e-07    6.664243e-07    -2.658797e-07    -3.203094e-07    -8.142735e-06    9.975466e-07    1.096325e-05    -3.878048e-06    6.555428e-07    -5.154154e-07    -4.662214e-07    5.474601e-07    -1.107711e-07
-3.328305e-08    -1.222045e-07    -2.95622e-07    -2.877384e-07    3.624017e-07    -2.013527e-08    -1.241291e-07    -3.170512e-07    -3.065482e-07    4.589628e-07    -6.171794e-08    5.424804e-07    6.593807e-07    1.517843e-08    -5.483341e-07    -7.443223e-08    7.653359e-07    6.414017e-07    -2.148956e-07    -4.709007e-07    6.647987e-08    2.563034e-06    -5.104382e-06    -3.878048e-06    8.086519e-06    -2.284732e-07    4.865585e-07    4.674068e-07    7.355616e-09    -4.061201e-07
9.983419e-08    -1.741134e-07    -1.234787e-07    1.633056e-07    5.262328e-08    1.667183e-07    -1.821607e-07    -1.621587e-07    1.817278e-07    7.911405e-08    3.345986e-07    -7.097241e-08    -2.479298e-07    -4.44096e-08    -2.471589e-08    5.460638e-08    -2.357639e-07    -1.404526e-07    2.365975e-07    9.43237e-08    4.903821e-07    -5.479267e-07    -3.752677e-07    6.555428e-07    -2.284732e-07    4.450782e-06    -2.010048e-07    -3.128666e-06    3.419283e-07    2.703366e-08
6.130515e-09    2.932016e-07    2.339987e-07    -7.861729e-08    -3.219784e-07    3.817408e-08    1.988607e-07    2.986313e-07    5.552958e-09    -2.90951e-07    1.093041e-07    3.78293e-07    4.859507e-08    -2.240176e-07    -1.511685e-07    -2.512127e-07    1.592949e-07    3.771455e-07    -3.141934e-08    -1.233948e-07    -4.478387e-07    3.991868e-09    3.81465e-08    -5.154154e-07    4.865585e-07    -2.010048e-07    5.097023e-06    -1.304585e-06    -3.029647e-06    9.681869e-07
4.178487e-08    2.46215e-07    2.630445e-07    -7.126372e-08    -2.826443e-07    -3.55231e-08    3.334636e-07    2.752374e-07    -9.710395e-08    -3.502114e-07    -2.146793e-07    6.960446e-08    3.667459e-07    5.464887e-08    -1.698189e-07    1.357673e-08    2.830654e-07    1.532002e-07    -1.444657e-07    -1.492196e-07    -3.68527e-07    2.794175e-08    -4.029039e-08    -4.662214e-07    4.674068e-07    -3.128666e-06    -1.304585e-06    5.264917e-06    -8.953145e-08    -1.682977e-06
1.212171e-07    -1.506201e-07    -9.270565e-08    1.824258e-07    -3.297751e-08    8.580231e-08    -1.035312e-07    -1.229577e-07    1.499057e-07    -2.123162e-08    -5.531162e-08    -2.515461e-07    -4.743136e-08    2.897717e-07    1.064929e-07    2.622811e-07    -1.051099e-07    -2.067375e-07    5.386535e-08    -1.05896e-07    4.183617e-07    -4.4522e-07    -4.441351e-07    5.474601e-07    7.355616e-09    3.419283e-07    -3.029647e-06    -8.953145e-08    4.412261e-06    -1.565472e-06
-1.30667e-07    -6.480217e-08    -1.421591e-07    -1.230055e-07    2.677771e-07    -1.154345e-07    -1.424173e-07    -1.107265e-07    -8.131312e-08    2.933386e-07    -1.050579e-07    -6.809382e-08    -9.389577e-08    8.687698e-09    2.786621e-07    -3.892938e-08    -6.424662e-08    -8.409384e-08    -7.544913e-08    -8.90377e-09    -1.594302e-07    4.228179e-07    5.181916e-07    -1.107711e-07    -4.061201e-07    2.703366e-08    9.681869e-07    -1.682977e-06    -1.565472e-06    2.880845e-06
