3.924155e-06    -1.684096e-07    -2.334304e-06    -5.472707e-07    7.053083e-08    4.241428e-07    -3.308083e-07    -4.708063e-07    3.77789e-07    8.358814e-08
-1.684096e-07    3.96229e-06    -4.396727e-07    -2.460379e-06    2.04513e-07    -6.089523e-07    -1.842912e-08    -1.945218e-08    -5.576814e-07    5.983729e-07
-2.334304e-06    -4.396727e-07    3.884889e-06    -1.64963e-07    -1.149445e-06    -6.005893e-07    -8.52078e-08    -9.382463e-09    -6.111932e-07    5.493172e-07
-5.472707e-07    -2.460379e-06    -1.64963e-07    4.069895e-06    -9.110307e-07    4.577875e-07    -4.274228e-07    -4.121607e-07    3.138e-07    2.674346e-08
7.053083e-08    2.04513e-07    -1.149445e-06    -9.110307e-07    2.400727e-06    1.993194e-07    4.609168e-07    3.913079e-07    2.25325e-07    -6.109313e-07
4.241428e-07    -6.089523e-07    -6.005893e-07    4.577875e-07    1.993194e-07    5.172255e-06    2.427888e-07    -2.809872e-06    -2.827094e-07    2.905719e-07
-3.308083e-07    -1.842912e-08    -8.52078e-08    -4.274228e-07    4.609168e-07    2.427888e-07    3.569178e-06    -4.04574e-07    -2.42069e-06    8.808811e-07
-4.708063e-07    -1.945218e-08    -9.382463e-09    -4.121607e-07    3.913079e-07    -2.809872e-06    -4.04574e-07    3.938312e-06    4.107296e-07    -2.125435e-06
3.77789e-07    -5.576814e-07    -6.111932e-07    3.138e-07    2.25325e-07    -2.827094e-07    -2.42069e-06    4.107296e-07    5.054463e-06    -2.842432e-06
8.358814e-08    5.983729e-07    5.493172e-07    2.674346e-08    -6.109313e-07    2.905719e-07    8.808811e-07    -2.125435e-06    -2.842432e-06    6.504933e-06
