5.827196e-06    -1.955213e-08    -3.154162e-06    -4.402428e-07    -7.192624e-07    8.524826e-07    -4.988176e-07    -1.027742e-06    4.493705e-07    2.093031e-07    7.960802e-07    -8.738007e-07    -3.629815e-07    9.662211e-07    -6.219737e-07
-1.955213e-08    9.738602e-06    6.803159e-06    -1.049526e-06    -5.626806e-06    -3.538209e-07    6.810655e-06    4.945959e-06    -1.409404e-06    -4.690804e-06    4.947135e-07    -5.774834e-06    -4.258836e-06    1.644033e-06    3.221236e-06
-3.154162e-06    6.803159e-06    1.369764e-05    2.365745e-06    -8.996157e-06    -9.063442e-07    9.233315e-06    7.28933e-06    -2.091308e-06    -6.440817e-06    9.74936e-07    -7.070049e-06    -6.178066e-06    1.871909e-06    4.726073e-06
-4.402428e-07    -1.049526e-06    2.365745e-06    6.526551e-06    -3.922509e-06    -4.412824e-07    2.47497e-06    2.244822e-06    -3.451615e-07    -1.993859e-06    9.7056e-07    -2.241378e-06    -2.537508e-06    6.243081e-07    1.69705e-06
-7.192624e-07    -5.626806e-06    -8.996157e-06    -3.922509e-06    1.153112e-05    2.676024e-07    -6.922083e-06    -4.816067e-06    1.220911e-06    4.789609e-06    -1.334746e-06    6.6941e-06    5.433074e-06    -2.020551e-06    -3.749726e-06
8.524826e-07    -3.538209e-07    -9.063442e-07    -4.412824e-07    2.676024e-07    7.237073e-06    -6.570187e-07    -6.570981e-06    -2.4095e-07    1.011372e-06    5.224371e-07    -3.159772e-07    2.381888e-07    1.082412e-06    -1.228945e-06
-4.988176e-07    6.810655e-06    9.233315e-06    2.47497e-06    -6.922083e-06    -6.570187e-07    1.787854e-05    5.888056e-06    -8.092161e-06    -6.093986e-06    1.985627e-06    -6.93696e-06    -7.677564e-06    1.793345e-06    5.272073e-06
-1.027742e-06    4.945959e-06    7.28933e-06    2.244822e-06    -4.816067e-06    -6.570981e-06    5.888056e-06    1.463422e-05    -1.604699e-06    -7.426766e-06    6.270791e-07    -4.637525e-06    -4.988686e-06    6.460586e-07    4.370918e-06
4.493705e-07    -1.409404e-06    -2.091308e-06    -3.451615e-07    1.220911e-06    -2.4095e-07    -8.092161e-06    -1.604699e-06    8.025108e-06    3.30577e-07    -8.811488e-07    1.146257e-06    2.579357e-06    -1.108801e-07    -1.748646e-06
2.093031e-07    -4.690804e-06    -6.440817e-06    -1.993859e-06    4.789609e-06    1.011372e-06    -6.093986e-06    -7.426766e-06    3.30577e-07    7.432968e-06    -9.84301e-07    5.040081e-06    4.665644e-06    -1.58633e-06    -3.271932e-06
7.960802e-07    4.947135e-07    9.74936e-07    9.7056e-07    -1.334746e-06    5.224371e-07    1.985627e-06    6.270791e-07    -8.811488e-07    -9.84301e-07    5.810362e-06    -1.468422e-06    -5.550408e-06    9.777093e-07    9.237669e-07
-8.738007e-07    -5.774834e-06    -7.070049e-06    -2.241378e-06    6.6941e-06    -3.159772e-07    -6.93696e-06    -4.637525e-06    1.146257e-06    5.040081e-06    -1.468422e-06    1.138956e-05    3.532921e-06    -5.284722e-06    -2.000408e-06
-3.629815e-07    -4.258836e-06    -6.178066e-06    -2.537508e-06    5.433074e-06    2.381888e-07    -7.677564e-06    -4.988686e-06    2.579357e-06    4.665644e-06    -5.550408e-06    3.532921e-06    1.166372e-05    -1.632237e-06    -5.319604e-06
9.662211e-07    1.644033e-06    1.871909e-06    6.243081e-07    -2.020551e-06    1.082412e-06    1.793345e-06    6.460586e-07    -1.108801e-07    -1.58633e-06    9.777093e-07    -5.284722e-06    -1.632237e-06    5.708089e-06    -1.156352e-06
-6.219737e-07    3.221236e-06    4.726073e-06    1.69705e-06    -3.749726e-06    -1.228945e-06    5.272073e-06    4.370918e-06    -1.748646e-06    -3.271932e-06    9.237669e-07    -2.000408e-06    -5.319604e-06    -1.156352e-06    5.848153e-06
