6.40453e-06    1.805346e-06    -1.789783e-06    3.080078e-09    -3.085656e-06    -8.501516e-07    1.805812e-06    2.674263e-06    -3.499357e-08    -1.935531e-06
1.805346e-06    1.318194e-05    6.971675e-06    -3.502478e-06    -9.198236e-06    -4.68646e-07    9.364363e-06    6.112839e-06    -2.780713e-06    -5.642292e-06
-1.789783e-06    6.971675e-06    1.050383e-05    -7.422984e-07    -9.049029e-06    -3.585154e-08    8.22746e-06    4.418567e-06    -2.771602e-06    -4.423496e-06
3.080078e-09    -3.502478e-06    -7.422984e-07    5.972233e-06    -1.824118e-06    -1.718269e-07    -3.883841e-07    2.51538e-07    4.04381e-07    -1.896591e-07
-3.085656e-06    -9.198236e-06    -9.049029e-06    -1.824118e-06    1.634509e-05    1.171321e-06    -1.100589e-05    -8.327121e-06    2.802922e-06    7.429035e-06
-8.501516e-07    -4.68646e-07    -3.585154e-08    -1.718269e-07    1.171321e-06    7.237073e-06    -6.570187e-07    -6.570981e-06    -2.4095e-07    1.011372e-06
1.805812e-06    9.364363e-06    8.22746e-06    -3.883841e-07    -1.100589e-05    -6.570187e-07    1.787854e-05    5.888056e-06    -8.092161e-06    -6.093986e-06
2.674263e-06    6.112839e-06    4.418567e-06    2.51538e-07    -8.327121e-06    -6.570981e-06    5.888056e-06    1.463422e-05    -1.604699e-06    -7.426766e-06
-3.499357e-08    -2.780713e-06    -2.771602e-06    4.04381e-07    2.802922e-06    -2.4095e-07    -8.092161e-06    -1.604699e-06    8.025108e-06    3.30577e-07
-1.935531e-06    -5.642292e-06    -4.423496e-06    -1.896591e-07    7.429035e-06    1.011372e-06    -6.093986e-06    -7.426766e-06    3.30577e-07    7.432968e-06
