5.986784e-06    -5.296229e-07    -3.377952e-06    3.889622e-07    -6.078117e-07    -3.441333e-07    1.746857e-06    2.319799e-06    -1.199349e-06    -1.887141e-06    2.826122e-06    -3.329599e-06    -3.057078e-06    2.710264e-06    5.907588e-07    6.941342e-07    -2.680077e-06    -2.436826e-06    3.814565e-07    1.934501e-06    5.152124e-07    1.916562e-06    1.026122e-06    -2.670852e-07    -1.458114e-06
-5.296229e-07    5.636718e-06    8.171368e-07    -3.663831e-06    -6.033849e-07    6.935143e-07    -2.678825e-06    -1.324661e-06    1.411444e-06    1.213819e-06    -5.505198e-07    6.813554e-07    -2.512867e-07    -4.959109e-07    -8.859511e-09    -2.03468e-07    1.90839e-06    1.155292e-06    -9.612095e-07    -9.439963e-07    2.37926e-07    1.563902e-07    -5.581362e-07    2.118783e-08    9.427421e-09
-3.377952e-06    8.171368e-07    7.445097e-06    1.276807e-07    -3.790918e-06    -4.06503e-09    -2.46373e-06    -9.321339e-07    1.832906e-06    7.353185e-07    1.075906e-06    -3.36522e-06    -1.072711e-06    8.383795e-07    3.014873e-07    -1.034048e-06    1.914616e-07    1.381209e-06    -6.637374e-08    -4.190117e-07    -7.555296e-07    1.205152e-06    1.166701e-06    -7.002792e-07    -6.868607e-08
3.889622e-07    -3.663831e-06    1.276807e-07    7.232965e-06    -2.657269e-06    -1.149388e-06    3.057262e-06    1.890913e-06    -9.173135e-07    -2.243802e-06    4.320387e-06    -7.156246e-06    -2.969296e-06    3.583549e-06    9.359431e-07    1.01947e-08    -4.673579e-06    -2.259953e-06    1.738614e-06    2.368098e-06    -1.377892e-06    2.500405e-06    3.470733e-06    -8.525479e-07    -1.536193e-06
-6.078117e-07    -6.033849e-07    -3.790918e-06    -2.657269e-06    6.276715e-06    2.882749e-08    4.048751e-07    -2.248754e-07    -9.113749e-07    1.041881e-06    -3.655561e-06    7.209634e-06    3.040033e-06    -3.215007e-06    -7.859198e-07    7.177669e-08    2.690744e-06    1.249404e-06    -5.349255e-07    -1.527608e-06    5.943755e-07    -2.77351e-06    -2.713641e-06    7.348714e-07    1.885592e-06
-3.441333e-07    6.935143e-07    -4.06503e-09    -1.149388e-06    2.882749e-08    8.042005e-06    -4.810785e-06    -8.391052e-06    1.675909e-06    1.544941e-06    -3.523931e-06    7.679763e-06    5.269414e-06    -5.647553e-06    -1.953281e-06    7.048062e-09    5.59751e-06    3.902067e-06    -1.133512e-06    -3.944212e-06    1.415586e-06    -4.530411e-06    -3.937981e-06    1.694533e-06    2.2327e-06
1.746857e-06    -2.678825e-06    -2.46373e-06    3.057262e-06    4.048751e-07    -4.810785e-06    1.91187e-05    -4.663881e-06    -3.463173e-06    -7.922267e-07    4.808585e-06    -7.112053e-06    -4.520922e-06    4.587417e-06    1.913291e-06    4.595503e-07    -7.453476e-06    -4.223573e-06    3.586647e-06    3.526227e-06    -2.033296e-06    3.198978e-06    5.016268e-06    -8.652459e-07    -2.733339e-06
2.319799e-06    -1.324661e-06    -9.321339e-07    1.890913e-06    -2.248754e-07    -8.391052e-06    -4.663881e-06    3.147253e-05    -7.028738e-06    -9.613422e-06    6.834511e-06    -1.461805e-05    -9.623016e-06    1.137675e-05    3.06295e-06    1.915057e-06    -9.88164e-06    -1.067406e-05    3.154019e-07    9.234673e-06    -3.091726e-07    8.490356e-06    4.974206e-06    -3.014319e-06    -4.08718e-06
-1.199349e-06    1.411444e-06    1.832906e-06    -9.173135e-07    -9.113749e-07    1.675909e-06    -3.463173e-06    -7.028738e-06    7.032057e-06    2.004882e-06    -2.037284e-06    3.643306e-06    2.103049e-06    -2.786752e-06    -5.06136e-07    -3.44606e-07    2.815655e-06    3.095178e-06    2.723002e-07    -2.945094e-06    -2.911315e-07    -2.290567e-06    -1.283979e-06    5.377189e-07    1.407903e-06
-1.887141e-06    1.213819e-06    7.353185e-07    -2.243802e-06    1.041881e-06    1.544941e-06    -7.922267e-07    -9.613422e-06    2.004882e-06    6.251922e-06    -4.213201e-06    7.107983e-06    4.16733e-06    -4.770118e-06    -1.419712e-06    -1.169777e-06    5.450562e-06    5.112865e-06    -1.233238e-06    -4.02951e-06    4.3203e-07    -3.197104e-06    -2.868741e-06    1.1065e-06    1.947063e-06
2.826122e-06    -5.505198e-07    1.075906e-06    4.320387e-06    -3.655561e-06    -3.523931e-06    4.808585e-06    6.834511e-06    -2.037284e-06    -4.213201e-06    1.28318e-05    -1.343508e-05    -1.148941e-05    7.33996e-06    2.126045e-06    -8.778979e-08    -8.830509e-06    -5.038114e-06    2.540553e-06    5.212517e-06    -1.627421e-06    6.813152e-06    6.495914e-06    -1.978376e-06    -4.073576e-06
-3.329599e-06    6.813554e-07    -3.36522e-06    -7.156246e-06    7.209634e-06    7.679763e-06    -7.112053e-06    -1.461805e-05    3.643306e-06    7.107983e-06    -1.343508e-05    3.78281e-05    3.641432e-06    -1.623158e-05    -3.169238e-06    -7.924952e-07    1.557665e-05    9.932704e-06    -4.112868e-06    -9.644371e-06    3.23694e-06    -1.212731e-05    -1.145775e-05    4.020882e-06    7.120593e-06
-3.057078e-06    -2.512867e-07    -1.072711e-06    -2.969296e-06    3.040033e-06    5.269414e-06    -4.520922e-06    -9.623016e-06    2.103049e-06    4.16733e-06    -1.148941e-05    3.641432e-06    2.348911e-05    -9.899701e-06    -4.074325e-06    6.577376e-07    8.06841e-06    5.136667e-06    -1.370494e-06    -5.723108e-06    1.90776e-06    -8.046193e-06    -6.628618e-06    2.708503e-06    3.976939e-06
2.710264e-06    -4.959109e-07    8.383795e-07    3.583549e-06    -3.215007e-06    -5.647553e-06    4.587417e-06    1.137675e-05    -2.786752e-06    -4.770118e-06    7.33996e-06    -1.623158e-05    -9.899701e-06    1.418406e-05    1.99351e-06    -1.034288e-07    -8.887736e-06    -6.49023e-06    1.119469e-06    6.67078e-06    -1.23436e-06    7.908572e-06    6.040679e-06    -2.700689e-06    -3.939307e-06
5.907588e-07    -8.859511e-09    3.014873e-07    9.359431e-07    -7.859198e-07    -1.953281e-06    1.913291e-06    3.06295e-06    -5.06136e-07    -1.419712e-06    2.126045e-06    -3.169238e-06    -4.074325e-06    1.99351e-06    2.511805e-06    3.868308e-07    -2.944029e-06    -2.316343e-06    1.053311e-06    1.906273e-06    -1.220239e-06    2.183362e-06    2.788922e-06    -8.237053e-07    -1.527091e-06
6.941342e-07    -2.03468e-07    -1.034048e-06    1.01947e-08    7.177669e-08    7.048062e-09    4.595503e-07    1.915057e-06    -3.44606e-07    -1.169777e-06    -8.778979e-08    -7.924952e-07    6.577376e-07    -1.034288e-07    3.868308e-07    7.237073e-06    -6.570187e-07    -6.570981e-06    -2.4095e-07    1.011372e-06    5.224371e-07    -3.159772e-07    2.381888e-07    1.082412e-06    -1.228945e-06
-2.680077e-06    1.90839e-06    1.914616e-07    -4.673579e-06    2.690744e-06    5.59751e-06    -7.453476e-06    -9.88164e-06    2.815655e-06    5.450562e-06    -8.830509e-06    1.557665e-05    8.06841e-06    -8.887736e-06    -2.944029e-06    -6.570187e-07    1.787854e-05    5.888056e-06    -8.092161e-06    -6.093986e-06    1.985627e-06    -6.93696e-06    -7.677564e-06    1.793345e-06    5.272073e-06
-2.436826e-06    1.155292e-06    1.381209e-06    -2.259953e-06    1.249404e-06    3.902067e-06    -4.223573e-06    -1.067406e-05    3.095178e-06    5.112865e-06    -5.038114e-06    9.932704e-06    5.136667e-06    -6.49023e-06    -2.316343e-06    -6.570981e-06    5.888056e-06    1.463422e-05    -1.604699e-06    -7.426766e-06    6.270791e-07    -4.637525e-06    -4.988686e-06    6.460586e-07    4.370918e-06
3.814565e-07    -9.612095e-07    -6.637374e-08    1.738614e-06    -5.349255e-07    -1.133512e-06    3.586647e-06    3.154019e-07    2.723002e-07    -1.233238e-06    2.540553e-06    -4.112868e-06    -1.370494e-06    1.119469e-06    1.053311e-06    -2.4095e-07    -8.092161e-06    -1.604699e-06    8.025108e-06    3.30577e-07    -8.811488e-07    1.146257e-06    2.579357e-06    -1.108801e-07    -1.748646e-06
1.934501e-06    -9.439963e-07    -4.190117e-07    2.368098e-06    -1.527608e-06    -3.944212e-06    3.526227e-06    9.234673e-06    -2.945094e-06    -4.02951e-06    5.212517e-06    -9.644371e-06    -5.723108e-06    6.67078e-06    1.906273e-06    1.011372e-06    -6.093986e-06    -7.426766e-06    3.30577e-07    7.432968e-06    -9.84301e-07    5.040081e-06    4.665644e-06    -1.58633e-06    -3.271932e-06
5.152124e-07    2.37926e-07    -7.555296e-07    -1.377892e-06    5.943755e-07    1.415586e-06    -2.033296e-06    -3.091726e-07    -2.911315e-07    4.3203e-07    -1.627421e-06    3.23694e-06    1.90776e-06    -1.23436e-06    -1.220239e-06    5.224371e-07    1.985627e-06    6.270791e-07    -8.811488e-07    -9.84301e-07    5.810362e-06    -1.468422e-06    -5.550408e-06    9.777093e-07    9.237669e-07
1.916562e-06    1.563902e-07    1.205152e-06    2.500405e-06    -2.77351e-06    -4.530411e-06    3.198978e-06    8.490356e-06    -2.290567e-06    -3.197104e-06    6.813152e-06    -1.212731e-05    -8.046193e-06    7.908572e-06    2.183362e-06    -3.159772e-07    -6.93696e-06    -4.637525e-06    1.146257e-06    5.040081e-06    -1.468422e-06    1.138956e-05    3.532921e-06    -5.284722e-06    -2.000408e-06
1.026122e-06    -5.581362e-07    1.166701e-06    3.470733e-06    -2.713641e-06    -3.937981e-06    5.016268e-06    4.974206e-06    -1.283979e-06    -2.868741e-06    6.495914e-06    -1.145775e-05    -6.628618e-06    6.040679e-06    2.788922e-06    2.381888e-07    -7.677564e-06    -4.988686e-06    2.579357e-06    4.665644e-06    -5.550408e-06    3.532921e-06    1.166372e-05    -1.632237e-06    -5.319604e-06
-2.670852e-07    2.118783e-08    -7.002792e-07    -8.525479e-07    7.348714e-07    1.694533e-06    -8.652459e-07    -3.014319e-06    5.377189e-07    1.1065e-06    -1.978376e-06    4.020882e-06    2.708503e-06    -2.700689e-06    -8.237053e-07    1.082412e-06    1.793345e-06    6.460586e-07    -1.108801e-07    -1.58633e-06    9.777093e-07    -5.284722e-06    -1.632237e-06    5.708089e-06    -1.156352e-06
-1.458114e-06    9.427421e-09    -6.868607e-08    -1.536193e-06    1.885592e-06    2.2327e-06    -2.733339e-06    -4.08718e-06    1.407903e-06    1.947063e-06    -4.073576e-06    7.120593e-06    3.976939e-06    -3.939307e-06    -1.527091e-06    -1.228945e-06    5.272073e-06    4.370918e-06    -1.748646e-06    -3.271932e-06    9.237669e-07    -2.000408e-06    -5.319604e-06    -1.156352e-06    5.848153e-06
