6.40453e-06    1.805346e-06    -1.789783e-06    3.080078e-09    -3.085656e-06    -8.501516e-07    1.805812e-06    2.674263e-06    -3.499357e-08    -1.935531e-06    8.016299e-07    -1.931785e-06    -2.163539e-06    6.514408e-07    1.530271e-06
1.805346e-06    1.318194e-05    6.971675e-06    -3.502478e-06    -9.198236e-06    -4.68646e-07    9.364363e-06    6.112839e-06    -2.780713e-06    -5.642292e-06    1.801574e-06    -6.702198e-06    -6.896276e-06    1.85715e-06    4.378182e-06
-1.789783e-06    6.971675e-06    1.050383e-05    -7.422984e-07    -9.049029e-06    -3.585154e-08    8.22746e-06    4.418567e-06    -2.771602e-06    -4.423496e-06    1.766242e-06    -5.501545e-06    -5.924274e-06    1.567498e-06    3.507283e-06
3.080078e-09    -3.502478e-06    -7.422984e-07    5.972233e-06    -1.824118e-06    -1.718269e-07    -3.883841e-07    2.51538e-07    4.04381e-07    -1.896591e-07    2.683608e-07    -1.188092e-07    -2.127064e-07    1.78787e-07    7.169919e-08
-3.085656e-06    -9.198236e-06    -9.049029e-06    -1.824118e-06    1.634509e-05    1.171321e-06    -1.100589e-05    -8.327121e-06    2.802922e-06    7.429035e-06    -2.547978e-06    8.195564e-06    8.529724e-06    -2.53718e-06    -5.358236e-06
-8.501516e-07    -4.68646e-07    -3.585154e-08    -1.718269e-07    1.171321e-06    7.237073e-06    -6.570187e-07    -6.570981e-06    -2.4095e-07    1.011372e-06    5.224371e-07    -3.159772e-07    2.381888e-07    1.082412e-06    -1.228945e-06
1.805812e-06    9.364363e-06    8.22746e-06    -3.883841e-07    -1.100589e-05    -6.570187e-07    1.787854e-05    5.888056e-06    -8.092161e-06    -6.093986e-06    1.985627e-06    -6.93696e-06    -7.677564e-06    1.793345e-06    5.272073e-06
2.674263e-06    6.112839e-06    4.418567e-06    2.51538e-07    -8.327121e-06    -6.570981e-06    5.888056e-06    1.463422e-05    -1.604699e-06    -7.426766e-06    6.270791e-07    -4.637525e-06    -4.988686e-06    6.460586e-07    4.370918e-06
-3.499357e-08    -2.780713e-06    -2.771602e-06    4.04381e-07    2.802922e-06    -2.4095e-07    -8.092161e-06    -1.604699e-06    8.025108e-06    3.30577e-07    -8.811488e-07    1.146257e-06    2.579357e-06    -1.108801e-07    -1.748646e-06
-1.935531e-06    -5.642292e-06    -4.423496e-06    -1.896591e-07    7.429035e-06    1.011372e-06    -6.093986e-06    -7.426766e-06    3.30577e-07    7.432968e-06    -9.84301e-07    5.040081e-06    4.665644e-06    -1.58633e-06    -3.271932e-06
8.016299e-07    1.801574e-06    1.766242e-06    2.683608e-07    -2.547978e-06    5.224371e-07    1.985627e-06    6.270791e-07    -8.811488e-07    -9.84301e-07    5.810362e-06    -1.468422e-06    -5.550408e-06    9.777093e-07    9.237669e-07
-1.931785e-06    -6.702198e-06    -5.501545e-06    -1.188092e-07    8.195564e-06    -3.159772e-07    -6.93696e-06    -4.637525e-06    1.146257e-06    5.040081e-06    -1.468422e-06    1.138956e-05    3.532921e-06    -5.284722e-06    -2.000408e-06
-2.163539e-06    -6.896276e-06    -5.924274e-06    -2.127064e-07    8.529724e-06    2.381888e-07    -7.677564e-06    -4.988686e-06    2.579357e-06    4.665644e-06    -5.550408e-06    3.532921e-06    1.166372e-05    -1.632237e-06    -5.319604e-06
6.514408e-07    1.85715e-06    1.567498e-06    1.78787e-07    -2.53718e-06    1.082412e-06    1.793345e-06    6.460586e-07    -1.108801e-07    -1.58633e-06    9.777093e-07    -5.284722e-06    -1.632237e-06    5.708089e-06    -1.156352e-06
1.530271e-06    4.378182e-06    3.507283e-06    7.169919e-08    -5.358236e-06    -1.228945e-06    5.272073e-06    4.370918e-06    -1.748646e-06    -3.271932e-06    9.237669e-07    -2.000408e-06    -5.319604e-06    -1.156352e-06    5.848153e-06
