5.986784e-06    -5.296229e-07    -3.377952e-06    3.889622e-07    -6.078117e-07    -3.441333e-07    1.746857e-06    2.319799e-06    -1.199349e-06    -1.887141e-06    5.922592e-06    -1.372638e-06    -4.250974e-06    -9.847438e-07    1.41277e-06    6.941342e-07    -2.680077e-06    -2.436826e-06    3.814565e-07    1.934501e-06    5.152124e-07    1.916562e-06    1.026122e-06    -2.670852e-07    -1.458114e-06    1.425542e-07    1.103521e-06    8.864857e-07    -5.834542e-07    -1.603617e-06
-5.296229e-07    5.636718e-06    8.171368e-07    -3.663831e-06    -6.033849e-07    6.935143e-07    -2.678825e-06    -1.324661e-06    1.411444e-06    1.213819e-06    -1.816909e-06    -9.575144e-07    -6.774854e-07    -5.400443e-07    1.900067e-06    -2.03468e-07    1.90839e-06    1.155292e-06    -9.612095e-07    -9.439963e-07    2.37926e-07    1.563902e-07    -5.581362e-07    2.118783e-08    9.427421e-09    6.220229e-07    -4.292939e-07    -5.792725e-07    2.297105e-08    -7.036676e-08
-3.377952e-06    8.171368e-07    7.445097e-06    1.276807e-07    -3.790918e-06    -4.06503e-09    -2.46373e-06    -9.321339e-07    1.832906e-06    7.353185e-07    -1.182092e-06    -1.398853e-07    -3.876883e-06    -4.172164e-09    1.916946e-06    -1.034048e-06    1.914616e-07    1.381209e-06    -6.637374e-08    -4.190117e-07    -7.555296e-07    1.205152e-06    1.166701e-06    -7.002792e-07    -6.868607e-08    1.298005e-06    -6.271573e-07    2.600347e-08    5.468709e-07    -1.603088e-06
3.889622e-07    -3.663831e-06    1.276807e-07    7.232965e-06    -2.657269e-06    -1.149388e-06    3.057262e-06    1.890913e-06    -9.173135e-07    -2.243802e-06    6.62166e-06    -7.105684e-07    -6.442264e-06    4.914572e-07    -4.925298e-07    1.01947e-08    -4.673579e-06    -2.259953e-06    1.738614e-06    2.368098e-06    -1.377892e-06    2.500405e-06    3.470733e-06    -8.525479e-07    -1.536193e-06    -1.869835e-07    1.752253e-06    2.104521e-06    -8.097556e-07    -2.663882e-06
-6.078117e-07    -6.033849e-07    -3.790918e-06    -2.657269e-06    6.276715e-06    2.882749e-08    4.048751e-07    -2.248754e-07    -9.113749e-07    1.041881e-06    -5.045335e-06    1.348578e-06    9.145557e-06    2.886532e-07    -2.511409e-06    7.177669e-08    2.690744e-06    1.249404e-06    -5.349255e-07    -1.527608e-06    5.943755e-07    -2.77351e-06    -2.713641e-06    7.348714e-07    1.885592e-06    -7.121315e-07    -9.94616e-07    -1.528724e-06    1.357994e-07    3.491419e-06
-3.441333e-07    6.935143e-07    -4.06503e-09    -1.149388e-06    2.882749e-08    8.042005e-06    -4.810785e-06    -8.391052e-06    1.675909e-06    1.544941e-06    -4.203755e-06    -7.027744e-07    2.893219e-06    1.070918e-06    2.60402e-06    7.048062e-09    5.59751e-06    3.902067e-06    -1.133512e-06    -3.944212e-06    1.415586e-06    -4.530411e-06    -3.937981e-06    1.694533e-06    2.2327e-06    -1.584675e-06    -1.781617e-06    -6.321215e-07    2.457271e-06    2.787715e-06
1.746857e-06    -2.678825e-06    -2.46373e-06    3.057262e-06    4.048751e-07    -4.810785e-06    1.91187e-05    -4.663881e-06    -3.463173e-06    -7.922267e-07    7.765215e-06    8.13473e-08    -3.806946e-06    -2.126712e-06    -1.297736e-06    4.595503e-07    -7.453476e-06    -4.223573e-06    3.586647e-06    3.526227e-06    -2.033296e-06    3.198978e-06    5.016268e-06    -8.652459e-07    -2.733339e-06    -3.685812e-07    2.643078e-06    1.190894e-06    -2.368185e-06    -7.346208e-07
2.319799e-06    -1.324661e-06    -9.321339e-07    1.890913e-06    -2.248754e-07    -8.391052e-06    -4.663881e-06    3.147253e-05    -7.028738e-06    -9.613422e-06    1.145561e-05    5.842249e-07    -9.348033e-06    -1.406503e-06    -3.71809e-06    1.915057e-06    -9.88164e-06    -1.067406e-05    3.154019e-07    9.234673e-06    -3.091726e-07    8.490356e-06    4.974206e-06    -3.014319e-06    -4.08718e-06    1.340956e-06    3.389165e-06    4.677276e-06    -2.355926e-06    -8.565458e-06
-1.199349e-06    1.411444e-06    1.832906e-06    -9.173135e-07    -9.113749e-07    1.675909e-06    -3.463173e-06    -7.028738e-06    7.032057e-06    2.004882e-06    -4.13224e-06    -3.557998e-07    7.971868e-07    7.630828e-07    1.720199e-06    -3.44606e-07    2.815655e-06    3.095178e-06    2.723002e-07    -2.945094e-06    -2.911315e-07    -2.290567e-06    -1.283979e-06    5.377189e-07    1.407903e-06    1.067932e-06    -7.073638e-07    -1.604515e-06    2.870819e-08    9.374238e-07
-1.887141e-06    1.213819e-06    7.353185e-07    -2.243802e-06    1.041881e-06    1.544941e-06    -7.922267e-07    -9.613422e-06    2.004882e-06    6.251922e-06    -7.952255e-06    -1.356619e-07    7.415775e-06    8.020914e-07    2.802321e-08    -1.169777e-06    5.450562e-06    5.112865e-06    -1.233238e-06    -4.02951e-06    4.3203e-07    -3.197104e-06    -2.868741e-06    1.1065e-06    1.947063e-06    -1.836587e-07    -2.056933e-06    -2.753645e-06    6.938187e-07    3.897065e-06
5.922592e-06    -1.816909e-06    -1.182092e-06    6.62166e-06    -5.045335e-06    -4.203755e-06    7.765215e-06    1.145561e-05    -4.13224e-06    -7.952255e-06    3.447127e-05    -1.75381e-06    -2.926069e-05    -3.41665e-06    1.053693e-06    2.092615e-06    -1.374836e-05    -1.128836e-05    3.817006e-06    9.287652e-06    -1.502459e-06    8.381249e-06    8.74103e-06    -2.010897e-06    -6.595717e-06    5.086391e-09    6.186458e-06    6.556562e-06    -3.30752e-06    -9.839203e-06
-1.372638e-06    -9.575144e-07    -1.398853e-07    -7.105684e-07    1.348578e-06    -7.027744e-07    8.13473e-08    5.842249e-07    -3.557998e-07    -1.356619e-07    -1.75381e-06    1.633123e-05    -2.068668e-06    -7.985345e-06    1.689296e-06    -9.293722e-07    3.386045e-07    6.931232e-07    -3.793826e-07    1.842309e-07    -8.221636e-07    -8.531552e-07    1.927884e-09    -4.333939e-07    1.095111e-06    3.352984e-08    -1.153125e-06    -5.262953e-07    1.018953e-06    1.043283e-06
-4.250974e-06    -6.774854e-07    -3.876883e-06    -6.442264e-06    9.145557e-06    2.893219e-06    -3.806946e-06    -9.348033e-06    7.971868e-07    7.415775e-06    -2.926069e-05    -2.068668e-06    4.014613e-05    2.628551e-06    -8.016042e-06    -2.156122e-06    1.3215e-05    1.054285e-05    -4.071063e-06    -8.48025e-06    2.011633e-06    -9.075027e-06    -1.016398e-05    1.777144e-06    7.648531e-06    -5.752443e-07    -5.028594e-06    -7.048326e-06    1.985404e-06    1.178185e-05
-9.847438e-07    -5.400443e-07    -4.172164e-09    4.914572e-07    2.886532e-07    1.070918e-06    -2.126712e-06    -1.406503e-06    7.630828e-07    8.020914e-07    -3.41665e-06    -7.985345e-06    2.628551e-06    1.515576e-05    -6.47047e-06    9.858674e-07    2.537499e-07    -4.705746e-08    1.218314e-06    -1.005559e-06    6.090153e-07    -1.945103e-06    -1.094585e-06    9.241957e-07    2.188743e-07    -1.190777e-06    3.866016e-07    5.969367e-07    4.961805e-07    -1.346914e-07
1.41277e-06    1.900067e-06    1.916946e-06    -4.925298e-07    -2.511409e-06    2.60402e-06    -1.297736e-06    -3.71809e-06    1.720199e-06    2.802321e-08    1.053693e-06    1.689296e-06    -8.016042e-06    -6.47047e-06    1.560759e-05    -6.385984e-07    1.544511e-06    1.943303e-06    -9.846375e-07    -1.194506e-06    9.329938e-07    5.783746e-07    -6.969562e-07    5.475566e-07    -2.833059e-07    1.498076e-06    -1.548826e-06    -1.214109e-06    1.058997e-06    1.396884e-07
6.941342e-07    -2.03468e-07    -1.034048e-06    1.01947e-08    7.177669e-08    7.048062e-09    4.595503e-07    1.915057e-06    -3.44606e-07    -1.169777e-06    2.092615e-06    -9.293722e-07    -2.156122e-06    9.858674e-07    -6.385984e-07    7.237073e-06    -6.570187e-07    -6.570981e-06    -2.4095e-07    1.011372e-06    5.224371e-07    -3.159772e-07    2.381888e-07    1.082412e-06    -1.228945e-06    -8.069163e-07    1.739599e-07    8.501348e-07    6.350414e-07    -1.160485e-06
-2.680077e-06    1.90839e-06    1.914616e-07    -4.673579e-06    2.690744e-06    5.59751e-06    -7.453476e-06    -9.88164e-06    2.815655e-06    5.450562e-06    -1.374836e-05    3.386045e-07    1.3215e-05    2.537499e-07    1.544511e-06    -6.570187e-07    1.787854e-05    5.888056e-06    -8.092161e-06    -6.093986e-06    1.985627e-06    -6.93696e-06    -7.677564e-06    1.793345e-06    5.272073e-06    -6.416635e-07    -3.889971e-06    -4.091613e-06    1.898361e-06    7.213631e-06
-2.436826e-06    1.155292e-06    1.381209e-06    -2.259953e-06    1.249404e-06    3.902067e-06    -4.223573e-06    -1.067406e-05    3.095178e-06    5.112865e-06    -1.128836e-05    6.931232e-07    1.054285e-05    -4.705746e-08    1.943303e-06    -6.570981e-06    5.888056e-06    1.463422e-05    -1.604699e-06    -7.426766e-06    6.270791e-07    -4.637525e-06    -4.988686e-06    6.460586e-07    4.370918e-06    2.486172e-07    -3.087657e-06    -3.962144e-06    1.154462e-06    6.336565e-06
3.814565e-07    -9.612095e-07    -6.637374e-08    1.738614e-06    -5.349255e-07    -1.133512e-06    3.586647e-06    3.154019e-07    2.723002e-07    -1.233238e-06    3.817006e-06    -3.793826e-07    -4.071063e-06    1.218314e-06    -9.846375e-07    -2.4095e-07    -8.092161e-06    -1.604699e-06    8.025108e-06    3.30577e-07    -8.811488e-07    1.146257e-06    2.579357e-06    -1.108801e-07    -1.748646e-06    -3.697271e-07    7.95904e-07    1.106649e-06    8.427943e-08    -1.70009e-06
1.934501e-06    -9.439963e-07    -4.190117e-07    2.368098e-06    -1.527608e-06    -3.944212e-06    3.526227e-06    9.234673e-06    -2.945094e-06    -4.02951e-06    9.287652e-06    1.842309e-07    -8.48025e-06    -1.005559e-06    -1.194506e-06    1.011372e-06    -6.093986e-06    -7.426766e-06    3.30577e-07    7.432968e-06    -9.84301e-07    5.040081e-06    4.665644e-06    -1.58633e-06    -3.271932e-06    5.028508e-07    2.834733e-06    3.050083e-06    -1.652626e-06    -5.168902e-06
5.152124e-07    2.37926e-07    -7.555296e-07    -1.377892e-06    5.943755e-07    1.415586e-06    -2.033296e-06    -3.091726e-07    -2.911315e-07    4.3203e-07    -1.502459e-06    -8.221636e-07    2.011633e-06    6.090153e-07    9.329938e-07    5.224371e-07    1.985627e-06    6.270791e-07    -8.811488e-07    -9.84301e-07    5.810362e-06    -1.468422e-06    -5.550408e-06    9.777093e-07    9.237669e-07    3.017141e-07    -1.309469e-06    -7.997823e-07    1.591692e-06    4.226709e-07
1.916562e-06    1.563902e-07    1.205152e-06    2.500405e-06    -2.77351e-06    -4.530411e-06    3.198978e-06    8.490356e-06    -2.290567e-06    -3.197104e-06    8.381249e-06    -8.531552e-07    -9.075027e-06    -1.945103e-06    5.783746e-07    -3.159772e-07    -6.93696e-06    -4.637525e-06    1.146257e-06    5.040081e-06    -1.468422e-06    1.138956e-05    3.532921e-06    -5.284722e-06    -2.000408e-06    1.148653e-06    2.534746e-06    1.945408e-06    -2.717428e-06    -4.137663e-06
1.026122e-06    -5.581362e-07    1.166701e-06    3.470733e-06    -2.713641e-06    -3.937981e-06    5.016268e-06    4.974206e-06    -1.283979e-06    -2.868741e-06    8.74103e-06    1.927884e-09    -1.016398e-05    -1.094585e-06    -6.969562e-07    2.381888e-07    -7.677564e-06    -4.988686e-06    2.579357e-06    4.665644e-06    -5.550408e-06    3.532921e-06    1.166372e-05    -1.632237e-06    -5.319604e-06    -1.493635e-07    2.77704e-06    2.428576e-06    -2.720299e-06    -3.39896e-06
-2.670852e-07    2.118783e-08    -7.002792e-07    -8.525479e-07    7.348714e-07    1.694533e-06    -8.652459e-07    -3.014319e-06    5.377189e-07    1.1065e-06    -2.010897e-06    -4.333939e-07    1.777144e-06    9.241957e-07    5.475566e-07    1.082412e-06    1.793345e-06    6.460586e-07    -1.108801e-07    -1.58633e-06    9.777093e-07    -5.284722e-06    -1.632237e-06    5.708089e-06    -1.156352e-06    -6.224577e-07    -1.215144e-06    -7.367543e-07    1.511342e-06    1.210441e-06
-1.458114e-06    9.427421e-09    -6.868607e-08    -1.536193e-06    1.885592e-06    2.2327e-06    -2.733339e-06    -4.08718e-06    1.407903e-06    1.947063e-06    -6.595717e-06    1.095111e-06    7.648531e-06    2.188743e-07    -2.833059e-07    -1.228945e-06    5.272073e-06    4.370918e-06    -1.748646e-06    -3.271932e-06    9.237669e-07    -2.000408e-06    -5.319604e-06    -1.156352e-06    5.848153e-06    3.157585e-07    -1.423087e-06    -1.553262e-06    1.145538e-06    2.538349e-06
1.425542e-07    6.220229e-07    1.298005e-06    -1.869835e-07    -7.121315e-07    -1.584675e-06    -3.685812e-07    1.340956e-06    1.067932e-06    -1.836587e-07    5.086391e-09    3.352984e-08    -5.752443e-07    -1.190777e-06    1.498076e-06    -8.069163e-07    -6.416635e-07    2.486172e-07    -3.697271e-07    5.028508e-07    3.017141e-07    1.148653e-06    -1.493635e-07    -6.224577e-07    3.157585e-07    5.372935e-06    -1.048605e-06    -3.038114e-06    1.074588e-07    -8.356004e-07
1.103521e-06    -4.292939e-07    -6.271573e-07    1.752253e-06    -9.94616e-07    -1.781617e-06    2.643078e-06    3.389165e-06    -7.073638e-07    -2.056933e-06    6.186458e-06    -1.153125e-06    -5.028594e-06    3.866016e-07    -1.548826e-06    1.739599e-07    -3.889971e-06    -3.087657e-06    7.95904e-07    2.834733e-06    -1.309469e-06    2.534746e-06    2.77704e-06    -1.215144e-06    -1.423087e-06    -1.048605e-06    6.412761e-06    2.074921e-06    -4.802022e-06    -1.870294e-06
8.864857e-07    -5.792725e-07    2.600347e-08    2.104521e-06    -1.528724e-06    -6.321215e-07    1.190894e-06    4.677276e-06    -1.604515e-06    -2.753645e-06    6.556562e-06    -5.262953e-07    -7.048326e-06    5.969367e-07    -1.214109e-06    8.501348e-07    -4.091613e-06    -3.962144e-06    1.106649e-06    3.050083e-06    -7.997823e-07    1.945408e-06    2.428576e-06    -7.367543e-07    -1.553262e-06    -3.038114e-06    2.074921e-06    6.704207e-06    -6.723546e-07    -5.456442e-06
-5.834542e-07    2.297105e-08    5.468709e-07    -8.097556e-07    1.357994e-07    2.457271e-06    -2.368185e-06    -2.355926e-06    2.870819e-08    6.938187e-07    -3.30752e-06    1.018953e-06    1.985404e-06    4.961805e-07    1.058997e-06    6.350414e-07    1.898361e-06    1.154462e-06    8.427943e-08    -1.652626e-06    1.591692e-06    -2.717428e-06    -2.720299e-06    1.511342e-06    1.145538e-06    1.074588e-07    -4.802022e-06    -6.723546e-07    7.346948e-06    -1.715072e-06
-1.603617e-06    -7.036676e-08    -1.603088e-06    -2.663882e-06    3.491419e-06    2.787715e-06    -7.346208e-07    -8.565458e-06    9.374238e-07    3.897065e-06    -9.839203e-06    1.043283e-06    1.178185e-05    -1.346914e-07    1.396884e-07    -1.160485e-06    7.213631e-06    6.336565e-06    -1.70009e-06    -5.168902e-06    4.226709e-07    -4.137663e-06    -3.39896e-06    1.210441e-06    2.538349e-06    -8.356004e-07    -1.870294e-06    -5.456442e-06    -1.715072e-06    1.090784e-05
