5.986784e-06    -5.296229e-07    -3.377952e-06    3.889622e-07    -6.078117e-07    -3.441333e-07    1.746857e-06    2.319799e-06    -1.199349e-06    -1.887141e-06    5.922592e-06    -1.372638e-06    -4.250974e-06    -9.847438e-07    1.41277e-06    6.941342e-07    -2.680077e-06    -2.436826e-06    3.814565e-07    1.934501e-06    5.152124e-07    1.916562e-06    1.026122e-06    -2.670852e-07    -1.458114e-06
-5.296229e-07    5.636718e-06    8.171368e-07    -3.663831e-06    -6.033849e-07    6.935143e-07    -2.678825e-06    -1.324661e-06    1.411444e-06    1.213819e-06    -1.816909e-06    -9.575144e-07    -6.774854e-07    -5.400443e-07    1.900067e-06    -2.03468e-07    1.90839e-06    1.155292e-06    -9.612095e-07    -9.439963e-07    2.37926e-07    1.563902e-07    -5.581362e-07    2.118783e-08    9.427421e-09
-3.377952e-06    8.171368e-07    7.445097e-06    1.276807e-07    -3.790918e-06    -4.06503e-09    -2.46373e-06    -9.321339e-07    1.832906e-06    7.353185e-07    -1.182092e-06    -1.398853e-07    -3.876883e-06    -4.172164e-09    1.916946e-06    -1.034048e-06    1.914616e-07    1.381209e-06    -6.637374e-08    -4.190117e-07    -7.555296e-07    1.205152e-06    1.166701e-06    -7.002792e-07    -6.868607e-08
3.889622e-07    -3.663831e-06    1.276807e-07    7.232965e-06    -2.657269e-06    -1.149388e-06    3.057262e-06    1.890913e-06    -9.173135e-07    -2.243802e-06    6.62166e-06    -7.105684e-07    -6.442264e-06    4.914572e-07    -4.925298e-07    1.01947e-08    -4.673579e-06    -2.259953e-06    1.738614e-06    2.368098e-06    -1.377892e-06    2.500405e-06    3.470733e-06    -8.525479e-07    -1.536193e-06
-6.078117e-07    -6.033849e-07    -3.790918e-06    -2.657269e-06    6.276715e-06    2.882749e-08    4.048751e-07    -2.248754e-07    -9.113749e-07    1.041881e-06    -5.045335e-06    1.348578e-06    9.145557e-06    2.886532e-07    -2.511409e-06    7.177669e-08    2.690744e-06    1.249404e-06    -5.349255e-07    -1.527608e-06    5.943755e-07    -2.77351e-06    -2.713641e-06    7.348714e-07    1.885592e-06
-3.441333e-07    6.935143e-07    -4.06503e-09    -1.149388e-06    2.882749e-08    8.042005e-06    -4.810785e-06    -8.391052e-06    1.675909e-06    1.544941e-06    -4.203755e-06    -7.027744e-07    2.893219e-06    1.070918e-06    2.60402e-06    7.048062e-09    5.59751e-06    3.902067e-06    -1.133512e-06    -3.944212e-06    1.415586e-06    -4.530411e-06    -3.937981e-06    1.694533e-06    2.2327e-06
1.746857e-06    -2.678825e-06    -2.46373e-06    3.057262e-06    4.048751e-07    -4.810785e-06    1.91187e-05    -4.663881e-06    -3.463173e-06    -7.922267e-07    7.765215e-06    8.13473e-08    -3.806946e-06    -2.126712e-06    -1.297736e-06    4.595503e-07    -7.453476e-06    -4.223573e-06    3.586647e-06    3.526227e-06    -2.033296e-06    3.198978e-06    5.016268e-06    -8.652459e-07    -2.733339e-06
2.319799e-06    -1.324661e-06    -9.321339e-07    1.890913e-06    -2.248754e-07    -8.391052e-06    -4.663881e-06    3.147253e-05    -7.028738e-06    -9.613422e-06    1.145561e-05    5.842249e-07    -9.348033e-06    -1.406503e-06    -3.71809e-06    1.915057e-06    -9.88164e-06    -1.067406e-05    3.154019e-07    9.234673e-06    -3.091726e-07    8.490356e-06    4.974206e-06    -3.014319e-06    -4.08718e-06
-1.199349e-06    1.411444e-06    1.832906e-06    -9.173135e-07    -9.113749e-07    1.675909e-06    -3.463173e-06    -7.028738e-06    7.032057e-06    2.004882e-06    -4.13224e-06    -3.557998e-07    7.971868e-07    7.630828e-07    1.720199e-06    -3.44606e-07    2.815655e-06    3.095178e-06    2.723002e-07    -2.945094e-06    -2.911315e-07    -2.290567e-06    -1.283979e-06    5.377189e-07    1.407903e-06
-1.887141e-06    1.213819e-06    7.353185e-07    -2.243802e-06    1.041881e-06    1.544941e-06    -7.922267e-07    -9.613422e-06    2.004882e-06    6.251922e-06    -7.952255e-06    -1.356619e-07    7.415775e-06    8.020914e-07    2.802321e-08    -1.169777e-06    5.450562e-06    5.112865e-06    -1.233238e-06    -4.02951e-06    4.3203e-07    -3.197104e-06    -2.868741e-06    1.1065e-06    1.947063e-06
5.922592e-06    -1.816909e-06    -1.182092e-06    6.62166e-06    -5.045335e-06    -4.203755e-06    7.765215e-06    1.145561e-05    -4.13224e-06    -7.952255e-06    3.447127e-05    -1.75381e-06    -2.926069e-05    -3.41665e-06    1.053693e-06    2.092615e-06    -1.374836e-05    -1.128836e-05    3.817006e-06    9.287652e-06    -1.502459e-06    8.381249e-06    8.74103e-06    -2.010897e-06    -6.595717e-06
-1.372638e-06    -9.575144e-07    -1.398853e-07    -7.105684e-07    1.348578e-06    -7.027744e-07    8.13473e-08    5.842249e-07    -3.557998e-07    -1.356619e-07    -1.75381e-06    1.633123e-05    -2.068668e-06    -7.985345e-06    1.689296e-06    -9.293722e-07    3.386045e-07    6.931232e-07    -3.793826e-07    1.842309e-07    -8.221636e-07    -8.531552e-07    1.927884e-09    -4.333939e-07    1.095111e-06
-4.250974e-06    -6.774854e-07    -3.876883e-06    -6.442264e-06    9.145557e-06    2.893219e-06    -3.806946e-06    -9.348033e-06    7.971868e-07    7.415775e-06    -2.926069e-05    -2.068668e-06    4.014613e-05    2.628551e-06    -8.016042e-06    -2.156122e-06    1.3215e-05    1.054285e-05    -4.071063e-06    -8.48025e-06    2.011633e-06    -9.075027e-06    -1.016398e-05    1.777144e-06    7.648531e-06
-9.847438e-07    -5.400443e-07    -4.172164e-09    4.914572e-07    2.886532e-07    1.070918e-06    -2.126712e-06    -1.406503e-06    7.630828e-07    8.020914e-07    -3.41665e-06    -7.985345e-06    2.628551e-06    1.515576e-05    -6.47047e-06    9.858674e-07    2.537499e-07    -4.705746e-08    1.218314e-06    -1.005559e-06    6.090153e-07    -1.945103e-06    -1.094585e-06    9.241957e-07    2.188743e-07
1.41277e-06    1.900067e-06    1.916946e-06    -4.925298e-07    -2.511409e-06    2.60402e-06    -1.297736e-06    -3.71809e-06    1.720199e-06    2.802321e-08    1.053693e-06    1.689296e-06    -8.016042e-06    -6.47047e-06    1.560759e-05    -6.385984e-07    1.544511e-06    1.943303e-06    -9.846375e-07    -1.194506e-06    9.329938e-07    5.783746e-07    -6.969562e-07    5.475566e-07    -2.833059e-07
6.941342e-07    -2.03468e-07    -1.034048e-06    1.01947e-08    7.177669e-08    7.048062e-09    4.595503e-07    1.915057e-06    -3.44606e-07    -1.169777e-06    2.092615e-06    -9.293722e-07    -2.156122e-06    9.858674e-07    -6.385984e-07    7.237073e-06    -6.570187e-07    -6.570981e-06    -2.4095e-07    1.011372e-06    5.224371e-07    -3.159772e-07    2.381888e-07    1.082412e-06    -1.228945e-06
-2.680077e-06    1.90839e-06    1.914616e-07    -4.673579e-06    2.690744e-06    5.59751e-06    -7.453476e-06    -9.88164e-06    2.815655e-06    5.450562e-06    -1.374836e-05    3.386045e-07    1.3215e-05    2.537499e-07    1.544511e-06    -6.570187e-07    1.787854e-05    5.888056e-06    -8.092161e-06    -6.093986e-06    1.985627e-06    -6.93696e-06    -7.677564e-06    1.793345e-06    5.272073e-06
-2.436826e-06    1.155292e-06    1.381209e-06    -2.259953e-06    1.249404e-06    3.902067e-06    -4.223573e-06    -1.067406e-05    3.095178e-06    5.112865e-06    -1.128836e-05    6.931232e-07    1.054285e-05    -4.705746e-08    1.943303e-06    -6.570981e-06    5.888056e-06    1.463422e-05    -1.604699e-06    -7.426766e-06    6.270791e-07    -4.637525e-06    -4.988686e-06    6.460586e-07    4.370918e-06
3.814565e-07    -9.612095e-07    -6.637374e-08    1.738614e-06    -5.349255e-07    -1.133512e-06    3.586647e-06    3.154019e-07    2.723002e-07    -1.233238e-06    3.817006e-06    -3.793826e-07    -4.071063e-06    1.218314e-06    -9.846375e-07    -2.4095e-07    -8.092161e-06    -1.604699e-06    8.025108e-06    3.30577e-07    -8.811488e-07    1.146257e-06    2.579357e-06    -1.108801e-07    -1.748646e-06
1.934501e-06    -9.439963e-07    -4.190117e-07    2.368098e-06    -1.527608e-06    -3.944212e-06    3.526227e-06    9.234673e-06    -2.945094e-06    -4.02951e-06    9.287652e-06    1.842309e-07    -8.48025e-06    -1.005559e-06    -1.194506e-06    1.011372e-06    -6.093986e-06    -7.426766e-06    3.30577e-07    7.432968e-06    -9.84301e-07    5.040081e-06    4.665644e-06    -1.58633e-06    -3.271932e-06
5.152124e-07    2.37926e-07    -7.555296e-07    -1.377892e-06    5.943755e-07    1.415586e-06    -2.033296e-06    -3.091726e-07    -2.911315e-07    4.3203e-07    -1.502459e-06    -8.221636e-07    2.011633e-06    6.090153e-07    9.329938e-07    5.224371e-07    1.985627e-06    6.270791e-07    -8.811488e-07    -9.84301e-07    5.810362e-06    -1.468422e-06    -5.550408e-06    9.777093e-07    9.237669e-07
1.916562e-06    1.563902e-07    1.205152e-06    2.500405e-06    -2.77351e-06    -4.530411e-06    3.198978e-06    8.490356e-06    -2.290567e-06    -3.197104e-06    8.381249e-06    -8.531552e-07    -9.075027e-06    -1.945103e-06    5.783746e-07    -3.159772e-07    -6.93696e-06    -4.637525e-06    1.146257e-06    5.040081e-06    -1.468422e-06    1.138956e-05    3.532921e-06    -5.284722e-06    -2.000408e-06
1.026122e-06    -5.581362e-07    1.166701e-06    3.470733e-06    -2.713641e-06    -3.937981e-06    5.016268e-06    4.974206e-06    -1.283979e-06    -2.868741e-06    8.74103e-06    1.927884e-09    -1.016398e-05    -1.094585e-06    -6.969562e-07    2.381888e-07    -7.677564e-06    -4.988686e-06    2.579357e-06    4.665644e-06    -5.550408e-06    3.532921e-06    1.166372e-05    -1.632237e-06    -5.319604e-06
-2.670852e-07    2.118783e-08    -7.002792e-07    -8.525479e-07    7.348714e-07    1.694533e-06    -8.652459e-07    -3.014319e-06    5.377189e-07    1.1065e-06    -2.010897e-06    -4.333939e-07    1.777144e-06    9.241957e-07    5.475566e-07    1.082412e-06    1.793345e-06    6.460586e-07    -1.108801e-07    -1.58633e-06    9.777093e-07    -5.284722e-06    -1.632237e-06    5.708089e-06    -1.156352e-06
-1.458114e-06    9.427421e-09    -6.868607e-08    -1.536193e-06    1.885592e-06    2.2327e-06    -2.733339e-06    -4.08718e-06    1.407903e-06    1.947063e-06    -6.595717e-06    1.095111e-06    7.648531e-06    2.188743e-07    -2.833059e-07    -1.228945e-06    5.272073e-06    4.370918e-06    -1.748646e-06    -3.271932e-06    9.237669e-07    -2.000408e-06    -5.319604e-06    -1.156352e-06    5.848153e-06
