5.986784e-06    -5.296229e-07    -3.377952e-06    3.889622e-07    -6.078117e-07    -3.933777e-07    -2.180234e-06    -1.955848e-06    4.017576e-07    2.264863e-06    -3.441333e-07    1.746857e-06    2.319799e-06    -1.199349e-06    -1.887141e-06    6.941342e-07    -2.680077e-06    -2.436826e-06    3.814565e-07    1.934501e-06    5.152124e-07    1.916562e-06    1.026122e-06    -2.670852e-07    -1.458114e-06
-5.296229e-07    5.636718e-06    8.171368e-07    -3.663831e-06    -6.033849e-07    -5.128916e-07    2.88903e-07    9.944564e-07    -2.567766e-07    -8.692155e-07    6.935143e-07    -2.678825e-06    -1.324661e-06    1.411444e-06    1.213819e-06    -2.03468e-07    1.90839e-06    1.155292e-06    -9.612095e-07    -9.439963e-07    2.37926e-07    1.563902e-07    -5.581362e-07    2.118783e-08    9.427421e-09
-3.377952e-06    8.171368e-07    7.445097e-06    1.276807e-07    -3.790918e-06    -6.625794e-07    -1.401816e-06    -4.947151e-07    -6.634851e-07    1.400053e-06    -4.06503e-09    -2.46373e-06    -9.321339e-07    1.832906e-06    7.353185e-07    -1.034048e-06    1.914616e-07    1.381209e-06    -6.637374e-08    -4.190117e-07    -7.555296e-07    1.205152e-06    1.166701e-06    -7.002792e-07    -6.868607e-08
3.889622e-07    -3.663831e-06    1.276807e-07    7.232965e-06    -2.657269e-06    -2.920041e-07    -3.943891e-06    -3.830872e-06    5.777834e-07    4.609928e-06    -1.149388e-06    3.057262e-06    1.890913e-06    -9.173135e-07    -2.243802e-06    1.01947e-08    -4.673579e-06    -2.259953e-06    1.738614e-06    2.368098e-06    -1.377892e-06    2.500405e-06    3.470733e-06    -8.525479e-07    -1.536193e-06
-6.078117e-07    -6.033849e-07    -3.790918e-06    -2.657269e-06    6.276715e-06    1.197299e-06    3.656639e-06    2.629808e-06    4.044891e-07    -4.202345e-06    2.882749e-08    4.048751e-07    -2.248754e-07    -9.113749e-07    1.041881e-06    7.177669e-08    2.690744e-06    1.249404e-06    -5.349255e-07    -1.527608e-06    5.943755e-07    -2.77351e-06    -2.713641e-06    7.348714e-07    1.885592e-06
-3.933777e-07    -5.128916e-07    -6.625794e-07    -2.920041e-07    1.197299e-06    6.40453e-06    1.805346e-06    -1.789783e-06    3.080078e-09    -3.085656e-06    1.530098e-06    7.376406e-08    -3.924785e-06    5.939409e-07    1.269054e-06    -8.501516e-07    1.805812e-06    2.674263e-06    -3.499357e-08    -1.935531e-06    8.016299e-07    -1.931785e-06    -2.163539e-06    6.514408e-07    1.530271e-06
-2.180234e-06    2.88903e-07    -1.401816e-06    -3.943891e-06    3.656639e-06    1.805346e-06    1.318194e-05    6.971675e-06    -3.502478e-06    -9.198236e-06    4.088805e-06    -4.516479e-06    -7.793698e-06    1.537482e-06    4.507593e-06    -4.68646e-07    9.364363e-06    6.112839e-06    -2.780713e-06    -5.642292e-06    1.801574e-06    -6.702198e-06    -6.896276e-06    1.85715e-06    4.378182e-06
-1.955848e-06    9.944564e-07    -4.947151e-07    -3.830872e-06    2.629808e-06    -1.789783e-06    6.971675e-06    1.050383e-05    -7.422984e-07    -9.049029e-06    3.438613e-06    -5.211607e-06    -5.043836e-06    1.436155e-06    3.414338e-06    -3.585154e-08    8.22746e-06    4.418567e-06    -2.771602e-06    -4.423496e-06    1.766242e-06    -5.501545e-06    -5.924274e-06    1.567498e-06    3.507283e-06
4.017576e-07    -2.567766e-07    -6.634851e-07    5.777834e-07    4.044891e-07    3.080078e-09    -3.502478e-06    -7.422984e-07    5.972233e-06    -1.824118e-06    3.609355e-07    6.955007e-07    -4.024566e-07    -3.723943e-07    -2.394287e-07    -1.718269e-07    -3.883841e-07    2.51538e-07    4.04381e-07    -1.896591e-07    2.683608e-07    -1.188092e-07    -2.127064e-07    1.78787e-07    7.169919e-08
2.264863e-06    -8.692155e-07    1.400053e-06    4.609928e-06    -4.202345e-06    -3.085656e-06    -9.198236e-06    -9.049029e-06    -1.824118e-06    1.634509e-05    -5.745789e-06    5.145172e-06    1.160331e-05    -2.875499e-06    -5.60936e-06    1.171321e-06    -1.100589e-05    -8.327121e-06    2.802922e-06    7.429035e-06    -2.547978e-06    8.195564e-06    8.529724e-06    -2.53718e-06    -5.358236e-06
-3.441333e-07    6.935143e-07    -4.06503e-09    -1.149388e-06    2.882749e-08    1.530098e-06    4.088805e-06    3.438613e-06    3.609355e-07    -5.745789e-06    8.042005e-06    -4.810785e-06    -8.391052e-06    1.675909e-06    1.544941e-06    7.048062e-09    5.59751e-06    3.902067e-06    -1.133512e-06    -3.944212e-06    1.415586e-06    -4.530411e-06    -3.937981e-06    1.694533e-06    2.2327e-06
1.746857e-06    -2.678825e-06    -2.46373e-06    3.057262e-06    4.048751e-07    7.376406e-08    -4.516479e-06    -5.211607e-06    6.955007e-07    5.145172e-06    -4.810785e-06    1.91187e-05    -4.663881e-06    -3.463173e-06    -7.922267e-07    4.595503e-07    -7.453476e-06    -4.223573e-06    3.586647e-06    3.526227e-06    -2.033296e-06    3.198978e-06    5.016268e-06    -8.652459e-07    -2.733339e-06
2.319799e-06    -1.324661e-06    -9.321339e-07    1.890913e-06    -2.248754e-07    -3.924785e-06    -7.793698e-06    -5.043836e-06    -4.024566e-07    1.160331e-05    -8.391052e-06    -4.663881e-06    3.147253e-05    -7.028738e-06    -9.613422e-06    1.915057e-06    -9.88164e-06    -1.067406e-05    3.154019e-07    9.234673e-06    -3.091726e-07    8.490356e-06    4.974206e-06    -3.014319e-06    -4.08718e-06
-1.199349e-06    1.411444e-06    1.832906e-06    -9.173135e-07    -9.113749e-07    5.939409e-07    1.537482e-06    1.436155e-06    -3.723943e-07    -2.875499e-06    1.675909e-06    -3.463173e-06    -7.028738e-06    7.032057e-06    2.004882e-06    -3.44606e-07    2.815655e-06    3.095178e-06    2.723002e-07    -2.945094e-06    -2.911315e-07    -2.290567e-06    -1.283979e-06    5.377189e-07    1.407903e-06
-1.887141e-06    1.213819e-06    7.353185e-07    -2.243802e-06    1.041881e-06    1.269054e-06    4.507593e-06    3.414338e-06    -2.394287e-07    -5.60936e-06    1.544941e-06    -7.922267e-07    -9.613422e-06    2.004882e-06    6.251922e-06    -1.169777e-06    5.450562e-06    5.112865e-06    -1.233238e-06    -4.02951e-06    4.3203e-07    -3.197104e-06    -2.868741e-06    1.1065e-06    1.947063e-06
6.941342e-07    -2.03468e-07    -1.034048e-06    1.01947e-08    7.177669e-08    -8.501516e-07    -4.68646e-07    -3.585154e-08    -1.718269e-07    1.171321e-06    7.048062e-09    4.595503e-07    1.915057e-06    -3.44606e-07    -1.169777e-06    7.237073e-06    -6.570187e-07    -6.570981e-06    -2.4095e-07    1.011372e-06    5.224371e-07    -3.159772e-07    2.381888e-07    1.082412e-06    -1.228945e-06
-2.680077e-06    1.90839e-06    1.914616e-07    -4.673579e-06    2.690744e-06    1.805812e-06    9.364363e-06    8.22746e-06    -3.883841e-07    -1.100589e-05    5.59751e-06    -7.453476e-06    -9.88164e-06    2.815655e-06    5.450562e-06    -6.570187e-07    1.787854e-05    5.888056e-06    -8.092161e-06    -6.093986e-06    1.985627e-06    -6.93696e-06    -7.677564e-06    1.793345e-06    5.272073e-06
-2.436826e-06    1.155292e-06    1.381209e-06    -2.259953e-06    1.249404e-06    2.674263e-06    6.112839e-06    4.418567e-06    2.51538e-07    -8.327121e-06    3.902067e-06    -4.223573e-06    -1.067406e-05    3.095178e-06    5.112865e-06    -6.570981e-06    5.888056e-06    1.463422e-05    -1.604699e-06    -7.426766e-06    6.270791e-07    -4.637525e-06    -4.988686e-06    6.460586e-07    4.370918e-06
3.814565e-07    -9.612095e-07    -6.637374e-08    1.738614e-06    -5.349255e-07    -3.499357e-08    -2.780713e-06    -2.771602e-06    4.04381e-07    2.802922e-06    -1.133512e-06    3.586647e-06    3.154019e-07    2.723002e-07    -1.233238e-06    -2.4095e-07    -8.092161e-06    -1.604699e-06    8.025108e-06    3.30577e-07    -8.811488e-07    1.146257e-06    2.579357e-06    -1.108801e-07    -1.748646e-06
1.934501e-06    -9.439963e-07    -4.190117e-07    2.368098e-06    -1.527608e-06    -1.935531e-06    -5.642292e-06    -4.423496e-06    -1.896591e-07    7.429035e-06    -3.944212e-06    3.526227e-06    9.234673e-06    -2.945094e-06    -4.02951e-06    1.011372e-06    -6.093986e-06    -7.426766e-06    3.30577e-07    7.432968e-06    -9.84301e-07    5.040081e-06    4.665644e-06    -1.58633e-06    -3.271932e-06
5.152124e-07    2.37926e-07    -7.555296e-07    -1.377892e-06    5.943755e-07    8.016299e-07    1.801574e-06    1.766242e-06    2.683608e-07    -2.547978e-06    1.415586e-06    -2.033296e-06    -3.091726e-07    -2.911315e-07    4.3203e-07    5.224371e-07    1.985627e-06    6.270791e-07    -8.811488e-07    -9.84301e-07    5.810362e-06    -1.468422e-06    -5.550408e-06    9.777093e-07    9.237669e-07
1.916562e-06    1.563902e-07    1.205152e-06    2.500405e-06    -2.77351e-06    -1.931785e-06    -6.702198e-06    -5.501545e-06    -1.188092e-07    8.195564e-06    -4.530411e-06    3.198978e-06    8.490356e-06    -2.290567e-06    -3.197104e-06    -3.159772e-07    -6.93696e-06    -4.637525e-06    1.146257e-06    5.040081e-06    -1.468422e-06    1.138956e-05    3.532921e-06    -5.284722e-06    -2.000408e-06
1.026122e-06    -5.581362e-07    1.166701e-06    3.470733e-06    -2.713641e-06    -2.163539e-06    -6.896276e-06    -5.924274e-06    -2.127064e-07    8.529724e-06    -3.937981e-06    5.016268e-06    4.974206e-06    -1.283979e-06    -2.868741e-06    2.381888e-07    -7.677564e-06    -4.988686e-06    2.579357e-06    4.665644e-06    -5.550408e-06    3.532921e-06    1.166372e-05    -1.632237e-06    -5.319604e-06
-2.670852e-07    2.118783e-08    -7.002792e-07    -8.525479e-07    7.348714e-07    6.514408e-07    1.85715e-06    1.567498e-06    1.78787e-07    -2.53718e-06    1.694533e-06    -8.652459e-07    -3.014319e-06    5.377189e-07    1.1065e-06    1.082412e-06    1.793345e-06    6.460586e-07    -1.108801e-07    -1.58633e-06    9.777093e-07    -5.284722e-06    -1.632237e-06    5.708089e-06    -1.156352e-06
-1.458114e-06    9.427421e-09    -6.868607e-08    -1.536193e-06    1.885592e-06    1.530271e-06    4.378182e-06    3.507283e-06    7.169919e-08    -5.358236e-06    2.2327e-06    -2.733339e-06    -4.08718e-06    1.407903e-06    1.947063e-06    -1.228945e-06    5.272073e-06    4.370918e-06    -1.748646e-06    -3.271932e-06    9.237669e-07    -2.000408e-06    -5.319604e-06    -1.156352e-06    5.848153e-06
