5.827196e-06    -1.955213e-08    -3.154162e-06    -4.402428e-07    -7.192624e-07    8.524826e-07    -4.988176e-07    -1.027742e-06    4.493705e-07    2.093031e-07
-1.955213e-08    9.738602e-06    6.803159e-06    -1.049526e-06    -5.626806e-06    -3.538209e-07    6.810655e-06    4.945959e-06    -1.409404e-06    -4.690804e-06
-3.154162e-06    6.803159e-06    1.369764e-05    2.365745e-06    -8.996157e-06    -9.063442e-07    9.233315e-06    7.28933e-06    -2.091308e-06    -6.440817e-06
-4.402428e-07    -1.049526e-06    2.365745e-06    6.526551e-06    -3.922509e-06    -4.412824e-07    2.47497e-06    2.244822e-06    -3.451615e-07    -1.993859e-06
-7.192624e-07    -5.626806e-06    -8.996157e-06    -3.922509e-06    1.153112e-05    2.676024e-07    -6.922083e-06    -4.816067e-06    1.220911e-06    4.789609e-06
8.524826e-07    -3.538209e-07    -9.063442e-07    -4.412824e-07    2.676024e-07    7.237073e-06    -6.570187e-07    -6.570981e-06    -2.4095e-07    1.011372e-06
-4.988176e-07    6.810655e-06    9.233315e-06    2.47497e-06    -6.922083e-06    -6.570187e-07    1.787854e-05    5.888056e-06    -8.092161e-06    -6.093986e-06
-1.027742e-06    4.945959e-06    7.28933e-06    2.244822e-06    -4.816067e-06    -6.570981e-06    5.888056e-06    1.463422e-05    -1.604699e-06    -7.426766e-06
4.493705e-07    -1.409404e-06    -2.091308e-06    -3.451615e-07    1.220911e-06    -2.4095e-07    -8.092161e-06    -1.604699e-06    8.025108e-06    3.30577e-07
2.093031e-07    -4.690804e-06    -6.440817e-06    -1.993859e-06    4.789609e-06    1.011372e-06    -6.093986e-06    -7.426766e-06    3.30577e-07    7.432968e-06
