6.582398e-06    1.037564e-06    -2.446976e-06    -3.224219e-07    -8.358538e-07    1.063625e-06    -2.200158e-06    -1.780145e-06    1.348081e-06    8.647273e-07
1.037564e-06    7.037613e-06    1.691766e-06    -2.041662e-06    -2.820863e-06    3.336553e-08    -4.712402e-06    -3.494572e-06    8.630839e-07    3.596929e-06
-2.446976e-06    1.691766e-06    6.470306e-06    1.44606e-06    -4.993714e-06    1.181784e-07    -4.19815e-06    -3.396516e-06    7.018181e-07    3.277825e-06
-3.224219e-07    -2.041662e-06    1.44606e-06    6.593983e-06    -4.096146e-06    3.873492e-07    -3.218279e-06    -2.154613e-06    1.506259e-06    1.583625e-06
-8.358538e-07    -2.820863e-06    -4.993714e-06    -4.096146e-06    1.26802e-05    -1.397235e-06    7.163059e-06    6.22619e-06    -1.598926e-06    -5.152263e-06
1.063625e-06    3.336553e-08    1.181784e-07    3.873492e-07    -1.397235e-06    7.237073e-06    -6.570187e-07    -6.570981e-06    -2.4095e-07    1.011372e-06
-2.200158e-06    -4.712402e-06    -4.19815e-06    -3.218279e-06    7.163059e-06    -6.570187e-07    1.787854e-05    5.888056e-06    -8.092161e-06    -6.093986e-06
-1.780145e-06    -3.494572e-06    -3.396516e-06    -2.154613e-06    6.22619e-06    -6.570981e-06    5.888056e-06    1.463422e-05    -1.604699e-06    -7.426766e-06
1.348081e-06    8.630839e-07    7.018181e-07    1.506259e-06    -1.598926e-06    -2.4095e-07    -8.092161e-06    -1.604699e-06    8.025108e-06    3.30577e-07
8.647273e-07    3.596929e-06    3.277825e-06    1.583625e-06    -5.152263e-06    1.011372e-06    -6.093986e-06    -7.426766e-06    3.30577e-07    7.432968e-06
