4.886195e-06    9.459127e-07    3.215987e-07    4.051512e-07    -4.583852e-06    2.912852e-06    2.161669e-06    1.182204e-06    -9.026575e-07    -3.927983e-06    -1.122393e-06    -4.4873e-06    -2.999216e-06    9.48601e-09    2.762064e-06    1.666168e-06    -4.688428e-07    -4.705892e-08    1.307272e-06    -1.412631e-06    -2.354125e-07    1.369471e-06    -5.679325e-07    1.235098e-06    1.83447e-07    3.03091e-06    -6.155715e-06    -5.525352e-06    2.320614e-06    3.329983e-06    -7.179549e-07    2.041889e-06    2.425163e-06    -1.430541e-06    -3.03136e-06
9.459127e-07    5.149284e-06    1.932172e-06    -2.591136e-06    -2.388246e-06    2.21521e-06    3.147941e-06    9.07303e-07    -1.918094e-06    -2.569139e-06    -1.25525e-06    -4.407316e-06    -2.426931e-06    -6.306457e-07    2.786014e-06    7.846321e-07    -1.800967e-07    -1.015703e-06    7.792736e-07    -9.193974e-09    -1.600018e-07    -3.249371e-07    -2.058364e-07    1.27516e-06    4.281426e-07    -4.162225e-08    -3.191702e-06    -3.689877e-06    -3.476713e-07    3.465609e-06    1.290996e-06    9.355581e-07    7.154745e-07    -1.790406e-06    -1.745449e-06
3.215987e-07    1.932172e-06    4.41267e-06    -5.483117e-08    -4.145482e-06    7.948587e-07    2.049048e-06    1.375878e-06    -8.598612e-07    -1.400372e-06    -3.828238e-07    -3.684452e-06    -1.811699e-06    7.239646e-07    9.40428e-07    5.632618e-07    -5.186683e-07    -8.542013e-07    3.940879e-07    4.713031e-07    6.029236e-07    -7.718928e-07    -1.380089e-06    1.477017e-06    4.618966e-07    -8.089581e-07    -2.942689e-06    -2.249096e-06    3.521447e-07    3.070041e-06    2.740639e-07    1.552602e-06    1.445543e-06    -1.51091e-06    -1.999696e-06
4.051512e-07    -2.591136e-06    -5.483117e-08    4.212585e-06    1.396828e-07    -7.172295e-07    -6.707989e-07    5.470615e-07    1.438092e-06    1.311939e-06    3.744827e-07    9.3198e-07    1.578804e-06    1.367453e-06    -1.912892e-06    -4.469232e-07    -3.378589e-07    2.329346e-08    -7.164389e-07    6.180821e-07    1.127158e-06    -1.299419e-06    -9.465827e-07    2.646496e-07    -3.168283e-08    5.895714e-07    -2.704849e-07    3.994468e-07    1.604429e-06    -1.026481e-06    -8.86048e-07    1.75522e-07    -2.527683e-07    3.944617e-07    8.187407e-07
-4.583852e-06    -2.388246e-06    -4.145482e-06    1.396828e-07    1.312032e-05    -3.942335e-06    -4.12282e-06    -2.045055e-06    3.547591e-06    9.22645e-06    2.145357e-06    9.747276e-06    5.807337e-06    -1.549737e-06    -4.745453e-06    -3.583782e-06    6.85008e-07    1.000725e-06    -2.433515e-06    2.307731e-06    -7.786427e-08    -2.120966e-06    1.755628e-06    -2.87332e-06    -4.618929e-07    -3.218531e-06    9.006149e-06    8.958684e-06    -1.495023e-06    -7.171086e-06    7.680989e-07    -3.468572e-06    -5.04164e-06    1.973865e-06    6.332455e-06
2.912852e-06    2.21521e-06    7.948587e-07    -7.172295e-07    -3.942335e-06    4.979792e-06    2.512916e-06    -2.175512e-07    -1.460202e-06    -4.258484e-06    -1.409557e-06    -5.008728e-06    -2.944088e-06    -6.344639e-07    3.511195e-06    2.272089e-06    -3.048547e-07    -5.593043e-07    1.344681e-06    -1.450022e-06    -4.347576e-07    1.646696e-06    -1.553436e-07    1.179789e-06    1.879546e-07    3.070433e-06    -5.549246e-06    -5.702917e-06    1.110892e-06    3.435664e-06    3.628725e-08    1.748803e-06    2.176575e-06    -1.575685e-06    -2.954672e-06
2.161669e-06    3.147941e-06    2.049048e-06    -6.707989e-07    -4.12282e-06    2.512916e-06    5.399385e-06    1.74499e-06    -3.076662e-06    -4.050674e-06    -1.824844e-06    -5.60656e-06    -2.204932e-06    3.807621e-07    2.906268e-06    1.742889e-06    -3.020168e-07    -9.824564e-07    3.611436e-07    -3.931444e-07    1.358924e-07    3.003124e-07    -6.316317e-07    1.388346e-06    4.190594e-07    1.585601e-06    -4.746148e-06    -5.642469e-06    2.502941e-07    4.465266e-06    6.041612e-07    1.747703e-06    1.895242e-06    -1.882168e-06    -2.852941e-06
1.182204e-06    9.07303e-07    1.375878e-06    5.470615e-07    -2.045055e-06    -2.175512e-07    1.74499e-06    3.794063e-06    8.61164e-09    -3.11176e-06    -1.116361e-06    -2.120194e-06    -2.686842e-07    9.604007e-07    7.434016e-07    9.538095e-08    -4.037111e-07    -4.086728e-07    -4.216838e-07    4.545113e-07    5.485643e-07    -8.124912e-07    -7.872844e-07    6.15624e-07    4.024572e-07    7.036223e-07    -2.390315e-06    -2.870371e-06    7.657542e-07    2.402884e-06    1.950065e-07    5.772297e-07    6.918447e-07    -7.815302e-07    -1.133248e-06
-9.026575e-07    -1.918094e-06    -8.598612e-07    1.438092e-06    3.547591e-06    -1.460202e-06    -3.076662e-06    8.61164e-09    4.199323e-06    2.58675e-06    9.864714e-07    4.042436e-06    2.36044e-06    6.323084e-08    -2.605743e-06    -1.53732e-06    -4.585321e-07    4.793316e-07    -7.611347e-07    1.129233e-06    7.518078e-07    -1.068481e-06    -5.421219e-07    -8.789954e-07    -2.016811e-08    -5.503477e-07    1.966961e-06    2.969113e-06    9.207176e-07    -2.71566e-06    -7.242535e-07    -8.494212e-07    -1.259053e-06    6.353489e-07    2.318165e-06
-3.927983e-06    -2.569139e-06    -1.400372e-06    1.311939e-06    9.22645e-06    -4.258484e-06    -4.050674e-06    -3.11176e-06    2.58675e-06    1.21106e-05    3.121933e-06    8.271395e-06    4.277682e-06    -1.400289e-06    -4.884958e-06    -3.35533e-06    5.137009e-07    7.114623e-07    -1.806669e-06    2.358808e-06    2.249783e-07    -2.0716e-06    4.715544e-07    -1.954367e-06    -3.046555e-07    -4.603078e-06    7.507775e-06    9.631384e-06    -5.689425e-07    -6.392493e-06    2.148033e-07    -2.412793e-06    -3.788014e-06    1.644252e-06    4.961822e-06
-1.122393e-06    -1.25525e-06    -3.828238e-07    3.744827e-07    2.145357e-06    -1.409557e-06    -1.824844e-06    -1.116361e-06    9.864714e-07    3.121933e-06    3.399707e-06    2.125229e-06    -5.915166e-07    -5.227191e-07    -1.309164e-06    -1.17153e-06    3.338938e-07    3.417209e-07    -4.120826e-07    6.844729e-07    2.048283e-07    -3.101345e-07    3.040288e-08    -7.860982e-07    -1.390437e-07    -1.99051e-06    2.292915e-06    3.80149e-06    -5.468468e-08    -2.275461e-06    -2.749373e-07    -4.2565e-07    -6.663767e-07    2.471288e-07    1.486051e-06
-4.4873e-06    -4.407316e-06    -3.684452e-06    9.3198e-07    9.747276e-06    -5.008728e-06    -5.60656e-06    -2.120194e-06    4.042436e-06    8.271395e-06    2.125229e-06    1.348276e-05    6.354984e-06    -1.615957e-06    -6.311525e-06    -3.800024e-06    -3.301187e-07    7.583509e-07    -2.096045e-06    2.980438e-06    8.574937e-07    -2.436418e-06    -2.430449e-07    -2.927937e-06    -8.819495e-08    -3.609339e-06    9.198811e-06    1.001662e-05    -5.462656e-07    -8.094915e-06    -1.31937e-06    -3.6109e-06    -4.69255e-06    2.986148e-06    7.292411e-06
-2.999216e-06    -2.426931e-06    -1.811699e-06    1.578804e-06    5.807337e-06    -2.944088e-06    -2.204932e-06    -2.686842e-07    2.36044e-06    4.277682e-06    -5.915166e-07    6.354984e-06    7.522459e-06    1.032646e-06    -5.41534e-06    -1.720767e-06    -5.624096e-07    -3.241556e-07    -2.295432e-06    2.45668e-06    1.705299e-06    -2.875544e-06    -1.098018e-06    -1.148834e-06    1.041826e-07    -1.616862e-06    5.863779e-06    5.291299e-06    -8.569073e-07    -4.332327e-06    -8.622209e-07    -2.453266e-06    -2.73495e-06    2.114595e-06    4.824955e-06
9.48601e-09    -6.306457e-07    7.239646e-07    1.367453e-06    -1.549737e-06    -6.344639e-07    3.807621e-07    9.604007e-07    6.323084e-08    -1.400289e-06    -5.227191e-07    -1.615957e-06    1.032646e-06    4.863043e-06    -2.402271e-06    -3.301384e-07    -5.158139e-07    2.701101e-07    -5.34005e-07    4.463055e-07    1.388196e-06    -1.631117e-06    -1.049342e-06    9.060206e-07    -6.313526e-08    -4.914387e-07    3.088995e-07    -1.541149e-07    -2.193617e-07    5.202618e-07    -6.950722e-07    8.183195e-07    2.518621e-07    -2.792666e-07    3.718487e-07
2.762064e-06    2.786014e-06    9.40428e-07    -1.912892e-06    -4.745453e-06    3.511195e-06    2.906268e-06    7.434016e-07    -2.605743e-06    -4.884958e-06    -1.309164e-06    -6.311525e-06    -5.41534e-06    -2.402271e-06    8.308284e-06    2.530643e-06    1.14213e-06    7.904066e-08    1.440604e-06    -2.776903e-06    -2.248313e-06    3.536003e-06    1.806385e-06    2.720178e-07    3.266548e-08    3.100058e-06    -5.577837e-06    -6.43229e-06    4.349687e-07    4.403331e-06    1.808725e-06    1.422485e-06    2.162467e-06    -1.853908e-06    -4.745393e-06
1.666168e-06    7.846321e-07    5.632618e-07    -4.469232e-07    -3.583782e-06    2.272089e-06    1.742889e-06    9.538095e-08    -1.53732e-06    -3.35533e-06    -1.17153e-06    -3.800024e-06    -1.720767e-06    -3.301384e-07    2.530643e-06    4.319392e-06    1.277244e-08    -1.219178e-06    5.381882e-07    -1.707476e-06    -3.096806e-07    2.329586e-06    -2.569203e-07    8.387991e-07    -8.878531e-08    2.511547e-06    -3.453656e-06    -4.160268e-06    2.90245e-07    2.599416e-06    -3.335691e-07    1.443129e-06    2.494211e-06    -5.518262e-07    -3.197767e-06
-4.688428e-07    -1.800967e-07    -5.186683e-07    -3.378589e-07    6.85008e-07    -3.048547e-07    -3.020168e-07    -4.037111e-07    -4.585321e-07    5.137009e-07    3.338938e-07    -3.301187e-07    -5.624096e-07    -5.158139e-07    1.14213e-06    1.277244e-08    2.38837e-06    2.847747e-07    -9.559709e-07    -5.62208e-07    -1.082823e-06    1.102674e-06    1.574975e-06    -9.42245e-07    -2.116355e-07    -6.395638e-08    8.013119e-07    6.24193e-07    -6.325963e-07    -3.475277e-07    7.402394e-07    -2.68317e-07    -9.146154e-08    2.101451e-08    -4.374009e-07
-4.705892e-08    -1.015703e-06    -8.542013e-07    2.329346e-08    1.000725e-06    -5.593043e-07    -9.824564e-07    -4.086728e-07    4.793316e-07    7.114623e-07    3.417209e-07    7.583509e-07    -3.241556e-07    2.701101e-07    7.904066e-08    -1.219178e-06    2.847747e-07    3.063218e-06    -2.932648e-08    -1.609615e-06    -1.214889e-06    1.26467e-06    1.334031e-06    -8.720186e-07    -2.816624e-07    4.109755e-07    7.088182e-07    3.015057e-07    -2.177846e-07    -5.424702e-07    4.882194e-08    2.705639e-07    -1.193999e-07    -2.460628e-07    -1.109169e-07
1.307272e-06    7.792736e-07    3.940879e-07    -7.164389e-07    -2.433515e-06    1.344681e-06    3.611436e-07    -4.216838e-07    -7.611347e-07    -1.806669e-06    -4.120826e-07    -2.096045e-06    -2.295432e-06    -5.34005e-07    1.440604e-06    5.381882e-07    -9.559709e-07    -2.932648e-08    2.887566e-06    -1.517343e-06    -5.127305e-07    1.03194e-06    1.956833e-07    1.088902e-06    -1.839242e-07    1.083182e-06    -2.513607e-06    -2.306868e-06    5.232693e-07    1.540419e-06    3.553821e-08    8.651738e-07    1.038522e-06    -3.772364e-07    -1.852403e-06
-1.412631e-06    -9.193974e-09    4.713031e-07    6.180821e-07    2.307731e-06    -1.450022e-06    -3.931444e-07    4.545113e-07    1.129233e-06    2.358808e-06    6.844729e-07    2.980438e-06    2.45668e-06    4.463055e-07    -2.776903e-06    -1.707476e-06    -5.62208e-07    -1.609615e-06    -1.517343e-06    4.102306e-06    1.74365e-06    -3.046984e-06    -1.544653e-06    -2.176313e-07    4.209619e-07    -2.669332e-06    2.360732e-06    3.406769e-06    1.386768e-07    -1.980589e-06    -5.280829e-07    -9.140872e-07    -1.681648e-06    3.156839e-07    3.12391e-06
-2.354125e-07    -1.600018e-07    6.029236e-07    1.127158e-06    -7.786427e-08    -4.347576e-07    1.358924e-07    5.485643e-07    7.518078e-07    2.249783e-07    2.048283e-07    8.574937e-07    1.705299e-06    1.388196e-06    -2.248313e-06    -3.096806e-07    -1.082823e-06    -1.214889e-06    -5.127305e-07    1.74365e-06    2.988247e-06    -1.991629e-06    -2.093622e-06    3.125771e-07    3.228359e-08    -1.03124e-06    5.087502e-07    1.228052e-06    2.149384e-07    -4.394043e-07    -1.035976e-06    -2.50505e-07    -6.040582e-09    4.27634e-07    1.482977e-06
1.369471e-06    -3.249371e-07    -7.718928e-07    -1.299419e-06    -2.120966e-06    1.646696e-06    3.003124e-07    -8.124912e-07    -1.068481e-06    -2.0716e-06    -3.101345e-07    -2.436418e-06    -2.875544e-06    -1.631117e-06    3.536003e-06    2.329586e-06    1.102674e-06    1.26467e-06    1.03194e-06    -3.046984e-06    -1.991629e-06    6.198898e-06    8.836452e-07    -1.557639e-06    -2.231747e-07    2.516909e-06    -2.654925e-06    -2.811928e-06    1.431329e-07    1.566315e-06    -2.245936e-07    1.275546e-06    2.580883e-06    -4.778677e-07    -3.376521e-06
-5.679325e-07    -2.058364e-07    -1.380089e-06    -9.465827e-07    1.755628e-06    -1.553436e-07    -6.316317e-07    -7.872844e-07    -5.421219e-07    4.715544e-07    3.040288e-08    -2.430449e-07    -1.098018e-06    -1.049342e-06    1.806385e-06    -2.569203e-07    1.574975e-06    1.334031e-06    1.956833e-07    -1.544653e-06    -2.093622e-06    8.836452e-07    3.886072e-06    -8.659798e-07    -1.07937e-06    3.596531e-07    1.065757e-06    1.26492e-07    -7.721863e-07    -4.823559e-07    1.260834e-06    -3.708008e-07    -5.6981e-07    1.586001e-07    -6.411609e-07
1.235098e-06    1.27516e-06    1.477017e-06    2.646496e-07    -2.87332e-06    1.179789e-06    1.388346e-06    6.15624e-07    -8.789954e-07    -1.954367e-06    -7.860982e-07    -2.927937e-06    -1.148834e-06    9.060206e-07    2.720178e-07    8.387991e-07    -9.42245e-07    -8.720186e-07    1.088902e-06    -2.176313e-07    3.125771e-07    -1.557639e-06    -8.659798e-07    3.447616e-06    -3.463314e-07    7.483058e-07    -2.549872e-06    -2.821886e-06    1.681194e-07    2.413762e-06    6.244759e-07    1.001223e-06    6.494267e-07    -6.255753e-07    -1.709132e-06
1.83447e-07    4.281426e-07    4.618966e-07    -3.168283e-08    -4.618929e-07    1.879546e-07    4.190594e-07    4.024572e-07    -2.016811e-08    -3.046555e-07    -1.390437e-07    -8.819495e-08    1.041826e-07    -6.313526e-08    3.266548e-08    -8.878531e-08    -2.116355e-07    -2.816624e-07    -1.839242e-07    4.209619e-07    3.228359e-08    -2.231747e-07    -1.07937e-06    -3.463314e-07    1.594115e-06    2.78623e-09    -3.651437e-07    -3.410758e-07    2.152587e-07    2.552478e-07    -1.005427e-07    -1.198792e-07    -1.23213e-08    -2.335938e-07    -7.613764e-08
3.03091e-06    -4.162225e-08    -8.089581e-07    5.895714e-07    -3.218531e-06    3.070433e-06    1.585601e-06    7.036223e-07    -5.503477e-07    -4.603078e-06    -1.99051e-06    -3.609339e-06    -1.616862e-06    -4.914387e-07    3.100058e-06    2.511547e-06    -6.395638e-08    4.109755e-07    1.083182e-06    -2.669332e-06    -1.03124e-06    2.516909e-06    3.596531e-07    7.483058e-07    2.78623e-09    6.867902e-06    -4.759725e-06    -7.350703e-06    1.113934e-06    2.777515e-06    -1.510425e-07    1.001871e-06    2.186484e-06    -1.631207e-07    -3.361189e-06
-6.155715e-06    -3.191702e-06    -2.942689e-06    -2.704849e-07    9.006149e-06    -5.549246e-06    -4.746148e-06    -2.390315e-06    1.966961e-06    7.507775e-06    2.292915e-06    9.198811e-06    5.863779e-06    3.088995e-07    -5.577837e-06    -3.453656e-06    8.013119e-07    7.088182e-07    -2.513607e-06    2.360732e-06    5.087502e-07    -2.654925e-06    1.065757e-06    -2.549872e-06    -3.651437e-07    -4.759725e-06    1.306539e-05    1.000034e-05    -4.688718e-06    -6.59452e-06    5.843641e-07    -4.072111e-06    -4.598025e-06    3.09233e-06    6.400805e-06
-5.525352e-06    -3.689877e-06    -2.249096e-06    3.994468e-07    8.958684e-06    -5.702917e-06    -5.642469e-06    -2.870371e-06    2.969113e-06    9.631384e-06    3.80149e-06    1.001662e-05    5.291299e-06    -1.541149e-07    -6.43229e-06    -4.160268e-06    6.24193e-07    3.015057e-07    -2.306868e-06    3.406769e-06    1.228052e-06    -2.811928e-06    1.26492e-07    -2.821886e-06    -3.410758e-07    -7.350703e-06    1.000034e-05    1.445614e-05    -1.675097e-06    -8.651078e-06    -4.790029e-07    -3.353194e-06    -4.075297e-06    2.526526e-06    6.772186e-06
2.320614e-06    -3.476713e-07    3.521447e-07    1.604429e-06    -1.495023e-06    1.110892e-06    2.502941e-07    7.657542e-07    9.207176e-07    -5.689425e-07    -5.468468e-08    -5.462656e-07    -8.569073e-07    -2.193617e-07    4.349687e-07    2.90245e-07    -6.325963e-07    -2.177846e-07    5.232693e-07    1.386768e-07    2.149384e-07    1.431329e-07    -7.721863e-07    1.681194e-07    2.152587e-07    1.113934e-06    -4.688718e-06    -1.675097e-06    4.719441e-06    -2.889734e-07    -1.390085e-06    1.383502e-06    8.494648e-07    -8.795293e-07    -5.571494e-07
3.329983e-06    3.465609e-06    3.070041e-06    -1.026481e-06    -7.171086e-06    3.435664e-06    4.465266e-06    2.402884e-06    -2.71566e-06    -6.392493e-06    -2.275461e-06    -8.094915e-06    -4.332327e-06    5.202618e-07    4.403331e-06    2.599416e-06    -3.475277e-07    -5.424702e-07    1.540419e-06    -1.980589e-06    -4.394043e-07    1.566315e-06    -4.823559e-07    2.413762e-06    2.552478e-07    2.777515e-06    -6.59452e-06    -8.651078e-06    -2.889734e-07    8.011456e-06    1.071715e-06    2.226647e-06    3.20702e-06    -1.911918e-06    -5.394339e-06
-7.179549e-07    1.290996e-06    2.740639e-07    -8.86048e-07    7.680989e-07    3.628725e-08    6.041612e-07    1.950065e-07    -7.242535e-07    2.148033e-07    -2.749373e-07    -1.31937e-06    -8.622209e-07    -6.950722e-07    1.808725e-06    -3.335691e-07    7.402394e-07    4.882194e-08    3.553821e-08    -5.280829e-07    -1.035976e-06    -2.245936e-07    1.260834e-06    6.244759e-07    -1.005427e-07    -1.510425e-07    5.843641e-07    -4.790029e-07    -1.390085e-06    1.071715e-06    4.002588e-06    -1.224321e-06    -1.88157e-06    2.219525e-07    -8.008506e-07
2.041889e-06    9.355581e-07    1.552602e-06    1.75522e-07    -3.468572e-06    1.748803e-06    1.747703e-06    5.772297e-07    -8.494212e-07    -2.412793e-06    -4.2565e-07    -3.6109e-06    -2.453266e-06    8.183195e-07    1.422485e-06    1.443129e-06    -2.68317e-07    2.705639e-07    8.651738e-07    -9.140872e-07    -2.50505e-07    1.275546e-06    -3.708008e-07    1.001223e-06    -1.198792e-07    1.001871e-06    -4.072111e-06    -3.353194e-06    1.383502e-06    2.226647e-06    -1.224321e-06    4.522789e-06    2.2663e-06    -3.119028e-06    -2.141938e-06
2.425163e-06    7.154745e-07    1.445543e-06    -2.527683e-07    -5.04164e-06    2.176575e-06    1.895242e-06    6.918447e-07    -1.259053e-06    -3.788014e-06    -6.663767e-07    -4.69255e-06    -2.73495e-06    2.518621e-07    2.162467e-06    2.494211e-06    -9.146154e-08    -1.193999e-07    1.038522e-06    -1.681648e-06    -6.040582e-09    2.580883e-06    -5.6981e-07    6.494267e-07    -1.23213e-08    2.186484e-06    -4.598025e-06    -4.075297e-06    8.494648e-07    3.20702e-06    -1.88157e-06    2.2663e-06    5.084414e-06    -1.095633e-06    -4.586901e-06
-1.430541e-06    -1.790406e-06    -1.51091e-06    3.944617e-07    1.973865e-06    -1.575685e-06    -1.882168e-06    -7.815302e-07    6.353489e-07    1.644252e-06    2.471288e-07    2.986148e-06    2.114595e-06    -2.792666e-07    -1.853908e-06    -5.518262e-07    2.101451e-08    -2.460628e-07    -3.772364e-07    3.156839e-07    4.27634e-07    -4.778677e-07    1.586001e-07    -6.255753e-07    -2.335938e-07    -1.631207e-07    3.09233e-06    2.526526e-06    -8.795293e-07    -1.911918e-06    2.219525e-07    -3.119028e-06    -1.095633e-06    4.012977e-06    5.345152e-07
-3.03136e-06    -1.745449e-06    -1.999696e-06    8.187407e-07    6.332455e-06    -2.954672e-06    -2.852941e-06    -1.133248e-06    2.318165e-06    4.961822e-06    1.486051e-06    7.292411e-06    4.824955e-06    3.718487e-07    -4.745393e-06    -3.197767e-06    -4.374009e-07    -1.109169e-07    -1.852403e-06    3.12391e-06    1.482977e-06    -3.376521e-06    -6.411609e-07    -1.709132e-06    -7.613764e-08    -3.361189e-06    6.400805e-06    6.772186e-06    -5.571494e-07    -5.394339e-06    -8.008506e-07    -2.141938e-06    -4.586901e-06    5.345152e-07    7.937913e-06
