4.886195e-06    9.459127e-07    3.215987e-07    4.051512e-07    -4.583852e-06    -1.856831e-06    -3.569749e-06    -2.848674e-06    -9.860156e-08    3.596478e-06    3.03091e-06    -6.155715e-06    -5.525352e-06    2.320614e-06    3.329983e-06
9.459127e-07    5.149284e-06    1.932172e-06    -2.591136e-06    -2.388246e-06    -5.422946e-08    -3.494087e-06    -2.394077e-06    -3.631899e-07    2.02544e-06    -4.162225e-08    -3.191702e-06    -3.689877e-06    -3.476713e-07    3.465609e-06
3.215987e-07    1.932172e-06    4.41267e-06    -5.483117e-08    -4.145482e-06    -5.898649e-07    -1.272545e-06    -1.033122e-06    1.110417e-08    4.87809e-07    -8.089581e-07    -2.942689e-06    -2.249096e-06    3.521447e-07    3.070041e-06
4.051512e-07    -2.591136e-06    -5.483117e-08    4.212585e-06    1.396828e-07    -7.304577e-07    1.668153e-06    1.43692e-06    5.440003e-07    -9.528284e-07    5.895714e-07    -2.704849e-07    3.994468e-07    1.604429e-06    -1.026481e-06
-4.583852e-06    -2.388246e-06    -4.145482e-06    1.396828e-07    1.312032e-05    2.600539e-06    5.975888e-06    5.557527e-06    -7.578132e-07    -5.412471e-06    -3.218531e-06    9.006149e-06    8.958684e-06    -1.495023e-06    -7.171086e-06
-1.856831e-06    -5.422946e-08    -5.898649e-07    -7.304577e-07    2.600539e-06    4.44728e-06    5.482973e-07    -1.398058e-06    -5.09664e-07    -1.443838e-06    -1.640506e-06    3.146519e-06    2.977366e-06    -1.634071e-06    -1.511681e-06
-3.569749e-06    -3.494087e-06    -1.272545e-06    1.668153e-06    5.975888e-06    5.482973e-07    1.040182e-05    7.303586e-06    -1.183592e-06    -6.301785e-06    -4.08077e-06    7.215422e-06    8.978828e-06    -2.525587e-07    -5.849391e-06
-2.848674e-06    -2.394077e-06    -1.033122e-06    1.43692e-06    5.557527e-06    -1.398058e-06    7.303586e-06    9.032977e-06    5.19103e-07    -6.890776e-06    -3.564478e-06    5.922893e-06    7.203261e-06    1.229028e-07    -5.05866e-06
-9.860156e-08    -3.631899e-07    1.110417e-08    5.440003e-07    -7.578132e-07    -5.09664e-07    -1.183592e-06    5.19103e-07    3.706006e-06    -1.868423e-06    -4.195586e-07    3.029763e-07    3.915893e-07    1.407025e-08    -5.962939e-07
3.596478e-06    2.02544e-06    4.87809e-07    -9.528284e-07    -5.412471e-06    -1.443838e-06    -6.301785e-06    -6.890776e-06    -1.868423e-06    1.07462e-05    4.964124e-06    -7.135846e-06    -8.16757e-06    9.465056e-07    4.953945e-06
3.03091e-06    -4.162225e-08    -8.089581e-07    5.895714e-07    -3.218531e-06    -1.640506e-06    -4.08077e-06    -3.564478e-06    -4.195586e-07    4.964124e-06    6.867902e-06    -4.759725e-06    -7.350703e-06    1.113934e-06    2.777515e-06
-6.155715e-06    -3.191702e-06    -2.942689e-06    -2.704849e-07    9.006149e-06    3.146519e-06    7.215422e-06    5.922893e-06    3.029763e-07    -7.135846e-06    -4.759725e-06    1.306539e-05    1.000034e-05    -4.688718e-06    -6.59452e-06
-5.525352e-06    -3.689877e-06    -2.249096e-06    3.994468e-07    8.958684e-06    2.977366e-06    8.978828e-06    7.203261e-06    3.915893e-07    -8.16757e-06    -7.350703e-06    1.000034e-05    1.445614e-05    -1.675097e-06    -8.651078e-06
2.320614e-06    -3.476713e-07    3.521447e-07    1.604429e-06    -1.495023e-06    -1.634071e-06    -2.525587e-07    1.229028e-07    1.407025e-08    9.465056e-07    1.113934e-06    -4.688718e-06    -1.675097e-06    4.719441e-06    -2.889734e-07
3.329983e-06    3.465609e-06    3.070041e-06    -1.026481e-06    -7.171086e-06    -1.511681e-06    -5.849391e-06    -5.05866e-06    -5.962939e-07    4.953945e-06    2.777515e-06    -6.59452e-06    -8.651078e-06    -2.889734e-07    8.011456e-06
