4.886195e-06    9.459127e-07    3.215987e-07    4.051512e-07    -4.583852e-06    -7.469196e-07    2.881742e-06    3.504763e-06    -4.371428e-07    -2.967616e-06
9.459127e-07    5.149284e-06    1.932172e-06    -2.591136e-06    -2.388246e-06    -9.179527e-07    3.968158e-06    2.535773e-06    -1.700422e-06    -1.158702e-06
3.215987e-07    1.932172e-06    4.41267e-06    -5.483117e-08    -4.145482e-06    2.072976e-08    2.317011e-06    1.037682e-06    -1.052196e-06    -8.740395e-07
4.051512e-07    -2.591136e-06    -5.483117e-08    4.212585e-06    1.396828e-07    7.676059e-07    -2.116253e-06    -1.317975e-06    1.164203e-06    9.798627e-08
-4.583852e-06    -2.388246e-06    -4.145482e-06    1.396828e-07    1.312032e-05    5.827555e-07    -5.947816e-06    -5.178773e-06    1.526499e-06    4.310748e-06
-7.469196e-07    -9.179527e-07    2.072976e-08    7.676059e-07    5.827555e-07    3.084688e-06    -1.453245e-06    -3.664578e-06    1.030621e-06    8.550283e-07
2.881742e-06    3.968158e-06    2.317011e-06    -2.116253e-06    -5.947816e-06    -1.453245e-06    7.948872e-06    4.720644e-06    -3.334925e-06    -2.589876e-06
3.504763e-06    2.535773e-06    1.037682e-06    -1.317975e-06    -5.178773e-06    -3.664578e-06    4.720644e-06    8.373818e-06    -1.932707e-06    -4.201023e-06
-4.371428e-07    -1.700422e-06    -1.052196e-06    1.164203e-06    1.526499e-06    1.030621e-06    -3.334925e-06    -1.932707e-06    3.151918e-06    -3.574882e-07
-2.967616e-06    -1.158702e-06    -8.740395e-07    9.798627e-08    4.310748e-06    8.550283e-07    -2.589876e-06    -4.201023e-06    -3.574882e-07    4.389343e-06
