4.886195e-06    9.459127e-07    3.215987e-07    4.051512e-07    -4.583852e-06    2.912852e-06    2.161669e-06    1.182204e-06    -9.026575e-07    -3.927983e-06    1.504272e-06    -7.314425e-07    -5.679556e-07    1.777807e-06    -1.261226e-06    3.03091e-06    -6.155715e-06    -5.525352e-06    2.320614e-06    3.329983e-06
9.459127e-07    5.149284e-06    1.932172e-06    -2.591136e-06    -2.388246e-06    2.21521e-06    3.147941e-06    9.07303e-07    -1.918094e-06    -2.569139e-06    1.125305e-06    -9.11562e-07    -3.515042e-08    1.169833e-06    -2.989796e-07    -4.162225e-08    -3.191702e-06    -3.689877e-06    -3.476713e-07    3.465609e-06
3.215987e-07    1.932172e-06    4.41267e-06    -5.483117e-08    -4.145482e-06    7.948587e-07    2.049048e-06    1.375878e-06    -8.598612e-07    -1.400372e-06    7.554698e-07    -7.506426e-07    -1.423954e-06    3.493356e-07    8.805653e-07    -8.089581e-07    -2.942689e-06    -2.249096e-06    3.521447e-07    3.070041e-06
4.051512e-07    -2.591136e-06    -5.483117e-08    4.212585e-06    1.396828e-07    -7.172295e-07    -6.707989e-07    5.470615e-07    1.438092e-06    1.311939e-06    1.7799e-07    -6.009912e-07    -1.914543e-06    -5.821123e-07    1.44308e-06    5.895714e-07    -2.704849e-07    3.994468e-07    1.604429e-06    -1.026481e-06
-4.583852e-06    -2.388246e-06    -4.145482e-06    1.396828e-07    1.312032e-05    -3.942335e-06    -4.12282e-06    -2.045055e-06    3.547591e-06    9.22645e-06    -3.438502e-06    1.906855e-06    1.761039e-06    -3.760452e-06    1.88221e-06    -3.218531e-06    9.006149e-06    8.958684e-06    -1.495023e-06    -7.171086e-06
2.912852e-06    2.21521e-06    7.948587e-07    -7.172295e-07    -3.942335e-06    4.979792e-06    2.512916e-06    -2.175512e-07    -1.460202e-06    -4.258484e-06    1.587981e-06    -9.597586e-07    1.888005e-07    2.634549e-06    -2.010924e-06    3.070433e-06    -5.549246e-06    -5.702917e-06    1.110892e-06    3.435664e-06
2.161669e-06    3.147941e-06    2.049048e-06    -6.707989e-07    -4.12282e-06    2.512916e-06    5.399385e-06    1.74499e-06    -3.076662e-06    -4.050674e-06    1.362071e-06    -1.427572e-06    -4.280543e-07    2.269259e-06    -6.208923e-07    1.585601e-06    -4.746148e-06    -5.642469e-06    2.502941e-07    4.465266e-06
1.182204e-06    9.07303e-07    1.375878e-06    5.470615e-07    -2.045055e-06    -2.175512e-07    1.74499e-06    3.794063e-06    8.61164e-09    -3.11176e-06    1.61673e-07    -4.749369e-07    -7.330671e-07    4.763608e-08    9.849071e-07    7.036223e-07    -2.390315e-06    -2.870371e-06    7.657542e-07    2.402884e-06
-9.026575e-07    -1.918094e-06    -8.598612e-07    1.438092e-06    3.547591e-06    -1.460202e-06    -3.076662e-06    8.61164e-09    4.199323e-06    2.58675e-06    -1.423103e-06    7.775309e-07    -6.581647e-07    -1.954569e-06    1.639675e-06    -5.503477e-07    1.966961e-06    2.969113e-06    9.207176e-07    -2.71566e-06
-3.927983e-06    -2.569139e-06    -1.400372e-06    1.311939e-06    9.22645e-06    -4.258484e-06    -4.050674e-06    -3.11176e-06    2.58675e-06    1.21106e-05    -3.00299e-06    1.689549e-06    5.429621e-07    -4.235503e-06    2.329626e-06    -4.603078e-06    7.507775e-06    9.631384e-06    -5.689425e-07    -6.392493e-06
1.504272e-06    1.125305e-06    7.554698e-07    1.7799e-07    -3.438502e-06    1.587981e-06    1.362071e-06    1.61673e-07    -1.423103e-06    -3.00299e-06    4.083067e-06    -7.209514e-07    -2.108591e-06    1.132269e-06    -8.348474e-07    1.149138e-06    -2.695503e-06    -3.470297e-06    3.516962e-07    2.111919e-06
-7.314425e-07    -9.11562e-07    -7.506426e-07    -6.009912e-07    1.906855e-06    -9.597586e-07    -1.427572e-06    -4.749369e-07    7.775309e-07    1.689549e-06    -7.209514e-07    3.225865e-06    1.042384e-06    -2.33534e-06    -4.072581e-07    -4.991481e-07    1.3868e-06    1.383361e-06    4.514623e-09    -1.232407e-06
-5.679556e-07    -3.515042e-08    -1.423954e-06    -1.914543e-06    1.761039e-06    1.888005e-07    -4.280543e-07    -7.330671e-07    -6.581647e-07    5.429621e-07    -2.108591e-06    1.042384e-06    5.821202e-06    -1.991838e-08    -3.365409e-06    1.096694e-06    6.419533e-07    -1.339548e-07    -1.117543e-06    2.242403e-07
1.777807e-06    1.169833e-06    3.493356e-07    -5.821123e-07    -3.760452e-06    2.634549e-06    2.269259e-06    4.763608e-08    -1.954569e-06    -4.235503e-06    1.132269e-06    -2.33534e-06    -1.991838e-08    5.180488e-06    -2.360911e-06    2.198857e-06    -3.491431e-06    -3.728724e-06    -1.779689e-07    2.53642e-06
-1.261226e-06    -2.989796e-07    8.805653e-07    1.44308e-06    1.88221e-06    -2.010924e-06    -6.208923e-07    9.849071e-07    1.639675e-06    2.329626e-06    -8.348474e-07    -4.072581e-07    -3.365409e-06    -2.360911e-06    5.410115e-06    -2.835884e-06    2.543676e-06    3.50531e-06    3.248362e-07    -1.892647e-06
3.03091e-06    -4.162225e-08    -8.089581e-07    5.895714e-07    -3.218531e-06    3.070433e-06    1.585601e-06    7.036223e-07    -5.503477e-07    -4.603078e-06    1.149138e-06    -4.991481e-07    1.096694e-06    2.198857e-06    -2.835884e-06    6.867902e-06    -4.759725e-06    -7.350703e-06    1.113934e-06    2.777515e-06
-6.155715e-06    -3.191702e-06    -2.942689e-06    -2.704849e-07    9.006149e-06    -5.549246e-06    -4.746148e-06    -2.390315e-06    1.966961e-06    7.507775e-06    -2.695503e-06    1.3868e-06    6.419533e-07    -3.491431e-06    2.543676e-06    -4.759725e-06    1.306539e-05    1.000034e-05    -4.688718e-06    -6.59452e-06
-5.525352e-06    -3.689877e-06    -2.249096e-06    3.994468e-07    8.958684e-06    -5.702917e-06    -5.642469e-06    -2.870371e-06    2.969113e-06    9.631384e-06    -3.470297e-06    1.383361e-06    -1.339548e-07    -3.728724e-06    3.50531e-06    -7.350703e-06    1.000034e-05    1.445614e-05    -1.675097e-06    -8.651078e-06
2.320614e-06    -3.476713e-07    3.521447e-07    1.604429e-06    -1.495023e-06    1.110892e-06    2.502941e-07    7.657542e-07    9.207176e-07    -5.689425e-07    3.516962e-07    4.514623e-09    -1.117543e-06    -1.779689e-07    3.248362e-07    1.113934e-06    -4.688718e-06    -1.675097e-06    4.719441e-06    -2.889734e-07
3.329983e-06    3.465609e-06    3.070041e-06    -1.026481e-06    -7.171086e-06    3.435664e-06    4.465266e-06    2.402884e-06    -2.71566e-06    -6.392493e-06    2.111919e-06    -1.232407e-06    2.242403e-07    2.53642e-06    -1.892647e-06    2.777515e-06    -6.59452e-06    -8.651078e-06    -2.889734e-07    8.011456e-06
