2.610806e-06    -6.932331e-07    -1.302551e-06    1.299365e-06    -8.407168e-07    6.284956e-07    1.466304e-06    9.749462e-07    1.327784e-06    -1.993144e-06
-6.932331e-07    1.820546e-06    1.15889e-06    -1.507002e-06    -4.918427e-07    -8.11309e-07    -1.185242e-06    -5.523317e-07    -1.348522e-07    1.225531e-06
-1.302551e-06    1.15889e-06    4.416799e-06    1.066789e-09    -2.817883e-06    -4.531906e-07    -5.059125e-07    4.168969e-08    -1.887736e-06    2.744018e-06
1.299365e-06    -1.507002e-06    1.066789e-09    3.692722e-06    -1.906334e-06    1.367087e-06    1.3818e-06    9.764062e-07    1.410042e-07    -1.57548e-06
-8.407168e-07    -4.918427e-07    -2.817883e-06    -1.906334e-06    4.014613e-06    -8.410895e-07    -4.520621e-07    2.666896e-08    2.390814e-07    -7.533704e-07
6.284956e-07    -8.11309e-07    -4.531906e-07    1.367087e-06    -8.410895e-07    4.065874e-06    1.444463e-06    -1.30919e-06    1.393739e-06    -2.555243e-06
1.466304e-06    -1.185242e-06    -5.059125e-07    1.3818e-06    -4.520621e-07    1.444463e-06    3.996512e-06    2.036594e-06    -2.94904e-07    -2.130989e-06
9.749462e-07    -5.523317e-07    4.168969e-08    9.764062e-07    2.666896e-08    -1.30919e-06    2.036594e-06    4.786242e-06    -3.044692e-07    -2.243706e-06
1.327784e-06    -1.348522e-07    -1.887736e-06    1.410042e-07    2.390814e-07    1.393739e-06    -2.94904e-07    -3.044692e-07    2.846093e-06    -3.047384e-06
-1.993144e-06    1.225531e-06    2.744018e-06    -1.57548e-06    -7.533704e-07    -2.555243e-06    -2.130989e-06    -2.243706e-06    -3.047384e-06    6.855159e-06
