2.610806e-06    -6.932331e-07    -1.302551e-06    1.299365e-06    -8.407168e-07    6.284956e-07    1.466304e-06    9.749462e-07    1.327784e-06    -1.993144e-06    -1.518963e-07    1.043626e-06    9.945525e-07    9.797689e-07    -2.257701e-06    -3.245739e-07    -2.434716e-06    -2.295351e-06    5.914269e-07    2.337016e-06    5.123071e-06    -4.513164e-07    -4.301712e-06    -1.524482e-06    1.713123e-06    -4.560931e-07    2.495448e-06    2.850893e-06    -6.805161e-07    -1.707733e-06
-6.932331e-07    1.820546e-06    1.15889e-06    -1.507002e-06    -4.918427e-07    -8.11309e-07    -1.185242e-06    -5.523317e-07    -1.348522e-07    1.225531e-06    8.234068e-08    -1.372182e-06    -8.184095e-07    -5.229396e-07    1.749262e-06    -4.970096e-07    7.08502e-07    1.421406e-06    -3.943827e-07    -1.199777e-06    -1.741355e-06    -8.364708e-07    6.02513e-08    1.595058e-07    9.200178e-07    1.033693e-07    5.953569e-07    -6.662789e-07    -4.408782e-07    -3.654465e-08
-1.302551e-06    1.15889e-06    4.416799e-06    1.066789e-09    -2.817883e-06    -4.531906e-07    -5.059125e-07    4.168969e-08    -1.887736e-06    2.744018e-06    9.051316e-07    1.722664e-07    -1.390678e-06    -5.754908e-07    1.682469e-06    -7.979827e-07    -1.194971e-06    -4.967827e-09    -9.987768e-07    1.340916e-06    -1.011666e-06    -4.814066e-07    -2.760778e-06    2.37015e-08    1.491257e-06    -6.749045e-07    3.812987e-06    8.48149e-07    -2.338545e-06    -2.485102e-07
1.299365e-06    -1.507002e-06    1.066789e-09    3.692722e-06    -1.906334e-06    1.367087e-06    1.3818e-06    9.764062e-07    1.410042e-07    -1.57548e-06    6.647552e-07    1.865519e-06    9.718974e-07    1.359683e-06    -2.552038e-06    -2.193987e-07    -4.346786e-06    -4.339703e-06    8.908011e-07    4.82367e-06    6.265711e-06    -1.370346e-07    -5.913175e-06    -8.395664e-07    -1.04868e-07    -9.874116e-07    2.129238e-06    3.944123e-06    7.403408e-08    -2.323259e-06
-8.407168e-07    -4.918427e-07    -2.817883e-06    -1.906334e-06    4.014613e-06    -8.410895e-07    -4.520621e-07    2.666896e-08    2.390814e-07    -7.533704e-07    -1.234842e-06    -7.927107e-07    6.122638e-07    -3.910735e-07    7.237401e-07    1.23595e-06    3.669039e-06    2.579244e-06    4.875582e-07    -4.188876e-06    -4.690676e-06    1.027215e-06    7.877372e-06    9.482913e-07    -2.264922e-06    7.54626e-07    -4.770335e-06    -3.705227e-06    1.698485e-06    2.452145e-06
6.284956e-07    -8.11309e-07    -4.531906e-07    1.367087e-06    -8.410895e-07    4.065874e-06    1.444463e-06    -1.30919e-06    1.393739e-06    -2.555243e-06    1.183162e-06    1.960318e-06    1.255236e-06    2.576251e-07    -2.640801e-06    -1.433668e-06    -2.280259e-06    -1.83779e-06    -1.01283e-06    4.346801e-06    4.614136e-06    1.772943e-07    -5.010037e-06    3.287358e-07    -1.359102e-06    3.034566e-07    3.098496e-07    3.505754e-06    1.076269e-06    -2.877028e-06
1.466304e-06    -1.185242e-06    -5.059125e-07    1.3818e-06    -4.520621e-07    1.444463e-06    3.996512e-06    2.036594e-06    -2.94904e-07    -2.130989e-06    -1.434692e-07    2.927481e-06    2.321761e-06    8.670177e-07    -3.900193e-06    -9.122413e-07    -3.172225e-06    -2.556465e-06    -1.066557e-07    4.575098e-06    4.4457e-06    5.879131e-07    -3.074392e-06    -1.527171e-06    -9.196018e-07    -6.326765e-07    4.630429e-06    3.582355e-06    -1.81684e-06    -1.944679e-06
9.749462e-07    -5.523317e-07    4.168969e-08    9.764062e-07    2.666896e-08    -1.30919e-06    2.036594e-06    4.786242e-06    -3.044692e-07    -2.243706e-06    -8.044723e-07    1.72862e-06    1.522935e-06    1.919059e-06    -2.211479e-06    -3.273632e-07    -2.654677e-06    -2.013751e-06    1.076065e-06    2.313064e-06    3.174428e-06    -5.899562e-07    -1.57907e-06    -1.914988e-06    6.134595e-09    -2.382834e-06    4.98642e-06    3.756549e-06    -2.220731e-06    -1.695935e-06
1.327784e-06    -1.348522e-07    -1.887736e-06    1.410042e-07    2.390814e-07    1.393739e-06    -2.94904e-07    -3.044692e-07    2.846093e-06    -3.047384e-06    5.896088e-07    2.193361e-07    6.686074e-07    7.908022e-07    -1.971513e-06    -6.045153e-07    -6.27527e-07    -7.461246e-07    -7.355696e-08    9.687616e-07    3.101244e-06    -7.0826e-07    -2.363347e-06    -2.127256e-07    -2.620228e-08    2.157358e-07    -6.730269e-07    1.583976e-06    1.23197e-06    -1.791712e-06
-1.993144e-06    1.225531e-06    2.744018e-06    -1.57548e-06    -7.533704e-07    -2.555243e-06    -2.130989e-06    -2.243706e-06    -3.047384e-06    6.855159e-06    -2.661775e-07    -2.564516e-06    -3.20556e-06    -2.312788e-06    5.085137e-06    1.312094e-06    3.554071e-06    3.446629e-06    -4.330408e-07    -4.928073e-06    -6.993628e-06    5.809647e-07    4.347433e-06    5.782868e-07    2.25476e-06    8.962479e-07    -1.756647e-06    -5.132799e-06    -8.349443e-07    4.056539e-06
-1.518963e-07    8.234068e-08    9.051316e-07    6.647552e-07    -1.234842e-06    1.183162e-06    -1.434692e-07    -8.044723e-07    5.896088e-07    -2.661775e-07    1.728296e-06    5.63794e-07    6.632652e-08    2.454159e-08    -8.461414e-07    -1.022777e-06    -1.309359e-06    -9.679009e-07    -7.325033e-07    2.17672e-06    1.337477e-06    2.461026e-07    -2.719546e-06    -2.487836e-07    -1.36644e-07    1.518215e-07    1.060816e-06    9.774309e-07    -1.354855e-07    -1.068355e-06
1.043626e-06    -1.372182e-06    1.722664e-07    1.865519e-06    -7.927107e-07    1.960318e-06    2.927481e-06    1.72862e-06    2.193361e-07    -2.564516e-06    5.63794e-07    3.379428e-06    1.695834e-06    7.760532e-07    -3.887484e-06    -1.023244e-06    -3.294223e-06    -2.76842e-06    -1.312389e-07    4.848646e-06    4.450525e-06    1.265292e-07    -3.545291e-06    -7.42362e-07    -1.259581e-06    -6.652826e-07    4.031447e-06    3.732266e-06    -1.299572e-06    -2.320449e-06
9.945525e-07    -8.184095e-07    -1.390678e-06    9.718974e-07    6.122638e-07    1.255236e-06    2.321761e-06    1.522935e-06    6.686074e-07    -3.20556e-06    6.632652e-08    1.695834e-06    2.808297e-06    1.282215e-06    -2.909534e-06    -6.10673e-07    -2.799156e-06    -2.505689e-06    2.031067e-07    3.362577e-06    3.582015e-06    8.486555e-07    -2.055759e-06    -8.937032e-07    -1.324167e-06    -6.79138e-07    1.912219e-06    2.86993e-06    -4.30739e-07    -1.681266e-06
9.797689e-07    -5.229396e-07    -5.754908e-07    1.359683e-06    -3.910735e-07    2.576251e-07    8.670177e-07    1.919059e-06    7.908022e-07    -2.312788e-06    2.454159e-08    7.760532e-07    1.282215e-06    1.788368e-06    -1.941441e-06    -2.035437e-07    -2.615824e-06    -2.43933e-06    5.480804e-07    2.578068e-06    3.839554e-06    -2.615426e-07    -3.048312e-06    -1.160804e-06    -1.478446e-07    -1.327778e-06    1.873174e-06    3.084886e-06    -2.608267e-07    -1.717916e-06
-2.257701e-06    1.749262e-06    1.682469e-06    -2.552038e-06    7.237401e-07    -2.640801e-06    -3.900193e-06    -2.211479e-06    -1.971513e-06    5.085137e-06    -8.461414e-07    -3.887484e-06    -2.909534e-06    -1.941441e-06    7.054571e-06    1.360374e-06    4.599261e-06    4.39167e-06    -9.753739e-08    -6.734509e-06    -8.034128e-06    2.637304e-07    5.461229e-06    1.39532e-06    2.639451e-06    8.229152e-07    -4.569778e-06    -5.43157e-06    7.973174e-07    3.80484e-06
-3.245739e-07    -4.970096e-07    -7.979827e-07    -2.193987e-07    1.23595e-06    -1.433668e-06    -9.122413e-07    -3.273632e-07    -6.045153e-07    1.312094e-06    -1.022777e-06    -1.023244e-06    -6.10673e-07    -2.035437e-07    1.360374e-06    2.001764e-06    1.686116e-06    5.904205e-07    8.1742e-07    -3.160535e-06    -2.90066e-06    5.072097e-07    4.095309e-06    6.649611e-07    9.651982e-08    1.989748e-07    -3.12309e-06    -2.627566e-06    7.874172e-07    2.451792e-06
-2.434716e-06    7.08502e-07    -1.194971e-06    -4.346786e-06    3.669039e-06    -2.280259e-06    -3.172225e-06    -2.654677e-06    -6.27527e-07    3.554071e-06    -1.309359e-06    -3.294223e-06    -2.799156e-06    -2.615824e-06    4.599261e-06    1.686116e-06    8.997597e-06    7.171972e-06    -6.955095e-07    -9.452042e-06    -1.094698e-05    5.353019e-07    1.203739e-05    2.442999e-06    -1.217258e-06    2.306358e-06    -7.926207e-06    -8.475411e-06    2.136559e-06    5.194044e-06
-2.295351e-06    1.421406e-06    -4.967827e-09    -4.339703e-06    2.579244e-06    -1.83779e-06    -2.556465e-06    -2.013751e-06    -7.461246e-07    3.446629e-06    -9.679009e-07    -2.76842e-06    -2.505689e-06    -2.43933e-06    4.39167e-06    5.904205e-07    7.171972e-06    6.910058e-06    -1.004171e-06    -7.518411e-06    -9.142511e-06    2.902712e-07    8.747321e-06    1.666242e-06    -2.582853e-08    1.74784e-06    -4.839808e-06    -6.508545e-06    9.009866e-07    3.892881e-06
5.914269e-07    -3.943827e-07    -9.987768e-07    8.908011e-07    4.875582e-07    -1.01283e-06    -1.066557e-07    1.076065e-06    -7.355696e-08    -4.330408e-07    -7.325033e-07    -1.312389e-07    2.031067e-07    5.480804e-07    -9.753739e-08    8.1742e-07    -6.955095e-07    -1.004171e-06    1.524391e-06    -5.479888e-07    9.8803e-07    -3.390177e-07    3.866231e-07    -1.14675e-07    3.476236e-07    -6.23062e-07    -4.473195e-07    2.806335e-07    3.016054e-07    1.32158e-07
2.337016e-06    -1.199777e-06    1.340916e-06    4.82367e-06    -4.188876e-06    4.346801e-06    4.575098e-06    2.313064e-06    9.687616e-07    -4.928073e-06    2.17672e-06    4.848646e-06    3.362577e-06    2.578068e-06    -6.734509e-06    -3.160535e-06    -9.452042e-06    -7.518411e-06    -5.479888e-07    1.26785e-05    1.289652e-05    -4.917557e-07    -1.395576e-05    -2.491494e-06    -1.025229e-06    -1.761159e-06    9.132355e-06    9.818196e-06    -1.924143e-06    -6.886991e-06
5.123071e-06    -1.741355e-06    -1.011666e-06    6.265711e-06    -4.690676e-06    4.614136e-06    4.4457e-06    3.174428e-06    3.101244e-06    -6.993628e-06    1.337477e-06    4.450525e-06    3.582015e-06    3.839554e-06    -8.034128e-06    -2.90066e-06    -1.094698e-05    -9.142511e-06    9.8803e-07    1.289652e-05    1.954222e-05    -1.737348e-06    -1.898621e-05    -3.820782e-06    9.159736e-07    -2.963278e-06    8.853127e-06    1.323102e-05    -1.194352e-06    -8.555754e-06
-4.513164e-07    -8.364708e-07    -4.814066e-07    -1.370346e-07    1.027215e-06    1.772943e-07    5.879131e-07    -5.899562e-07    -7.0826e-07    5.809647e-07    2.461026e-07    1.265292e-07    8.486555e-07    -2.615426e-07    2.637304e-07    5.072097e-07    5.353019e-07    2.902712e-07    -3.390177e-07    -4.917557e-07    -1.737348e-06    2.328116e-06    2.061881e-06    -2.440185e-07    -3.453083e-07    3.667587e-07    -1.477838e-06    -1.52496e-06    -3.675227e-08    1.803919e-06
-4.301712e-06    6.02513e-08    -2.760778e-06    -5.913175e-06    7.877372e-06    -5.010037e-06    -3.074392e-06    -1.57907e-06    -2.363347e-06    4.347433e-06    -2.719546e-06    -3.545291e-06    -2.055759e-06    -3.048312e-06    5.461229e-06    4.095309e-06    1.203739e-05    8.747321e-06    3.866231e-07    -1.395576e-05    -1.898621e-05    2.061881e-06    2.370788e-05    3.645123e-06    -4.239654e-06    2.919098e-06    -1.134377e-05    -1.407473e-05    2.46898e-06    9.363948e-06
-1.524482e-06    1.595058e-07    2.37015e-08    -8.395664e-07    9.482913e-07    3.287358e-07    -1.527171e-06    -1.914988e-06    -2.127256e-07    5.782868e-07    -2.487836e-07    -7.42362e-07    -8.937032e-07    -1.160804e-06    1.39532e-06    6.649611e-07    2.442999e-06    1.666242e-06    -1.14675e-07    -2.491494e-06    -3.820782e-06    -2.440185e-07    3.645123e-06    3.125698e-06    -1.676828e-06    1.155851e-06    -4.029093e-06    -2.574155e-06    1.863056e-06    1.02462e-06
1.713123e-06    9.200178e-07    1.491257e-06    -1.04868e-07    -2.264922e-06    -1.359102e-06    -9.196018e-07    6.134595e-09    -2.620228e-08    2.25476e-06    -1.36644e-07    -1.259581e-06    -1.324167e-06    -1.478446e-07    2.639451e-06    9.651982e-08    -1.217258e-06    -2.582853e-08    3.476236e-07    -1.025229e-06    9.159736e-07    -3.453083e-07    -4.239654e-06    -1.676828e-06    6.966204e-06    -4.330414e-07    2.868464e-06    6.979186e-07    -1.933311e-06    2.12388e-07
-4.560931e-07    1.033693e-07    -6.749045e-07    -9.874116e-07    7.54626e-07    3.034566e-07    -6.326765e-07    -2.382834e-06    2.157358e-07    8.962479e-07    1.518215e-07    -6.652826e-07    -6.79138e-07    -1.327778e-06    8.229152e-07    1.989748e-07    2.306358e-06    1.74784e-06    -6.23062e-07    -1.761159e-06    -2.963278e-06    3.667587e-07    2.919098e-06    1.155851e-06    -4.330414e-07    2.042946e-06    -2.69479e-06    -3.387163e-06    1.215098e-06    1.34942e-06
2.495448e-06    5.953569e-07    3.812987e-06    2.129238e-06    -4.770335e-06    3.098496e-07    4.630429e-06    4.98642e-06    -6.730269e-07    -1.756647e-06    1.060816e-06    4.031447e-06    1.912219e-06    1.873174e-06    -4.569778e-06    -3.12309e-06    -7.926207e-06    -4.839808e-06    -4.473195e-07    9.132355e-06    8.853127e-06    -1.477838e-06    -1.134377e-05    -4.029093e-06    2.868464e-06    -2.69479e-06    1.45984e-05    8.449231e-06    -6.309037e-06    -5.211504e-06
2.850893e-06    -6.662789e-07    8.48149e-07    3.944123e-06    -3.705227e-06    3.505754e-06    3.582355e-06    3.756549e-06    1.583976e-06    -5.132799e-06    9.774309e-07    3.732266e-06    2.86993e-06    3.084886e-06    -5.43157e-06    -2.627566e-06    -8.475411e-06    -6.508545e-06    2.806335e-07    9.818196e-06    1.323102e-05    -1.52496e-06    -1.407473e-05    -2.574155e-06    6.979186e-07    -3.387163e-06    8.449231e-06    1.166077e-05    -1.988424e-06    -7.266528e-06
-6.805161e-07    -4.408782e-07    -2.338545e-06    7.403408e-08    1.698485e-06    1.076269e-06    -1.81684e-06    -2.220731e-06    1.23197e-06    -8.349443e-07    -1.354855e-07    -1.299572e-06    -4.30739e-07    -2.608267e-07    7.973174e-07    7.874172e-07    2.136559e-06    9.009866e-07    3.016054e-07    -1.924143e-06    -1.194352e-06    -3.675227e-08    2.46898e-06    1.863056e-06    -1.933311e-06    1.215098e-06    -6.309037e-06    -1.988424e-06    3.870671e-06    3.912732e-07
-1.707733e-06    -3.654465e-08    -2.485102e-07    -2.323259e-06    2.452145e-06    -2.877028e-06    -1.944679e-06    -1.695935e-06    -1.791712e-06    4.056539e-06    -1.068355e-06    -2.320449e-06    -1.681266e-06    -1.717916e-06    3.80484e-06    2.451792e-06    5.194044e-06    3.892881e-06    1.32158e-07    -6.886991e-06    -8.555754e-06    1.803919e-06    9.363948e-06    1.02462e-06    2.12388e-07    1.34942e-06    -5.211504e-06    -7.266528e-06    3.912732e-07    5.803184e-06
