4.065874e-06    1.444463e-06    -1.30919e-06    1.393739e-06    -2.555243e-06    1.183162e-06    1.960318e-06    1.255236e-06    2.576251e-07    -2.640801e-06    -1.433668e-06    -2.280259e-06    -1.83779e-06    -1.01283e-06    4.346801e-06    2.145659e-07    1.337031e-06    -1.064876e-06    1.064139e-06    9.549228e-08
1.444463e-06    3.996512e-06    2.036594e-06    -2.94904e-07    -2.130989e-06    -1.434692e-07    2.927481e-06    2.321761e-06    8.670177e-07    -3.900193e-06    -9.122413e-07    -3.172225e-06    -2.556465e-06    -1.066557e-07    4.575098e-06    1.304949e-07    -7.76563e-08    -8.001388e-07    1.900346e-06    3.644998e-07
-1.30919e-06    2.036594e-06    4.786242e-06    -3.044692e-07    -2.243706e-06    -8.044723e-07    1.72862e-06    1.522935e-06    1.919059e-06    -2.211479e-06    -3.273632e-07    -2.654677e-06    -2.013751e-06    1.076065e-06    2.313064e-06    -5.30949e-08    -4.418867e-07    1.320975e-07    7.898849e-07    3.097624e-07
1.393739e-06    -2.94904e-07    -3.044692e-07    2.846093e-06    -3.047384e-06    5.896088e-07    2.193361e-07    6.686074e-07    7.908022e-07    -1.971513e-06    -6.045153e-07    -6.27527e-07    -7.461246e-07    -7.355696e-08    9.687616e-07    1.35966e-07    -2.474453e-07    -5.529737e-07    7.056737e-07    1.045813e-07
-2.555243e-06    -2.130989e-06    -2.243706e-06    -3.047384e-06    6.855159e-06    -2.661775e-07    -2.564516e-06    -3.20556e-06    -2.312788e-06    5.085137e-06    1.312094e-06    3.554071e-06    3.446629e-06    -4.330408e-07    -4.928073e-06    -7.662568e-07    2.110049e-07    1.388572e-06    -1.540414e-06    -4.011475e-07
1.183162e-06    -1.434692e-07    -8.044723e-07    5.896088e-07    -2.661775e-07    1.728296e-06    5.63794e-07    6.632652e-08    2.454159e-08    -8.461414e-07    -1.022777e-06    -1.309359e-06    -9.679009e-07    -7.325033e-07    2.17672e-06    -5.258981e-07    1.401208e-06    1.287707e-07    -1.973571e-07    4.571327e-08
1.960318e-06    2.927481e-06    1.72862e-06    2.193361e-07    -2.564516e-06    5.63794e-07    3.379428e-06    1.695834e-06    7.760532e-07    -3.887484e-06    -1.023244e-06    -3.294223e-06    -2.76842e-06    -1.312389e-07    4.848646e-06    1.034724e-07    2.974059e-07    -5.143986e-07    1.490858e-06    2.605233e-07
1.255236e-06    2.321761e-06    1.522935e-06    6.686074e-07    -3.20556e-06    6.632652e-08    1.695834e-06    2.808297e-06    1.282215e-06    -2.909534e-06    -6.10673e-07    -2.799156e-06    -2.505689e-06    2.031067e-07    3.362577e-06    4.576211e-07    -3.093367e-07    -7.004566e-07    1.0106e-06    3.075208e-07
2.576251e-07    8.670177e-07    1.919059e-06    7.908022e-07    -2.312788e-06    2.454159e-08    7.760532e-07    1.282215e-06    1.788368e-06    -1.941441e-06    -2.035437e-07    -2.615824e-06    -2.43933e-06    5.480804e-07    2.578068e-06    -3.142283e-08    3.945559e-07    1.199803e-08    4.902089e-07    9.404004e-08
-2.640801e-06    -3.900193e-06    -2.211479e-06    -1.971513e-06    5.085137e-06    -8.461414e-07    -3.887484e-06    -2.909534e-06    -1.941441e-06    7.054571e-06    1.360374e-06    4.599261e-06    4.39167e-06    -9.753739e-08    -6.734509e-06    -1.742207e-07    -5.233855e-08    1.23835e-06    -2.59858e-06    -4.804087e-07
-1.433668e-06    -9.122413e-07    -3.273632e-07    -6.045153e-07    1.312094e-06    -1.022777e-06    -1.023244e-06    -6.10673e-07    -2.035437e-07    1.360374e-06    2.001764e-06    1.686116e-06    5.904205e-07    8.1742e-07    -3.160535e-06    7.145767e-07    -1.675638e-06    1.318822e-07    -1.809166e-07    -2.021415e-07
-2.280259e-06    -3.172225e-06    -2.654677e-06    -6.27527e-07    3.554071e-06    -1.309359e-06    -3.294223e-06    -2.799156e-06    -2.615824e-06    4.599261e-06    1.686116e-06    8.997597e-06    7.171972e-06    -6.955095e-07    -9.452042e-06    1.620459e-06    -3.606714e-06    -1.190895e-06    -1.165207e-06    -4.706325e-08
-1.83779e-06    -2.556465e-06    -2.013751e-06    -7.461246e-07    3.446629e-06    -9.679009e-07    -2.76842e-06    -2.505689e-06    -2.43933e-06    4.39167e-06    5.904205e-07    7.171972e-06    6.910058e-06    -1.004171e-06    -7.518411e-06    8.175022e-07    -2.311456e-06    -7.007991e-07    -1.318159e-06    6.80493e-08
-1.01283e-06    -1.066557e-07    1.076065e-06    -7.355696e-08    -4.330408e-07    -7.325033e-07    -1.312389e-07    2.031067e-07    5.480804e-07    -9.753739e-08    8.1742e-07    -6.955095e-07    -1.004171e-06    1.524391e-06    -5.479888e-07    3.144599e-07    -4.923352e-07    1.239754e-07    1.037052e-07    -7.034847e-08
4.346801e-06    4.575098e-06    2.313064e-06    9.687616e-07    -4.928073e-06    2.17672e-06    4.848646e-06    3.362577e-06    2.578068e-06    -6.734509e-06    -3.160535e-06    -9.452042e-06    -7.518411e-06    -5.479888e-07    1.26785e-05    -1.397891e-06    4.572963e-06    4.776097e-09    1.645937e-06    3.121645e-07
2.145659e-07    1.304949e-07    -5.30949e-08    1.35966e-07    -7.662568e-07    -5.258981e-07    1.034724e-07    4.576211e-07    -3.142283e-08    -1.742207e-07    7.145767e-07    1.620459e-06    8.175022e-07    3.144599e-07    -1.397891e-06    1.62064e-06    -1.651653e-06    -1.458043e-06    1.938578e-07    1.489974e-07
1.337031e-06    -7.76563e-08    -4.418867e-07    -2.474453e-07    2.110049e-07    1.401208e-06    2.974059e-07    -3.093367e-07    3.945559e-07    -5.233855e-08    -1.675638e-06    -3.606714e-06    -2.311456e-06    -4.923352e-07    4.572963e-06    -1.651653e-06    4.443923e-06    7.937537e-07    -8.431933e-07    -1.561265e-07
-1.064876e-06    -8.001388e-07    1.320975e-07    -5.529737e-07    1.388572e-06    1.287707e-07    -5.143986e-07    -7.004566e-07    1.199803e-08    1.23835e-06    1.318822e-07    -1.190895e-06    -7.007991e-07    1.239754e-07    4.776097e-09    -1.458043e-06    7.937537e-07    2.179687e-06    -5.967358e-07    -3.02069e-07
1.064139e-06    1.900346e-06    7.898849e-07    7.056737e-07    -1.540414e-06    -1.973571e-07    1.490858e-06    1.0106e-06    4.902089e-07    -2.59858e-06    -1.809166e-07    -1.165207e-06    -1.318159e-06    1.037052e-07    1.645937e-06    1.938578e-07    -8.431933e-07    -5.967358e-07    2.027902e-06    8.231542e-08
9.549228e-08    3.644998e-07    3.097624e-07    1.045813e-07    -4.011475e-07    4.571327e-08    2.605233e-07    3.075208e-07    9.404004e-08    -4.804087e-07    -2.021415e-07    -4.706325e-08    6.80493e-08    -7.034847e-08    3.121645e-07    1.489974e-07    -1.561265e-07    -3.02069e-07    8.231542e-08    1.394023e-07
