2.610806e-06    -6.932331e-07    -1.302551e-06    1.299365e-06    -8.407168e-07    6.284956e-07    1.466304e-06    9.749462e-07    1.327784e-06    -1.993144e-06    -1.518963e-07    1.043626e-06    9.945525e-07    9.797689e-07    -2.257701e-06    -3.245739e-07    -2.434716e-06    -2.295351e-06    5.914269e-07    2.337016e-06    -2.885437e-07    -2.231245e-08    1.020056e-07    1.543314e-06    6.2891e-09    5.123071e-06    -4.513164e-07    -4.301712e-06    -1.524482e-06    1.713123e-06
-6.932331e-07    1.820546e-06    1.15889e-06    -1.507002e-06    -4.918427e-07    -8.11309e-07    -1.185242e-06    -5.523317e-07    -1.348522e-07    1.225531e-06    8.234068e-08    -1.372182e-06    -8.184095e-07    -5.229396e-07    1.749262e-06    -4.970096e-07    7.08502e-07    1.421406e-06    -3.943827e-07    -1.199777e-06    -1.088593e-06    9.338849e-07    9.382297e-07    -1.04828e-06    -5.087263e-08    -1.741355e-06    -8.364708e-07    6.02513e-08    1.595058e-07    9.200178e-07
-1.302551e-06    1.15889e-06    4.416799e-06    1.066789e-09    -2.817883e-06    -4.531906e-07    -5.059125e-07    4.168969e-08    -1.887736e-06    2.744018e-06    9.051316e-07    1.722664e-07    -1.390678e-06    -5.754908e-07    1.682469e-06    -7.979827e-07    -1.194971e-06    -4.967827e-09    -9.987768e-07    1.340916e-06    -1.835882e-06    2.480621e-06    1.907953e-06    -1.051265e-06    -2.631963e-07    -1.011666e-06    -4.814066e-07    -2.760778e-06    2.37015e-08    1.491257e-06
1.299365e-06    -1.507002e-06    1.066789e-09    3.692722e-06    -1.906334e-06    1.367087e-06    1.3818e-06    9.764062e-07    1.410042e-07    -1.57548e-06    6.647552e-07    1.865519e-06    9.718974e-07    1.359683e-06    -2.552038e-06    -2.193987e-07    -4.346786e-06    -4.339703e-06    8.908011e-07    4.82367e-06    -1.115993e-07    1.749989e-06    6.418434e-08    8.313036e-07    -1.097044e-07    6.265711e-06    -1.370346e-07    -5.913175e-06    -8.395664e-07    -1.04868e-07
-8.407168e-07    -4.918427e-07    -2.817883e-06    -1.906334e-06    4.014613e-06    -8.410895e-07    -4.520621e-07    2.666896e-08    2.390814e-07    -7.533704e-07    -1.234842e-06    -7.927107e-07    6.122638e-07    -3.910735e-07    7.237401e-07    1.23595e-06    3.669039e-06    2.579244e-06    4.875582e-07    -4.188876e-06    2.022363e-06    -3.384689e-06    -1.505821e-06    -2.091527e-07    2.880214e-07    -4.690676e-06    1.027215e-06    7.877372e-06    9.482913e-07    -2.264922e-06
6.284956e-07    -8.11309e-07    -4.531906e-07    1.367087e-06    -8.410895e-07    4.065874e-06    1.444463e-06    -1.30919e-06    1.393739e-06    -2.555243e-06    1.183162e-06    1.960318e-06    1.255236e-06    2.576251e-07    -2.640801e-06    -1.433668e-06    -2.280259e-06    -1.83779e-06    -1.01283e-06    4.346801e-06    2.145659e-07    1.337031e-06    -1.064876e-06    1.064139e-06    9.549228e-08    4.614136e-06    1.772943e-07    -5.010037e-06    3.287358e-07    -1.359102e-06
1.466304e-06    -1.185242e-06    -5.059125e-07    1.3818e-06    -4.520621e-07    1.444463e-06    3.996512e-06    2.036594e-06    -2.94904e-07    -2.130989e-06    -1.434692e-07    2.927481e-06    2.321761e-06    8.670177e-07    -3.900193e-06    -9.122413e-07    -3.172225e-06    -2.556465e-06    -1.066557e-07    4.575098e-06    1.304949e-07    -7.76563e-08    -8.001388e-07    1.900346e-06    3.644998e-07    4.4457e-06    5.879131e-07    -3.074392e-06    -1.527171e-06    -9.196018e-07
9.749462e-07    -5.523317e-07    4.168969e-08    9.764062e-07    2.666896e-08    -1.30919e-06    2.036594e-06    4.786242e-06    -3.044692e-07    -2.243706e-06    -8.044723e-07    1.72862e-06    1.522935e-06    1.919059e-06    -2.211479e-06    -3.273632e-07    -2.654677e-06    -2.013751e-06    1.076065e-06    2.313064e-06    -5.30949e-08    -4.418867e-07    1.320975e-07    7.898849e-07    3.097624e-07    3.174428e-06    -5.899562e-07    -1.57907e-06    -1.914988e-06    6.134595e-09
1.327784e-06    -1.348522e-07    -1.887736e-06    1.410042e-07    2.390814e-07    1.393739e-06    -2.94904e-07    -3.044692e-07    2.846093e-06    -3.047384e-06    5.896088e-07    2.193361e-07    6.686074e-07    7.908022e-07    -1.971513e-06    -6.045153e-07    -6.27527e-07    -7.461246e-07    -7.355696e-08    9.687616e-07    1.35966e-07    -2.474453e-07    -5.529737e-07    7.056737e-07    1.045813e-07    3.101244e-06    -7.0826e-07    -2.363347e-06    -2.127256e-07    -2.620228e-08
-1.993144e-06    1.225531e-06    2.744018e-06    -1.57548e-06    -7.533704e-07    -2.555243e-06    -2.130989e-06    -2.243706e-06    -3.047384e-06    6.855159e-06    -2.661775e-07    -2.564516e-06    -3.20556e-06    -2.312788e-06    5.085137e-06    1.312094e-06    3.554071e-06    3.446629e-06    -4.330408e-07    -4.928073e-06    -7.662568e-07    2.110049e-07    1.388572e-06    -1.540414e-06    -4.011475e-07    -6.993628e-06    5.809647e-07    4.347433e-06    5.782868e-07    2.25476e-06
-1.518963e-07    8.234068e-08    9.051316e-07    6.647552e-07    -1.234842e-06    1.183162e-06    -1.434692e-07    -8.044723e-07    5.896088e-07    -2.661775e-07    1.728296e-06    5.63794e-07    6.632652e-08    2.454159e-08    -8.461414e-07    -1.022777e-06    -1.309359e-06    -9.679009e-07    -7.325033e-07    2.17672e-06    -5.258981e-07    1.401208e-06    1.287707e-07    -1.973571e-07    4.571327e-08    1.337477e-06    2.461026e-07    -2.719546e-06    -2.487836e-07    -1.36644e-07
1.043626e-06    -1.372182e-06    1.722664e-07    1.865519e-06    -7.927107e-07    1.960318e-06    2.927481e-06    1.72862e-06    2.193361e-07    -2.564516e-06    5.63794e-07    3.379428e-06    1.695834e-06    7.760532e-07    -3.887484e-06    -1.023244e-06    -3.294223e-06    -2.76842e-06    -1.312389e-07    4.848646e-06    1.034724e-07    2.974059e-07    -5.143986e-07    1.490858e-06    2.605233e-07    4.450525e-06    1.265292e-07    -3.545291e-06    -7.42362e-07    -1.259581e-06
9.945525e-07    -8.184095e-07    -1.390678e-06    9.718974e-07    6.122638e-07    1.255236e-06    2.321761e-06    1.522935e-06    6.686074e-07    -3.20556e-06    6.632652e-08    1.695834e-06    2.808297e-06    1.282215e-06    -2.909534e-06    -6.10673e-07    -2.799156e-06    -2.505689e-06    2.031067e-07    3.362577e-06    4.576211e-07    -3.093367e-07    -7.004566e-07    1.0106e-06    3.075208e-07    3.582015e-06    8.486555e-07    -2.055759e-06    -8.937032e-07    -1.324167e-06
9.797689e-07    -5.229396e-07    -5.754908e-07    1.359683e-06    -3.910735e-07    2.576251e-07    8.670177e-07    1.919059e-06    7.908022e-07    -2.312788e-06    2.454159e-08    7.760532e-07    1.282215e-06    1.788368e-06    -1.941441e-06    -2.035437e-07    -2.615824e-06    -2.43933e-06    5.480804e-07    2.578068e-06    -3.142283e-08    3.945559e-07    1.199803e-08    4.902089e-07    9.404004e-08    3.839554e-06    -2.615426e-07    -3.048312e-06    -1.160804e-06    -1.478446e-07
-2.257701e-06    1.749262e-06    1.682469e-06    -2.552038e-06    7.237401e-07    -2.640801e-06    -3.900193e-06    -2.211479e-06    -1.971513e-06    5.085137e-06    -8.461414e-07    -3.887484e-06    -2.909534e-06    -1.941441e-06    7.054571e-06    1.360374e-06    4.599261e-06    4.39167e-06    -9.753739e-08    -6.734509e-06    -1.742207e-07    -5.233855e-08    1.23835e-06    -2.59858e-06    -4.804087e-07    -8.034128e-06    2.637304e-07    5.461229e-06    1.39532e-06    2.639451e-06
-3.245739e-07    -4.970096e-07    -7.979827e-07    -2.193987e-07    1.23595e-06    -1.433668e-06    -9.122413e-07    -3.273632e-07    -6.045153e-07    1.312094e-06    -1.022777e-06    -1.023244e-06    -6.10673e-07    -2.035437e-07    1.360374e-06    2.001764e-06    1.686116e-06    5.904205e-07    8.1742e-07    -3.160535e-06    7.145767e-07    -1.675638e-06    1.318822e-07    -1.809166e-07    -2.021415e-07    -2.90066e-06    5.072097e-07    4.095309e-06    6.649611e-07    9.651982e-08
-2.434716e-06    7.08502e-07    -1.194971e-06    -4.346786e-06    3.669039e-06    -2.280259e-06    -3.172225e-06    -2.654677e-06    -6.27527e-07    3.554071e-06    -1.309359e-06    -3.294223e-06    -2.799156e-06    -2.615824e-06    4.599261e-06    1.686116e-06    8.997597e-06    7.171972e-06    -6.955095e-07    -9.452042e-06    1.620459e-06    -3.606714e-06    -1.190895e-06    -1.165207e-06    -4.706325e-08    -1.094698e-05    5.353019e-07    1.203739e-05    2.442999e-06    -1.217258e-06
-2.295351e-06    1.421406e-06    -4.967827e-09    -4.339703e-06    2.579244e-06    -1.83779e-06    -2.556465e-06    -2.013751e-06    -7.461246e-07    3.446629e-06    -9.679009e-07    -2.76842e-06    -2.505689e-06    -2.43933e-06    4.39167e-06    5.904205e-07    7.171972e-06    6.910058e-06    -1.004171e-06    -7.518411e-06    8.175022e-07    -2.311456e-06    -7.007991e-07    -1.318159e-06    6.80493e-08    -9.142511e-06    2.902712e-07    8.747321e-06    1.666242e-06    -2.582853e-08
5.914269e-07    -3.943827e-07    -9.987768e-07    8.908011e-07    4.875582e-07    -1.01283e-06    -1.066557e-07    1.076065e-06    -7.355696e-08    -4.330408e-07    -7.325033e-07    -1.312389e-07    2.031067e-07    5.480804e-07    -9.753739e-08    8.1742e-07    -6.955095e-07    -1.004171e-06    1.524391e-06    -5.479888e-07    3.144599e-07    -4.923352e-07    1.239754e-07    1.037052e-07    -7.034847e-08    9.8803e-07    -3.390177e-07    3.866231e-07    -1.14675e-07    3.476236e-07
2.337016e-06    -1.199777e-06    1.340916e-06    4.82367e-06    -4.188876e-06    4.346801e-06    4.575098e-06    2.313064e-06    9.687616e-07    -4.928073e-06    2.17672e-06    4.848646e-06    3.362577e-06    2.578068e-06    -6.734509e-06    -3.160535e-06    -9.452042e-06    -7.518411e-06    -5.479888e-07    1.26785e-05    -1.397891e-06    4.572963e-06    4.776097e-09    1.645937e-06    3.121645e-07    1.289652e-05    -4.917557e-07    -1.395576e-05    -2.491494e-06    -1.025229e-06
-2.885437e-07    -1.088593e-06    -1.835882e-06    -1.115993e-07    2.022363e-06    2.145659e-07    1.304949e-07    -5.30949e-08    1.35966e-07    -7.662568e-07    -5.258981e-07    1.034724e-07    4.576211e-07    -3.142283e-08    -1.742207e-07    7.145767e-07    1.620459e-06    8.175022e-07    3.144599e-07    -1.397891e-06    1.62064e-06    -1.651653e-06    -1.458043e-06    1.938578e-07    1.489974e-07    -1.475304e-06    9.492139e-07    3.443721e-06    5.613304e-07    -1.502926e-06
-2.231245e-08    9.338849e-07    2.480621e-06    1.749989e-06    -3.384689e-06    1.337031e-06    -7.76563e-08    -4.418867e-07    -2.474453e-07    2.110049e-07    1.401208e-06    2.974059e-07    -3.093367e-07    3.945559e-07    -5.233855e-08    -1.675638e-06    -3.606714e-06    -2.311456e-06    -4.923352e-07    4.572963e-06    -1.651653e-06    4.443923e-06    7.937537e-07    -8.431933e-07    -1.561265e-07    4.191164e-06    -1.080597e-06    -7.488805e-06    -3.176973e-07    1.079228e-06
1.020056e-07    9.382297e-07    1.907953e-06    6.418434e-08    -1.505821e-06    -1.064876e-06    -8.001388e-07    1.320975e-07    -5.529737e-07    1.388572e-06    1.287707e-07    -5.143986e-07    -7.004566e-07    1.199803e-08    1.23835e-06    1.318822e-07    -1.190895e-06    -7.007991e-07    1.239754e-07    4.776097e-09    -1.458043e-06    7.937537e-07    2.179687e-06    -5.967358e-07    -3.02069e-07    2.182158e-08    -6.786923e-07    -1.719542e-06    -4.649942e-07    2.008624e-06
1.543314e-06    -1.04828e-06    -1.051265e-06    8.313036e-07    -2.091527e-07    1.064139e-06    1.900346e-06    7.898849e-07    7.056737e-07    -1.540414e-06    -1.973571e-07    1.490858e-06    1.0106e-06    4.902089e-07    -2.59858e-06    -1.809166e-07    -1.165207e-06    -1.318159e-06    1.037052e-07    1.645937e-06    1.938578e-07    -8.431933e-07    -5.967358e-07    2.027902e-06    8.231542e-08    3.481402e-06    1.183993e-07    -2.128603e-06    -7.204075e-07    -2.152221e-07
6.2891e-09    -5.087263e-08    -2.631963e-07    -1.097044e-07    2.880214e-07    9.549228e-08    3.644998e-07    3.097624e-07    1.045813e-07    -4.011475e-07    4.571327e-08    2.605233e-07    3.075208e-07    9.404004e-08    -4.804087e-07    -2.021415e-07    -4.706325e-08    6.80493e-08    -7.034847e-08    3.121645e-07    1.489974e-07    -1.561265e-07    -3.02069e-07    8.231542e-08    1.394023e-07    9.756733e-08    9.613616e-08    2.545512e-07    -1.678845e-07    -4.339659e-07
5.123071e-06    -1.741355e-06    -1.011666e-06    6.265711e-06    -4.690676e-06    4.614136e-06    4.4457e-06    3.174428e-06    3.101244e-06    -6.993628e-06    1.337477e-06    4.450525e-06    3.582015e-06    3.839554e-06    -8.034128e-06    -2.90066e-06    -1.094698e-05    -9.142511e-06    9.8803e-07    1.289652e-05    -1.475304e-06    4.191164e-06    2.182158e-08    3.481402e-06    9.756733e-08    1.954222e-05    -1.737348e-06    -1.898621e-05    -3.820782e-06    9.159736e-07
-4.513164e-07    -8.364708e-07    -4.814066e-07    -1.370346e-07    1.027215e-06    1.772943e-07    5.879131e-07    -5.899562e-07    -7.0826e-07    5.809647e-07    2.461026e-07    1.265292e-07    8.486555e-07    -2.615426e-07    2.637304e-07    5.072097e-07    5.353019e-07    2.902712e-07    -3.390177e-07    -4.917557e-07    9.492139e-07    -1.080597e-06    -6.786923e-07    1.183993e-07    9.613616e-08    -1.737348e-06    2.328116e-06    2.061881e-06    -2.440185e-07    -3.453083e-07
-4.301712e-06    6.02513e-08    -2.760778e-06    -5.913175e-06    7.877372e-06    -5.010037e-06    -3.074392e-06    -1.57907e-06    -2.363347e-06    4.347433e-06    -2.719546e-06    -3.545291e-06    -2.055759e-06    -3.048312e-06    5.461229e-06    4.095309e-06    1.203739e-05    8.747321e-06    3.866231e-07    -1.395576e-05    3.443721e-06    -7.488805e-06    -1.719542e-06    -2.128603e-06    2.545512e-07    -1.898621e-05    2.061881e-06    2.370788e-05    3.645123e-06    -4.239654e-06
-1.524482e-06    1.595058e-07    2.37015e-08    -8.395664e-07    9.482913e-07    3.287358e-07    -1.527171e-06    -1.914988e-06    -2.127256e-07    5.782868e-07    -2.487836e-07    -7.42362e-07    -8.937032e-07    -1.160804e-06    1.39532e-06    6.649611e-07    2.442999e-06    1.666242e-06    -1.14675e-07    -2.491494e-06    5.613304e-07    -3.176973e-07    -4.649942e-07    -7.204075e-07    -1.678845e-07    -3.820782e-06    -2.440185e-07    3.645123e-06    3.125698e-06    -1.676828e-06
1.713123e-06    9.200178e-07    1.491257e-06    -1.04868e-07    -2.264922e-06    -1.359102e-06    -9.196018e-07    6.134595e-09    -2.620228e-08    2.25476e-06    -1.36644e-07    -1.259581e-06    -1.324167e-06    -1.478446e-07    2.639451e-06    9.651982e-08    -1.217258e-06    -2.582853e-08    3.476236e-07    -1.025229e-06    -1.502926e-06    1.079228e-06    2.008624e-06    -2.152221e-07    -4.339659e-07    9.159736e-07    -3.453083e-07    -4.239654e-06    -1.676828e-06    6.966204e-06
