1.396117e-06    -2.673813e-07    -7.756888e-07    1.99134e-07    2.714163e-10    1.086121e-08    -2.92151e-08    -2.211039e-08    -1.258182e-08    8.19439e-08    1.53088e-07    -1.302994e-07    -1.953443e-07    7.270868e-08    4.374619e-08    1.020919e-07    -7.12819e-08    -3.122575e-08    7.757929e-08    -1.871193e-08    1.270326e-07    -1.061022e-07    -1.201355e-07    9.627431e-08    1.302544e-08
-2.673813e-07    1.364518e-06    -7.825551e-08    -9.580399e-07    2.871904e-07    -2.010049e-08    -2.966636e-09    -1.935971e-08    2.206624e-08    2.090312e-08    -1.997535e-07    -2.538861e-08    4.504965e-08    -1.144644e-07    1.34701e-07    -4.634551e-08    -1.002601e-07    -8.166254e-08    -5.953874e-08    1.103471e-07    -1.539356e-07    -3.089591e-08    -8.781484e-09    -1.009739e-07    1.416149e-07
-7.756888e-07    -7.825551e-08    1.46125e-06    1.298563e-07    -7.32563e-07    -2.081398e-08    -2.163161e-08    2.65412e-08    4.868153e-08    -4.059918e-08    -1.544203e-07    -9.974765e-08    -1.813304e-09    -4.181607e-08    1.320928e-07    7.077003e-08    -1.807203e-07    -2.250506e-07    3.067616e-08    1.170805e-07    -4.542949e-08    -1.513779e-07    -1.166934e-07    -1.893307e-08    1.566049e-07
1.99134e-07    -9.580399e-07    1.298563e-07    1.565009e-06    -8.046493e-07    3.255793e-08    -6.143481e-09    -1.388681e-09    -2.241273e-08    -1.953944e-08    1.97318e-07    -1.884077e-07    -1.903256e-07    1.304503e-07    1.651973e-08    1.959617e-07    -9.341293e-08    -1.39947e-07    1.321098e-07    -2.200699e-08    2.295068e-07    -1.946208e-07    -2.064257e-07    1.915212e-07    6.275442e-09
2.714163e-10    2.871904e-07    -7.32563e-07    -8.046493e-07    1.422658e-06    1.191062e-08    3.982286e-08    1.511599e-08    -4.054587e-08    -7.181326e-08    4.351134e-08    3.175379e-07    1.626552e-07    -9.532236e-08    -1.794324e-07    -2.109593e-07    2.544076e-07    3.053736e-07    -1.229747e-07    -1.050853e-07    -1.320381e-07    3.144941e-07    2.866822e-07    -1.119509e-07    -1.752603e-07
1.086121e-08    -2.010049e-08    -2.081398e-08    3.255793e-08    1.191062e-08    1.384648e-06    -3.114386e-07    -7.431074e-07    2.056233e-07    -1.353625e-09    5.458933e-08    -5.181725e-09    -4.886605e-08    -7.153327e-09    4.536329e-09    9.571119e-08    -5.521538e-08    -1.076676e-07    9.52197e-08    3.003924e-08    1.269221e-07    -1.137721e-07    -1.201187e-07    9.769134e-08    1.815033e-08
-2.92151e-08    -2.966636e-09    -2.163161e-08    -6.143481e-09    3.982286e-08    -3.114386e-07    1.383074e-06    -4.187749e-08    -9.751589e-07    2.859316e-07    -1.927072e-09    1.154901e-08    1.430302e-08    2.654733e-09    -1.458379e-08    -3.546256e-08    -9.443926e-08    -5.723373e-08    -6.974779e-08    8.094162e-08    -1.115789e-07    -8.569451e-09    -4.753572e-08    -1.42582e-07    1.641829e-07
-2.211039e-08    -1.935971e-08    2.65412e-08    -1.388681e-09    1.511599e-08    -7.431074e-07    -4.187749e-08    1.46743e-06    1.340621e-07    -7.675104e-07    -2.624801e-10    2.689783e-08    9.4622e-09    -3.116455e-08    -1.072495e-08    6.023236e-08    -1.898918e-07    -1.875982e-07    2.327311e-08    9.522359e-08    -6.831859e-08    -1.552635e-07    -1.098348e-07    -9.360706e-09    1.410793e-07
-1.258182e-08    2.206624e-08    4.868153e-08    -2.241273e-08    -4.054587e-08    2.056233e-07    -9.751589e-07    1.340621e-07    1.556799e-06    -7.876328e-07    7.02025e-09    1.839574e-09    -1.442022e-08    -2.158277e-08    2.774381e-08    1.967883e-07    -9.683937e-08    -1.826644e-07    1.495264e-07    -1.705388e-08    1.866673e-07    -2.200276e-07    -1.588802e-07    2.163048e-07    -3.222068e-08
8.19439e-08    2.090312e-08    -4.059918e-08    -1.953944e-08    -7.181326e-08    -1.353625e-09    2.859316e-07    -7.675104e-07    -7.876328e-07    1.441199e-06    -4.368666e-08    -6.614955e-08    8.972018e-09    5.998151e-08    4.460969e-08    -2.096286e-07    2.923179e-07    3.462011e-07    -1.616953e-07    -1.071405e-07    -1.148106e-07    3.041967e-07    2.907203e-07    -1.204728e-07    -1.607352e-07
1.53088e-07    -1.997535e-07    -1.544203e-07    1.97318e-07    4.351134e-08    5.458933e-08    -1.927072e-09    -2.624801e-10    7.02025e-09    -4.368666e-08    1.503816e-06    -3.236597e-08    -1.010917e-06    -1.083135e-07    2.548686e-08    1.044638e-07    -7.889156e-08    -9.614878e-08    9.790002e-08    3.829135e-09    1.21136e-07    -5.64638e-08    -4.699607e-08    8.830706e-08    -4.718064e-08
-1.302994e-07    -2.538861e-08    -9.974765e-08    -1.884077e-07    3.175379e-07    -5.181725e-09    1.154901e-08    2.689783e-08    1.839574e-09    -6.614955e-08    -3.236597e-08    1.440415e-06    -5.792624e-08    -8.496947e-07    1.39388e-07    4.042179e-08    -1.651778e-07    -1.639927e-07    3.189795e-08    1.049586e-07    -7.026768e-08    1.714951e-07    1.524985e-07    -8.007269e-08    -8.112198e-08
-1.953443e-07    4.504965e-08    -1.813304e-09    -1.903256e-07    1.626552e-07    -4.886605e-08    1.430302e-08    9.4622e-09    -1.442022e-08    8.972018e-09    -1.010917e-06    -5.792624e-08    1.476971e-06    3.995668e-08    -4.829537e-07    -3.526357e-09    -8.662925e-08    -8.639544e-08    -3.807301e-09    6.144361e-08    -1.004177e-07    1.535781e-07    1.30421e-07    -9.532508e-08    -3.440805e-08
7.270868e-08    -1.144644e-07    -4.181607e-08    1.304503e-07    -9.532236e-08    -7.153327e-09    2.654733e-09    -3.116455e-08    -2.158277e-08    5.998151e-08    -1.083135e-07    -8.496947e-07    3.995668e-08    1.484074e-06    -5.214013e-07    1.283201e-07    -3.619039e-08    -7.626111e-08    5.92448e-08    -3.602214e-08    6.074145e-08    -1.498839e-08    -2.529131e-08    4.322934e-08    -2.849016e-08
4.374619e-08    1.34701e-07    1.320928e-07    1.651973e-08    -1.794324e-07    4.536329e-09    -1.458379e-08    -1.072495e-08    2.774381e-08    4.460969e-08    2.548686e-08    1.39388e-07    -4.829537e-07    -5.214013e-07    1.276237e-06    -7.828469e-08    1.346451e-07    1.665235e-07    -6.429043e-08    -7.071187e-08    -9.734586e-09    -1.05707e-07    -8.82725e-08    1.874365e-08    9.121914e-08
1.020919e-07    -4.634551e-08    7.077003e-08    1.959617e-07    -2.109593e-07    9.571119e-08    -3.546256e-08    6.023236e-08    1.967883e-07    -2.096286e-07    1.044638e-07    4.042179e-08    -3.526357e-09    1.283201e-07    -7.828469e-08    1.367607e-06    -3.399759e-07    -6.355789e-07    1.187194e-07    -1.167139e-07    3.354334e-08    -1.380677e-07    -1.307825e-07    9.544439e-09    1.301588e-07
-7.12819e-08    -1.002601e-07    -1.807203e-07    -9.341293e-08    2.544076e-07    -5.521538e-08    -9.443926e-08    -1.898918e-07    -9.683937e-08    2.923179e-07    -7.889156e-08    -1.651778e-07    -8.662925e-08    -3.619039e-08    1.346451e-07    -3.399759e-07    1.754976e-06    8.989151e-08    -7.144456e-07    -6.704824e-08    -2.002054e-08    1.527271e-08    2.191349e-08    1.204611e-08    -1.715279e-08
-3.122575e-08    -8.166254e-08    -2.250506e-07    -1.39947e-07    3.053736e-07    -1.076676e-07    -5.723373e-08    -1.875982e-07    -1.826644e-07    3.462011e-07    -9.614878e-08    -1.639927e-07    -8.639544e-08    -7.626111e-08    1.665235e-07    -6.355789e-07    8.989151e-08    1.706385e-06    -2.692439e-07    -7.773005e-07    -3.13789e-08    1.160704e-07    8.097663e-08    -1.872486e-08    -7.882596e-08
7.757929e-08    -5.953874e-08    3.067616e-08    1.321098e-07    -1.229747e-07    9.52197e-08    -6.974779e-08    2.327311e-08    1.495264e-07    -1.616953e-07    9.790002e-08    3.189795e-08    -3.807301e-09    5.92448e-08    -6.429043e-08    1.187194e-07    -7.144456e-07    -2.692439e-07    1.419714e-06    -4.286468e-07    1.382536e-08    -1.144419e-07    -1.043101e-07    1.362816e-08    9.282015e-08
-1.871193e-08    1.103471e-07    1.170805e-07    -2.200699e-08    -1.050853e-07    3.003924e-08    8.094162e-08    9.522359e-08    -1.705388e-08    -1.071405e-07    3.829135e-09    1.049586e-07    6.144361e-08    -3.602214e-08    -7.071187e-08    -1.167139e-07    -6.704824e-08    -7.773005e-07    -4.286468e-07    1.454712e-06    2.281338e-08    2.956983e-08    2.129257e-08    1.900171e-08    -4.046157e-08
1.270326e-07    -1.539356e-07    -4.542949e-08    2.295068e-07    -1.320381e-07    1.269221e-07    -1.115789e-07    -6.831859e-08    1.866673e-07    -1.148106e-07    1.21136e-07    -7.026768e-08    -1.004177e-07    6.074145e-08    -9.734586e-09    3.354334e-08    -2.002054e-08    -3.13789e-08    1.382536e-08    2.281338e-08    1.524268e-06    4.071538e-08    -9.663342e-07    1.71821e-08    -4.28011e-08
-1.061022e-07    -3.089591e-08    -1.513779e-07    -1.946208e-07    3.144941e-07    -1.137721e-07    -8.569451e-09    -1.552635e-07    -2.200276e-07    3.041967e-07    -5.64638e-08    1.714951e-07    1.535781e-07    -1.498839e-08    -1.05707e-07    -1.380677e-07    1.527271e-08    1.160704e-07    -1.144419e-07    2.956983e-08    4.071538e-08    1.535696e-06    -4.457601e-09    -9.856275e-07    1.236277e-07
-1.201355e-07    -8.781484e-09    -1.166934e-07    -2.064257e-07    2.866822e-07    -1.201187e-07    -4.753572e-08    -1.098348e-07    -1.588802e-07    2.907203e-07    -4.699607e-08    1.524985e-07    1.30421e-07    -2.529131e-08    -8.82725e-08    -1.307825e-07    2.191349e-08    8.097663e-08    -1.043101e-07    2.129257e-08    -9.663342e-07    -4.457601e-09    1.49287e-06    2.70754e-08    -6.639486e-07
9.627431e-08    -1.009739e-07    -1.893307e-08    1.915212e-07    -1.119509e-07    9.769134e-08    -1.42582e-07    -9.360706e-09    2.163048e-07    -1.204728e-07    8.830706e-08    -8.007269e-08    -9.532508e-08    4.322934e-08    1.874365e-08    9.544439e-09    1.204611e-08    -1.872486e-08    1.362816e-08    1.900171e-08    1.71821e-08    -9.856275e-07    2.70754e-08    1.505614e-06    -5.797934e-07
1.302544e-08    1.416149e-07    1.566049e-07    6.275442e-09    -1.752603e-07    1.815033e-08    1.641829e-07    1.410793e-07    -3.222068e-08    -1.607352e-07    -4.718064e-08    -8.112198e-08    -3.440805e-08    -2.849016e-08    9.121914e-08    1.301588e-07    -1.715279e-08    -7.882596e-08    9.282015e-08    -4.046157e-08    -4.28011e-08    1.236277e-07    -6.639486e-07    -5.797934e-07    1.400004e-06
