1.396117e-06    -2.673813e-07    -7.756888e-07    1.99134e-07    2.714163e-10    1.086121e-08    -2.92151e-08    -2.211039e-08    -1.258182e-08    8.19439e-08    -3.369996e-08    2.492124e-08    4.296297e-08    2.002531e-08    -5.129545e-08
-2.673813e-07    1.364518e-06    -7.825551e-08    -9.580399e-07    2.871904e-07    -2.010049e-08    -2.966636e-09    -1.935971e-08    2.206624e-08    2.090312e-08    1.568539e-08    8.079944e-09    4.683226e-10    3.479599e-09    1.618123e-09
-7.756888e-07    -7.825551e-08    1.46125e-06    1.298563e-07    -7.32563e-07    -2.081398e-08    -2.163161e-08    2.65412e-08    4.868153e-08    -4.059918e-08    3.61976e-08    -1.869091e-09    -3.404901e-08    -2.16732e-08    4.28895e-08
1.99134e-07    -9.580399e-07    1.298563e-07    1.565009e-06    -8.046493e-07    3.255793e-08    -6.143481e-09    -1.388681e-09    -2.241273e-08    -1.953944e-08    -1.80011e-08    -8.280084e-09    1.311805e-09    -4.068911e-09    -6.510973e-09
2.714163e-10    2.871904e-07    -7.32563e-07    -8.046493e-07    1.422658e-06    1.191062e-08    3.982286e-08    1.511599e-08    -4.054587e-08    -7.181326e-08    -7.522217e-09    -2.520678e-08    -8.691209e-09    5.16745e-09    7.697264e-09
1.086121e-08    -2.010049e-08    -2.081398e-08    3.255793e-08    1.191062e-08    1.384648e-06    -3.114386e-07    -7.431074e-07    2.056233e-07    -1.353625e-09    1.321526e-07    -1.46543e-07    -1.851197e-07    8.592068e-08    5.998331e-08
-2.92151e-08    -2.966636e-09    -2.163161e-08    -6.143481e-09    3.982286e-08    -3.114386e-07    1.383074e-06    -4.187749e-08    -9.751589e-07    2.859316e-07    -2.03148e-07    4.629004e-08    4.844078e-08    -2.249073e-07    1.771335e-07
-2.211039e-08    -1.935971e-08    2.65412e-08    -1.388681e-09    1.511599e-08    -7.431074e-07    -4.187749e-08    1.46743e-06    1.340621e-07    -7.675104e-07    -1.856368e-07    -1.110801e-07    -8.266567e-08    -1.103923e-07    2.397722e-07
-1.258182e-08    2.206624e-08    4.868153e-08    -2.241273e-08    -4.054587e-08    2.056233e-07    -9.751589e-07    1.340621e-07    1.556799e-06    -7.876328e-07    1.724393e-07    -2.840212e-07    -2.442532e-07    2.356956e-07    4.107015e-08
8.19439e-08    2.090312e-08    -4.059918e-08    -1.953944e-08    -7.181326e-08    -1.353625e-09    2.859316e-07    -7.675104e-07    -7.876328e-07    1.441199e-06    -1.181452e-08    3.523621e-07    3.326949e-07    -5.99822e-08    -3.001119e-07
-3.369996e-08    1.568539e-08    3.61976e-08    -1.80011e-08    -7.522217e-09    1.321526e-07    -2.03148e-07    -1.856368e-07    1.724393e-07    -1.181452e-08    1.494597e-06    -1.049596e-08    -8.186644e-07    -1.86224e-07    -2.001404e-08
2.492124e-08    8.079944e-09    -1.869091e-09    -8.280084e-09    -2.520678e-08    -1.46543e-07    4.629004e-08    -1.110801e-07    -2.840212e-07    3.523621e-07    -1.049596e-08    1.411913e-06    -9.452864e-08    -8.109401e-07    5.829558e-08
4.296297e-08    4.683226e-10    -3.404901e-08    1.311805e-09    -8.691209e-09    -1.851197e-07    4.844078e-08    -8.266567e-08    -2.442532e-07    3.326949e-07    -8.186644e-07    -9.452864e-08    1.406109e-06    -3.27649e-08    -5.292035e-07
2.002531e-08    3.479599e-09    -2.16732e-08    -4.068911e-09    5.16745e-09    8.592068e-08    -2.249073e-07    -1.103923e-07    2.356956e-07    -5.99822e-08    -1.86224e-07    -8.109401e-07    -3.27649e-08    1.473983e-06    -4.513986e-07
-5.129545e-08    1.618123e-09    4.28895e-08    -6.510973e-09    7.697264e-09    5.998331e-08    1.771335e-07    2.397722e-07    4.107015e-08    -3.001119e-07    -2.001404e-08    5.829558e-08    -5.292035e-07    -4.513986e-07    1.397723e-06
