1.396117e-06    -2.673813e-07    -7.756888e-07    1.99134e-07    2.714163e-10    2.367829e-08    -9.551272e-09    -1.855424e-09    -2.226147e-09    2.404529e-08
-2.673813e-07    1.364518e-06    -7.825551e-08    -9.580399e-07    2.871904e-07    -3.444841e-09    -2.315663e-08    3.004596e-08    -6.834819e-09    2.534834e-09
-7.756888e-07    -7.825551e-08    1.46125e-06    1.298563e-07    -7.32563e-07    -3.237629e-08    2.704926e-09    1.136012e-08    2.742686e-08    -2.529648e-08
1.99134e-07    -9.580399e-07    1.298563e-07    1.565009e-06    -8.046493e-07    -2.942852e-09    4.219389e-09    1.520939e-09    2.828797e-08    -2.40156e-08
2.714163e-10    2.871904e-07    -7.32563e-07    -8.046493e-07    1.422658e-06    3.402326e-08    4.561046e-09    -3.190694e-08    -3.25813e-08    3.704007e-08
2.367829e-08    -3.444841e-09    -3.237629e-08    -2.942852e-09    3.402326e-08    1.500574e-06    4.060326e-09    -8.85666e-07    -1.309846e-07    -8.964745e-09
-9.551272e-09    -2.315663e-08    2.704926e-09    4.219389e-09    4.561046e-09    4.060326e-09    1.464712e-06    -7.617568e-08    -9.30747e-07    1.01137e-07
-1.855424e-09    3.004596e-08    1.136012e-08    1.520939e-09    -3.190694e-08    -8.85666e-07    -7.617568e-08    1.446102e-06    -1.553817e-08    -5.505019e-07
-2.226147e-09    -6.834819e-09    2.742686e-08    2.828797e-08    -3.25813e-08    -1.309846e-07    -9.30747e-07    -1.553817e-08    1.496615e-06    -4.839208e-07
2.404529e-08    2.534834e-09    -2.529648e-08    -2.40156e-08    3.704007e-08    -8.964745e-09    1.01137e-07    -5.505019e-07    -4.839208e-07    1.388061e-06
