1.396117e-06    -2.673813e-07    -7.756888e-07    1.99134e-07    2.714163e-10    1.086121e-08    -2.92151e-08    -2.211039e-08    -1.258182e-08    8.19439e-08    7.387261e-08    8.600142e-09    -4.126658e-08    -4.364032e-08    -2.244174e-08    1.179776e-07    -1.613273e-07    -1.463332e-07    9.6996e-08    6.102661e-08    1.020919e-07    -7.12819e-08    -3.122575e-08    7.757929e-08    -1.871193e-08    1.270326e-07    -1.061022e-07    -1.201355e-07    9.627431e-08    1.302544e-08    -3.661439e-08    1.43629e-08    1.437355e-08    -3.959511e-09    3.266623e-08
-2.673813e-07    1.364518e-06    -7.825551e-08    -9.580399e-07    2.871904e-07    -2.010049e-08    -2.966636e-09    -1.935971e-08    2.206624e-08    2.090312e-08    4.112755e-11    -2.731494e-09    7.309007e-09    -9.920706e-09    -6.579456e-09    -2.099392e-07    3.136907e-08    4.999654e-08    -2.169716e-07    1.695643e-07    -4.634551e-08    -1.002601e-07    -8.166254e-08    -5.953874e-08    1.103471e-07    -1.539356e-07    -3.089591e-08    -8.781484e-09    -1.009739e-07    1.416149e-07    -2.744842e-08    -2.134258e-08    2.443876e-08    -2.095012e-09    -4.259233e-09
-7.756888e-07    -7.825551e-08    1.46125e-06    1.298563e-07    -7.32563e-07    -2.081398e-08    -2.163161e-08    2.65412e-08    4.868153e-08    -4.059918e-08    -8.757662e-09    1.408007e-08    6.48329e-09    2.118271e-10    2.492161e-08    -1.243025e-07    -7.984305e-08    -1.276767e-07    -1.24792e-07    2.115468e-07    7.077003e-08    -1.807203e-07    -2.250506e-07    3.067616e-08    1.170805e-07    -4.542949e-08    -1.513779e-07    -1.166934e-07    -1.893307e-08    1.566049e-07    1.851157e-08    1.726128e-09    -2.053739e-08    -1.105805e-08    7.673857e-09
1.99134e-07    -9.580399e-07    1.298563e-07    1.565009e-06    -8.046493e-07    3.255793e-08    -6.143481e-09    -1.388681e-09    -2.241273e-08    -1.953944e-08    1.887165e-08    2.238994e-08    -1.545899e-08    6.316715e-09    1.42434e-08    2.035114e-07    -2.3338e-07    -2.753985e-07    2.001718e-07    5.147374e-08    1.959617e-07    -9.341293e-08    -1.39947e-07    1.321098e-07    -2.200699e-08    2.295068e-07    -1.946208e-07    -2.064257e-07    1.915212e-07    6.275442e-09    3.313776e-08    1.427043e-08    -2.016644e-08    -2.18012e-08    -7.303425e-09
2.714163e-10    2.871904e-07    -7.32563e-07    -8.046493e-07    1.422658e-06    1.191062e-08    3.982286e-08    1.511599e-08    -4.054587e-08    -7.181326e-08    -5.065349e-08    -4.482455e-08    2.785475e-08    4.68241e-08    7.992714e-09    -3.526586e-08    3.039741e-07    3.391984e-07    -3.915449e-08    -2.780645e-07    -2.109593e-07    2.544076e-07    3.053736e-07    -1.229747e-07    -1.050853e-07    -1.320381e-07    3.144941e-07    2.866822e-07    -1.119509e-07    -1.752603e-07    8.406216e-10    -1.940302e-08    1.444493e-08    2.115926e-08    -5.467788e-08
1.086121e-08    -2.010049e-08    -2.081398e-08    3.255793e-08    1.191062e-08    1.384648e-06    -3.114386e-07    -7.431074e-07    2.056233e-07    -1.353625e-09    1.562692e-07    -1.472609e-07    -1.710487e-07    9.201876e-08    2.983259e-08    7.885484e-09    1.537934e-08    9.623505e-11    -6.390726e-09    1.879485e-09    9.571119e-08    -5.521538e-08    -1.076676e-07    9.52197e-08    3.003924e-08    1.269221e-07    -1.137721e-07    -1.201187e-07    9.769134e-08    1.815033e-08    1.066592e-08    -1.114546e-08    3.14549e-09    -1.32453e-09    1.870443e-08
-2.92151e-08    -2.966636e-09    -2.163161e-08    -6.143481e-09    3.982286e-08    -3.114386e-07    1.383074e-06    -4.187749e-08    -9.751589e-07    2.859316e-07    -2.297264e-07    -5.058601e-08    5.791726e-08    -6.669195e-08    1.321616e-07    2.22133e-09    2.413505e-08    1.553822e-08    -1.677964e-08    -7.988787e-09    -3.546256e-08    -9.443926e-08    -5.723373e-08    -6.974779e-08    8.094162e-08    -1.115789e-07    -8.569451e-09    -4.753572e-08    -1.42582e-07    1.641829e-07    -3.127937e-08    9.187312e-09    1.079276e-09    -1.205038e-08    1.876552e-08
-2.211039e-08    -1.935971e-08    2.65412e-08    -1.388681e-09    1.511599e-08    -7.431074e-07    -4.187749e-08    1.46743e-06    1.340621e-07    -7.675104e-07    -1.344854e-07    -8.585061e-08    -3.482152e-08    -9.376988e-08    1.614027e-07    -1.684957e-08    -8.428089e-10    1.794637e-08    2.773518e-09    1.943792e-09    6.023236e-08    -1.898918e-07    -1.875982e-07    2.327311e-08    9.522359e-08    -6.831859e-08    -1.552635e-07    -1.098348e-07    -9.360706e-09    1.410793e-07    -1.312576e-08    -4.762811e-09    -4.339508e-09    -5.935184e-09    -1.192676e-09
-1.258182e-08    2.206624e-08    4.868153e-08    -2.241273e-08    -4.054587e-08    2.056233e-07    -9.751589e-07    1.340621e-07    1.556799e-06    -7.876328e-07    2.094451e-07    -1.671153e-07    -2.013321e-07    1.204078e-07    1.846568e-08    -1.365199e-08    -9.791956e-09    -1.636656e-08    1.092186e-08    1.364886e-08    1.967883e-07    -9.683937e-08    -1.826644e-07    1.495264e-07    -1.705388e-08    1.866673e-07    -2.200276e-07    -1.588802e-07    2.163048e-07    -3.222068e-08    5.899477e-08    8.581844e-09    -2.388439e-08    -2.068128e-08    4.742455e-09
8.19439e-08    2.090312e-08    -4.059918e-08    -1.953944e-08    -7.181326e-08    -1.353625e-09    2.859316e-07    -7.675104e-07    -7.876328e-07    1.441199e-06    1.436637e-08    2.880985e-07    1.745638e-07    -5.78376e-08    -1.926993e-07    4.860784e-09    -1.855664e-08    -1.216213e-08    2.960069e-08    -1.481714e-08    -2.096286e-07    2.923179e-07    3.462011e-07    -1.616953e-07    -1.071405e-07    -1.148106e-07    3.041967e-07    2.907203e-07    -1.204728e-07    -1.607352e-07    -9.901857e-09    1.117367e-08    1.186954e-08    2.277391e-08    -5.854561e-08
7.387261e-08    4.112755e-11    -8.757662e-09    1.887165e-08    -5.065349e-08    1.562692e-07    -2.297264e-07    -1.344854e-07    2.094451e-07    1.436637e-08    1.508915e-06    -4.163723e-09    -1.015196e-06    -1.498986e-07    3.214666e-08    1.603045e-08    -1.525457e-08    -3.067772e-08    -3.943642e-08    3.924294e-08    1.047716e-07    -7.434073e-08    -1.109636e-07    1.351353e-07    -6.761026e-09    1.261526e-07    -5.798323e-08    -3.156883e-08    1.031936e-07    -8.213376e-08    1.942593e-08    2.655474e-08    3.022077e-08    -2.884129e-08    -5.277413e-09
8.600142e-09    -2.731494e-09    1.408007e-08    2.238994e-08    -4.482455e-08    -1.472609e-07    -5.058601e-08    -8.585061e-08    -1.671153e-07    2.880985e-07    -4.163723e-09    1.44204e-06    -7.630112e-08    -8.281394e-07    1.405873e-07    -7.334262e-09    -1.50384e-08    -3.951477e-08    -3.842248e-09    2.941411e-08    3.70287e-08    -1.560233e-07    -1.400268e-07    9.137394e-09    7.568279e-08    -5.650731e-08    1.468537e-07    1.859831e-07    -5.592217e-08    -1.076076e-07    1.104645e-08    2.45579e-08    -9.37384e-09    -7.657497e-09    4.711365e-08
-4.126658e-08    7.309007e-09    6.48329e-09    -1.545899e-08    2.785475e-08    -1.710487e-07    5.791726e-08    -3.482152e-08    -2.013321e-07    1.745638e-07    -1.015196e-06    -7.630112e-08    1.461503e-06    4.31616e-08    -4.556048e-07    5.769305e-09    7.780136e-09    -3.390601e-09    3.699819e-08    -2.359319e-08    1.731832e-08    -6.314284e-08    -7.767734e-08    -6.747967e-08    5.808337e-08    -1.129283e-07    1.573371e-07    1.332859e-07    -8.71584e-08    -3.147593e-08    -1.70495e-08    -1.5434e-08    -4.471698e-08    2.87007e-08    5.471769e-08
-4.364032e-08    -9.920706e-09    2.118271e-10    6.316715e-09    4.68241e-08    9.201876e-08    -6.669195e-08    -9.376988e-08    1.204078e-07    -5.78376e-08    -1.498986e-07    -8.281394e-07    4.31616e-08    1.479273e-06    -5.360425e-07    -1.135637e-08    2.091897e-08    1.900005e-08    -1.410155e-09    -1.001183e-08    1.134837e-07    -4.40926e-08    -9.877779e-08    6.457036e-08    1.968412e-08    5.803387e-08    1.326224e-09    -5.427165e-08    2.163671e-08    -7.188328e-09    -4.753665e-08    -5.2471e-08    2.171708e-08    2.715318e-08    -1.532583e-08
-2.244174e-08    -6.579456e-09    2.492161e-08    1.42434e-08    7.992714e-09    2.983259e-08    1.321616e-07    1.614027e-07    1.846568e-08    -1.926993e-07    3.214666e-08    1.405873e-07    -4.556048e-07    -5.360425e-07    1.271812e-06    -6.761801e-09    -1.563745e-09    1.225229e-08    -2.779022e-09    -1.54274e-08    -8.888192e-08    1.039984e-07    1.605465e-07    -2.541632e-08    -8.043468e-08    1.019502e-08    -1.162623e-07    -1.031634e-07    1.503526e-08    8.944015e-08    4.012246e-08    3.078189e-08    4.455753e-09    -1.772626e-08    -3.11537e-08
1.179776e-07    -2.099392e-07    -1.243025e-07    2.035114e-07    -3.526586e-08    7.885484e-09    2.22133e-09    -1.684957e-08    -1.365199e-08    4.860784e-09    1.603045e-08    -7.334262e-09    5.769305e-09    -1.135637e-08    -6.761801e-09    1.472261e-06    -2.771836e-08    -8.060405e-07    -1.670963e-07    5.869345e-09    2.277149e-07    2.463567e-08    -7.274089e-08    2.284364e-07    -1.6379e-07    3.804995e-08    -3.187122e-08    -1.980044e-08    5.441729e-08    -3.939509e-08    5.38331e-09    -8.709701e-09    1.398522e-08    1.868683e-08    -1.937205e-09
-1.613273e-07    3.136907e-08    -7.984305e-08    -2.3338e-07    3.039741e-07    1.537934e-08    2.413505e-08    -8.428089e-10    -9.791956e-09    -1.855664e-08    -1.525457e-08    -1.50384e-08    7.780136e-09    2.091897e-08    -1.563745e-09    -2.771836e-08    1.40532e-06    -1.165064e-07    -8.28338e-07    8.458467e-08    -3.851125e-07    3.184623e-07    4.195932e-07    -3.112969e-07    -4.237352e-08    -6.70733e-08    5.988851e-08    9.18005e-08    -4.516917e-08    -6.176875e-08    3.845761e-08    1.633907e-08    -2.81069e-08    -5.048369e-09    -3.22386e-08
-1.463332e-07    4.999654e-08    -1.276767e-07    -2.753985e-07    3.391984e-07    9.623505e-11    1.553822e-08    1.794637e-08    -1.636656e-08    -1.216213e-08    -3.067772e-08    -3.951477e-08    -3.390601e-09    1.900005e-08    1.225229e-08    -8.060405e-07    -1.165064e-07    1.404402e-06    -2.098517e-08    -5.475253e-07    -4.174546e-07    3.553373e-07    4.458711e-07    -3.349608e-07    -1.455987e-08    -4.410051e-08    1.038665e-07    8.432859e-08    -4.808666e-08    -3.032187e-08    -1.159592e-08    2.448687e-08    2.401054e-08    -9.306364e-09    -6.37158e-08
9.6996e-08    -2.169716e-07    -1.24792e-07    2.001718e-07    -3.915449e-08    -6.390726e-09    -1.677964e-08    2.773518e-09    1.092186e-08    2.960069e-08    -3.943642e-08    -3.842248e-09    3.699819e-08    -1.410155e-09    -2.779022e-09    -1.670963e-07    -8.28338e-07    -2.098517e-08    1.487765e-06    -4.545773e-07    2.190603e-07    2.421523e-08    -6.053385e-08    2.340137e-07    -1.634464e-07    5.932099e-08    4.913883e-09    -3.252447e-08    4.411542e-08    -1.071576e-08    1.969572e-09    1.115089e-08    1.728936e-08    -2.61376e-08    -2.947708e-09
6.102661e-08    1.695643e-07    2.115468e-07    5.147374e-08    -2.780645e-07    1.879485e-09    -7.988787e-09    1.943792e-09    1.364886e-08    -1.481714e-08    3.924294e-08    2.941411e-08    -2.359319e-08    -1.001183e-08    -1.54274e-08    5.869345e-09    8.458467e-08    -5.475253e-07    -4.545773e-07    1.395502e-06    1.830015e-07    -3.828083e-07    -3.709494e-07    1.162611e-07    1.867564e-07    7.225795e-09    -8.094066e-08    -5.793387e-08    6.520137e-09    3.105016e-08    1.112842e-08    -1.990192e-08    -1.801221e-08    1.571318e-08    5.590347e-08
1.020919e-07    -4.634551e-08    7.077003e-08    1.959617e-07    -2.109593e-07    9.571119e-08    -3.546256e-08    6.023236e-08    1.967883e-07    -2.096286e-07    1.047716e-07    3.70287e-08    1.731832e-08    1.134837e-07    -8.888192e-08    2.277149e-07    -3.851125e-07    -4.174546e-07    2.190603e-07    1.830015e-07    1.367607e-06    -3.399759e-07    -6.355789e-07    1.187194e-07    -1.167139e-07    3.354334e-08    -1.380677e-07    -1.307825e-07    9.544439e-09    1.301588e-07    -1.963415e-07    -8.052151e-08    1.95242e-07    2.098011e-07    1.816533e-08
-7.12819e-08    -1.002601e-07    -1.807203e-07    -9.341293e-08    2.544076e-07    -5.521538e-08    -9.443926e-08    -1.898918e-07    -9.683937e-08    2.923179e-07    -7.434073e-08    -1.560233e-07    -6.314284e-08    -4.40926e-08    1.039984e-07    2.463567e-08    3.184623e-07    3.553373e-07    2.421523e-08    -3.828083e-07    -3.399759e-07    1.754976e-06    8.989151e-08    -7.144456e-07    -6.704824e-08    -2.002054e-08    1.527271e-08    2.191349e-08    1.204611e-08    -1.715279e-08    1.479177e-08    1.304937e-07    8.973109e-08    1.469665e-08    -1.533507e-08
-3.122575e-08    -8.166254e-08    -2.250506e-07    -1.39947e-07    3.053736e-07    -1.076676e-07    -5.723373e-08    -1.875982e-07    -1.826644e-07    3.462011e-07    -1.109636e-07    -1.400268e-07    -7.767734e-08    -9.877779e-08    1.605465e-07    -7.274089e-08    4.195932e-07    4.458711e-07    -6.053385e-08    -3.709494e-07    -6.355789e-07    8.989151e-08    1.706385e-06    -2.692439e-07    -7.773005e-07    -3.13789e-08    1.160704e-07    8.097663e-08    -1.872486e-08    -7.882596e-08    -4.263684e-09    1.065744e-07    1.532648e-07    3.024236e-08    -2.53752e-07
7.757929e-08    -5.953874e-08    3.067616e-08    1.321098e-07    -1.229747e-07    9.52197e-08    -6.974779e-08    2.327311e-08    1.495264e-07    -1.616953e-07    1.351353e-07    9.137394e-09    -6.747967e-08    6.457036e-08    -2.541632e-08    2.284364e-07    -3.112969e-07    -3.349608e-07    2.340137e-07    1.162611e-07    1.187194e-07    -7.144456e-07    -2.692439e-07    1.419714e-06    -4.286468e-07    1.382536e-08    -1.144419e-07    -1.043101e-07    1.362816e-08    9.282015e-08    2.617208e-07    8.532739e-08    -1.288615e-07    -1.309934e-07    -1.347986e-07
-1.871193e-08    1.103471e-07    1.170805e-07    -2.200699e-08    -1.050853e-07    3.003924e-08    8.094162e-08    9.522359e-08    -1.705388e-08    -1.071405e-07    -6.761026e-09    7.568279e-08    5.808337e-08    1.968412e-08    -8.043468e-08    -1.6379e-07    -4.237352e-08    -1.455987e-08    -1.634464e-07    1.867564e-07    -1.167139e-07    -6.704824e-08    -7.773005e-07    -4.286468e-07    1.454712e-06    2.281338e-08    2.956983e-08    2.129257e-08    1.900171e-08    -4.046157e-08    -4.52932e-08    -1.771403e-07    -1.060272e-07    -3.713331e-08    -4.198397e-08
1.270326e-07    -1.539356e-07    -4.542949e-08    2.295068e-07    -1.320381e-07    1.269221e-07    -1.115789e-07    -6.831859e-08    1.866673e-07    -1.148106e-07    1.261526e-07    -5.650731e-08    -1.129283e-07    5.803387e-08    1.019502e-08    3.804995e-08    -6.70733e-08    -4.410051e-08    5.932099e-08    7.225795e-09    3.354334e-08    -2.002054e-08    -3.13789e-08    1.382536e-08    2.281338e-08    1.524268e-06    4.071538e-08    -9.663342e-07    1.71821e-08    -4.28011e-08    8.55269e-09    7.274478e-08    5.204597e-08    -2.777197e-08    -5.809563e-08
-1.061022e-07    -3.089591e-08    -1.513779e-07    -1.946208e-07    3.144941e-07    -1.137721e-07    -8.569451e-09    -1.552635e-07    -2.200276e-07    3.041967e-07    -5.798323e-08    1.468537e-07    1.573371e-07    1.326224e-09    -1.162623e-07    -3.187122e-08    5.988851e-08    1.038665e-07    4.913883e-09    -8.094066e-08    -1.380677e-07    1.527271e-08    1.160704e-07    -1.144419e-07    2.956983e-08    4.071538e-08    1.535696e-06    -4.457601e-09    -9.856275e-07    1.236277e-07    -1.871038e-08    4.724876e-09    1.418302e-08    3.809099e-08    -2.098206e-08
-1.201355e-07    -8.781484e-09    -1.166934e-07    -2.064257e-07    2.866822e-07    -1.201187e-07    -4.753572e-08    -1.098348e-07    -1.588802e-07    2.907203e-07    -3.156883e-08    1.859831e-07    1.332859e-07    -5.427165e-08    -1.031634e-07    -1.980044e-08    9.18005e-08    8.432859e-08    -3.252447e-08    -5.793387e-08    -1.307825e-07    2.191349e-08    8.097663e-08    -1.043101e-07    2.129257e-08    -9.663342e-07    -4.457601e-09    1.49287e-06    2.70754e-08    -6.639486e-07    1.068608e-08    -7.067842e-09    4.607744e-09    4.752034e-08    -2.365657e-08
9.627431e-08    -1.009739e-07    -1.893307e-08    1.915212e-07    -1.119509e-07    9.769134e-08    -1.42582e-07    -9.360706e-09    2.163048e-07    -1.204728e-07    1.031936e-07    -5.592217e-08    -8.71584e-08    2.163671e-08    1.503526e-08    5.441729e-08    -4.516917e-08    -4.808666e-08    4.411542e-08    6.520137e-09    9.544439e-09    1.204611e-08    -1.872486e-08    1.362816e-08    1.900171e-08    1.71821e-08    -9.856275e-07    2.70754e-08    1.505614e-06    -5.797934e-07    3.280211e-08    5.007755e-08    5.609818e-08    -1.841728e-08    -7.263172e-08
1.302544e-08    1.416149e-07    1.566049e-07    6.275442e-09    -1.752603e-07    1.815033e-08    1.641829e-07    1.410793e-07    -3.222068e-08    -1.607352e-07    -8.213376e-08    -1.076076e-07    -3.147593e-08    -7.188328e-09    8.944015e-08    -3.939509e-08    -6.176875e-08    -3.032187e-08    -1.071576e-08    3.105016e-08    1.301588e-07    -1.715279e-08    -7.882596e-08    9.282015e-08    -4.046157e-08    -4.28011e-08    1.236277e-07    -6.639486e-07    -5.797934e-07    1.400004e-06    -3.46338e-08    -6.678852e-08    -4.505213e-08    -1.54686e-08    8.204356e-08
-3.661439e-08    -2.744842e-08    1.851157e-08    3.313776e-08    8.406216e-10    1.066592e-08    -3.127937e-08    -1.312576e-08    5.899477e-08    -9.901857e-09    1.942593e-08    1.104645e-08    -1.70495e-08    -4.753665e-08    4.012246e-08    5.38331e-09    3.845761e-08    -1.159592e-08    1.969572e-09    1.112842e-08    -1.963415e-07    1.479177e-08    -4.263684e-09    2.617208e-07    -4.52932e-08    8.55269e-09    -1.871038e-08    1.068608e-08    3.280211e-08    -3.46338e-08    1.444516e-06    -1.939162e-07    -9.293725e-07    1.499415e-07    5.878618e-08
1.43629e-08    -2.134258e-08    1.726128e-09    1.427043e-08    -1.940302e-08    -1.114546e-08    9.187312e-09    -4.762811e-09    8.581844e-09    1.117367e-08    2.655474e-08    2.45579e-08    -1.5434e-08    -5.2471e-08    3.078189e-08    -8.709701e-09    1.633907e-08    2.448687e-08    1.115089e-08    -1.990192e-08    -8.052151e-08    1.304937e-07    1.065744e-07    8.532739e-08    -1.771403e-07    7.274478e-08    4.724876e-09    -7.067842e-09    5.007755e-08    -6.678852e-08    -1.939162e-07    1.465682e-06    4.995097e-08    -9.667921e-07    3.112e-07
1.437355e-08    2.443876e-08    -2.053739e-08    -2.016644e-08    1.444493e-08    3.14549e-09    1.079276e-09    -4.339508e-09    -2.388439e-08    1.186954e-08    3.022077e-08    -9.37384e-09    -4.471698e-08    2.171708e-08    4.455753e-09    1.398522e-08    -2.81069e-08    2.401054e-08    1.728936e-08    -1.801221e-08    1.95242e-07    8.973109e-08    1.532648e-07    -1.288615e-07    -1.060272e-07    5.204597e-08    1.418302e-08    4.607744e-09    5.609818e-08    -4.505213e-08    -9.293725e-07    4.995097e-08    1.456154e-06    2.002684e-08    -6.826053e-07
-3.959511e-09    -2.095012e-09    -1.105805e-08    -2.18012e-08    2.115926e-08    -1.32453e-09    -1.205038e-08    -5.935184e-09    -2.068128e-08    2.277391e-08    -2.884129e-08    -7.657497e-09    2.87007e-08    2.715318e-08    -1.772626e-08    1.868683e-08    -5.048369e-09    -9.306364e-09    -2.61376e-08    1.571318e-08    2.098011e-07    1.469665e-08    3.024236e-08    -1.309934e-07    -3.713331e-08    -2.777197e-08    3.809099e-08    4.752034e-08    -1.841728e-08    -1.54686e-08    1.499415e-07    -9.667921e-07    2.002684e-08    1.5434e-06    -8.089421e-07
3.266623e-08    -4.259233e-09    7.673857e-09    -7.303425e-09    -5.467788e-08    1.870443e-08    1.876552e-08    -1.192676e-09    4.742455e-09    -5.854561e-08    -5.277413e-09    4.711365e-08    5.471769e-08    -1.532583e-08    -3.11537e-08    -1.937205e-09    -3.22386e-08    -6.37158e-08    -2.947708e-09    5.590347e-08    1.816533e-08    -1.533507e-08    -2.53752e-07    -1.347986e-07    -4.198397e-08    -5.809563e-08    -2.098206e-08    -2.365657e-08    -7.263172e-08    8.204356e-08    5.878618e-08    3.112e-07    -6.826053e-07    -8.089421e-07    1.387049e-06
