1.396117e-06    -2.673813e-07    -7.756888e-07    1.99134e-07    2.714163e-10    -3.369996e-08    2.492124e-08    4.296297e-08    2.002531e-08    -5.129545e-08
-2.673813e-07    1.364518e-06    -7.825551e-08    -9.580399e-07    2.871904e-07    1.568539e-08    8.079944e-09    4.683226e-10    3.479599e-09    1.618123e-09
-7.756888e-07    -7.825551e-08    1.46125e-06    1.298563e-07    -7.32563e-07    3.61976e-08    -1.869091e-09    -3.404901e-08    -2.16732e-08    4.28895e-08
1.99134e-07    -9.580399e-07    1.298563e-07    1.565009e-06    -8.046493e-07    -1.80011e-08    -8.280084e-09    1.311805e-09    -4.068911e-09    -6.510973e-09
2.714163e-10    2.871904e-07    -7.32563e-07    -8.046493e-07    1.422658e-06    -7.522217e-09    -2.520678e-08    -8.691209e-09    5.16745e-09    7.697264e-09
-3.369996e-08    1.568539e-08    3.61976e-08    -1.80011e-08    -7.522217e-09    1.494597e-06    -1.049596e-08    -8.186644e-07    -1.86224e-07    -2.001404e-08
2.492124e-08    8.079944e-09    -1.869091e-09    -8.280084e-09    -2.520678e-08    -1.049596e-08    1.411913e-06    -9.452864e-08    -8.109401e-07    5.829558e-08
4.296297e-08    4.683226e-10    -3.404901e-08    1.311805e-09    -8.691209e-09    -8.186644e-07    -9.452864e-08    1.406109e-06    -3.27649e-08    -5.292035e-07
2.002531e-08    3.479599e-09    -2.16732e-08    -4.068911e-09    5.16745e-09    -1.86224e-07    -8.109401e-07    -3.27649e-08    1.473983e-06    -4.513986e-07
-5.129545e-08    1.618123e-09    4.28895e-08    -6.510973e-09    7.697264e-09    -2.001404e-08    5.829558e-08    -5.292035e-07    -4.513986e-07    1.397723e-06
