1    0.04906791    -0.5733122    -0.04768158    0.0270085    -0.03494881    -0.007852254    0.02225328    -0.02517614    0.06341314    0.07815264    -0.08173545    -0.1349497    0.04060273    0.006473677    -0.01463525    0.05181037    0.01589474    -0.02019697    -0.02471695    0.07781664    -0.04284902    -0.07947179    0.102442    0.05510565    0.03142211    0.01136365    -0.05633929    -0.03480539    0.06108696    0.03437997    0.0118504    -0.05521378    -0.04937845    0.04489279    0.03712324    0.03232202    0.003961423    -0.00939065    -0.02143709    -0.0310066    0.005392358    -0.03424506    -0.01801741    0.08005267    0.002786824    0.0210557    -0.06501628    -0.02874145    0.05390071    -0.05059381    -0.0329235    0.01477745    0.02537843    0.009934855    -0.09170204    0.05056059    0.09332575    0.003890796    -0.03227965    -0.04024087    0.0137918    0.02664137    0.0007552812    -0.02321965    0.006021854    0.08661026    -0.05965373    -0.06743866    0.07067536
0.04906791    1    -0.08481752    -0.5860951    0.1151126    -0.03912683    -0.0003636056    -0.01007981    -0.02112001    0.08192874    -0.05325389    -0.031163    0.00553076    -0.09268284    0.07622175    -0.04980882    0.02939106    0.0282521    -0.02032628    -0.005364617    0.01258077    0.01512674    -0.06832775    -0.02300841    0.08463806    0.04814624    -0.004136511    -0.04711793    0.02132355    0.03524358    0.09137606    0.02017316    -0.0905782    -0.007137837    0.03820798    -0.08264246    0.03509002    0.08727938    -0.01425881    -0.03656455    0.03668029    0.009933148    -0.04331829    0.008963548    0.04224083    0.08832561    0.009663335    -0.07313957    -0.004573148    0.02584622    -0.004536296    -0.07101351    -0.02751667    0.07264293    0.02638772    -0.03080339    0.002410677    0.06245925    -0.001894993    -0.04390401    -0.02993382    -0.02202521    0.06321461    0.03659525    -0.06567523    -0.01096049    0.04856987    0.005389305    -0.03017387    0.01044359
-0.5733122    -0.08481752    1    0.06538671    -0.4271286    0.0478436    0.01167424    -0.05478356    0.01167327    -0.03289356    -0.0822694    -0.03256273    -0.01975499    -0.07509917    0.134287    -0.01457506    -0.09599375    0.01263565    0.05974952    -0.008053537    0.008098096    -0.03886081    -0.01233158    0.006647082    0.007960953    -0.007151108    0.01963235    0.02675871    0.01508805    0.003818242    -0.0282498    -0.03646998    0.04630968    0.04341287    -0.03638966    -0.0523483    0.05228823    0.03947899    -0.0654458    0.004523582    0.03901069    -0.03611001    -0.007988814    0.03987197    -0.02329214    0.03575462    -0.07849247    0.005496671    0.06006162    -0.03961344    0.01952312    -0.0163269    -0.01756501    0.005524823    0.01296193    0.008003194    -0.0108023    -0.002700564    0.02483875    -0.02554104    0.04629663    0.007964113    0.003872266    0.01319636    -0.02718867    0.04775215    -0.1267458    -0.006969944    0.07157218    -0.0272016
-0.04768158    -0.5860951    0.06538671    1    -0.4462675    0.03897282    0.05567353    0.0007204521    -0.0268183    -0.1011564    0.06776798    -0.1222775    -0.07841976    0.06195382    0.01471666    -0.02608941    -0.01004011    -0.002437374    0.03188205    0.02076203    0.1463713    -0.07975583    -0.05652723    0.08768928    -0.0004899629    -0.05901421    -0.02063333    0.05381875    0.04260948    -0.0003301125    -0.06267917    -0.00562831    0.06456302    -0.01676349    -0.01672736    0.02799873    0.007682849    -0.00437235    -0.0193285    0.01424113    -0.00461668    0.0009686774    0.03027731    -0.006147654    -0.01387782    -0.03967663    0.004246333    0.05347421    -0.02185339    -0.01690528    -0.07120349    -0.004449681    0.06019496    -0.01251759    0.0023313    0.009155844    0.03711909    -0.02265687    -0.01970598    0.04253535    0.01326183    0.02679138    0.005928571    -0.02323496    0.007228907    0.01164383    -0.0312953    0.002516863    -0.009689354    0.02482014
0.0270085    0.1151126    -0.4271286    -0.4462675    1    0.02738323    -0.02527456    0.001668931    0.01151941    -0.01556827    0.01020844    0.1816679    0.06915276    -0.03202071    -0.04796313    -0.001656392    0.007903905    -0.01744658    -0.02147395    0.04351178    -0.1101295    0.06565455    0.1023053    -0.07006441    -0.09459569    0.04030248    0.02268492    -0.02709894    -0.03520326    -0.01636493    -0.01490849    0.06909219    0.03044412    -0.02136077    -0.03212349    0.003165527    -0.08094346    -0.04962389    0.07747945    0.05062756    0.006144442    0.05205135    0.009266853    -0.04786897    -0.02139292    -0.06762647    0.05794653    0.06399048    -0.0329323    -0.009456886    0.01892487    0.04942902    0.003579205    -0.02271986    -0.04174957    0.04342522    -0.03992166    -0.04910064    -0.006677561    0.03623105    -0.0145662    0.01274092    -0.01382587    -0.05201718    0.05737206    -0.05753192    0.07478476    0.07164271    -0.05237184    -0.02031929
-0.03494881    -0.03912683    0.0478436    0.03897282    0.02738323    1    0.02409479    -0.5540134    0.007876378    0.0002197257    0.02967009    0.01452004    -0.03390074    -0.01608421    -0.03610334    0.07850804    -0.1199364    -0.07392843    0.07351146    -0.01079453    0.132995    -0.05465933    -0.05062425    0.06901994    -0.06360917    0.0238724    0.02400255    -0.02687525    -0.04384609    0.06307505    -0.05165273    -0.0109453    0.03787385    0.01497851    0.02757054    0.001167938    0.05053197    -0.01818723    0.04460723    -0.02469238    -0.0004673595    0.003475392    -0.04194193    -0.005813357    0.06717125    -0.03917557    -0.01255331    0.01794111    -0.008399999    0.03986975    -0.01383436    -0.0004072589    0.0179937    0.019588    0.005218713    0.02472382    -0.009654187    -0.03380959    0.009489852    -0.003598791    0.05921848    0.01414393    -0.04947846    -0.0246598    0.01057642    -0.02254841    -0.0003931387    0.003168792    -0.02378233    0.04388652
-0.007852254    -0.0003636056    0.01167424    0.05567353    -0.02527456    0.02409479    1    -0.07524301    -0.5866202    0.1660791    -0.01732409    -0.05522407    0.009204831    0.02227046    0.02303321    -0.0856209    0.01882001    -0.04591214    -0.08652181    0.1234961    -0.03039086    -0.008980488    -0.03751321    0.006952266    0.07168989    0.0122587    0.005385906    0.001786893    0.04796759    -0.002728517    0.01036526    -0.05142762    -0.002471616    0.002258897    -0.009387342    -0.05885864    0.0583429    0.05671484    -0.03082633    -0.03504148    0.01212844    -0.005417898    0.007559063    0.01814132    0.01257186    0.0002130543    -0.0163368    0.01306881    -0.0004348643    -0.02077575    0.04153224    -0.03630511    -0.02770357    0.03509641    -0.001834811    -0.05618104    -0.02300724    0.04975993    0.01520991    0.01390146    -0.02083397    0.04691674    0.06587988    0.009624566    -0.04011155    5.571004e-05    -0.05983796    0.008045654    0.04308305    -0.024182
0.02225328    -0.01007981    -0.05478356    0.0007204521    0.001668931    -0.5540134    -0.07524301    1    -0.01726578    -0.3431392    -0.08249017    0.03508293    0.05235863    0.01456912    0.04019639    -0.1056197    -0.01655692    -0.05189201    -0.07081788    0.1678069    -0.0206239    -0.06614131    -0.0091057    0.04241525    0.106119    -0.03837133    -0.02845604    0.02485127    0.0247089    0.0008186338    0.05209871    0.007701425    -0.03157911    -0.02880807    -0.01818132    -0.03250702    0.0261017    0.07046367    -0.03621001    -0.03441768    0.01832953    -0.02342968    0.02436223    0.01467547    -0.03996406    0.02818088    -0.003055411    0.004131278    -0.008536292    -0.02293051    -0.01531651    -0.01976655    3.298071e-05    -0.01696005    0.007728812    -0.04189797    0.01679698    0.06587901    0.003467641    -0.01290093    -0.0450615    -0.006352415    0.05668764    0.005686295    -0.01975255    -0.01049385    -0.01099746    0.02220994    -0.03795854    0.02219328
-0.02517614    -0.02112001    0.01167327    -0.0268183    0.01151941    0.007876378    -0.5866202    -0.01726578    1    -0.4829047    -0.01219593    0.0433162    0.008523012    -0.01182069    -0.03052122    0.1133986    -0.1316171    -0.1173357    0.1024472    0.009415141    0.1296223    -0.06690343    -0.05201975    0.06639658    0.03880164    0.01741165    -0.03563576    -0.03499742    -0.01095169    0.02207887    -0.0559794    0.03284542    0.02223687    -0.03800422    0.05031363    0.03809489    -0.01927009    0.02828198    0.01954596    -0.05823883    0.0246418    -0.004572777    -0.02230302    -0.01964767    -0.01064218    -0.04365422    0.02066689    0.02866152    -0.03444436    0.03250671    -0.04476474    -0.01870314    0.002036114    -0.0117757    0.03822616    0.03813303    0.08315493    -0.02886708    -0.06866344    0.0142449    0.06284753    0.002123593    -0.07635359    -0.002323064    -0.00334839    -0.03095036    0.0626854    -0.0174325    -0.05520915    0.04700352
0.06341314    0.08192874    -0.03289356    -0.1011564    -0.01556827    0.0002197257    0.1660791    -0.3431392    -0.4829047    1    0.01578425    -0.0399718    -0.02940308    0.009640102    0.0198546    0.0007486661    0.1588583    0.1232686    -0.03780868    -0.1402384    -0.05484127    0.089462    0.06829514    -0.09673566    -0.1015253    -0.02277236    0.0383402    0.05464904    -0.009030885    -0.06015856    -0.01781685    0.00212986    0.01885178    0.04654033    -0.03285333    -0.005129683    -0.05665335    -0.05422545    0.02654571    0.04879514    -0.05003042    0.0379205    0.03535313    -0.01538563    -0.01758086    0.01138386    -3.571469e-05    -0.0229782    0.02762598    0.003655492    0.03978313    0.07729255    -0.004063294    -0.03427574    0.01622571    0.03365253    -0.05684024    -0.03726462    0.02401851    0.003101354    -0.03840543    -0.02585106    0.01168117    0.009636057    0.04594063    0.03868073    -0.006114126    -0.01105012    0.04315339    -0.02387041
0.07815264    -0.05325389    -0.0822694    0.06776798    0.01020844    0.02967009    -0.01732409    -0.08249017    -0.01219593    0.01578425    1    -0.07097652    -0.6286305    -0.03675972    0.02730792    0.01734315    0.03201973    0.01787652    0.02694501    -0.04629005    0.1542303    -0.02729109    -0.08499181    0.08955012    -0.008501484    -0.02728783    -0.03765196    -0.009063143    0.02389594    0.02791286    -0.02351655    0.001943714    0.03962176    -0.01781733    -0.00508158    0.1247479    0.03731564    -0.05032255    0.01771883    -0.06651712    -0.007842021    -0.005617991    0.003051365    0.009655672    0.01514324    0.009534063    0.007662493    0.006348341    -0.01299662    -0.009998109    0.01827518    0.02150875    0.005065345    0.01308025    -0.03167484    -0.06529257    -0.0003960833    0.02345897    0.02341853    0.02265795    -0.05404745    -0.01059675    -0.02225422    0.006873508    0.05600419    -0.008896891    0.009869074    0.003122145    -0.009680778    0.02362222
-0.08173545    -0.031163    -0.03256273    -0.1222775    0.1816679    0.01452004    -0.05522407    0.03508293    0.0433162    -0.0399718    -0.07097652    1    -0.0791724    -0.5835572    0.1192374    0.04309511    -0.02085941    0.009273937    0.03100812    -0.005797631    -0.006522141    -0.0156419    -0.03070145    -0.00761652    0.05827384    0.02629894    -0.06592303    -0.08086873    -0.02031981    0.09905445    -0.0253196    0.01071204    0.02929325    0.002273138    0.01256173    -0.01358936    0.1224614    0.04695277    -0.0454947    -0.04076742    -0.01030705    -0.02146425    -0.02575132    0.001343442    0.03488606    -0.02686653    0.04722265    -0.007592117    -0.04439077    0.05137249    -0.01001438    0.006265898    0.006030559    0.03277967    -0.0166033    -0.01679266    0.01986786    0.01770738    -0.03331998    -0.0006170207    0.006806985    0.01332745    -0.05469094    -0.07171287    0.1086075    -0.06359591    0.008297618    0.01793905    0.005015956    0.02436472
-0.1349497    0.00553076    -0.01975499    -0.07841976    0.06915276    -0.03390074    0.009204831    0.05235863    0.008523012    -0.02940308    -0.6286305    -0.0791724    1    -0.02143606    -0.3763256    -0.02343641    -0.004841111    0.01775051    -0.02700405    0.04102495    -0.01294212    0.01936323    -0.04985623    -0.03461651    0.04513755    0.01645754    0.002476394    -0.01432922    0.006328358    0.01636737    -0.01011528    -0.01597662    -0.01409992    0.02224878    0.04379456    -0.07272416    0.01843433    0.1040985    -0.02393191    -0.04458224    0.0311122    0.02149984    -0.03685543    0.008796658    0.0154874    -0.01674386    0.001766998    -0.0355032    0.0233346    0.0626598    0.00341023    -0.02123698    -0.03866463    0.01209045    0.07484762    0.04576291    -0.007777755    -0.01470691    -0.01861157    -0.01857027    0.01616427    -0.003571609    0.0125752    -0.009218743    -0.03423215    -0.01497102    0.03701657    -0.02526247    0.02080239    0.01459992
0.04060273    -0.09268284    -0.07509917    0.06195382    -0.03202071    -0.01608421    0.02227046    0.01456912    -0.01182069    0.009640102    -0.03675972    -0.5835572    -0.02143606    1    -0.4130093    -0.02140191    -0.004567032    0.002897947    -0.02634923    0.00771561    0.1083171    -0.08387857    -0.002272007    0.07020876    -0.001825924    -0.0161732    0.0254502    0.03847716    0.0145307    -0.08453703    -0.006369614    0.03888508    0.00355608    -0.02228509    0.01779354    -0.03432942    -0.06872039    0.03435553    0.0737631    -0.04120934    -0.03013466    0.001448678    0.06315467    0.02074606    -0.07562812    -0.02095072    -0.003862183    0.06365462    0.04149245    -0.06868812    -0.01569869    0.03418259    0.03296633    -0.08125725    0.03610128    0.02808875    -0.01766879    -0.02719183    0.01045688    -0.001650366    0.01345373    0.006520058    0.004310983    0.009480593    -0.0413265    0.03168262    -0.01068729    0.01469403    0.002564623    -0.02624095
0.006473677    0.07622175    0.134287    0.01471666    -0.04796313    -0.03610334    0.02303321    0.04019639    -0.03052122    0.0198546    0.02730792    0.1192374    -0.3763256    -0.4130093    1    -0.009301442    0.01479668    -0.03400993    0.000486546    -0.03040818    -0.1379491    0.07961261    0.0781259    -0.06960334    -0.02316791    0.006587987    0.02238162    0.005637427    -0.01770216    -0.007600626    0.01189261    -0.02968678    0.001482686    0.0272841    -0.07405105    -0.03539781    -0.01407046    -0.07228424    -0.02006017    0.1893294    0.004066812    -0.03510262    -0.009206642    0.002110339    -0.000273935    0.03730433    -0.04745694    -0.01489546    0.01005547    -0.03608547    -0.01445364    0.02203589    0.01168567    -0.0003590643    -0.06113567    -0.0136799    0.03610286    -0.01753913    -0.04906919    0.06720939    -0.01588229    0.01282292    0.0404289    0.003556422    -0.01268975    0.007275371    -0.05941935    -0.0005473347    -0.009962569    -0.004733897
-0.01463525    -0.04980882    -0.01457506    -0.02608941    -0.001656392    0.07850804    -0.0856209    -0.1056197    0.1133986    0.0007486661    0.01734315    0.04309511    -0.02343641    -0.02140191    -0.009301442    1    -0.001034051    -0.579239    -0.05867098    -0.04234761    0.09096491    -0.007805737    -0.05682554    0.01084811    0.04652311    -0.05826451    -0.04276539    0.0300382    0.05521156    -0.01699227    -0.01851948    -0.01934781    0.04737624    0.03829547    -0.048897    0.07484761    -0.01597461    -0.049203    0.07849913    -0.07678051    -0.03090544    0.01078848    0.01556397    0.0037801    0.001732621    0.005077517    -0.027705    0.002501772    0.01215553    0.01095989    -0.008698536    0.05670294    -0.007853873    -0.09332926    0.09191829    0.03893228    0.02095926    -0.0142347    -0.002759561    -0.01237588    0.006205996    -0.04536    -0.04454224    0.05416779    0.02253377    -0.01823968    0.02058904    0.04376419    -0.01302688    -0.01683618
0.05181037    0.02939106    -0.09599375    -0.01004011    0.007903905    -0.1199364    0.01882001    -0.01655692    -0.1316171    0.1588583    0.03201973    -0.02085941    -0.004841111    -0.004567032    0.01479668    -0.001034051    1    -0.09055389    -0.6628608    0.215994    -0.03947123    0.01303465    -0.04360872    0.006132214    0.07489098    -0.03305782    -0.03887891    -0.01132879    0.00851467    0.02026148    0.07440439    -0.04038257    -0.09509261    0.00215162    0.06618737    -0.06771765    0.1236452    0.06226058    -0.05879155    0.002915948    0.01209004    -0.06345213    -0.04215801    0.02782702    0.01933569    0.07627531    -0.04760982    -0.09127487    -0.02146446    0.1003001    0.01313615    0.01422602    0.001123503    0.0209361    -0.03377485    -0.01637655    -0.04991467    -0.003572865    0.003644087    -0.01400153    -0.05024673    -0.06945978    0.009381559    0.01061502    0.01837359    0.01433906    -0.02425017    -0.009726631    -0.0009839155    0.01028365
0.01589474    0.0282521    0.01263565    -0.002437374    -0.01744658    -0.07392843    -0.04591214    -0.05189201    -0.1173357    0.1232686    0.01787652    0.009273937    0.01775051    0.002897947    -0.03400993    -0.579239    -0.09055389    1    -0.07619338    -0.3353676    0.0318321    -0.0310665    -0.03633748    0.03250505    -0.01385271    0.001991328    0.0338725    -0.004360406    -0.07418811    0.06808374    0.01143923    0.006044124    -0.04063967    0.008111742    0.0557146    -0.06700186    0.1008299    0.09021291    -0.1016921    0.006992843    0.008178936    -0.003639946    -0.03945109    -0.0263114    0.07992425    0.009688376    -0.003377877    -0.03791284    0.02045753    0.03414966    -0.005887291    -0.02817509    0.02331872    0.06328375    -0.04497728    -0.01458018    -0.03904788    -0.01586466    0.02239175    0.03786679    -0.0330276    -0.001933388    0.0310004    -0.0564712    0.02378692    0.003970722    -0.01708219    -0.04912191    0.0106584    0.06532427
-0.02019697    -0.02032628    0.05974952    0.03188205    -0.02147395    0.07351146    -0.08652181    -0.07081788    0.1024472    -0.03780868    0.02694501    0.03100812    -0.02700405    -0.02634923    0.000486546    -0.05867098    -0.6628608    -0.07619338    1    -0.4102918    0.1171963    -0.05925429    -0.02851748    0.05769783    -0.005393172    0.04490894    0.02153209    -0.004715205    0.01564288    -0.03671725    -0.03696203    0.006850431    0.009958083    -0.002861585    0.01298676    0.0406931    -0.09395322    0.004966285    0.08527794    -0.06502711    -0.003251857    0.04794948    0.0512718    -0.006151776    -0.03728553    -0.04158637    0.01199746    0.03962223    0.03085366    -0.04407222    -0.03644101    0.01242594    0.01600932    -0.05532113    0.06133473    0.02502791    0.0184127    -0.03004902    -0.01615896    0.05792802    0.02326669    0.06403814    0.007936171    -0.01270575    -0.00454762    0.005283524    0.005098237    -0.02368206    0.00837236    0.02465908
-0.02471695    -0.005364617    -0.008053537    0.02076203    0.04351178    -0.01079453    0.1234961    0.1678069    0.009415141    -0.1402384    -0.04629005    -0.005797631    0.04102495    0.00771561    -0.03040818    -0.04234761    0.215994    -0.3353676    -0.4102918    1    -0.1155822    0.06940761    0.06983619    -0.07468906    -0.0518738    0.03628373    -0.01988679    -0.04249171    -0.002344917    0.04880883    -0.04289265    -0.009325183    0.05805759    0.004180092    -0.0614781    -0.004873319    -0.03541442    -0.05105197    0.03320421    0.1093209    0.03054511    -0.05032893    -0.03023763    0.02803424    -0.02243331    -0.02291701    0.009920977    0.04154877    -0.01705899    -0.02748736    0.04385656    -0.03907782    -0.01409764    0.0695723    -0.05710156    -0.01159456    0.01683046    0.03064792    0.01899144    -0.0498277    0.02148646    -0.01187482    -0.007712549    0.02312026    -0.04965794    -0.004897566    0.0112552    0.02133209    -0.01363519    -0.02280288
0.07781664    0.01258077    0.008098096    0.1463713    -0.1101295    0.132995    -0.03039086    -0.0206239    0.1296223    -0.05484127    0.1542303    -0.006522141    -0.01294212    0.1083171    -0.1379491    0.09096491    -0.03947123    0.0318321    0.1171963    -0.1155822    1    -0.3425514    -0.24755    0.1688995    0.007790085    -0.117645    -0.1217612    0.0457179    0.1928327    0.04987837    -0.1767803    -0.06666218    0.1860952    0.1281455    -0.04795744    0.01991444    0.1074583    0.1011165    0.05026803    -0.1597488    -0.1095937    -0.08567724    0.08364404    0.1766143    -0.03620868    -0.1263499    -0.07152569    0.1316732    0.1212015    -0.037562    -0.1364736    -0.09239087    0.120127    0.1839321    -0.04879159    0.02534303    -0.007865883    -0.05393668    -0.01592101    0.0452931    0.0338047    -0.020371    -0.04451033    0.006222414    0.03073797    -0.08447945    -0.07770937    0.05651413    0.1102664    0.02200722
-0.04284902    0.01512674    -0.03886081    -0.07975583    0.06565455    -0.05465933    -0.008980488    -0.06614131    -0.06690343    0.089462    -0.02729109    -0.0156419    0.01936323    -0.08387857    0.07961261    -0.007805737    0.01303465    -0.0310665    -0.05925429    0.06940761    -0.3425514    1    -0.6241456    -0.2792986    0.1218277    0.04582932    0.08810562    0.02508876    -0.02999201    0.007230208    0.0457438    0.02730782    -0.02652208    -0.009126031    0.04985198    0.005269836    -0.1026451    -0.06634488    0.07283149    0.05842964    0.01319556    0.03898592    0.01077077    -0.01010976    0.04019231    0.002706932    0.02306117    0.00103875    -0.007419912    0.03841537    0.04330707    0.1207345    0.004865055    -0.06361702    0.02409166    -0.01271848    -0.05954494    -0.006231811    -7.483683e-05    0.003392176    -0.0150622    0.01909466    0.01027337    -0.01022215    -0.02755133    -0.01779192    0.02507684    0.01382804    0.01303361    0.01928556
-0.07947179    -0.06832775    -0.01233158    -0.05652723    0.1023053    -0.05062425    -0.03751321    -0.0091057    -0.05201975    0.06829514    -0.08499181    -0.03070145    -0.04985623    -0.002272007    0.0781259    -0.05682554    -0.04360872    -0.03633748    -0.02851748    0.06983619    -0.24755    -0.6241456    1    -0.2963397    -0.2330515    -0.03037874    -0.006663493    0.05013394    0.003559211    -0.1217067    -0.03524317    -0.001486236    0.04598123    0.02887792    -0.1117265    0.04947341    -0.0700539    -0.1323578    -0.03547954    0.1357337    -0.04213796    0.02540923    0.06320094    -0.03363117    -0.0943907    -0.04358652    0.031866    0.05279601    -0.001865628    -0.08638982    0.01838795    -0.0320004    -0.00170544    0.02240941    -0.08165196    0.01543309    -0.01418111    -0.02743036    0.03781053    -0.002227902    0.03604504    -0.03829034    -0.04505017    0.01594886    0.03695036    -0.01887102    0.02595673    0.07922218    0.0074203    -0.1310156
0.102442    -0.02300841    0.006647082    0.08768928    -0.07006441    0.06901994    0.006952266    0.04241525    0.06639658    -0.09673566    0.08955012    -0.00761652    -0.03461651    0.07020876    -0.06960334    0.01084811    0.006132214    0.03250505    0.05769783    -0.07468906    0.1688995    -0.2792986    -0.2963397    1    -0.3314129    0.09585971    0.07331181    -0.06738785    -0.1041663    -0.04926138    0.1556508    0.1312641    -0.06975276    -0.125634    -0.06005435    0.02461337    0.02517944    0.1110845    0.05159788    -0.1677194    0.1578264    0.07053546    -0.1094114    -0.06955907    -0.0482123    0.1993922    0.08101921    -0.1072662    -0.07815568    -0.06487866    0.09916495    0.03631859    -0.05790354    -0.06243533    -0.06498399    0.01564002    0.06651673    -0.005568377    -0.05730079    0.0346916    -0.05122849    -0.0004235332    0.01859759    -0.02506514    0.05159398    0.2354998    0.07558538    -0.1578722    -0.08792805    -0.01408765
0.05510565    0.08463806    0.007960953    -0.0004899629    -0.09459569    -0.06360917    0.07168989    0.106119    0.03880164    -0.1015253    -0.008501484    0.05827384    0.04513755    -0.001825924    -0.02316791    0.04652311    0.07489098    -0.01385271    -0.005393172    -0.0518738    0.007790085    0.1218277    -0.2330515    -0.3314129    1    -0.05840315    -0.1398412    -0.02974762    0.02582762    -0.01406774    -0.05886408    -0.1385741    -0.03817062    0.003018188    0.03084064    -0.1041209    0.1417406    0.07040575    -0.1091933    -0.004632641    -0.06123957    -0.1298765    0.009222717    0.02912565    -0.04626603    -0.04278369    -0.1147302    -0.008738951    0.003373388    -0.0197679    -0.09245291    -0.09794985    0.00584134    -0.03526675    0.01347757    -0.007862747    0.04712069    0.04714826    -0.009746172    -0.02479599    -0.01819155    0.01863395    0.05416043    0.04290818    -0.07564668    -0.1188029    -0.1060314    0.02790666    -0.02140475    -0.006324006
0.03142211    0.04814624    -0.007151108    -0.05901421    0.04030248    0.0238724    0.0122587    -0.03837133    0.01741165    -0.02277236    -0.02728783    0.02629894    0.01645754    -0.0161732    0.006587987    -0.05826451    -0.03305782    0.001991328    0.04490894    0.03628373    -0.117645    0.04582932    -0.03037874    0.09585971    -0.05840315    1    0.1400241    -0.8017412    -0.2016428    0.2533022    0.0008403928    -0.01221599    0.01055408    0.02234292    -0.00882542    0.01485286    -0.1302904    0.01193627    0.1635241    -0.06034451    0.5842049    -0.08173772    -0.4283276    -0.006772517    0.1087028    0.09917797    -0.0004770041    -0.03215939    0.02419644    -0.03339536    -0.06523516    -0.07254577    0.04376124    0.06461964    -0.09503478    -0.02951203    -0.1061556    0.03275861    0.110862    -0.1080572    0.1350537    0.03057538    -0.1069014    -0.05569905    0.02513814    0.1505055    0.01463641    -0.08259465    -0.009590243    0.007012099
0.01136365    -0.004136511    0.01963235    -0.02063333    0.02268492    0.02400255    0.005385906    -0.02845604    -0.03563576    0.0383402    -0.03765196    -0.06592303    0.002476394    0.0254502    0.02238162    -0.04276539    -0.03887891    0.0338725    0.02153209    -0.01988679    -0.1217612    0.08810562    -0.006663493    0.07331181    -0.1398412    0.1400241    1    0.1472722    -0.7823827    0.08175681    -0.0144742    -0.0267208    0.02725611    0.03695603    -0.05146004    -0.07242617    -0.08939393    -0.0408996    -0.04016682    0.1630972    0.1079867    0.5529949    -0.02618486    -0.4072869    0.07416827    0.009252947    0.06049921    0.007082927    -0.004300034    -0.03968139    -0.05444256    -0.02481222    -0.003394528    -0.02413768    0.006172386    -0.1722605    -0.08533373    0.082304    0.06348401    -0.02668085    0.0321311    0.1326485    0.03824408    -0.03543596    -0.05315757    0.05029851    0.1195945    -0.03536964    -0.07018548    0.003337377
-0.05633929    -0.04711793    0.02675871    0.05381875    -0.02709894    -0.02687525    0.001786893    0.02485127    -0.03499742    0.05464904    -0.009063143    -0.08086873    -0.01432922    0.03847716    0.005637427    0.0300382    -0.01132879    -0.004360406    -0.004715205    -0.04249171    0.0457179    0.02508876    0.05013394    -0.06738785    -0.02974762    -0.8017412    0.1472722    1    0.08810614    -0.5706687    0.007046621    0.0597377    -0.00615597    -0.03773207    -0.0142018    0.003419443    -0.01237518    -0.1085682    -0.1084821    0.1679042    -0.452165    0.2267861    0.5464841    -0.08136759    -0.274628    -0.08294533    0.05896118    0.05926745    -0.04423949    -0.01418326    0.04175831    0.02323763    -0.05082972    -0.07446704    0.08934038    0.002358554    0.01680095    -0.07696458    -0.1113426    0.1753437    -0.09861796    0.04228673    0.1419564    0.02478938    -0.07312496    -0.1021701    0.0291711    0.1122944    -0.001305928    -0.07595497
-0.03480539    0.02132355    0.01508805    0.04260948    -0.03520326    -0.04384609    0.04796759    0.0247089    -0.01095169    -0.009030885    0.02389594    -0.02031981    0.006328358    0.0145307    -0.01770216    0.05521156    0.00851467    -0.07418811    0.01564288    -0.002344917    0.1928327    -0.02999201    0.003559211    -0.1041663    0.02582762    -0.2016428    -0.7823827    0.08810614    1    -0.4619127    0.05042576    0.06165633    -0.006232039    -0.07090873    0.006224635    0.1057718    -0.04611416    -0.05467534    0.09271725    -0.07956485    -0.1288506    -0.4311604    0.158112    0.5245109    -0.2968194    -0.002607824    -0.02090071    0.02891476    -0.001386931    -0.008936635    0.06365286    0.005755698    -0.0507084    0.0378319    0.02416649    0.1713267    0.002320508    -0.1789622    -0.07509562    0.1588806    -0.03303566    -0.07541068    0.03126857    0.05694555    -0.01685463    -0.05785682    -0.09681303    0.07878019    0.09896317    -0.05325679
0.06108696    0.03524358    0.003818242    -0.0003301125    -0.01636493    0.06307505    -0.002728517    0.0008186338    0.02207887    -0.06015856    0.02791286    0.09905445    0.01636737    -0.08453703    -0.007600626    -0.01699227    0.02026148    0.06808374    -0.03671725    0.04880883    0.04987837    0.007230208    -0.1217067    -0.04926138    -0.01406774    0.2533022    0.08175681    -0.5706687    -0.4619127    1    -0.01820343    -0.08595736    -0.0116641    0.04677631    0.008166156    -0.09684112    0.1710905    0.1748279    -0.08652179    -0.1016708    0.1228782    -0.01992439    -0.3734898    -0.1873727    0.5963573    0.01775322    -0.06725439    -0.0746332    0.02306802    0.09500857    -0.1003267    -0.01781142    0.06889943    0.07723462    0.0473556    -0.1324731    0.06011638    0.2314834    0.1288521    -0.2117327    0.02872024    -0.0243747    -0.09090849    -0.01770255    0.1169376    -0.004920112    -0.03197663    -0.09976217    -0.03825894    0.2072811
0.03437997    0.09137606    -0.0282498    -0.06267917    -0.01490849    -0.05165273    0.01036526    0.05209871    -0.0559794    -0.01781685    -0.02351655    -0.0253196    -0.01011528    -0.006369614    0.01189261    -0.01851948    0.07440439    0.01143923    -0.03696203    -0.04289265    -0.1767803    0.0457438    -0.03524317    0.1556508    -0.05886408    0.0008403928    -0.0144742    0.007046621    0.05042576    -0.01820343    1    0.05016715    -0.7652618    -0.2164396    0.2527462    0.02865542    -0.1041927    0.001926955    0.08896268    -0.05682623    0.09293558    -0.04479658    -0.06658394    0.008783134    0.03758904    0.5959399    0.008867918    -0.4352198    -0.1327181    0.1665932    -0.0522793    -0.0377209    0.01484643    0.05200724    -0.1038063    -0.06744878    -0.06528374    0.0610014    0.09847936    -0.04109018    0.05632841    0.06317599    -0.05417921    -0.08111974    0.09834939    0.1757093    -0.01902461    -0.08365833    -0.06035079    0.02954738
0.0118504    0.02017316    -0.03646998    -0.00562831    0.06909219    -0.0109453    -0.05142762    0.007701425    0.03284542    0.00212986    0.001943714    0.01071204    -0.01597662    0.03888508    -0.02968678    -0.01934781    -0.04038257    0.006044124    0.006850431    -0.009325183    -0.06666218    0.02730782    -0.001486236    0.1312641    -0.1385741    -0.01221599    -0.0267208    0.0597377    0.06165633    -0.08595736    0.05016715    1    0.07725506    -0.7808682    0.1179414    -0.1065096    -0.07048928    -0.0009832096    -0.05750843    0.136834    0.008163831    0.05353282    0.05082531    -0.01102475    -0.07750115    0.03727942    0.5768487    0.003365721    -0.4236526    0.06463427    -0.05951829    -0.01459902    0.009564239    -0.01242605    -0.007176681    -0.06224125    0.0773126    0.1233002    -0.01906659    -0.05702872    -0.0565378    0.00996876    -0.0005498985    -0.1221495    0.146665    0.04511379    0.1572304    -0.01627114    -0.09815471    -0.01748515
-0.05521378    -0.0905782    0.04630968    0.06456302    0.03044412    0.03787385    -0.002471616    -0.03157911    0.02223687    0.01885178    0.03962176    0.02929325    -0.01409992    0.00355608    0.001482686    0.04737624    -0.09509261    -0.04063967    0.009958083    0.05805759    0.1860952    -0.02652208    0.04598123    -0.06975276    -0.03817062    0.01055408    0.02725611    -0.00615597    -0.006232039    -0.0116641    -0.7652618    0.07725506    1    0.210168    -0.6410685    -0.01051941    -0.05203834    -0.08998248    0.02716933    0.102095    -0.0330146    0.0576957    0.07353514    0.03507434    -0.1227615    -0.4368008    0.05310049    0.5855373    0.1218832    -0.4151067    0.04282656    0.002688617    -0.01594257    -0.04167077    0.05626838    0.08847438    0.1177397    -0.02743997    -0.06673486    -0.008507817    -0.07655645    -0.1181726    -0.003767898    0.04811523    0.05396438    -0.1032741    0.05570676    0.1396427    0.0561913    -0.1408994
-0.04937845    -0.007137837    0.04341287    -0.01676349    -0.02136077    0.01497851    0.002258897    -0.02880807    -0.03800422    0.04654033    -0.01781733    0.002273138    0.02224878    -0.02228509    0.0272841    0.03829547    0.00215162    0.008111742    -0.002861585    0.004180092    0.1281455    -0.009126031    0.02887792    -0.125634    0.003018188    0.02234292    0.03695603    -0.03773207    -0.07090873    0.04677631    -0.2164396    -0.7808682    0.210168    1    -0.5415401    0.121524    -0.03017054    -0.1021074    0.1167619    -0.03562919    0.00979504    0.01938877    -0.01888935    -0.00858777    0.01606729    -0.1096388    -0.43125    0.1203527    0.5588632    -0.3183744    0.08206553    0.01513156    -0.04751673    -0.008074845    0.04642428    0.114721    0.007375884    -0.09873641    -0.02684394    0.01511229    0.02504878    -0.1223118    -0.04271107    0.1239873    -0.07852063    -0.02245147    -0.0877916    0.04534361    0.128129    -0.06091721
0.04489279    0.03820798    -0.03638966    -0.01672736    -0.03212349    0.02757054    -0.009387342    -0.01818132    0.05031363    -0.03285333    -0.00508158    0.01256173    0.04379456    0.01779354    -0.07405105    -0.048897    0.06618737    0.0557146    0.01298676    -0.0614781    -0.04795744    0.04985198    -0.1117265    -0.06005435    0.03084064    -0.00882542    -0.05146004    -0.0142018    0.006224635    0.008166156    0.2527462    0.1179414    -0.6410685    -0.5415401    1    -0.08089636    0.1697895    0.1920214    -0.1304806    -0.1036965    -0.0401096    -0.08124945    -0.04597078    0.002510157    0.1348547    0.08022032    0.03772683    -0.3454525    -0.2947401    0.6483583    -0.09004255    0.004139655    0.07048498    0.0447058    0.04479507    -0.0916817    -0.1155987    0.0184697    0.02839411    -0.01388123    0.06896784    0.1893821    0.05204842    -0.09221801    -0.1305449    -0.06040446    -0.04292855    -0.09685357    -0.04914318    0.253015
0.03712324    -0.08264246    -0.0523483    0.02799873    0.003165527    0.001167938    -0.05885864    -0.03250702    0.03809489    -0.005129683    0.1247479    -0.01358936    -0.07272416    -0.03432942    -0.03539781    0.07484761    -0.06771765    -0.06700186    0.0406931    -0.004873319    0.01991444    0.005269836    0.04947341    0.02461337    -0.1041209    0.01485286    -0.07242617    0.003419443    0.1057718    -0.09684112    0.02865542    -0.1065096    -0.01051941    0.121524    -0.08089636    1    0.1817067    -0.7009072    -0.08989701    0.03300119    0.03511008    0.006493554    -0.00794471    0.02964101    -0.04525946    0.0216254    -0.02543991    -0.007322442    0.04828745    -0.06313469    0.1693934    0.02704507    -0.08092714    0.04377453    -0.08473838    0.07430161    0.02046868    -0.1116693    -0.06173098    0.08920847    -0.02247966    -0.05306307    -0.005200424    0.0256463    0.03837719    0.03198998    0.06991132    0.002607221    -0.003431639    -0.05016594
0.03232202    0.03509002    0.05228823    0.007682849    -0.08094346    0.05053197    0.0583429    0.0261017    -0.01927009    -0.05665335    0.03731564    0.1224614    0.01843433    -0.06872039    -0.01407046    -0.01597461    0.1236452    0.1008299    -0.09395322    -0.03541442    0.1074583    -0.1026451    -0.0700539    0.02517944    0.1417406    -0.1302904    -0.08939393    -0.01237518    -0.04611416    0.1710905    -0.1041927    -0.07048928    -0.05203834    -0.03017054    0.1697895    0.1817067    1    -0.3427951    -0.6935129    0.2865004    -0.04548515    -0.02767826    -0.04355484    -0.02555861    0.1130867    -0.03782968    -0.02318629    -0.06536566    -0.01809523    0.1042995    -0.05580124    0.1165694    0.1213591    -0.01222154    -0.0915611    -0.04525207    -0.03879932    0.01394846    0.02369013    -0.009066066    -0.05005558    -0.01784671    0.02673133    -0.006044333    0.02125966    -0.02144315    -0.01846099    -0.02188471    0.03538414    0.003230499
0.003961423    0.08727938    0.03947899    -0.00437235    -0.04962389    -0.01818723    0.05671484    0.07046367    0.02828198    -0.05422545    -0.05032255    0.04695277    0.1040985    0.03435553    -0.07228424    -0.049203    0.06226058    0.09021291    0.004966285    -0.05105197    0.1011165    -0.06634488    -0.1323578    0.1110845    0.07040575    0.01193627    -0.0408996    -0.1085682    -0.05467534    0.1748279    0.001926955    -0.0009832096    -0.08998248    -0.1021074    0.1920214    -0.7009072    -0.3427951    1    0.168816    -0.5352536    -0.02561173    -0.03860504    -0.01929777    0.0009187238    0.06242496    -0.00118055    -0.02463801    -0.02712949    -0.03439857    0.1087855    -0.08107027    0.07497266    0.1140807    -0.005056816    -0.02608537    -0.06638277    -0.06744862    0.0353851    0.03844255    -0.005605828    -0.00685472    -0.003175769    -0.03496225    -0.01782912    0.01319988    -0.02234605    -0.02177618    0.01279503    -0.01755484    0.05976834
-0.00939065    -0.01425881    -0.0654458    -0.0193285    0.07747945    0.04460723    -0.03082633    -0.03621001    0.01954596    0.02654571    0.01771883    -0.0454947    -0.02393191    0.0737631    -0.02006017    0.07849913    -0.05879155    -0.1016921    0.08527794    0.03320421    0.05026803    0.07283149    -0.03547954    0.05159788    -0.1091933    0.1635241    -0.04016682    -0.1084821    0.09271725    -0.08652179    0.08896268    -0.05750843    0.02716933    0.1167619    -0.1304806    -0.08989701    -0.6935129    0.168816    1    -0.3929891    0.05257008    -0.0104879    -0.00621998    0.05705188    -0.07989444    0.05000531    -0.01353752    0.02036887    0.04733378    -0.06425862    0.1154046    -0.04447496    -0.03431574    0.06076899    -0.05647816    0.03717028    0.02910913    -0.05780563    -0.0664863    0.07816279    0.09828914    -0.01757067    -0.1049321    -0.02732827    0.04531217    0.02983421    0.06709509    0.007325648    -0.02237549    -0.02315146
-0.02143709    -0.03656455    0.004523582    0.01424113    0.05062756    -0.02469238    -0.03504148    -0.03441768    -0.05823883    0.04879514    -0.06651712    -0.04076742    -0.04458224    -0.04120934    0.1893294    -0.07678051    0.002915948    0.006992843    -0.06502711    0.1093209    -0.1597488    0.05842964    0.1357337    -0.1677194    -0.004632641    -0.06034451    0.1630972    0.1679042    -0.07956485    -0.1016708    -0.05682623    0.136834    0.102095    -0.03562919    -0.1036965    0.03300119    0.2865004    -0.5352536    -0.3929891    1    -0.01098008    0.05053069    0.03756532    -0.06018547    -0.02159582    -0.0464492    0.05695996    0.03820195    -0.03609394    -0.02669701    -0.05238334    -0.1119878    -0.1068732    -0.02175957    0.1350839    0.02749729    0.06106199    0.0461125    0.004294682    -0.07328791    0.01843745    0.1055913    0.09806024    -0.05172925    -0.08138394    -0.001368428    -0.04844724    -0.003834085    -0.000757417    -0.007255853
