1    0.04906791    -0.5733122    -0.04768158    0.0270085    0.07815264    -0.08173545    -0.1349497    0.04060273    0.006473677    -0.01463525    0.05181037    0.01589474    -0.02019697    -0.02471695
0.04906791    1    -0.08481752    -0.5860951    0.1151126    -0.05325389    -0.031163    0.00553076    -0.09268284    0.07622175    -0.04980882    0.02939106    0.0282521    -0.02032628    -0.005364617
-0.5733122    -0.08481752    1    0.06538671    -0.4271286    -0.0822694    -0.03256273    -0.01975499    -0.07509917    0.134287    -0.01457506    -0.09599375    0.01263565    0.05974952    -0.008053537
-0.04768158    -0.5860951    0.06538671    1    -0.4462675    0.06776798    -0.1222775    -0.07841976    0.06195382    0.01471666    -0.02608941    -0.01004011    -0.002437374    0.03188205    0.02076203
0.0270085    0.1151126    -0.4271286    -0.4462675    1    0.01020844    0.1816679    0.06915276    -0.03202071    -0.04796313    -0.001656392    0.007903905    -0.01744658    -0.02147395    0.04351178
0.07815264    -0.05325389    -0.0822694    0.06776798    0.01020844    1    -0.07097652    -0.6286305    -0.03675972    0.02730792    0.01734315    0.03201973    0.01787652    0.02694501    -0.04629005
-0.08173545    -0.031163    -0.03256273    -0.1222775    0.1816679    -0.07097652    1    -0.0791724    -0.5835572    0.1192374    0.04309511    -0.02085941    0.009273937    0.03100812    -0.005797631
-0.1349497    0.00553076    -0.01975499    -0.07841976    0.06915276    -0.6286305    -0.0791724    1    -0.02143606    -0.3763256    -0.02343641    -0.004841111    0.01775051    -0.02700405    0.04102495
0.04060273    -0.09268284    -0.07509917    0.06195382    -0.03202071    -0.03675972    -0.5835572    -0.02143606    1    -0.4130093    -0.02140191    -0.004567032    0.002897947    -0.02634923    0.00771561
0.006473677    0.07622175    0.134287    0.01471666    -0.04796313    0.02730792    0.1192374    -0.3763256    -0.4130093    1    -0.009301442    0.01479668    -0.03400993    0.000486546    -0.03040818
-0.01463525    -0.04980882    -0.01457506    -0.02608941    -0.001656392    0.01734315    0.04309511    -0.02343641    -0.02140191    -0.009301442    1    -0.001034051    -0.579239    -0.05867098    -0.04234761
0.05181037    0.02939106    -0.09599375    -0.01004011    0.007903905    0.03201973    -0.02085941    -0.004841111    -0.004567032    0.01479668    -0.001034051    1    -0.09055389    -0.6628608    0.215994
0.01589474    0.0282521    0.01263565    -0.002437374    -0.01744658    0.01787652    0.009273937    0.01775051    0.002897947    -0.03400993    -0.579239    -0.09055389    1    -0.07619338    -0.3353676
-0.02019697    -0.02032628    0.05974952    0.03188205    -0.02147395    0.02694501    0.03100812    -0.02700405    -0.02634923    0.000486546    -0.05867098    -0.6628608    -0.07619338    1    -0.4102918
-0.02471695    -0.005364617    -0.008053537    0.02076203    0.04351178    -0.04629005    -0.005797631    0.04102495    0.00771561    -0.03040818    -0.04234761    0.215994    -0.3353676    -0.4102918    1
