1    -0.001034051    -0.579239    -0.05867098    -0.04234761    -0.001952522    -0.01910817    0.02953536    0.001782647    -0.02566781
-0.001034051    1    -0.09055389    -0.6628608    0.215994    -0.06235828    -0.01972189    0.03176132    0.01418295    -0.01421104
-0.579239    -0.09055389    1    -0.07619338    -0.3353676    0.04005596    -0.008626968    -0.06580115    0.00121369    0.02481854
-0.05867098    -0.6628608    -0.07619338    1    -0.4102918    0.005030102    0.04388699    -0.02128705    -0.05454337    0.06546073
-0.04234761    0.215994    -0.3353676    -0.4102918    1    0.01048843    -0.002464204    0.0178704    -0.009262514    -0.005874661
-0.001952522    -0.06235828    0.04005596    0.005030102    0.01048843    1    -0.2296069    -0.743259    0.1712309    0.09838464
-0.01910817    -0.01972189    -0.008626968    0.04388699    -0.002464204    -0.2296069    1    0.1247282    -0.7481843    0.2853823
0.02953536    0.03176132    -0.06580115    -0.02128705    0.0178704    -0.743259    0.1247282    1    -0.1546872    -0.4145793
0.001782647    0.01418295    0.00121369    -0.05454337    -0.009262514    0.1712309    -0.7481843    -0.1546872    1    -0.613247
-0.02566781    -0.01421104    0.02481854    0.06546073    -0.005874661    0.09838464    0.2853823    -0.4145793    -0.613247    1
