1    -0.07097652    -0.6286305    -0.03675972    0.02730792    0.01734315    0.03201973    0.01787652    0.02694501    -0.04629005    0.0689343    0.007783313    -0.0212918    0.07752301    -0.06880227
-0.07097652    1    -0.0791724    -0.5835572    0.1192374    0.04309511    -0.02085941    0.009273937    0.03100812    -0.005797631    -0.02575429    0.08160993    0.09425702    -0.03981627    -0.07526258
-0.6286305    -0.0791724    1    -0.02143606    -0.3763256    -0.02343641    -0.004841111    0.01775051    -0.02700405    0.04102495    -0.05758539    0.04204721    0.08289322    -0.04544069    -0.04537007
-0.03675972    -0.5835572    -0.02143606    1    -0.4130093    -0.02140191    -0.004567032    0.002897947    -0.02634923    0.00771561    -0.008007704    -0.0271273    -0.008622669    0.0471318    -0.0192737
0.02730792    0.1192374    -0.3763256    -0.4130093    1    -0.009301442    0.01479668    -0.03400993    0.000486546    -0.03040818    -0.02454855    -0.02518229    -0.05908019    -0.0291618    0.1029901
0.01734315    0.04309511    -0.02343641    -0.02140191    -0.009301442    1    -0.001034051    -0.579239    -0.05867098    -0.04234761    0.03864859    -0.06475712    -0.003715495    0.1169609    -0.08696884
0.03201973    -0.02085941    -0.004841111    -0.004567032    0.01479668    -0.001034051    1    -0.09055389    -0.6628608    0.215994    -0.07357978    0.0710669    0.1233419    -0.06320749    -0.05696737
0.01787652    0.009273937    0.01775051    0.002897947    -0.03400993    -0.579239    -0.09055389    1    -0.07619338    -0.3353676    -0.07292102    0.08887813    0.1092698    -0.1029734    -0.007283713
0.02694501    0.03100812    -0.02700405    -0.02634923    0.000486546    -0.05867098    -0.6628608    -0.07619338    1    -0.4102918    0.05741836    -0.04155417    -0.0529726    0.07310362    -0.02806758
-0.04629005    -0.005797631    0.04102495    0.00771561    -0.03040818    -0.04234761    0.215994    -0.3353676    -0.4102918    1    0.03455315    -0.01536239    -0.07373261    -0.0009497598    0.03524836
0.0689343    -0.02575429    -0.05758539    -0.008007704    -0.02454855    0.03864859    -0.07357978    -0.07292102    0.05741836    0.03455315    1    0.1175183    -0.6888881    -0.007499106    0.04592695
0.007783313    0.08160993    0.04204721    -0.0271273    -0.02518229    -0.06475712    0.0710669    0.08887813    -0.04155417    -0.01536239    0.1175183    1    -0.2907878    -0.6958708    0.2802592
-0.0212918    0.09425702    0.08289322    -0.008622669    -0.05908019    -0.003715495    0.1233419    0.1092698    -0.0529726    -0.07373261    -0.6888881    -0.2907878    1    0.09759804    -0.538035
0.07752301    -0.03981627    -0.04544069    0.0471318    -0.0291618    0.1169609    -0.06320749    -0.1029734    0.07310362    -0.0009497598    -0.007499106    -0.6958708    0.09759804    1    -0.4298296
-0.06880227    -0.07526258    -0.04537007    -0.0192737    0.1029901    -0.08696884    -0.05696737    -0.007283713    -0.02806758    0.03524836    0.04592695    0.2802592    -0.538035    -0.4298296    1
