1    0.02409479    -0.5540134    0.007876378    0.0002197257    0.02967009    0.01452004    -0.03390074    -0.01608421    -0.03610334    0.07850804    -0.1199364    -0.07392843    0.07351146    -0.01079453    0.132995    -0.05465933    -0.05062425    0.06901994    -0.06360917
0.02409479    1    -0.07524301    -0.5866202    0.1660791    -0.01732409    -0.05522407    0.009204831    0.02227046    0.02303321    -0.0856209    0.01882001    -0.04591214    -0.08652181    0.1234961    -0.03039086    -0.008980488    -0.03751321    0.006952266    0.07168989
-0.5540134    -0.07524301    1    -0.01726578    -0.3431392    -0.08249017    0.03508293    0.05235863    0.01456912    0.04019639    -0.1056197    -0.01655692    -0.05189201    -0.07081788    0.1678069    -0.0206239    -0.06614131    -0.0091057    0.04241525    0.106119
0.007876378    -0.5866202    -0.01726578    1    -0.4829047    -0.01219593    0.0433162    0.008523012    -0.01182069    -0.03052122    0.1133986    -0.1316171    -0.1173357    0.1024472    0.009415141    0.1296223    -0.06690343    -0.05201975    0.06639658    0.03880164
0.0002197257    0.1660791    -0.3431392    -0.4829047    1    0.01578425    -0.0399718    -0.02940308    0.009640102    0.0198546    0.0007486661    0.1588583    0.1232686    -0.03780868    -0.1402384    -0.05484127    0.089462    0.06829514    -0.09673566    -0.1015253
0.02967009    -0.01732409    -0.08249017    -0.01219593    0.01578425    1    -0.07097652    -0.6286305    -0.03675972    0.02730792    0.01734315    0.03201973    0.01787652    0.02694501    -0.04629005    0.1542303    -0.02729109    -0.08499181    0.08955012    -0.008501484
0.01452004    -0.05522407    0.03508293    0.0433162    -0.0399718    -0.07097652    1    -0.0791724    -0.5835572    0.1192374    0.04309511    -0.02085941    0.009273937    0.03100812    -0.005797631    -0.006522141    -0.0156419    -0.03070145    -0.00761652    0.05827384
-0.03390074    0.009204831    0.05235863    0.008523012    -0.02940308    -0.6286305    -0.0791724    1    -0.02143606    -0.3763256    -0.02343641    -0.004841111    0.01775051    -0.02700405    0.04102495    -0.01294212    0.01936323    -0.04985623    -0.03461651    0.04513755
-0.01608421    0.02227046    0.01456912    -0.01182069    0.009640102    -0.03675972    -0.5835572    -0.02143606    1    -0.4130093    -0.02140191    -0.004567032    0.002897947    -0.02634923    0.00771561    0.1083171    -0.08387857    -0.002272007    0.07020876    -0.001825924
-0.03610334    0.02303321    0.04019639    -0.03052122    0.0198546    0.02730792    0.1192374    -0.3763256    -0.4130093    1    -0.009301442    0.01479668    -0.03400993    0.000486546    -0.03040818    -0.1379491    0.07961261    0.0781259    -0.06960334    -0.02316791
0.07850804    -0.0856209    -0.1056197    0.1133986    0.0007486661    0.01734315    0.04309511    -0.02343641    -0.02140191    -0.009301442    1    -0.001034051    -0.579239    -0.05867098    -0.04234761    0.09096491    -0.007805737    -0.05682554    0.01084811    0.04652311
-0.1199364    0.01882001    -0.01655692    -0.1316171    0.1588583    0.03201973    -0.02085941    -0.004841111    -0.004567032    0.01479668    -0.001034051    1    -0.09055389    -0.6628608    0.215994    -0.03947123    0.01303465    -0.04360872    0.006132214    0.07489098
-0.07392843    -0.04591214    -0.05189201    -0.1173357    0.1232686    0.01787652    0.009273937    0.01775051    0.002897947    -0.03400993    -0.579239    -0.09055389    1    -0.07619338    -0.3353676    0.0318321    -0.0310665    -0.03633748    0.03250505    -0.01385271
0.07351146    -0.08652181    -0.07081788    0.1024472    -0.03780868    0.02694501    0.03100812    -0.02700405    -0.02634923    0.000486546    -0.05867098    -0.6628608    -0.07619338    1    -0.4102918    0.1171963    -0.05925429    -0.02851748    0.05769783    -0.005393172
-0.01079453    0.1234961    0.1678069    0.009415141    -0.1402384    -0.04629005    -0.005797631    0.04102495    0.00771561    -0.03040818    -0.04234761    0.215994    -0.3353676    -0.4102918    1    -0.1155822    0.06940761    0.06983619    -0.07468906    -0.0518738
0.132995    -0.03039086    -0.0206239    0.1296223    -0.05484127    0.1542303    -0.006522141    -0.01294212    0.1083171    -0.1379491    0.09096491    -0.03947123    0.0318321    0.1171963    -0.1155822    1    -0.3425514    -0.24755    0.1688995    0.007790085
-0.05465933    -0.008980488    -0.06614131    -0.06690343    0.089462    -0.02729109    -0.0156419    0.01936323    -0.08387857    0.07961261    -0.007805737    0.01303465    -0.0310665    -0.05925429    0.06940761    -0.3425514    1    -0.6241456    -0.2792986    0.1218277
-0.05062425    -0.03751321    -0.0091057    -0.05201975    0.06829514    -0.08499181    -0.03070145    -0.04985623    -0.002272007    0.0781259    -0.05682554    -0.04360872    -0.03633748    -0.02851748    0.06983619    -0.24755    -0.6241456    1    -0.2963397    -0.2330515
0.06901994    0.006952266    0.04241525    0.06639658    -0.09673566    0.08955012    -0.00761652    -0.03461651    0.07020876    -0.06960334    0.01084811    0.006132214    0.03250505    0.05769783    -0.07468906    0.1688995    -0.2792986    -0.2963397    1    -0.3314129
-0.06360917    0.07168989    0.106119    0.03880164    -0.1015253    -0.008501484    0.05827384    0.04513755    -0.001825924    -0.02316791    0.04652311    0.07489098    -0.01385271    -0.005393172    -0.0518738    0.007790085    0.1218277    -0.2330515    -0.3314129    1
