1    -0.001034051    -0.579239    -0.05867098    -0.04234761    0.07484761    -0.01597461    -0.049203    0.07849913    -0.07678051
-0.001034051    1    -0.09055389    -0.6628608    0.215994    -0.06771765    0.1236452    0.06226058    -0.05879155    0.002915948
-0.579239    -0.09055389    1    -0.07619338    -0.3353676    -0.06700186    0.1008299    0.09021291    -0.1016921    0.006992843
-0.05867098    -0.6628608    -0.07619338    1    -0.4102918    0.0406931    -0.09395322    0.004966285    0.08527794    -0.06502711
-0.04234761    0.215994    -0.3353676    -0.4102918    1    -0.004873319    -0.03541442    -0.05105197    0.03320421    0.1093209
0.07484761    -0.06771765    -0.06700186    0.0406931    -0.004873319    1    0.1817067    -0.7009072    -0.08989701    0.03300119
-0.01597461    0.1236452    0.1008299    -0.09395322    -0.03541442    0.1817067    1    -0.3427951    -0.6935129    0.2865004
-0.049203    0.06226058    0.09021291    0.004966285    -0.05105197    -0.7009072    -0.3427951    1    0.168816    -0.5352536
0.07849913    -0.05879155    -0.1016921    0.08527794    0.03320421    -0.08989701    -0.6935129    0.168816    1    -0.3929891
-0.07678051    0.002915948    0.006992843    -0.06502711    0.1093209    0.03300119    0.2865004    -0.5352536    -0.3929891    1
