1    0.02409479    -0.5540134    0.007876378    0.0002197257    0.02967009    0.01452004    -0.03390074    -0.01608421    -0.03610334    0.07850804    -0.1199364    -0.07392843    0.07351146    -0.01079453    -0.03917557    -0.01255331    0.01794111    -0.008399999    0.03986975
0.02409479    1    -0.07524301    -0.5866202    0.1660791    -0.01732409    -0.05522407    0.009204831    0.02227046    0.02303321    -0.0856209    0.01882001    -0.04591214    -0.08652181    0.1234961    0.0002130543    -0.0163368    0.01306881    -0.0004348643    -0.02077575
-0.5540134    -0.07524301    1    -0.01726578    -0.3431392    -0.08249017    0.03508293    0.05235863    0.01456912    0.04019639    -0.1056197    -0.01655692    -0.05189201    -0.07081788    0.1678069    0.02818088    -0.003055411    0.004131278    -0.008536292    -0.02293051
0.007876378    -0.5866202    -0.01726578    1    -0.4829047    -0.01219593    0.0433162    0.008523012    -0.01182069    -0.03052122    0.1133986    -0.1316171    -0.1173357    0.1024472    0.009415141    -0.04365422    0.02066689    0.02866152    -0.03444436    0.03250671
0.0002197257    0.1660791    -0.3431392    -0.4829047    1    0.01578425    -0.0399718    -0.02940308    0.009640102    0.0198546    0.0007486661    0.1588583    0.1232686    -0.03780868    -0.1402384    0.01138386    -3.571469e-05    -0.0229782    0.02762598    0.003655492
0.02967009    -0.01732409    -0.08249017    -0.01219593    0.01578425    1    -0.07097652    -0.6286305    -0.03675972    0.02730792    0.01734315    0.03201973    0.01787652    0.02694501    -0.04629005    0.009534063    0.007662493    0.006348341    -0.01299662    -0.009998109
0.01452004    -0.05522407    0.03508293    0.0433162    -0.0399718    -0.07097652    1    -0.0791724    -0.5835572    0.1192374    0.04309511    -0.02085941    0.009273937    0.03100812    -0.005797631    -0.02686653    0.04722265    -0.007592117    -0.04439077    0.05137249
-0.03390074    0.009204831    0.05235863    0.008523012    -0.02940308    -0.6286305    -0.0791724    1    -0.02143606    -0.3763256    -0.02343641    -0.004841111    0.01775051    -0.02700405    0.04102495    -0.01674386    0.001766998    -0.0355032    0.0233346    0.0626598
-0.01608421    0.02227046    0.01456912    -0.01182069    0.009640102    -0.03675972    -0.5835572    -0.02143606    1    -0.4130093    -0.02140191    -0.004567032    0.002897947    -0.02634923    0.00771561    -0.02095072    -0.003862183    0.06365462    0.04149245    -0.06868812
-0.03610334    0.02303321    0.04019639    -0.03052122    0.0198546    0.02730792    0.1192374    -0.3763256    -0.4130093    1    -0.009301442    0.01479668    -0.03400993    0.000486546    -0.03040818    0.03730433    -0.04745694    -0.01489546    0.01005547    -0.03608547
0.07850804    -0.0856209    -0.1056197    0.1133986    0.0007486661    0.01734315    0.04309511    -0.02343641    -0.02140191    -0.009301442    1    -0.001034051    -0.579239    -0.05867098    -0.04234761    0.005077517    -0.027705    0.002501772    0.01215553    0.01095989
-0.1199364    0.01882001    -0.01655692    -0.1316171    0.1588583    0.03201973    -0.02085941    -0.004841111    -0.004567032    0.01479668    -0.001034051    1    -0.09055389    -0.6628608    0.215994    0.07627531    -0.04760982    -0.09127487    -0.02146446    0.1003001
-0.07392843    -0.04591214    -0.05189201    -0.1173357    0.1232686    0.01787652    0.009273937    0.01775051    0.002897947    -0.03400993    -0.579239    -0.09055389    1    -0.07619338    -0.3353676    0.009688376    -0.003377877    -0.03791284    0.02045753    0.03414966
0.07351146    -0.08652181    -0.07081788    0.1024472    -0.03780868    0.02694501    0.03100812    -0.02700405    -0.02634923    0.000486546    -0.05867098    -0.6628608    -0.07619338    1    -0.4102918    -0.04158637    0.01199746    0.03962223    0.03085366    -0.04407222
-0.01079453    0.1234961    0.1678069    0.009415141    -0.1402384    -0.04629005    -0.005797631    0.04102495    0.00771561    -0.03040818    -0.04234761    0.215994    -0.3353676    -0.4102918    1    -0.02291701    0.009920977    0.04154877    -0.01705899    -0.02748736
-0.03917557    0.0002130543    0.02818088    -0.04365422    0.01138386    0.009534063    -0.02686653    -0.01674386    -0.02095072    0.03730433    0.005077517    0.07627531    0.009688376    -0.04158637    -0.02291701    1    -0.07100112    -0.728322    -0.04729772    0.1596486
-0.01255331    -0.0163368    -0.003055411    0.02066689    -3.571469e-05    0.007662493    0.04722265    0.001766998    -0.003862183    -0.04745694    -0.027705    -0.04760982    -0.003377877    0.01199746    0.009920977    -0.07100112    1    0.0881019    -0.7726396    0.1730508
0.01794111    0.01306881    0.004131278    0.02866152    -0.0229782    0.006348341    -0.007592117    -0.0355032    0.06365462    -0.01489546    0.002501772    -0.09127487    -0.03791284    0.03962223    0.04154877    -0.728322    0.0881019    1    0.04617607    -0.5515985
-0.008399999    -0.0004348643    -0.008536292    -0.03444436    0.02762598    -0.01299662    -0.04439077    0.0233346    0.04149245    0.01005547    0.01215553    -0.02146446    0.02045753    0.03085366    -0.01705899    -0.04729772    -0.7726396    0.04617607    1    -0.5459898
0.03986975    -0.02077575    -0.02293051    0.03250671    0.003655492    -0.009998109    0.05137249    0.0626598    -0.06868812    -0.03608547    0.01095989    0.1003001    0.03414966    -0.04407222    -0.02748736    0.1596486    0.1730508    -0.5515985    -0.5459898    1
