1    0.02409479    -0.5540134    0.007876378    0.0002197257    0.02967009    0.01452004    -0.03390074    -0.01608421    -0.03610334    0.07850804    -0.1199364    -0.07392843    0.07351146    -0.01079453    0.1149061    0.006472567    -0.00221681    0.167127    -0.1591147
0.02409479    1    -0.07524301    -0.5866202    0.1660791    -0.01732409    -0.05522407    0.009204831    0.02227046    0.02303321    -0.0856209    0.01882001    -0.04591214    -0.08652181    0.1234961    -0.3063388    0.09769618    0.2287867    -0.2416657    -0.03825053
-0.5540134    -0.07524301    1    -0.01726578    -0.3431392    -0.08249017    0.03508293    0.05235863    0.01456912    0.04019639    -0.1056197    -0.01655692    -0.05189201    -0.07081788    0.1678069    -0.2962236    0.1652441    0.1731043    -0.3152224    0.01396229
0.007876378    -0.5866202    -0.01726578    1    -0.4829047    -0.01219593    0.0433162    0.008523012    -0.01182069    -0.03052122    0.1133986    -0.1316171    -0.1173357    0.1024472    0.009415141    0.1286575    0.008343235    -0.015896    0.1323116    -0.1502962
0.0002197257    0.1660791    -0.3431392    -0.4829047    1    0.01578425    -0.0399718    -0.02940308    0.009640102    0.0198546    0.0007486661    0.1588583    0.1232686    -0.03780868    -0.1402384    0.1407934    -0.1381431    -0.1449939    0.1051387    0.1074246
0.02967009    -0.01732409    -0.08249017    -0.01219593    0.01578425    1    -0.07097652    -0.6286305    -0.03675972    0.02730792    0.01734315    0.03201973    0.01787652    0.02694501    -0.04629005    0.07133116    0.0009880514    -0.08331216    0.0666371    0.03308407
0.01452004    -0.05522407    0.03508293    0.0433162    -0.0399718    -0.07097652    1    -0.0791724    -0.5835572    0.1192374    0.04309511    -0.02085941    0.009273937    0.03100812    -0.005797631    0.07350226    -0.03731959    -0.0562935    0.005618738    0.04166083
-0.03390074    0.009204831    0.05235863    0.008523012    -0.02940308    -0.6286305    -0.0791724    1    -0.02143606    -0.3763256    -0.02343641    -0.004841111    0.01775051    -0.02700405    0.04102495    -0.005433263    -0.01529972    -0.04156744    -0.03103105    0.06343927
-0.01608421    0.02227046    0.01456912    -0.01182069    0.009640102    -0.03675972    -0.5835572    -0.02143606    1    -0.4130093    -0.02140191    -0.004567032    0.002897947    -0.02634923    0.00771561    0.06806232    -0.02288523    -0.005968933    0.0244222    -0.04194133
-0.03610334    0.02303321    0.04019639    -0.03052122    0.0198546    0.02730792    0.1192374    -0.3763256    -0.4130093    1    -0.009301442    0.01479668    -0.03400993    0.000486546    -0.03040818    -0.1138256    0.05415237    0.07514607    -0.04304432    -0.0297231
0.07850804    -0.0856209    -0.1056197    0.1133986    0.0007486661    0.01734315    0.04309511    -0.02343641    -0.02140191    -0.009301442    1    -0.001034051    -0.579239    -0.05867098    -0.04234761    0.07354539    -0.008575781    -0.05902127    0.08323714    0.01459316
-0.1199364    0.01882001    -0.01655692    -0.1316171    0.1588583    0.03201973    -0.02085941    -0.004841111    -0.004567032    0.01479668    -0.001034051    1    -0.09055389    -0.6628608    0.215994    0.02378905    -0.0221861    -0.1024    0.05054563    0.08444961
-0.07392843    -0.04591214    -0.05189201    -0.1173357    0.1232686    0.01787652    0.009273937    0.01775051    0.002897947    -0.03400993    -0.579239    -0.09055389    1    -0.07619338    -0.3353676    0.04728267    -0.03767908    -0.07335286    0.02165834    0.04995297
0.07351146    -0.08652181    -0.07081788    0.1024472    -0.03780868    0.02694501    0.03100812    -0.02700405    -0.02634923    0.000486546    -0.05867098    -0.6628608    -0.07619338    1    -0.4102918    0.03129561    0.02281272    -0.01043238    0.005845264    -0.03977381
-0.01079453    0.1234961    0.1678069    0.009415141    -0.1402384    -0.04629005    -0.005797631    0.04102495    0.00771561    -0.03040818    -0.04234761    0.215994    -0.3353676    -0.4102918    1    -0.1178277    0.02025104    0.1232354    -0.1176118    0.01634134
0.1149061    -0.3063388    -0.2962236    0.1286575    0.1407934    0.07133116    0.07350226    -0.005433263    0.06806232    -0.1138256    0.07354539    0.02378905    0.04728267    0.03129561    -0.1178277    1    -0.218888    -0.3308694    0.08306893    -0.09162578
0.006472567    0.09769618    0.1652441    0.008343235    -0.1381431    0.0009880514    -0.03731959    -0.01529972    -0.02288523    0.05415237    -0.008575781    -0.0221861    -0.03767908    0.02281272    0.02025104    -0.218888    1    -0.5246829    -0.383431    0.2626359
-0.00221681    0.2287867    0.1731043    -0.015896    -0.1449939    -0.08331216    -0.0562935    -0.04156744    -0.005968933    0.07514607    -0.05902127    -0.1024    -0.07335286    -0.01043238    0.1232354    -0.3308694    -0.5246829    1    -0.1363358    -0.5814342
0.167127    -0.2416657    -0.3152224    0.1323116    0.1051387    0.0666371    0.005618738    -0.03103105    0.0244222    -0.04304432    0.08323714    0.05054563    0.02165834    0.005845264    -0.1176118    0.08306893    -0.383431    -0.1363358    1    -0.08966739
-0.1591147    -0.03825053    0.01396229    -0.1502962    0.1074246    0.03308407    0.04166083    0.06343927    -0.04194133    -0.0297231    0.01459316    0.08444961    0.04995297    -0.03977381    0.01634134    -0.09162578    0.2626359    -0.5814342    -0.08966739    1
