1    -0.07097652    -0.6286305    -0.03675972    0.02730792    0.01734315    0.03201973    0.01787652    0.02694501    -0.04629005    0.1247479    0.03731564    -0.05032255    0.01771883    -0.06651712
-0.07097652    1    -0.0791724    -0.5835572    0.1192374    0.04309511    -0.02085941    0.009273937    0.03100812    -0.005797631    -0.01358936    0.1224614    0.04695277    -0.0454947    -0.04076742
-0.6286305    -0.0791724    1    -0.02143606    -0.3763256    -0.02343641    -0.004841111    0.01775051    -0.02700405    0.04102495    -0.07272416    0.01843433    0.1040985    -0.02393191    -0.04458224
-0.03675972    -0.5835572    -0.02143606    1    -0.4130093    -0.02140191    -0.004567032    0.002897947    -0.02634923    0.00771561    -0.03432942    -0.06872039    0.03435553    0.0737631    -0.04120934
0.02730792    0.1192374    -0.3763256    -0.4130093    1    -0.009301442    0.01479668    -0.03400993    0.000486546    -0.03040818    -0.03539781    -0.01407046    -0.07228424    -0.02006017    0.1893294
0.01734315    0.04309511    -0.02343641    -0.02140191    -0.009301442    1    -0.001034051    -0.579239    -0.05867098    -0.04234761    0.07484761    -0.01597461    -0.049203    0.07849913    -0.07678051
0.03201973    -0.02085941    -0.004841111    -0.004567032    0.01479668    -0.001034051    1    -0.09055389    -0.6628608    0.215994    -0.06771765    0.1236452    0.06226058    -0.05879155    0.002915948
0.01787652    0.009273937    0.01775051    0.002897947    -0.03400993    -0.579239    -0.09055389    1    -0.07619338    -0.3353676    -0.06700186    0.1008299    0.09021291    -0.1016921    0.006992843
0.02694501    0.03100812    -0.02700405    -0.02634923    0.000486546    -0.05867098    -0.6628608    -0.07619338    1    -0.4102918    0.0406931    -0.09395322    0.004966285    0.08527794    -0.06502711
-0.04629005    -0.005797631    0.04102495    0.00771561    -0.03040818    -0.04234761    0.215994    -0.3353676    -0.4102918    1    -0.004873319    -0.03541442    -0.05105197    0.03320421    0.1093209
0.1247479    -0.01358936    -0.07272416    -0.03432942    -0.03539781    0.07484761    -0.06771765    -0.06700186    0.0406931    -0.004873319    1    0.1817067    -0.7009072    -0.08989701    0.03300119
0.03731564    0.1224614    0.01843433    -0.06872039    -0.01407046    -0.01597461    0.1236452    0.1008299    -0.09395322    -0.03541442    0.1817067    1    -0.3427951    -0.6935129    0.2865004
-0.05032255    0.04695277    0.1040985    0.03435553    -0.07228424    -0.049203    0.06226058    0.09021291    0.004966285    -0.05105197    -0.7009072    -0.3427951    1    0.168816    -0.5352536
0.01771883    -0.0454947    -0.02393191    0.0737631    -0.02006017    0.07849913    -0.05879155    -0.1016921    0.08527794    0.03320421    -0.08989701    -0.6935129    0.168816    1    -0.3929891
-0.06651712    -0.04076742    -0.04458224    -0.04120934    0.1893294    -0.07678051    0.002915948    0.006992843    -0.06502711    0.1093209    0.03300119    0.2865004    -0.5352536    -0.3929891    1
