1    -0.001034051    -0.579239    -0.05867098    -0.04234761    -0.008698536    0.05670294    -0.007853873    -0.09332926    0.09191829
-0.001034051    1    -0.09055389    -0.6628608    0.215994    0.01313615    0.01422602    0.001123503    0.0209361    -0.03377485
-0.579239    -0.09055389    1    -0.07619338    -0.3353676    -0.005887291    -0.02817509    0.02331872    0.06328375    -0.04497728
-0.05867098    -0.6628608    -0.07619338    1    -0.4102918    -0.03644101    0.01242594    0.01600932    -0.05532113    0.06133473
-0.04234761    0.215994    -0.3353676    -0.4102918    1    0.04385656    -0.03907782    -0.01409764    0.0695723    -0.05710156
-0.008698536    0.01313615    -0.005887291    -0.03644101    0.04385656    1    -0.1169316    -0.7228295    0.1430365    0.1130299
0.05670294    0.01422602    -0.02817509    0.01242594    -0.03907782    -0.1169316    1    0.1225456    -0.708288    0.1717449
-0.007853873    0.001123503    0.02331872    0.01600932    -0.01409764    -0.7228295    0.1225456    1    -0.1843117    -0.4438617
-0.09332926    0.0209361    0.06328375    -0.05532113    0.0695723    0.1430365    -0.708288    -0.1843117    1    -0.5048047
0.09191829    -0.03377485    -0.04497728    0.06133473    -0.05710156    0.1130299    0.1717449    -0.4438617    -0.5048047    1
