1    -0.07097652    -0.6286305    -0.03675972    0.02730792    0.01734315    0.03201973    0.01787652    0.02694501    -0.04629005    0.01827518    0.02150875    0.005065345    0.01308025    -0.03167484
-0.07097652    1    -0.0791724    -0.5835572    0.1192374    0.04309511    -0.02085941    0.009273937    0.03100812    -0.005797631    -0.01001438    0.006265898    0.006030559    0.03277967    -0.0166033
-0.6286305    -0.0791724    1    -0.02143606    -0.3763256    -0.02343641    -0.004841111    0.01775051    -0.02700405    0.04102495    0.00341023    -0.02123698    -0.03866463    0.01209045    0.07484762
-0.03675972    -0.5835572    -0.02143606    1    -0.4130093    -0.02140191    -0.004567032    0.002897947    -0.02634923    0.00771561    -0.01569869    0.03418259    0.03296633    -0.08125725    0.03610128
0.02730792    0.1192374    -0.3763256    -0.4130093    1    -0.009301442    0.01479668    -0.03400993    0.000486546    -0.03040818    -0.01445364    0.02203589    0.01168567    -0.0003590643    -0.06113567
0.01734315    0.04309511    -0.02343641    -0.02140191    -0.009301442    1    -0.001034051    -0.579239    -0.05867098    -0.04234761    -0.008698536    0.05670294    -0.007853873    -0.09332926    0.09191829
0.03201973    -0.02085941    -0.004841111    -0.004567032    0.01479668    -0.001034051    1    -0.09055389    -0.6628608    0.215994    0.01313615    0.01422602    0.001123503    0.0209361    -0.03377485
0.01787652    0.009273937    0.01775051    0.002897947    -0.03400993    -0.579239    -0.09055389    1    -0.07619338    -0.3353676    -0.005887291    -0.02817509    0.02331872    0.06328375    -0.04497728
0.02694501    0.03100812    -0.02700405    -0.02634923    0.000486546    -0.05867098    -0.6628608    -0.07619338    1    -0.4102918    -0.03644101    0.01242594    0.01600932    -0.05532113    0.06133473
-0.04629005    -0.005797631    0.04102495    0.00771561    -0.03040818    -0.04234761    0.215994    -0.3353676    -0.4102918    1    0.04385656    -0.03907782    -0.01409764    0.0695723    -0.05710156
0.01827518    -0.01001438    0.00341023    -0.01569869    -0.01445364    -0.008698536    0.01313615    -0.005887291    -0.03644101    0.04385656    1    -0.1169316    -0.7228295    0.1430365    0.1130299
0.02150875    0.006265898    -0.02123698    0.03418259    0.02203589    0.05670294    0.01422602    -0.02817509    0.01242594    -0.03907782    -0.1169316    1    0.1225456    -0.708288    0.1717449
0.005065345    0.006030559    -0.03866463    0.03296633    0.01168567    -0.007853873    0.001123503    0.02331872    0.01600932    -0.01409764    -0.7228295    0.1225456    1    -0.1843117    -0.4438617
0.01308025    0.03277967    0.01209045    -0.08125725    -0.0003590643    -0.09332926    0.0209361    0.06328375    -0.05532113    0.0695723    0.1430365    -0.708288    -0.1843117    1    -0.5048047
-0.03167484    -0.0166033    0.07484762    0.03610128    -0.06113567    0.09191829    -0.03377485    -0.04497728    0.06133473    -0.05710156    0.1130299    0.1717449    -0.4438617    -0.5048047    1
