1    0.04906791    -0.5733122    -0.04768158    0.0270085    -0.03494881    -0.007852254    0.02225328    -0.02517614    0.06341314    0.07815264    -0.08173545    -0.1349497    0.04060273    0.006473677    -0.01463525    0.05181037    0.01589474    -0.02019697    -0.02471695    -0.01550287    -0.006166081    -0.002650432    -0.01367082    0.047381
0.04906791    1    -0.08481752    -0.5860951    0.1151126    -0.03912683    -0.0003636056    -0.01007981    -0.02112001    0.08192874    -0.05325389    -0.031163    0.00553076    -0.09268284    0.07622175    -0.04980882    0.02939106    0.0282521    -0.02032628    -0.005364617    0.03841218    -0.04729313    -0.01582421    0.06717622    -0.09040381
-0.5733122    -0.08481752    1    0.06538671    -0.4271286    0.0478436    0.01167424    -0.05478356    0.01167327    -0.03289356    -0.0822694    -0.03256273    -0.01975499    -0.07509917    0.134287    -0.01457506    -0.09599375    0.01263565    0.05974952    -0.008053537    0.03604851    0.00170541    0.003727386    0.007032226    -0.0724557
-0.04768158    -0.5860951    0.06538671    1    -0.4462675    0.03897282    0.05567353    0.0007204521    -0.0268183    -0.1011564    0.06776798    -0.1222775    -0.07841976    0.06195382    0.01471666    -0.02608941    -0.01004011    -0.002437374    0.03188205    0.02076203    0.008039932    0.04934241    -0.01716853    -0.07570705    0.05306487
0.0270085    0.1151126    -0.4271286    -0.4462675    1    0.02738323    -0.02527456    0.001668931    0.01151941    -0.01556827    0.01020844    0.1816679    0.06915276    -0.03202071    -0.04796313    -0.001656392    0.007903905    -0.01744658    -0.02147395    0.04351178    -0.04712212    1.414535e-05    0.05723047    0.01692007    -0.01716969
-0.03494881    -0.03912683    0.0478436    0.03897282    0.02738323    1    0.02409479    -0.5540134    0.007876378    0.0002197257    0.02967009    0.01452004    -0.03390074    -0.01608421    -0.03610334    0.07850804    -0.1199364    -0.07392843    0.07351146    -0.01079453    0.007832145    0.0274477    -0.02129415    -0.007070117    -0.03575232
-0.007852254    -0.0003636056    0.01167424    0.05567353    -0.02527456    0.02409479    1    -0.07524301    -0.5866202    0.1660791    -0.01732409    -0.05522407    0.009204831    0.02227046    0.02303321    -0.0856209    0.01882001    -0.04591214    -0.08652181    0.1234961    0.01801303    0.005178992    -0.00254156    0.01507352    -0.03934931
0.02225328    -0.01007981    -0.05478356    0.0007204521    0.001668931    -0.5540134    -0.07524301    1    -0.01726578    -0.3431392    -0.08249017    0.03508293    0.05235863    0.01456912    0.04019639    -0.1056197    -0.01655692    -0.05189201    -0.07081788    0.1678069    -0.02728971    0.004715826    0.02754299    -0.03704408    0.05237733
-0.02517614    -0.02112001    0.01167327    -0.0268183    0.01151941    0.007876378    -0.5866202    -0.01726578    1    -0.4829047    -0.01219593    0.0433162    0.008523012    -0.01182069    -0.03052122    0.1133986    -0.1316171    -0.1173357    0.1024472    0.009415141    -0.001605409    -0.02786042    0.004044762    0.01722837    -0.01278044
0.06341314    0.08192874    -0.03289356    -0.1011564    -0.01556827    0.0002197257    0.1660791    -0.3431392    -0.4829047    1    0.01578425    -0.0399718    -0.02940308    0.009640102    0.0198546    0.0007486661    0.1588583    0.1232686    -0.03780868    -0.1402384    0.01205322    0.02439911    -0.01158391    -0.007716732    0.01340884
0.07815264    -0.05325389    -0.0822694    0.06776798    0.01020844    0.02967009    -0.01732409    -0.08249017    -0.01219593    0.01578425    1    -0.07097652    -0.6286305    -0.03675972    0.02730792    0.01734315    0.03201973    0.01787652    0.02694501    -0.04629005    -0.0001778912    0.03485399    -0.04682846    -0.0205392    0.052222
-0.08173545    -0.031163    -0.03256273    -0.1222775    0.1816679    0.01452004    -0.05522407    0.03508293    0.0433162    -0.0399718    -0.07097652    1    -0.0791724    -0.5835572    0.1192374    0.04309511    -0.02085941    0.009273937    0.03100812    -0.005797631    -0.0297375    0.0212651    0.02143002    -0.04773472    0.03189508
-0.1349497    0.00553076    -0.01975499    -0.07841976    0.06915276    -0.03390074    0.009204831    0.05235863    0.008523012    -0.02940308    -0.6286305    -0.0791724    1    -0.02143606    -0.3763256    -0.02343641    -0.004841111    0.01775051    -0.02700405    0.04102495    0.02424674    -0.04180286    -0.03202843    0.006847346    -0.000289067
0.04060273    -0.09268284    -0.07509917    0.06195382    -0.03202071    -0.01608421    0.02227046    0.01456912    -0.01182069    0.009640102    -0.03675972    -0.5835572    -0.02143606    1    -0.4130093    -0.02140191    -0.004567032    0.002897947    -0.02634923    0.00771561    -0.007913027    0.008569663    0.001776515    0.02708178    -0.02673067
0.006473677    0.07622175    0.134287    0.01471666    -0.04796313    -0.03610334    0.02303321    0.04019639    -0.03052122    0.0198546    0.02730792    0.1192374    -0.3763256    -0.4130093    1    -0.009301442    0.01479668    -0.03400993    0.000486546    -0.03040818    -0.005038099    0.01763022    0.05757757    -0.01868662    -0.007047298
-0.01463525    -0.04980882    -0.01457506    -0.02608941    -0.001656392    0.07850804    -0.0856209    -0.1056197    0.1133986    0.0007486661    0.01734315    0.04309511    -0.02343641    -0.02140191    -0.009301442    1    -0.001034051    -0.579239    -0.05867098    -0.04234761    -0.001952522    -0.01910817    0.02953536    0.001782647    -0.02566781
0.05181037    0.02939106    -0.09599375    -0.01004011    0.007903905    -0.1199364    0.01882001    -0.01655692    -0.1316171    0.1588583    0.03201973    -0.02085941    -0.004841111    -0.004567032    0.01479668    -0.001034051    1    -0.09055389    -0.6628608    0.215994    -0.06235828    -0.01972189    0.03176132    0.01418295    -0.01421104
0.01589474    0.0282521    0.01263565    -0.002437374    -0.01744658    -0.07392843    -0.04591214    -0.05189201    -0.1173357    0.1232686    0.01787652    0.009273937    0.01775051    0.002897947    -0.03400993    -0.579239    -0.09055389    1    -0.07619338    -0.3353676    0.04005596    -0.008626968    -0.06580115    0.00121369    0.02481854
-0.02019697    -0.02032628    0.05974952    0.03188205    -0.02147395    0.07351146    -0.08652181    -0.07081788    0.1024472    -0.03780868    0.02694501    0.03100812    -0.02700405    -0.02634923    0.000486546    -0.05867098    -0.6628608    -0.07619338    1    -0.4102918    0.005030102    0.04388699    -0.02128705    -0.05454337    0.06546073
-0.02471695    -0.005364617    -0.008053537    0.02076203    0.04351178    -0.01079453    0.1234961    0.1678069    0.009415141    -0.1402384    -0.04629005    -0.005797631    0.04102495    0.00771561    -0.03040818    -0.04234761    0.215994    -0.3353676    -0.4102918    1    0.01048843    -0.002464204    0.0178704    -0.009262514    -0.005874661
-0.01550287    0.03841218    0.03604851    0.008039932    -0.04712212    0.007832145    0.01801303    -0.02728971    -0.001605409    0.01205322    -0.0001778912    -0.0297375    0.02424674    -0.007913027    -0.005038099    -0.001952522    -0.06235828    0.04005596    0.005030102    0.01048843    1    -0.2296069    -0.743259    0.1712309    0.09838464
-0.006166081    -0.04729313    0.00170541    0.04934241    1.414535e-05    0.0274477    0.005178992    0.004715826    -0.02786042    0.02439911    0.03485399    0.0212651    -0.04180286    0.008569663    0.01763022    -0.01910817    -0.01972189    -0.008626968    0.04388699    -0.002464204    -0.2296069    1    0.1247282    -0.7481843    0.2853823
-0.002650432    -0.01582421    0.003727386    -0.01716853    0.05723047    -0.02129415    -0.00254156    0.02754299    0.004044762    -0.01158391    -0.04682846    0.02143002    -0.03202843    0.001776515    0.05757757    0.02953536    0.03176132    -0.06580115    -0.02128705    0.0178704    -0.743259    0.1247282    1    -0.1546872    -0.4145793
-0.01367082    0.06717622    0.007032226    -0.07570705    0.01692007    -0.007070117    0.01507352    -0.03704408    0.01722837    -0.007716732    -0.0205392    -0.04773472    0.006847346    0.02708178    -0.01868662    0.001782647    0.01418295    0.00121369    -0.05454337    -0.009262514    0.1712309    -0.7481843    -0.1546872    1    -0.613247
0.047381    -0.09040381    -0.0724557    0.05306487    -0.01716969    -0.03575232    -0.03934931    0.05237733    -0.01278044    0.01340884    0.052222    0.03189508    -0.000289067    -0.02673067    -0.007047298    -0.02566781    -0.01421104    0.02481854    0.06546073    -0.005874661    0.09838464    0.2853823    -0.4145793    -0.613247    1
