1    0.04906791    -0.5733122    -0.04768158    0.0270085    -0.03494881    -0.007852254    0.02225328    -0.02517614    0.06341314    0.07815264    -0.08173545    -0.1349497    0.04060273    0.006473677    -0.01463525    0.05181037    0.01589474    -0.02019697    -0.02471695    0.002495352    0.04765882    0.01847864    -0.0317782    -0.02572067    0.03712324    0.03232202    0.003961423    -0.00939065    -0.02143709
0.04906791    1    -0.08481752    -0.5860951    0.1151126    -0.03912683    -0.0003636056    -0.01007981    -0.02112001    0.08192874    -0.05325389    -0.031163    0.00553076    -0.09268284    0.07622175    -0.04980882    0.02939106    0.0282521    -0.02032628    -0.005364617    -0.05500384    0.0775712    0.04114692    -0.04261286    -0.01158015    -0.08264246    0.03509002    0.08727938    -0.01425881    -0.03656455
-0.5733122    -0.08481752    1    0.06538671    -0.4271286    0.0478436    0.01167424    -0.05478356    0.01167327    -0.03289356    -0.0822694    -0.03256273    -0.01975499    -0.07509917    0.134287    -0.01457506    -0.09599375    0.01263565    0.05974952    -0.008053537    0.01476087    0.04040646    0.03791615    -0.03582933    -0.02765075    -0.0523483    0.05228823    0.03947899    -0.0654458    0.004523582
-0.04768158    -0.5860951    0.06538671    1    -0.4462675    0.03897282    0.05567353    0.0007204521    -0.0268183    -0.1011564    0.06776798    -0.1222775    -0.07841976    0.06195382    0.01471666    -0.02608941    -0.01004011    -0.002437374    0.03188205    0.02076203    0.0273028    -0.03275836    0.04043774    0.02211787    -0.07123751    0.02799873    0.007682849    -0.00437235    -0.0193285    0.01424113
0.0270085    0.1151126    -0.4271286    -0.4462675    1    0.02738323    -0.02527456    0.001668931    0.01151941    -0.01556827    0.01020844    0.1816679    0.06915276    -0.03202071    -0.04796313    -0.001656392    0.007903905    -0.01744658    -0.02147395    0.04351178    -0.004975716    -0.03150259    -0.05495429    0.01864647    0.05643003    0.003165527    -0.08094346    -0.04962389    0.07747945    0.05062756
-0.03494881    -0.03912683    0.0478436    0.03897282    0.02738323    1    0.02409479    -0.5540134    0.007876378    0.0002197257    0.02967009    0.01452004    -0.03390074    -0.01608421    -0.03610334    0.07850804    -0.1199364    -0.07392843    0.07351146    -0.01079453    0.01467314    0.06239902    -0.04012994    -0.01900413    0.006453528    0.001167938    0.05053197    -0.01818723    0.04460723    -0.02469238
-0.007852254    -0.0003636056    0.01167424    0.05567353    -0.02527456    0.02409479    1    -0.07524301    -0.5866202    0.1660791    -0.01732409    -0.05522407    0.009204831    0.02227046    0.02303321    -0.0856209    0.01882001    -0.04591214    -0.08652181    0.1234961    -0.04394607    0.09673396    0.0276814    -0.06053421    -0.02788691    -0.05885864    0.0583429    0.05671484    -0.03082633    -0.03504148
0.02225328    -0.01007981    -0.05478356    0.0007204521    0.001668931    -0.5540134    -0.07524301    1    -0.01726578    -0.3431392    -0.08249017    0.03508293    0.05235863    0.01456912    0.04019639    -0.1056197    -0.01655692    -0.05189201    -0.07081788    0.1678069    -0.03159241    0.07119526    0.0556002    -0.04010761    -0.04565419    -0.03250702    0.0261017    0.07046367    -0.03621001    -0.03441768
-0.02517614    -0.02112001    0.01167327    -0.0268183    0.01151941    0.007876378    -0.5866202    -0.01726578    1    -0.4829047    -0.01219593    0.0433162    0.008523012    -0.01182069    -0.03052122    0.1133986    -0.1316171    -0.1173357    0.1024472    0.009415141    0.04203302    -0.05692418    0.01072055    0.07538717    -0.06389458    0.03809489    -0.01927009    0.02828198    0.01954596    -0.05823883
0.06341314    0.08192874    -0.03289356    -0.1011564    -0.01556827    0.0002197257    0.1660791    -0.3431392    -0.4829047    1    0.01578425    -0.0399718    -0.02940308    0.009640102    0.0198546    0.0007486661    0.1588583    0.1232686    -0.03780868    -0.1402384    -0.016513    -0.02724403    -0.05865519    -0.008572269    0.1011114    -0.005129683    -0.05665335    -0.05422545    0.02654571    0.04879514
0.07815264    -0.05325389    -0.0822694    0.06776798    0.01020844    0.02967009    -0.01732409    -0.08249017    -0.01219593    0.01578425    1    -0.07097652    -0.6286305    -0.03675972    0.02730792    0.01734315    0.03201973    0.01787652    0.02694501    -0.04629005    0.1466345    -0.1154991    -0.07483015    0.09016413    -0.03686495    0.1247479    0.03731564    -0.05032255    0.01771883    -0.06651712
-0.08173545    -0.031163    -0.03256273    -0.1222775    0.1816679    0.01452004    -0.05522407    0.03508293    0.0433162    -0.0399718    -0.07097652    1    -0.0791724    -0.5835572    0.1192374    0.04309511    -0.02085941    0.009273937    0.03100812    -0.005797631    -0.07496105    -0.007539423    -0.02237398    -0.04811682    0.1193005    -0.01358936    0.1224614    0.04695277    -0.0454947    -0.04076742
-0.1349497    0.00553076    -0.01975499    -0.07841976    0.06915276    -0.03390074    0.009204831    0.05235863    0.008523012    -0.02940308    -0.6286305    -0.0791724    1    -0.02143606    -0.3763256    -0.02343641    -0.004841111    0.01775051    -0.02700405    0.04102495    -0.09967928    0.001884377    -0.005159384    -0.0214819    0.090265    -0.07272416    0.01843433    0.1040985    -0.02393191    -0.04458224
0.04060273    -0.09268284    -0.07509917    0.06195382    -0.03202071    -0.01608421    0.02227046    0.01456912    -0.01182069    0.009640102    -0.03675972    -0.5835572    -0.02143606    1    -0.4130093    -0.02140191    -0.004567032    0.002897947    -0.02634923    0.00771561    0.09413331    -0.08926423    -0.08340011    0.1087012    -0.02464907    -0.03432942    -0.06872039    0.03435553    0.0737631    -0.04120934
0.006473677    0.07622175    0.134287    0.01471666    -0.04796313    -0.03610334    0.02303321    0.04019639    -0.03052122    0.0198546    0.02730792    0.1192374    -0.3763256    -0.4130093    1    -0.009301442    0.01479668    -0.03400993    0.000486546    -0.03040818    -0.08740616    0.09502083    0.1317721    -0.09194189    -0.06255202    -0.03539781    -0.01407046    -0.07228424    -0.02006017    0.1893294
-0.01463525    -0.04980882    -0.01457506    -0.02608941    -0.001656392    0.07850804    -0.0856209    -0.1056197    0.1133986    0.0007486661    0.01734315    0.04309511    -0.02343641    -0.02140191    -0.009301442    1    -0.001034051    -0.579239    -0.05867098    -0.04234761    0.1382248    -0.1010063    -0.1181271    0.1294664    -0.007491122    0.07484761    -0.01597461    -0.049203    0.07849913    -0.07678051
0.05181037    0.02939106    -0.09599375    -0.01004011    0.007903905    -0.1199364    0.01882001    -0.01655692    -0.1316171    0.1588583    0.03201973    -0.02085941    -0.004841111    -0.004567032    0.01479668    -0.001034051    1    -0.09055389    -0.6628608    0.215994    -0.06989538    -0.0192651    -0.02870464    -0.05331268    0.1613306    -0.06771765    0.1236452    0.06226058    -0.05879155    0.002915948
0.01589474    0.0282521    0.01263565    -0.002437374    -0.01744658    -0.07392843    -0.04591214    -0.05189201    -0.1173357    0.1232686    0.01787652    0.009273937    0.01775051    0.002897947    -0.03400993    -0.579239    -0.09055389    1    -0.07619338    -0.3353676    -0.04637593    -0.01327594    -0.01216512    -0.1050565    0.1012851    -0.06700186    0.1008299    0.09021291    -0.1016921    0.006992843
-0.02019697    -0.02032628    0.05974952    0.03188205    -0.02147395    0.07351146    -0.08652181    -0.07081788    0.1024472    -0.03780868    0.02694501    0.03100812    -0.02700405    -0.02634923    0.000486546    -0.05867098    -0.6628608    -0.07619338    1    -0.4102918    0.08484749    -0.06856461    -0.05318095    0.08221421    -0.06570621    0.0406931    -0.09395322    0.004966285    0.08527794    -0.06502711
-0.02471695    -0.005364617    -0.008053537    0.02076203    0.04351178    -0.01079453    0.1234961    0.1678069    0.009415141    -0.1402384    -0.04629005    -0.005797631    0.04102495    0.00771561    -0.03040818    -0.04234761    0.215994    -0.3353676    -0.4102918    1    -0.07821168    0.1329422    0.1285754    -0.0516458    -0.09295207    -0.004873319    -0.03541442    -0.05105197    0.03320421    0.1093209
0.002495352    -0.05500384    0.01476087    0.0273028    -0.004975716    0.01467314    -0.04394607    -0.03159241    0.04203302    -0.016513    0.1466345    -0.07496105    -0.09967928    0.09413331    -0.08740616    0.1382248    -0.06989538    -0.04637593    0.08484749    -0.07821168    1    0.08307113    -0.7420018    -0.008477842    0.04639755    0.02909142    -0.04350528    -0.03371367    0.04585759    -0.02389875
0.04765882    0.0775712    0.04040646    -0.03275836    -0.03150259    0.06239902    0.09673396    0.07119526    -0.05692418    -0.02724403    -0.1154991    -0.007539423    0.001884377    -0.08926423    0.09502083    -0.1010063    -0.0192651    -0.01327594    -0.06856461    0.1329422    0.08307113    1    -0.2725877    -0.7281742    0.2765941    -0.1091448    -0.007306813    0.03182174    -0.04935718    0.0728043
0.01847864    0.04114692    0.03791615    0.04043774    -0.05495429    -0.04012994    0.0276814    0.0556002    0.01072055    -0.05865519    -0.07483015    -0.02237398    -0.005159384    -0.08340011    0.1317721    -0.1181271    -0.02870464    -0.01216512    -0.05318095    0.1285754    -0.7420018    -0.2725877    1    0.04992343    -0.4475786    -0.01029794    0.0445743    -0.04654775    -0.08025335    0.09416794
-0.0317782    -0.04261286    -0.03582933    0.02211787    0.01864647    -0.01900413    -0.06053421    -0.04010761    0.07538717    -0.008572269    0.09016413    -0.04811682    -0.0214819    0.1087012    -0.09194189    0.1294664    -0.05331268    -0.1050565    0.08221421    -0.0516458    -0.008477842    -0.7281742    0.04992343    1    -0.415051    0.08384519    -0.06041069    -0.04414082    0.04883029    -0.02964455
-0.02572067    -0.01158015    -0.02765075    -0.07123751    0.05643003    0.006453528    -0.02788691    -0.04565419    -0.06389458    0.1011114    -0.03686495    0.1193005    0.090265    -0.02464907    -0.06255202    -0.007491122    0.1613306    0.1012851    -0.06570621    -0.09295207    0.04639755    0.2765941    -0.4475786    -0.415051    1    -0.005177015    0.03199429    0.07861487    0.02983168    -0.09790985
0.03712324    -0.08264246    -0.0523483    0.02799873    0.003165527    0.001167938    -0.05885864    -0.03250702    0.03809489    -0.005129683    0.1247479    -0.01358936    -0.07272416    -0.03432942    -0.03539781    0.07484761    -0.06771765    -0.06700186    0.0406931    -0.004873319    0.02909142    -0.1091448    -0.01029794    0.08384519    -0.005177015    1    0.1817067    -0.7009072    -0.08989701    0.03300119
0.03232202    0.03509002    0.05228823    0.007682849    -0.08094346    0.05053197    0.0583429    0.0261017    -0.01927009    -0.05665335    0.03731564    0.1224614    0.01843433    -0.06872039    -0.01407046    -0.01597461    0.1236452    0.1008299    -0.09395322    -0.03541442    -0.04350528    -0.007306813    0.0445743    -0.06041069    0.03199429    0.1817067    1    -0.3427951    -0.6935129    0.2865004
0.003961423    0.08727938    0.03947899    -0.00437235    -0.04962389    -0.01818723    0.05671484    0.07046367    0.02828198    -0.05422545    -0.05032255    0.04695277    0.1040985    0.03435553    -0.07228424    -0.049203    0.06226058    0.09021291    0.004966285    -0.05105197    -0.03371367    0.03182174    -0.04654775    -0.04414082    0.07861487    -0.7009072    -0.3427951    1    0.168816    -0.5352536
-0.00939065    -0.01425881    -0.0654458    -0.0193285    0.07747945    0.04460723    -0.03082633    -0.03621001    0.01954596    0.02654571    0.01771883    -0.0454947    -0.02393191    0.0737631    -0.02006017    0.07849913    -0.05879155    -0.1016921    0.08527794    0.03320421    0.04585759    -0.04935718    -0.08025335    0.04883029    0.02983168    -0.08989701    -0.6935129    0.168816    1    -0.3929891
-0.02143709    -0.03656455    0.004523582    0.01424113    0.05062756    -0.02469238    -0.03504148    -0.03441768    -0.05823883    0.04879514    -0.06651712    -0.04076742    -0.04458224    -0.04120934    0.1893294    -0.07678051    0.002915948    0.006992843    -0.06502711    0.1093209    -0.02389875    0.0728043    0.09416794    -0.02964455    -0.09790985    0.03300119    0.2865004    -0.5352536    -0.3929891    1
