1    -0.001034051    -0.579239    -0.05867098    -0.04234761    0.006205996    -0.04536    -0.04454224    0.05416779    0.02253377
-0.001034051    1    -0.09055389    -0.6628608    0.215994    -0.05024673    -0.06945978    0.009381559    0.01061502    0.01837359
-0.579239    -0.09055389    1    -0.07619338    -0.3353676    -0.0330276    -0.001933388    0.0310004    -0.0564712    0.02378692
-0.05867098    -0.6628608    -0.07619338    1    -0.4102918    0.02326669    0.06403814    0.007936171    -0.01270575    -0.00454762
-0.04234761    0.215994    -0.3353676    -0.4102918    1    0.02148646    -0.01187482    -0.007712549    0.02312026    -0.04965794
0.006205996    -0.05024673    -0.0330276    0.02326669    0.02148646    1    0.101416    -0.7969551    -0.2103847    0.2428828
-0.04536    -0.06945978    -0.001933388    0.06403814    -0.01187482    0.101416    1    0.04487903    -0.7812895    0.1599303
-0.04454224    0.009381559    0.0310004    0.007936171    -0.007712549    -0.7969551    0.04487903    1    0.1790457    -0.582267
0.05416779    0.01061502    -0.0564712    -0.01270575    0.02312026    -0.2103847    -0.7812895    0.1790457    1    -0.5209955
0.02253377    0.01837359    0.02378692    -0.00454762    -0.04965794    0.2428828    0.1599303    -0.582267    -0.5209955    1
