1.895892e-06    2.157595e-06    4.194005e-07    -4.144055e-07    -1.334651e-06    -2.96803e-07    3.034721e-06    1.895577e-06    -7.841241e-07    -1.933252e-06
2.157595e-06    1.204235e-05    6.41291e-06    -7.662621e-07    -6.450913e-06    -2.373973e-07    1.013855e-05    7.236849e-06    -1.997622e-06    -7.126888e-06
4.194005e-07    6.41291e-06    6.045488e-06    9.926894e-07    -4.932386e-06    -2.623857e-07    5.454662e-06    4.038688e-06    -1.030182e-06    -3.804808e-06
-4.144055e-07    -7.662621e-07    9.926894e-07    3.37897e-06    -1.880869e-06    8.358264e-08    -5.75104e-07    -1.025076e-06    6.247792e-07    5.045659e-07
-1.334651e-06    -6.450913e-06    -4.932386e-06    -1.880869e-06    7.032047e-06    1.442459e-07    -6.112496e-06    -3.434902e-06    1.130033e-06    3.760211e-06
-2.96803e-07    -2.373973e-07    -2.623857e-07    8.358264e-08    1.442459e-07    2.012641e-06    -1.084462e-06    -2.528048e-06    5.52929e-07    8.895366e-07
3.034721e-06    1.013855e-05    5.454662e-06    -5.75104e-07    -6.112496e-06    -1.084462e-06    1.231489e-05    7.399215e-06    -4.367598e-06    -6.808388e-06
1.895577e-06    7.236849e-06    4.038688e-06    -1.025076e-06    -3.434902e-06    -2.528048e-06    7.399215e-06    8.376002e-06    -2.191953e-06    -5.799055e-06
-7.841241e-07    -1.997622e-06    -1.030182e-06    6.247792e-07    1.130033e-06    5.52929e-07    -4.367598e-06    -2.191953e-06    2.952375e-06    1.537028e-06
-1.933252e-06    -7.126888e-06    -3.804808e-06    5.045659e-07    3.760211e-06    8.895366e-07    -6.808388e-06    -5.799055e-06    1.537028e-06    5.02213e-06
