1.304262e-06    6.247221e-08    -3.078309e-07    1.517268e-07    -1.02564e-06    6.869615e-07    -5.635793e-07    -1.098951e-06    5.347632e-07    3.303954e-07
6.247221e-08    5.800965e-06    7.090695e-06    1.356825e-06    -5.936589e-06    -2.695413e-08    6.268215e-06    4.344499e-06    -1.012554e-06    -4.468681e-06
-3.078309e-07    7.090695e-06    9.871788e-06    2.108438e-06    -7.461141e-06    -5.198514e-07    9.323847e-06    6.797128e-06    -2.065318e-06    -6.406669e-06
1.517268e-07    1.356825e-06    2.108438e-06    2.273703e-06    -2.530292e-06    -9.557496e-07    2.811274e-06    2.298354e-06    -5.705167e-07    -1.804445e-06
-1.02564e-06    -5.936589e-06    -7.461141e-06    -2.530292e-06    7.901383e-06    2.414846e-07    -6.812714e-06    -4.260756e-06    1.02636e-06    4.525837e-06
6.869615e-07    -2.695413e-08    -5.198514e-07    -9.557496e-07    2.414846e-07    2.012641e-06    -1.084462e-06    -2.528048e-06    5.52929e-07    8.895366e-07
-5.635793e-07    6.268215e-06    9.323847e-06    2.811274e-06    -6.812714e-06    -1.084462e-06    1.231489e-05    7.399215e-06    -4.367598e-06    -6.808388e-06
-1.098951e-06    4.344499e-06    6.797128e-06    2.298354e-06    -4.260756e-06    -2.528048e-06    7.399215e-06    8.376002e-06    -2.191953e-06    -5.799055e-06
5.347632e-07    -1.012554e-06    -2.065318e-06    -5.705167e-07    1.02636e-06    5.52929e-07    -4.367598e-06    -2.191953e-06    2.952375e-06    1.537028e-06
3.303954e-07    -4.468681e-06    -6.406669e-06    -1.804445e-06    4.525837e-06    8.895366e-07    -6.808388e-06    -5.799055e-06    1.537028e-06    5.02213e-06
