2.938365e-06    5.52461e-07    -3.828623e-07    -3.597655e-07    -1.475985e-06    -1.756157e-06    1.795275e-06    3.171547e-06    -3.086012e-07    -1.692636e-06
5.52461e-07    8.959781e-06    7.379887e-06    -3.554531e-07    -6.442373e-06    -1.401671e-08    9.157972e-06    5.116624e-06    -2.797721e-06    -5.239516e-06
-3.828623e-07    7.379887e-06    7.571474e-06    4.759414e-07    -6.435171e-06    2.350078e-07    8.099165e-06    4.19075e-06    -2.706966e-06    -4.453045e-06
-3.597655e-07    -3.554531e-07    4.759414e-07    2.226733e-06    -1.332381e-06    2.254298e-07    1.426095e-08    -1.501095e-07    3.764086e-07    -2.25456e-07
-1.475985e-06    -6.442373e-06    -6.435171e-06    -1.332381e-06    9.474392e-06    6.272223e-07    -8.224909e-06    -4.586722e-06    2.400732e-06    4.539266e-06
-1.756157e-06    -1.401671e-08    2.350078e-07    2.254298e-07    6.272223e-07    2.012641e-06    -1.084462e-06    -2.528048e-06    5.52929e-07    8.895366e-07
1.795275e-06    9.157972e-06    8.099165e-06    1.426095e-08    -8.224909e-06    -1.084462e-06    1.231489e-05    7.399215e-06    -4.367598e-06    -6.808388e-06
3.171547e-06    5.116624e-06    4.19075e-06    -1.501095e-07    -4.586722e-06    -2.528048e-06    7.399215e-06    8.376002e-06    -2.191953e-06    -5.799055e-06
-3.086012e-07    -2.797721e-06    -2.706966e-06    3.764086e-07    2.400732e-06    5.52929e-07    -4.367598e-06    -2.191953e-06    2.952375e-06    1.537028e-06
-1.692636e-06    -5.239516e-06    -4.453045e-06    -2.25456e-07    4.539266e-06    8.895366e-07    -6.808388e-06    -5.799055e-06    1.537028e-06    5.02213e-06
