4.849772e-06    -3.047043e-06    -7.490563e-06    1.542418e-06    1.861612e-06    -8.158395e-07    2.910662e-06    1.745415e-06    -1.515083e-06    -8.349355e-07    6.232001e-08    5.186026e-06    3.375392e-06    -1.100982e-06    -3.543336e-06    1.445496e-06    -5.229968e-06    -4.480421e-06    1.771842e-06    2.879586e-06
-3.047043e-06    7.856725e-06    1.943641e-06    -1.931082e-06    -1.853322e-06    1.241838e-06    -1.335136e-06    -1.146682e-06    3.249424e-07    7.964715e-07    1.104649e-07    -6.62374e-06    -3.425884e-06    3.160088e-06    3.095041e-06    -1.639453e-06    7.262567e-07    4.535072e-06    8.423702e-07    -2.393524e-06
-7.490563e-06    1.943641e-06    2.079375e-05    -5.712522e-06    -7.156094e-06    2.336e-06    -7.062268e-06    -3.955277e-06    4.086231e-06    7.519175e-07    1.488208e-06    -9.35824e-06    -9.609278e-06    2.708407e-07    8.661349e-06    -1.65281e-06    1.131018e-05    9.786136e-06    -3.681406e-06    -6.642458e-06
1.542418e-06    -1.931082e-06    -5.712522e-06    3.202605e-06    2.5928e-06    -4.551883e-07    1.005438e-06    5.138281e-07    -8.305852e-07    1.841352e-07    -4.574869e-07    2.884926e-06    2.803261e-06    -1.419002e-07    -2.539064e-06    2.410945e-07    -1.76894e-06    -2.490338e-06    8.834236e-08    1.642081e-06
1.861612e-06    -1.853322e-06    -7.156094e-06    2.5928e-06    3.888566e-06    -2.114256e-06    3.73205e-06    2.282252e-06    -1.959185e-06    -2.802366e-07    -8.285288e-07    4.916678e-06    4.584986e-06    -8.433205e-07    -3.912562e-06    6.599935e-07    -3.600673e-06    -4.711964e-06    8.063845e-07    2.867519e-06
-8.158395e-07    1.241838e-06    2.336e-06    -4.551883e-07    -2.114256e-06    3.754343e-06    -3.832111e-06    -4.291812e-06    2.138215e-06    9.871281e-07    5.059417e-07    -4.242076e-06    -3.149033e-06    1.601218e-06    2.472219e-06    -4.601461e-07    1.915335e-06    3.841734e-06    2.49654e-07    -2.761649e-06
2.910662e-06    -1.335136e-06    -7.062268e-06    1.005438e-06    3.73205e-06    -3.832111e-06    1.135959e-05    5.702841e-06    -5.382542e-06    -2.633526e-06    5.212924e-07    7.553309e-06    3.714753e-06    -1.20115e-06    -4.758459e-06    2.369754e-06    -1.041404e-05    -8.490489e-06    3.827733e-06    5.040662e-06
1.745415e-06    -1.146682e-06    -3.955277e-06    5.138281e-07    2.282252e-06    -4.291812e-06    5.702841e-06    6.4487e-06    -3.053533e-06    -2.333134e-06    -3.802366e-07    5.208769e-06    3.898146e-06    -1.674692e-06    -3.220862e-06    1.312058e-06    -4.202481e-06    -6.119409e-06    2.182134e-07    4.537761e-06
-1.515083e-06    3.249424e-07    4.086231e-06    -8.305852e-07    -1.959185e-06    2.138215e-06    -5.382542e-06    -3.053533e-06    3.048471e-06    1.052605e-06    -2.005035e-07    -3.718627e-06    -2.033643e-06    6.12237e-07    2.471756e-06    -1.125539e-06    4.881839e-06    4.194437e-06    -1.666307e-06    -2.656167e-06
-8.349355e-07    7.964715e-07    7.519175e-07    1.841352e-07    -2.802366e-07    9.871281e-07    -2.633526e-06    -2.333134e-06    1.052605e-06    1.67151e-06    3.985317e-08    -1.830977e-06    -1.036181e-06    4.908935e-07    9.713513e-07    -8.787175e-07    2.563928e-06    2.649952e-06    -5.111602e-07    -1.98787e-06
6.232001e-08    1.104649e-07    1.488208e-06    -4.574869e-07    -8.285288e-07    5.059417e-07    5.212924e-07    -3.802366e-07    -2.005035e-07    3.985317e-08    2.012641e-06    -1.084462e-06    -2.528048e-06    5.52929e-07    8.895366e-07    9.48905e-07    -3.825073e-07    4.381187e-07    1.063413e-06    -1.466498e-06
5.186026e-06    -6.62374e-06    -9.35824e-06    2.884926e-06    4.916678e-06    -4.242076e-06    7.553309e-06    5.208769e-06    -3.718627e-06    -1.830977e-06    -1.084462e-06    1.231489e-05    7.399215e-06    -4.367598e-06    -6.808388e-06    1.72146e-06    -6.54408e-06    -9.446553e-06    8.211617e-07    6.436637e-06
3.375392e-06    -3.425884e-06    -9.609278e-06    2.803261e-06    4.584986e-06    -3.149033e-06    3.714753e-06    3.898146e-06    -2.033643e-06    -1.036181e-06    -2.528048e-06    7.399215e-06    8.376002e-06    -2.191953e-06    -5.799055e-06    7.963248e-07    -4.080511e-06    -7.337931e-06    -1.991423e-07    5.589085e-06
-1.100982e-06    3.160088e-06    2.708407e-07    -1.419002e-07    -8.433205e-07    1.601218e-06    -1.20115e-06    -1.674692e-06    6.12237e-07    4.908935e-07    5.52929e-07    -4.367598e-06    -2.191953e-06    2.952375e-06    1.537028e-06    -4.086712e-07    -6.704712e-07    2.402768e-06    1.33441e-06    -1.868352e-06
-3.543336e-06    3.095041e-06    8.661349e-06    -2.539064e-06    -3.912562e-06    2.472219e-06    -4.758459e-06    -3.220862e-06    2.471756e-06    9.713513e-07    8.895366e-07    -6.808388e-06    -5.799055e-06    1.537028e-06    5.02213e-06    -1.252599e-06    5.302267e-06    6.588586e-06    -1.213404e-06    -4.279908e-06
1.445496e-06    -1.639453e-06    -1.65281e-06    2.410945e-07    6.599935e-07    -4.601461e-07    2.369754e-06    1.312058e-06    -1.125539e-06    -8.787175e-07    9.48905e-07    1.72146e-06    7.963248e-07    -4.086712e-07    -1.252599e-06    2.042946e-06    -2.69479e-06    -3.387163e-06    1.215098e-06    1.34942e-06
-5.229968e-06    7.262567e-07    1.131018e-05    -1.76894e-06    -3.600673e-06    1.915335e-06    -1.041404e-05    -4.202481e-06    4.881839e-06    2.563928e-06    -3.825073e-07    -6.54408e-06    -4.080511e-06    -6.704712e-07    5.302267e-06    -2.69479e-06    1.45984e-05    8.449231e-06    -6.309037e-06    -5.211504e-06
-4.480421e-06    4.535072e-06    9.786136e-06    -2.490338e-06    -4.711964e-06    3.841734e-06    -8.490489e-06    -6.119409e-06    4.194437e-06    2.649952e-06    4.381187e-07    -9.446553e-06    -7.337931e-06    2.402768e-06    6.588586e-06    -3.387163e-06    8.449231e-06    1.166077e-05    -1.988424e-06    -7.266528e-06
1.771842e-06    8.423702e-07    -3.681406e-06    8.834236e-08    8.063845e-07    2.49654e-07    3.827733e-06    2.182134e-07    -1.666307e-06    -5.111602e-07    1.063413e-06    8.211617e-07    -1.991423e-07    1.33441e-06    -1.213404e-06    1.215098e-06    -6.309037e-06    -1.988424e-06    3.870671e-06    3.912732e-07
2.879586e-06    -2.393524e-06    -6.642458e-06    1.642081e-06    2.867519e-06    -2.761649e-06    5.040662e-06    4.537761e-06    -2.656167e-06    -1.98787e-06    -1.466498e-06    6.436637e-06    5.589085e-06    -1.868352e-06    -4.279908e-06    1.34942e-06    -5.211504e-06    -7.266528e-06    3.912732e-07    5.803184e-06
