1.895892e-06    2.157595e-06    4.194005e-07    -4.144055e-07    -1.334651e-06    -1.051188e-06    1.954611e-06    4.806276e-07    -1.106102e-06    1.908811e-07    -2.96803e-07    3.034721e-06    1.895577e-06    -7.841241e-07    -1.933252e-06    1.474904e-08    -2.211087e-06    -1.404647e-06    9.881394e-07    7.736426e-07
2.157595e-06    1.204235e-05    6.41291e-06    -7.662621e-07    -6.450913e-06    -3.410957e-06    8.484664e-06    5.064099e-06    -3.889718e-06    -2.017576e-06    -2.373973e-07    1.013855e-05    7.236849e-06    -1.997622e-06    -7.126888e-06    2.494924e-06    -8.598658e-06    -1.034952e-05    2.248873e-06    6.080295e-06
4.194005e-07    6.41291e-06    6.045488e-06    9.926894e-07    -4.932386e-06    -2.042503e-06    6.380973e-06    4.191443e-06    -3.064422e-06    -2.442863e-06    -2.623857e-07    5.454662e-06    4.038688e-06    -1.030182e-06    -3.804808e-06    2.220789e-06    -6.740459e-06    -7.615849e-06    1.822286e-06    5.105769e-06
-4.144055e-07    -7.662621e-07    9.926894e-07    3.37897e-06    -1.880869e-06    2.994416e-07    2.098492e-06    4.747897e-07    -1.03357e-06    -6.86526e-07    8.358264e-08    -5.75104e-07    -1.025076e-06    6.247792e-07    5.045659e-07    4.661619e-07    -3.390079e-06    -4.684762e-07    1.6387e-06    7.151106e-07
-1.334651e-06    -6.450913e-06    -4.932386e-06    -1.880869e-06    7.032047e-06    2.198138e-06    -7.494797e-06    -3.847171e-06    3.195481e-06    2.073878e-06    1.442459e-07    -6.112496e-06    -3.434902e-06    1.130033e-06    3.760211e-06    -1.735677e-06    8.692024e-06    6.530776e-06    -3.036401e-06    -4.468353e-06
-1.051188e-06    -3.410957e-06    -2.042503e-06    2.994416e-07    2.198138e-06    3.754343e-06    -3.832111e-06    -4.291812e-06    2.138215e-06    9.871281e-07    5.059417e-07    -4.242076e-06    -3.149033e-06    1.601218e-06    2.472219e-06    -4.601461e-07    1.915335e-06    3.841734e-06    2.49654e-07    -2.761649e-06
1.954611e-06    8.484664e-06    6.380973e-06    2.098492e-06    -7.494797e-06    -3.832111e-06    1.135959e-05    5.702841e-06    -5.382542e-06    -2.633526e-06    5.212924e-07    7.553309e-06    3.714753e-06    -1.20115e-06    -4.758459e-06    2.369754e-06    -1.041404e-05    -8.490489e-06    3.827733e-06    5.040662e-06
4.806276e-07    5.064099e-06    4.191443e-06    4.747897e-07    -3.847171e-06    -4.291812e-06    5.702841e-06    6.4487e-06    -3.053533e-06    -2.333134e-06    -3.802366e-07    5.208769e-06    3.898146e-06    -1.674692e-06    -3.220862e-06    1.312058e-06    -4.202481e-06    -6.119409e-06    2.182134e-07    4.537761e-06
-1.106102e-06    -3.889718e-06    -3.064422e-06    -1.03357e-06    3.195481e-06    2.138215e-06    -5.382542e-06    -3.053533e-06    3.048471e-06    1.052605e-06    -2.005035e-07    -3.718627e-06    -2.033643e-06    6.12237e-07    2.471756e-06    -1.125539e-06    4.881839e-06    4.194437e-06    -1.666307e-06    -2.656167e-06
1.908811e-07    -2.017576e-06    -2.442863e-06    -6.86526e-07    2.073878e-06    9.871281e-07    -2.633526e-06    -2.333134e-06    1.052605e-06    1.67151e-06    3.985317e-08    -1.830977e-06    -1.036181e-06    4.908935e-07    9.713513e-07    -8.787175e-07    2.563928e-06    2.649952e-06    -5.111602e-07    -1.98787e-06
-2.96803e-07    -2.373973e-07    -2.623857e-07    8.358264e-08    1.442459e-07    5.059417e-07    5.212924e-07    -3.802366e-07    -2.005035e-07    3.985317e-08    2.012641e-06    -1.084462e-06    -2.528048e-06    5.52929e-07    8.895366e-07    9.48905e-07    -3.825073e-07    4.381187e-07    1.063413e-06    -1.466498e-06
3.034721e-06    1.013855e-05    5.454662e-06    -5.75104e-07    -6.112496e-06    -4.242076e-06    7.553309e-06    5.208769e-06    -3.718627e-06    -1.830977e-06    -1.084462e-06    1.231489e-05    7.399215e-06    -4.367598e-06    -6.808388e-06    1.72146e-06    -6.54408e-06    -9.446553e-06    8.211617e-07    6.436637e-06
1.895577e-06    7.236849e-06    4.038688e-06    -1.025076e-06    -3.434902e-06    -3.149033e-06    3.714753e-06    3.898146e-06    -2.033643e-06    -1.036181e-06    -2.528048e-06    7.399215e-06    8.376002e-06    -2.191953e-06    -5.799055e-06    7.963248e-07    -4.080511e-06    -7.337931e-06    -1.991423e-07    5.589085e-06
-7.841241e-07    -1.997622e-06    -1.030182e-06    6.247792e-07    1.130033e-06    1.601218e-06    -1.20115e-06    -1.674692e-06    6.12237e-07    4.908935e-07    5.52929e-07    -4.367598e-06    -2.191953e-06    2.952375e-06    1.537028e-06    -4.086712e-07    -6.704712e-07    2.402768e-06    1.33441e-06    -1.868352e-06
-1.933252e-06    -7.126888e-06    -3.804808e-06    5.045659e-07    3.760211e-06    2.472219e-06    -4.758459e-06    -3.220862e-06    2.471756e-06    9.713513e-07    8.895366e-07    -6.808388e-06    -5.799055e-06    1.537028e-06    5.02213e-06    -1.252599e-06    5.302267e-06    6.588586e-06    -1.213404e-06    -4.279908e-06
1.474904e-08    2.494924e-06    2.220789e-06    4.661619e-07    -1.735677e-06    -4.601461e-07    2.369754e-06    1.312058e-06    -1.125539e-06    -8.787175e-07    9.48905e-07    1.72146e-06    7.963248e-07    -4.086712e-07    -1.252599e-06    2.042946e-06    -2.69479e-06    -3.387163e-06    1.215098e-06    1.34942e-06
-2.211087e-06    -8.598658e-06    -6.740459e-06    -3.390079e-06    8.692024e-06    1.915335e-06    -1.041404e-05    -4.202481e-06    4.881839e-06    2.563928e-06    -3.825073e-07    -6.54408e-06    -4.080511e-06    -6.704712e-07    5.302267e-06    -2.69479e-06    1.45984e-05    8.449231e-06    -6.309037e-06    -5.211504e-06
-1.404647e-06    -1.034952e-05    -7.615849e-06    -4.684762e-07    6.530776e-06    3.841734e-06    -8.490489e-06    -6.119409e-06    4.194437e-06    2.649952e-06    4.381187e-07    -9.446553e-06    -7.337931e-06    2.402768e-06    6.588586e-06    -3.387163e-06    8.449231e-06    1.166077e-05    -1.988424e-06    -7.266528e-06
9.881394e-07    2.248873e-06    1.822286e-06    1.6387e-06    -3.036401e-06    2.49654e-07    3.827733e-06    2.182134e-07    -1.666307e-06    -5.111602e-07    1.063413e-06    8.211617e-07    -1.991423e-07    1.33441e-06    -1.213404e-06    1.215098e-06    -6.309037e-06    -1.988424e-06    3.870671e-06    3.912732e-07
7.736426e-07    6.080295e-06    5.105769e-06    7.151106e-07    -4.468353e-06    -2.761649e-06    5.040662e-06    4.537761e-06    -2.656167e-06    -1.98787e-06    -1.466498e-06    6.436637e-06    5.589085e-06    -1.868352e-06    -4.279908e-06    1.34942e-06    -5.211504e-06    -7.266528e-06    3.912732e-07    5.803184e-06
