7.716902e-06    -1.213243e-05    -8.158074e-06    7.231402e-06    2.228366e-06    3.048926e-06    -7.857391e-06    -4.697428e-06    3.606138e-06    2.352281e-06    -2.532235e-07    -8.044572e-06    -4.28264e-06    2.162329e-06    4.713685e-06    -2.232231e-06    7.205597e-06    7.727194e-06    -1.966752e-06    -4.635505e-06    9.071482e-07    2.720739e-06    3.244999e-06    -2.304424e-06    -5.140198e-06
-1.213243e-05    2.44415e-05    1.208992e-05    -1.38656e-05    -3.893199e-06    -5.682616e-06    1.445993e-05    8.526558e-06    -7.002733e-06    -3.495501e-06    -6.118096e-07    1.495618e-05    9.009056e-06    -3.671042e-06    -9.230144e-06    3.098526e-06    -1.453592e-05    -1.396551e-05    3.812896e-06    9.385665e-06    -1.460335e-06    -4.711882e-06    -6.600165e-06    3.760002e-06    1.051444e-05
-8.158074e-06    1.208992e-05    1.090864e-05    -8.808035e-06    -3.11613e-06    -2.710394e-06    8.076771e-06    4.669174e-06    -3.546134e-06    -2.776098e-06    5.012516e-07    8.480423e-06    4.990246e-06    -1.669417e-06    -5.537933e-06    3.087684e-06    -9.123609e-06    -9.02004e-06    3.358489e-06    5.069419e-06    -2.114325e-06    -2.885319e-06    -2.683041e-06    3.398356e-06    5.407097e-06
7.231402e-06    -1.38656e-05    -8.808035e-06    9.812327e-06    2.518798e-06    2.956058e-06    -8.146929e-06    -4.768451e-06    3.796073e-06    2.165088e-06    -9.89442e-08    -8.641201e-06    -6.002099e-06    1.345195e-06    6.213271e-06    -2.574243e-06    9.31085e-06    9.240765e-06    -2.990247e-06    -5.475627e-06    1.805972e-06    3.263385e-06    3.6206e-06    -3.204842e-06    -6.505065e-06
2.228366e-06    -3.893199e-06    -3.11613e-06    2.518798e-06    1.462973e-06    1.061803e-06    -2.030484e-06    -1.429439e-06    8.6445e-07    6.520328e-07    4.873561e-07    -3.276024e-06    -2.40613e-06    1.084535e-06    2.015485e-06    -6.81722e-07    2.403169e-06    2.763747e-06    -6.315515e-07    -1.869465e-06    2.550483e-07    8.511833e-07    1.10169e-06    -1.076708e-06    -1.635185e-06
3.048926e-06    -5.682616e-06    -2.710394e-06    2.956058e-06    1.061803e-06    3.754343e-06    -3.832111e-06    -4.291812e-06    2.138215e-06    9.871281e-07    5.059417e-07    -4.242076e-06    -3.149033e-06    1.601218e-06    2.472219e-06    -4.601461e-07    1.915335e-06    3.841734e-06    2.49654e-07    -2.761649e-06    -5.567399e-07    1.977893e-06    2.879858e-06    -9.798193e-07    -3.498761e-06
-7.857391e-06    1.445993e-05    8.076771e-06    -8.146929e-06    -2.030484e-06    -3.832111e-06    1.135959e-05    5.702841e-06    -5.382542e-06    -2.633526e-06    5.212924e-07    7.553309e-06    3.714753e-06    -1.20115e-06    -4.758459e-06    2.369754e-06    -1.041404e-05    -8.490489e-06    3.827733e-06    5.040662e-06    -2.073666e-06    -2.030622e-06    -3.524029e-06    1.323243e-06    7.093958e-06
-4.697428e-06    8.526558e-06    4.669174e-06    -4.768451e-06    -1.429439e-06    -4.291812e-06    5.702841e-06    6.4487e-06    -3.053533e-06    -2.333134e-06    -3.802366e-07    5.208769e-06    3.898146e-06    -1.674692e-06    -3.220862e-06    1.312058e-06    -4.202481e-06    -6.119409e-06    2.182134e-07    4.537761e-06    2.989835e-07    -2.948689e-06    -3.842131e-06    2.003815e-06    4.990796e-06
3.606138e-06    -7.002733e-06    -3.546134e-06    3.796073e-06    8.6445e-07    2.138215e-06    -5.382542e-06    -3.053533e-06    3.048471e-06    1.052605e-06    -2.005035e-07    -3.718627e-06    -2.033643e-06    6.12237e-07    2.471756e-06    -1.125539e-06    4.881839e-06    4.194437e-06    -1.666307e-06    -2.656167e-06    6.409327e-07    1.11317e-06    2.086512e-06    -5.211306e-07    -3.698215e-06
2.352281e-06    -3.495501e-06    -2.776098e-06    2.165088e-06    6.520328e-07    9.871281e-07    -2.633526e-06    -2.333134e-06    1.052605e-06    1.67151e-06    3.985317e-08    -1.830977e-06    -1.036181e-06    4.908935e-07    9.713513e-07    -8.787175e-07    2.563928e-06    2.649952e-06    -5.111602e-07    -1.98787e-06    1.867862e-07    1.320564e-06    9.319917e-07    -1.271805e-06    -1.602917e-06
-2.532235e-07    -6.118096e-07    5.012516e-07    -9.89442e-08    4.873561e-07    5.059417e-07    5.212924e-07    -3.802366e-07    -2.005035e-07    3.985317e-08    2.012641e-06    -1.084462e-06    -2.528048e-06    5.52929e-07    8.895366e-07    9.48905e-07    -3.825073e-07    4.381187e-07    1.063413e-06    -1.466498e-06    -1.393222e-06    8.301806e-07    9.018598e-07    -2.583488e-07    -4.886494e-07
-8.044572e-06    1.495618e-05    8.480423e-06    -8.641201e-06    -3.276024e-06    -4.242076e-06    7.553309e-06    5.208769e-06    -3.718627e-06    -1.830977e-06    -1.084462e-06    1.231489e-05    7.399215e-06    -4.367598e-06    -6.808388e-06    1.72146e-06    -6.54408e-06    -9.446553e-06    8.211617e-07    6.436637e-06    1.497557e-07    -4.017049e-06    -4.602773e-06    3.079215e-06    6.324544e-06
-4.28264e-06    9.009056e-06    4.990246e-06    -6.002099e-06    -2.40613e-06    -3.149033e-06    3.714753e-06    3.898146e-06    -2.033643e-06    -1.036181e-06    -2.528048e-06    7.399215e-06    8.376002e-06    -2.191953e-06    -5.799055e-06    7.963248e-07    -4.080511e-06    -7.337931e-06    -1.991423e-07    5.589085e-06    9.965162e-07    -3.367491e-06    -4.180766e-06    2.342108e-06    5.217283e-06
2.162329e-06    -3.671042e-06    -1.669417e-06    1.345195e-06    1.084535e-06    1.601218e-06    -1.20115e-06    -1.674692e-06    6.12237e-07    4.908935e-07    5.52929e-07    -4.367598e-06    -2.191953e-06    2.952375e-06    1.537028e-06    -4.086712e-07    -6.704712e-07    2.402768e-06    1.33441e-06    -1.868352e-06    -1.016515e-06    1.501501e-06    1.494171e-06    -9.541202e-07    -1.181335e-06
4.713685e-06    -9.230144e-06    -5.537933e-06    6.213271e-06    2.015485e-06    2.472219e-06    -4.758459e-06    -3.220862e-06    2.471756e-06    9.713513e-07    8.895366e-07    -6.808388e-06    -5.799055e-06    1.537028e-06    5.02213e-06    -1.252599e-06    5.302267e-06    6.588586e-06    -1.213404e-06    -4.279908e-06    3.244785e-07    2.442932e-06    3.180667e-06    -1.901331e-06    -4.763826e-06
-2.232231e-06    3.098526e-06    3.087684e-06    -2.574243e-06    -6.81722e-07    -4.601461e-07    2.369754e-06    1.312058e-06    -1.125539e-06    -8.787175e-07    9.48905e-07    1.72146e-06    7.963248e-07    -4.086712e-07    -1.252599e-06    2.042946e-06    -2.69479e-06    -3.387163e-06    1.215098e-06    1.34942e-06    -1.130117e-06    -5.08309e-07    -6.593661e-07    9.968651e-07    1.520902e-06
7.205597e-06    -1.453592e-05    -9.123609e-06    9.31085e-06    2.403169e-06    1.915335e-06    -1.041404e-05    -4.202481e-06    4.881839e-06    2.563928e-06    -3.825073e-07    -6.54408e-06    -4.080511e-06    -6.704712e-07    5.302267e-06    -2.69479e-06    1.45984e-05    8.449231e-06    -6.309037e-06    -5.211504e-06    3.346744e-06    1.099782e-06    2.263767e-06    -2.004269e-06    -6.416475e-06
7.727194e-06    -1.396551e-05    -9.02004e-06    9.240765e-06    2.763747e-06    3.841734e-06    -8.490489e-06    -6.119409e-06    4.194437e-06    2.649952e-06    4.381187e-07    -9.446553e-06    -7.337931e-06    2.402768e-06    6.588586e-06    -3.387163e-06    8.449231e-06    1.166077e-05    -1.988424e-06    -7.266528e-06    1.076178e-06    3.748011e-06    4.77905e-06    -3.163997e-06    -7.481366e-06
-1.966752e-06    3.812896e-06    3.358489e-06    -2.990247e-06    -6.315515e-07    2.49654e-07    3.827733e-06    2.182134e-07    -1.666307e-06    -5.111602e-07    1.063413e-06    8.211617e-07    -1.991423e-07    1.33441e-06    -1.213404e-06    1.215098e-06    -6.309037e-06    -1.988424e-06    3.870671e-06    3.912732e-07    -2.585447e-06    9.492862e-07    5.439012e-07    5.526785e-09    1.662706e-06
-4.635505e-06    9.385665e-06    5.069419e-06    -5.475627e-06    -1.869465e-06    -2.761649e-06    5.040662e-06    4.537761e-06    -2.656167e-06    -1.98787e-06    -1.466498e-06    6.436637e-06    5.589085e-06    -1.868352e-06    -4.279908e-06    1.34942e-06    -5.211504e-06    -7.266528e-06    3.912732e-07    5.803184e-06    4.580274e-07    -3.054368e-06    -3.599591e-06    2.367593e-06    4.850665e-06
9.071482e-07    -1.460335e-06    -2.114325e-06    1.805972e-06    2.550483e-07    -5.567399e-07    -2.073666e-06    2.989835e-07    6.409327e-07    1.867862e-07    -1.393222e-06    1.497557e-07    9.965162e-07    -1.016515e-06    3.244785e-07    -1.130117e-06    3.346744e-06    1.076178e-06    -2.585447e-06    4.580274e-07    2.558072e-06    -1.030405e-06    -9.521974e-07    7.201107e-08    -8.596367e-07
2.720739e-06    -4.711882e-06    -2.885319e-06    3.263385e-06    8.511833e-07    1.977893e-06    -2.030622e-06    -2.948689e-06    1.11317e-06    1.320564e-06    8.301806e-07    -4.017049e-06    -3.367491e-06    1.501501e-06    2.442932e-06    -5.08309e-07    1.099782e-06    3.748011e-06    9.492862e-07    -3.054368e-06    -1.030405e-06    3.057108e-06    2.216349e-06    -2.152236e-06    -2.453138e-06
3.244999e-06    -6.600165e-06    -2.683041e-06    3.6206e-06    1.10169e-06    2.879858e-06    -3.524029e-06    -3.842131e-06    2.086512e-06    9.319917e-07    9.018598e-07    -4.602773e-06    -4.180766e-06    1.494171e-06    3.180667e-06    -6.593661e-07    2.263767e-06    4.77905e-06    5.439012e-07    -3.599591e-06    -9.521974e-07    2.216349e-06    3.62826e-06    -1.11566e-06    -3.904295e-06
-2.304424e-06    3.760002e-06    3.398356e-06    -3.204842e-06    -1.076708e-06    -9.798193e-07    1.323243e-06    2.003815e-06    -5.211306e-07    -1.271805e-06    -2.583488e-07    3.079215e-06    2.342108e-06    -9.541202e-07    -1.901331e-06    9.968651e-07    -2.004269e-06    -3.163997e-06    5.526785e-09    2.367593e-06    7.201107e-08    -2.152236e-06    -1.11566e-06    2.469577e-06    1.343457e-06
-5.140198e-06    1.051444e-05    5.407097e-06    -6.505065e-06    -1.635185e-06    -3.498761e-06    7.093958e-06    4.990796e-06    -3.698215e-06    -1.602917e-06    -4.886494e-07    6.324544e-06    5.217283e-06    -1.181335e-06    -4.763826e-06    1.520902e-06    -6.416475e-06    -7.481366e-06    1.662706e-06    4.850665e-06    -8.596367e-07    -2.453138e-06    -3.904295e-06    1.343457e-06    6.550864e-06
