2.012641e-06    -1.084462e-06    -2.528048e-06    5.52929e-07    8.895366e-07    9.48905e-07    -3.825073e-07    4.381187e-07    1.063413e-06    -1.466498e-06
-1.084462e-06    1.231489e-05    7.399215e-06    -4.367598e-06    -6.808388e-06    1.72146e-06    -6.54408e-06    -9.446553e-06    8.211617e-07    6.436637e-06
-2.528048e-06    7.399215e-06    8.376002e-06    -2.191953e-06    -5.799055e-06    7.963248e-07    -4.080511e-06    -7.337931e-06    -1.991423e-07    5.589085e-06
5.52929e-07    -4.367598e-06    -2.191953e-06    2.952375e-06    1.537028e-06    -4.086712e-07    -6.704712e-07    2.402768e-06    1.33441e-06    -1.868352e-06
8.895366e-07    -6.808388e-06    -5.799055e-06    1.537028e-06    5.02213e-06    -1.252599e-06    5.302267e-06    6.588586e-06    -1.213404e-06    -4.279908e-06
9.48905e-07    1.72146e-06    7.963248e-07    -4.086712e-07    -1.252599e-06    2.042946e-06    -2.69479e-06    -3.387163e-06    1.215098e-06    1.34942e-06
-3.825073e-07    -6.54408e-06    -4.080511e-06    -6.704712e-07    5.302267e-06    -2.69479e-06    1.45984e-05    8.449231e-06    -6.309037e-06    -5.211504e-06
4.381187e-07    -9.446553e-06    -7.337931e-06    2.402768e-06    6.588586e-06    -3.387163e-06    8.449231e-06    1.166077e-05    -1.988424e-06    -7.266528e-06
1.063413e-06    8.211617e-07    -1.991423e-07    1.33441e-06    -1.213404e-06    1.215098e-06    -6.309037e-06    -1.988424e-06    3.870671e-06    3.912732e-07
-1.466498e-06    6.436637e-06    5.589085e-06    -1.868352e-06    -4.279908e-06    1.34942e-06    -5.211504e-06    -7.266528e-06    3.912732e-07    5.803184e-06
