2.824795e-06    2.32684e-08    -4.005137e-07    7.244122e-07    -1.687462e-06    2.481218e-06    -4.00357e-06    -2.907194e-06    2.143355e-06    6.328752e-07    4.166254e-07    -4.240164e-06    -2.507186e-06    1.135029e-06    2.452292e-06
2.32684e-08    9.764566e-07    3.793033e-07    -1.450308e-07    -6.205036e-07    4.143983e-08    -1.332495e-06    -6.064997e-07    3.466461e-07    5.706826e-07    -5.010605e-07    1.60317e-07    8.494733e-07    -7.758598e-08    -3.644311e-07
-4.005137e-07    3.793033e-07    1.657109e-06    3.438411e-09    -1.080412e-06    8.905942e-07    -1.038646e-07    -1.223553e-06    -2.280111e-07    6.819754e-07    1.400025e-07    5.260583e-07    5.402276e-08    1.727574e-07    -4.885996e-07
7.244122e-07    -1.450308e-07    3.438411e-09    1.413583e-06    -1.065945e-06    8.172601e-07    -2.597429e-06    -1.243796e-06    1.404583e-06    7.639012e-07    3.434266e-07    -1.97926e-06    -1.61133e-06    3.02467e-07    1.442881e-06
-1.687462e-06    -6.205036e-07    -1.080412e-06    -1.065945e-06    2.704583e-06    -2.417617e-06    4.34901e-06    3.100993e-06    -1.919261e-06    -1.206519e-06    -2.690662e-07    2.981408e-06    1.850533e-06    -7.216134e-07    -1.73792e-06
2.481218e-06    4.143983e-08    8.905942e-07    8.172601e-07    -2.417617e-06    3.754343e-06    -3.832111e-06    -4.291812e-06    2.138215e-06    9.871281e-07    5.059417e-07    -4.242076e-06    -3.149033e-06    1.601218e-06    2.472219e-06
-4.00357e-06    -1.332495e-06    -1.038646e-07    -2.597429e-06    4.34901e-06    -3.832111e-06    1.135959e-05    5.702841e-06    -5.382542e-06    -2.633526e-06    5.212924e-07    7.553309e-06    3.714753e-06    -1.20115e-06    -4.758459e-06
-2.907194e-06    -6.064997e-07    -1.223553e-06    -1.243796e-06    3.100993e-06    -4.291812e-06    5.702841e-06    6.4487e-06    -3.053533e-06    -2.333134e-06    -3.802366e-07    5.208769e-06    3.898146e-06    -1.674692e-06    -3.220862e-06
2.143355e-06    3.466461e-07    -2.280111e-07    1.404583e-06    -1.919261e-06    2.138215e-06    -5.382542e-06    -3.053533e-06    3.048471e-06    1.052605e-06    -2.005035e-07    -3.718627e-06    -2.033643e-06    6.12237e-07    2.471756e-06
6.328752e-07    5.706826e-07    6.819754e-07    7.639012e-07    -1.206519e-06    9.871281e-07    -2.633526e-06    -2.333134e-06    1.052605e-06    1.67151e-06    3.985317e-08    -1.830977e-06    -1.036181e-06    4.908935e-07    9.713513e-07
4.166254e-07    -5.010605e-07    1.400025e-07    3.434266e-07    -2.690662e-07    5.059417e-07    5.212924e-07    -3.802366e-07    -2.005035e-07    3.985317e-08    2.012641e-06    -1.084462e-06    -2.528048e-06    5.52929e-07    8.895366e-07
-4.240164e-06    1.60317e-07    5.260583e-07    -1.97926e-06    2.981408e-06    -4.242076e-06    7.553309e-06    5.208769e-06    -3.718627e-06    -1.830977e-06    -1.084462e-06    1.231489e-05    7.399215e-06    -4.367598e-06    -6.808388e-06
-2.507186e-06    8.494733e-07    5.402276e-08    -1.61133e-06    1.850533e-06    -3.149033e-06    3.714753e-06    3.898146e-06    -2.033643e-06    -1.036181e-06    -2.528048e-06    7.399215e-06    8.376002e-06    -2.191953e-06    -5.799055e-06
1.135029e-06    -7.758598e-08    1.727574e-07    3.02467e-07    -7.216134e-07    1.601218e-06    -1.20115e-06    -1.674692e-06    6.12237e-07    4.908935e-07    5.52929e-07    -4.367598e-06    -2.191953e-06    2.952375e-06    1.537028e-06
2.452292e-06    -3.644311e-07    -4.885996e-07    1.442881e-06    -1.73792e-06    2.472219e-06    -4.758459e-06    -3.220862e-06    2.471756e-06    9.713513e-07    8.895366e-07    -6.808388e-06    -5.799055e-06    1.537028e-06    5.02213e-06
