2.001764e-06    1.686116e-06    5.904205e-07    8.1742e-07    -3.160535e-06    -1.158405e-06    2.139012e-06    2.730081e-06    -2.972178e-07    -1.847164e-06
1.686116e-06    8.997597e-06    7.171972e-06    -6.955095e-07    -9.452042e-06    -5.847748e-08    8.919996e-06    5.394263e-06    -2.500239e-06    -5.406528e-06
5.904205e-07    7.171972e-06    6.910058e-06    -1.004171e-06    -7.518411e-06    2.294917e-07    8.108075e-06    3.976908e-06    -2.720979e-06    -4.286997e-06
8.1742e-07    -6.955095e-07    -1.004171e-06    1.524391e-06    -5.479888e-07    -5.546388e-07    -6.521654e-08    5.388914e-07    8.636029e-08    -1.564953e-07
-3.160535e-06    -9.452042e-06    -7.518411e-06    -5.479888e-07    1.26785e-05    1.173228e-06    -1.119143e-05    -7.822941e-06    3.082464e-06    7.093566e-06
-1.158405e-06    -5.847748e-08    2.294917e-07    -5.546388e-07    1.173228e-06    2.012641e-06    -1.084462e-06    -2.528048e-06    5.52929e-07    8.895366e-07
2.139012e-06    8.919996e-06    8.108075e-06    -6.521654e-08    -1.119143e-05    -1.084462e-06    1.231489e-05    7.399215e-06    -4.367598e-06    -6.808388e-06
2.730081e-06    5.394263e-06    3.976908e-06    5.388914e-07    -7.822941e-06    -2.528048e-06    7.399215e-06    8.376002e-06    -2.191953e-06    -5.799055e-06
-2.972178e-07    -2.500239e-06    -2.720979e-06    8.636029e-08    3.082464e-06    5.52929e-07    -4.367598e-06    -2.191953e-06    2.952375e-06    1.537028e-06
-1.847164e-06    -5.406528e-06    -4.286997e-06    -1.564953e-07    7.093566e-06    8.895366e-07    -6.808388e-06    -5.799055e-06    1.537028e-06    5.02213e-06
