3.502338e-06    1.690176e-06    -2.952455e-07    6.864354e-07    -3.169499e-06    1.408769e-06    1.20642e-07    -3.783929e-06    4.784231e-07    1.282959e-06    -9.545577e-07    3.586475e-06    1.602189e-06    -1.643076e-06    -1.187024e-06    3.467114e-07    -3.25024e-06    -2.726784e-06    9.155244e-07    2.424699e-06    6.04424e-08    -5.566385e-07    -1.417733e-06    4.312976e-07    2.141858e-06
1.690176e-06    1.046231e-05    7.095796e-06    -1.626257e-06    -9.350905e-06    3.993368e-06    -4.098937e-06    -7.942497e-06    1.7761e-06    4.235575e-06    -8.312537e-06    1.373559e-05    9.051325e-06    -8.430499e-06    -2.762433e-06    2.190475e-06    -8.00634e-06    -8.545343e-06    2.038959e-06    5.377944e-06    -1.02458e-06    -3.010164e-06    -3.859946e-06    2.708867e-06    6.059851e-06
-2.952455e-07    7.095796e-06    8.35616e-06    -1.019709e-06    -8.068913e-06    3.27453e-06    -4.997994e-06    -5.124216e-06    1.737739e-06    3.219415e-06    -6.986287e-06    1.083678e-05    7.594599e-06    -6.807289e-06    -2.277068e-06    1.660326e-06    -4.894135e-06    -6.591489e-06    8.063721e-07    4.061443e-06    -3.72293e-07    -3.061537e-06    -2.960934e-06    2.639169e-06    4.232281e-06
6.864354e-07    -1.626257e-06    -1.019709e-06    3.021005e-06    -1.03191e-06    2.635616e-07    9.563179e-07    -4.759471e-07    -5.365531e-07    -2.192351e-07    1.338997e-06    1.369381e-07    -1.262541e-06    4.078322e-07    -1.429956e-07    -4.741533e-07    -5.460119e-07    1.812362e-07    4.46902e-07    8.402583e-08    -1.933295e-07    4.236297e-07    1.091715e-07    -5.343142e-07    4.995399e-07
-3.169499e-06    -9.350905e-06    -8.068913e-06    -1.03191e-06    1.406656e-05    -5.490726e-06    4.608445e-06    1.162036e-05    -2.947108e-06    -5.369527e-06    8.195164e-06    -1.680077e-05    -8.77635e-06    9.596682e-06    3.429288e-06    -1.812858e-06    9.327923e-06    1.001568e-05    -1.972112e-06    -7.04871e-06    2.127452e-07    3.796738e-06    5.390696e-06    -2.855828e-06    -7.697485e-06
1.408769e-06    3.993368e-06    3.27453e-06    2.635616e-07    -5.490726e-06    6.083899e-06    -3.527483e-06    -7.850096e-06    1.566626e-06    1.638805e-06    -3.280454e-06    7.402071e-06    4.956987e-06    -5.356982e-06    -1.939759e-06    1.425619e-06    -5.349915e-06    -4.548363e-06    1.753807e-06    2.995042e-06    -1.24084e-06    -1.631211e-06    -1.188111e-06    2.4823e-06    2.749126e-06
1.20642e-07    -4.098937e-06    -4.997994e-06    9.563179e-07    4.608445e-06    -3.527483e-06    9.916049e-06    1.608575e-06    -2.440016e-06    -1.727434e-06    3.914361e-06    -6.057297e-06    -4.487642e-06    4.27872e-06    1.90009e-06    -1.65317e-06    7.158082e-07    4.518209e-06    8.29159e-07    -2.367407e-06    -6.193593e-07    2.573408e-06    1.72268e-06    -2.611629e-06    -9.884203e-07
-3.783929e-06    -7.942497e-06    -5.124216e-06    -4.759471e-07    1.162036e-05    -7.850096e-06    1.608575e-06    2.279692e-05    -6.019564e-06    -8.131292e-06    6.81024e-06    -1.521268e-05    -9.082953e-06    1.106946e-05    3.214376e-06    -1.641296e-06    1.143007e-05    9.861365e-06    -3.676556e-06    -6.743568e-06    1.370021e-06    3.158741e-06    4.963668e-06    -2.902088e-06    -8.013778e-06
4.784231e-07    1.7761e-06    1.737739e-06    -5.365531e-07    -2.947108e-06    1.566626e-06    -2.440016e-06    -6.019564e-06    4.554526e-06    2.284657e-06    -2.085286e-06    3.938099e-06    2.122274e-06    -2.82715e-06    -6.139364e-07    2.55837e-07    -1.879862e-06    -2.620465e-06    1.131865e-07    1.765217e-06    7.872181e-07    -1.044998e-06    -1.825625e-06    5.92181e-07    1.305599e-06
1.282959e-06    4.235575e-06    3.219415e-06    -2.192351e-07    -5.369527e-06    1.638805e-06    -1.727434e-06    -8.131292e-06    2.284657e-06    5.33751e-06    -3.746477e-06    6.803787e-06    3.990544e-06    -4.557064e-06    -1.439636e-06    6.466108e-07    -3.551028e-06    -4.644394e-06    8.172595e-07    2.804272e-06    -9.330058e-08    -1.704327e-06    -2.944198e-06    8.009756e-07    3.713217e-06
-9.545577e-07    -8.312537e-06    -6.986287e-06    1.338997e-06    8.195164e-06    -3.280454e-06    3.914361e-06    6.81024e-06    -2.085286e-06    -3.746477e-06    9.058368e-06    -1.225435e-05    -8.840395e-06    7.09576e-06    2.036562e-06    -2.137618e-06    7.297582e-06    7.821983e-06    -1.869887e-06    -4.815683e-06    7.592322e-07    2.710382e-06    3.389179e-06    -2.189495e-06    -5.073399e-06
3.586475e-06    1.373559e-05    1.083678e-05    1.369381e-07    -1.680077e-05    7.402071e-06    -6.057297e-06    -1.521268e-05    3.938099e-06    6.803787e-06    -1.225435e-05    2.640138e-05    1.169717e-05    -1.438958e-05    -3.910931e-06    3.170626e-06    -1.479669e-05    -1.423622e-05    3.875739e-06    9.594852e-06    -1.423236e-06    -4.676836e-06    -6.625929e-06    3.815488e-06    1.066712e-05
1.602189e-06    9.051325e-06    7.594599e-06    -1.262541e-06    -8.77635e-06    4.956987e-06    -4.487642e-06    -9.082953e-06    2.122274e-06    3.990544e-06    -8.840395e-06    1.169717e-05    1.287541e-05    -8.982866e-06    -3.87357e-06    3.172322e-06    -9.411131e-06    -9.280982e-06    3.445128e-06    5.254429e-06    -2.112423e-06    -2.829293e-06    -2.553338e-06    3.452569e-06    5.18941e-06
-1.643076e-06    -8.430499e-06    -6.807289e-06    4.078322e-07    9.596682e-06    -5.356982e-06    4.27872e-06    1.106946e-05    -2.82715e-06    -4.557064e-06    7.09576e-06    -1.438958e-05    -8.982866e-06    1.120152e-05    2.183827e-06    -2.478466e-06    9.436415e-06    9.317669e-06    -2.941591e-06    -5.634798e-06    2.022326e-06    3.376023e-06    3.570519e-06    -3.371695e-06    -6.693936e-06
-1.187024e-06    -2.762433e-06    -2.277068e-06    -1.429956e-07    3.429288e-06    -1.939759e-06    1.90009e-06    3.214376e-06    -6.139364e-07    -1.439636e-06    2.036562e-06    -3.910931e-06    -3.87357e-06    2.183827e-06    2.902669e-06    -8.386778e-07    2.576821e-06    2.922578e-06    -7.891852e-07    -1.888013e-06    1.775576e-07    7.433229e-07    9.849517e-07    -1.145725e-06    -1.645254e-06
3.467114e-07    2.190475e-06    1.660326e-06    -4.741533e-07    -1.812858e-06    1.425619e-06    -1.65317e-06    -1.641296e-06    2.55837e-07    6.466108e-07    -2.137618e-06    3.170626e-06    3.172322e-06    -2.478466e-06    -8.386778e-07    3.535645e-06    -2.593624e-06    -4.360092e-06    1.270009e-06    1.338564e-06    -1.116873e-06    -4.971113e-07    -6.106873e-07    1.002655e-06    1.463958e-06
-3.25024e-06    -8.00634e-06    -4.894135e-06    -5.460119e-07    9.327923e-06    -5.349915e-06    7.158082e-07    1.143007e-05    -1.879862e-06    -3.551028e-06    7.297582e-06    -1.479669e-05    -9.411131e-06    9.436415e-06    2.576821e-06    -2.593624e-06    1.607521e-05    8.217366e-06    -7.258583e-06    -4.920429e-06    3.344931e-06    1.140064e-06    2.303476e-06    -1.997642e-06    -6.494662e-06
-2.726784e-06    -8.545343e-06    -6.591489e-06    1.812362e-07    1.001568e-05    -4.548363e-06    4.518209e-06    9.861365e-06    -2.620465e-06    -4.644394e-06    7.821983e-06    -1.423622e-05    -9.280982e-06    9.317669e-06    2.922578e-06    -4.360092e-06    8.217366e-06    1.316667e-05    -1.923214e-06    -7.950075e-06    1.098895e-06    3.754704e-06    4.769366e-06    -3.138922e-06    -7.512522e-06
9.155244e-07    2.038959e-06    8.063721e-07    4.46902e-07    -1.972112e-06    1.753807e-06    8.29159e-07    -3.676556e-06    1.131865e-07    8.172595e-07    -1.869887e-06    3.875739e-06    3.445128e-06    -2.941591e-06    -7.891852e-07    1.270009e-06    -7.258583e-06    -1.923214e-06    5.376072e-06    -2.548979e-07    -2.554971e-06    9.586219e-07    5.624106e-07    9.934202e-10    1.645372e-06
2.424699e-06    5.377944e-06    4.061443e-06    8.402583e-08    -7.04871e-06    2.995042e-06    -2.367407e-06    -6.743568e-06    1.765217e-06    2.804272e-06    -4.815683e-06    9.594852e-06    5.254429e-06    -5.634798e-06    -1.888013e-06    1.338564e-06    -4.920429e-06    -7.950075e-06    -2.548979e-07    7.218052e-06    4.114107e-07    -3.074874e-06    -3.614978e-06    2.350925e-06    4.908064e-06
6.04424e-08    -1.02458e-06    -3.72293e-07    -1.933295e-07    2.127452e-07    -1.24084e-06    -6.193593e-07    1.370021e-06    7.872181e-07    -9.330058e-08    7.592322e-07    -1.423236e-06    -2.112423e-06    2.022326e-06    1.775576e-07    -1.116873e-06    3.344931e-06    1.098895e-06    -2.554971e-06    4.114107e-07    4.002588e-06    -1.224321e-06    -1.88157e-06    2.219525e-07    -8.008506e-07
-5.566385e-07    -3.010164e-06    -3.061537e-06    4.236297e-07    3.796738e-06    -1.631211e-06    2.573408e-06    3.158741e-06    -1.044998e-06    -1.704327e-06    2.710382e-06    -4.676836e-06    -2.829293e-06    3.376023e-06    7.433229e-07    -4.971113e-07    1.140064e-06    3.754704e-06    9.586219e-07    -3.074874e-06    -1.224321e-06    4.522789e-06    2.2663e-06    -3.119028e-06    -2.141938e-06
-1.417733e-06    -3.859946e-06    -2.960934e-06    1.091715e-07    5.390696e-06    -1.188111e-06    1.72268e-06    4.963668e-06    -1.825625e-06    -2.944198e-06    3.389179e-06    -6.625929e-06    -2.553338e-06    3.570519e-06    9.849517e-07    -6.106873e-07    2.303476e-06    4.769366e-06    5.624106e-07    -3.614978e-06    -1.88157e-06    2.2663e-06    5.084414e-06    -1.095633e-06    -4.586901e-06
4.312976e-07    2.708867e-06    2.639169e-06    -5.343142e-07    -2.855828e-06    2.4823e-06    -2.611629e-06    -2.902088e-06    5.92181e-07    8.009756e-07    -2.189495e-06    3.815488e-06    3.452569e-06    -3.371695e-06    -1.145725e-06    1.002655e-06    -1.997642e-06    -3.138922e-06    9.934202e-10    2.350925e-06    2.219525e-07    -3.119028e-06    -1.095633e-06    4.012977e-06    5.345152e-07
2.141858e-06    6.059851e-06    4.232281e-06    4.995399e-07    -7.697485e-06    2.749126e-06    -9.884203e-07    -8.013778e-06    1.305599e-06    3.713217e-06    -5.073399e-06    1.066712e-05    5.18941e-06    -6.693936e-06    -1.645254e-06    1.463958e-06    -6.494662e-06    -7.512522e-06    1.645372e-06    4.908064e-06    -8.008506e-07    -2.141938e-06    -4.586901e-06    5.345152e-07    7.937913e-06
