2.805165e-06    -5.455384e-09    -1.239492e-06    4.724729e-08    -9.601109e-07    5.858559e-07    1.792947e-07    -1.693532e-07    -2.850506e-07    -3.287823e-07    2.049811e-07    5.196639e-07    4.602892e-07    -1.417752e-07    -3.826665e-07    -1.009705e-06    9.982522e-07    6.409238e-07    -2.379139e-07    -2.995046e-07
-5.455384e-09    7.250746e-06    7.002445e-06    4.867289e-07    -5.820875e-06    3.015504e-06    -2.517886e-06    -7.664363e-06    2.106815e-06    3.511248e-06    -6.283848e-06    1.050404e-05    7.18056e-06    -7.065489e-06    -1.760306e-06    -1.307128e-06    -2.251626e-06    -2.6814e-06    1.967814e-06    4.971918e-06
-1.239492e-06    7.002445e-06    1.13454e-05    2.124082e-06    -8.043069e-06    4.578871e-06    -4.323155e-06    -1.070699e-05    3.167538e-06    4.921113e-06    -8.180949e-06    1.462828e-05    8.918305e-06    -9.503645e-06    -2.548746e-06    -8.616805e-07    -3.573126e-06    -4.551197e-06    2.956415e-06    6.912996e-06
4.724729e-08    4.867289e-07    2.124082e-06    3.764095e-06    -3.030688e-06    1.259072e-06    -3.823548e-07    -2.608317e-06    2.355041e-07    1.121796e-06    -1.340014e-06    4.502208e-06    1.574329e-06    -1.879073e-06    -1.064738e-06    1.365837e-07    -8.158294e-07    -1.42592e-06    3.589516e-07    2.412235e-06
-9.601109e-07    -5.820875e-06    -8.043069e-06    -3.030688e-06    9.261147e-06    -3.765164e-06    2.526141e-06    7.701148e-06    -1.432063e-06    -3.208681e-06    6.556681e-06    -1.271244e-05    -7.696098e-06    7.539398e-06    2.465814e-06    1.729672e-06    1.77092e-06    2.690683e-06    -2.044483e-06    -5.387649e-06
5.858559e-07    3.015504e-06    4.578871e-06    1.259072e-06    -3.765164e-06    6.083899e-06    -3.527483e-06    -7.850096e-06    1.566626e-06    1.638805e-06    -3.280454e-06    7.402071e-06    4.956987e-06    -5.356982e-06    -1.939759e-06    -1.24084e-06    -1.631211e-06    -1.188111e-06    2.4823e-06    2.749126e-06
1.792947e-07    -2.517886e-06    -4.323155e-06    -3.823548e-07    2.526141e-06    -3.527483e-06    9.916049e-06    1.608575e-06    -2.440016e-06    -1.727434e-06    3.914361e-06    -6.057297e-06    -4.487642e-06    4.27872e-06    1.90009e-06    -6.193593e-07    2.573408e-06    1.72268e-06    -2.611629e-06    -9.884203e-07
-1.693532e-07    -7.664363e-06    -1.070699e-05    -2.608317e-06    7.701148e-06    -7.850096e-06    1.608575e-06    2.279692e-05    -6.019564e-06    -8.131292e-06    6.81024e-06    -1.521268e-05    -9.082953e-06    1.106946e-05    3.214376e-06    1.370021e-06    3.158741e-06    4.963668e-06    -2.902088e-06    -8.013778e-06
-2.850506e-07    2.106815e-06    3.167538e-06    2.355041e-07    -1.432063e-06    1.566626e-06    -2.440016e-06    -6.019564e-06    4.554526e-06    2.284657e-06    -2.085286e-06    3.938099e-06    2.122274e-06    -2.82715e-06    -6.139364e-07    7.872181e-07    -1.044998e-06    -1.825625e-06    5.92181e-07    1.305599e-06
-3.287823e-07    3.511248e-06    4.921113e-06    1.121796e-06    -3.208681e-06    1.638805e-06    -1.727434e-06    -8.131292e-06    2.284657e-06    5.33751e-06    -3.746477e-06    6.803787e-06    3.990544e-06    -4.557064e-06    -1.439636e-06    -9.330058e-08    -1.704327e-06    -2.944198e-06    8.009756e-07    3.713217e-06
2.049811e-07    -6.283848e-06    -8.180949e-06    -1.340014e-06    6.556681e-06    -3.280454e-06    3.914361e-06    6.81024e-06    -2.085286e-06    -3.746477e-06    9.058368e-06    -1.225435e-05    -8.840395e-06    7.09576e-06    2.036562e-06    7.592322e-07    2.710382e-06    3.389179e-06    -2.189495e-06    -5.073399e-06
5.196639e-07    1.050404e-05    1.462828e-05    4.502208e-06    -1.271244e-05    7.402071e-06    -6.057297e-06    -1.521268e-05    3.938099e-06    6.803787e-06    -1.225435e-05    2.640138e-05    1.169717e-05    -1.438958e-05    -3.910931e-06    -1.423236e-06    -4.676836e-06    -6.625929e-06    3.815488e-06    1.066712e-05
4.602892e-07    7.18056e-06    8.918305e-06    1.574329e-06    -7.696098e-06    4.956987e-06    -4.487642e-06    -9.082953e-06    2.122274e-06    3.990544e-06    -8.840395e-06    1.169717e-05    1.287541e-05    -8.982866e-06    -3.87357e-06    -2.112423e-06    -2.829293e-06    -2.553338e-06    3.452569e-06    5.18941e-06
-1.417752e-07    -7.065489e-06    -9.503645e-06    -1.879073e-06    7.539398e-06    -5.356982e-06    4.27872e-06    1.106946e-05    -2.82715e-06    -4.557064e-06    7.09576e-06    -1.438958e-05    -8.982866e-06    1.120152e-05    2.183827e-06    2.022326e-06    3.376023e-06    3.570519e-06    -3.371695e-06    -6.693936e-06
-3.826665e-07    -1.760306e-06    -2.548746e-06    -1.064738e-06    2.465814e-06    -1.939759e-06    1.90009e-06    3.214376e-06    -6.139364e-07    -1.439636e-06    2.036562e-06    -3.910931e-06    -3.87357e-06    2.183827e-06    2.902669e-06    1.775576e-07    7.433229e-07    9.849517e-07    -1.145725e-06    -1.645254e-06
-1.009705e-06    -1.307128e-06    -8.616805e-07    1.365837e-07    1.729672e-06    -1.24084e-06    -6.193593e-07    1.370021e-06    7.872181e-07    -9.330058e-08    7.592322e-07    -1.423236e-06    -2.112423e-06    2.022326e-06    1.775576e-07    4.002588e-06    -1.224321e-06    -1.88157e-06    2.219525e-07    -8.008506e-07
9.982522e-07    -2.251626e-06    -3.573126e-06    -8.158294e-07    1.77092e-06    -1.631211e-06    2.573408e-06    3.158741e-06    -1.044998e-06    -1.704327e-06    2.710382e-06    -4.676836e-06    -2.829293e-06    3.376023e-06    7.433229e-07    -1.224321e-06    4.522789e-06    2.2663e-06    -3.119028e-06    -2.141938e-06
6.409238e-07    -2.6814e-06    -4.551197e-06    -1.42592e-06    2.690683e-06    -1.188111e-06    1.72268e-06    4.963668e-06    -1.825625e-06    -2.944198e-06    3.389179e-06    -6.625929e-06    -2.553338e-06    3.570519e-06    9.849517e-07    -1.88157e-06    2.2663e-06    5.084414e-06    -1.095633e-06    -4.586901e-06
-2.379139e-07    1.967814e-06    2.956415e-06    3.589516e-07    -2.044483e-06    2.4823e-06    -2.611629e-06    -2.902088e-06    5.92181e-07    8.009756e-07    -2.189495e-06    3.815488e-06    3.452569e-06    -3.371695e-06    -1.145725e-06    2.219525e-07    -3.119028e-06    -1.095633e-06    4.012977e-06    5.345152e-07
-2.995046e-07    4.971918e-06    6.912996e-06    2.412235e-06    -5.387649e-06    2.749126e-06    -9.884203e-07    -8.013778e-06    1.305599e-06    3.713217e-06    -5.073399e-06    1.066712e-05    5.18941e-06    -6.693936e-06    -1.645254e-06    -8.008506e-07    -2.141938e-06    -4.586901e-06    5.345152e-07    7.937913e-06
