3.230536e-06    6.521993e-07    -8.292902e-07    -4.694414e-08    -8.449585e-07    -3.450035e-07    8.13359e-07    3.638956e-07    7.152519e-07    -7.894538e-07    7.48368e-07    -2.473225e-06    -5.916819e-07    7.197023e-07    7.709358e-07    1.722011e-07    1.04175e-06    9.927445e-07    -4.669268e-08    -1.129787e-06    -1.920129e-07    1.173705e-07    5.883832e-07    -6.348507e-08    -8.125174e-07
6.521993e-07    4.815387e-06    1.475379e-06    -1.762443e-07    -3.655233e-06    -3.35792e-06    2.173329e-06    7.562717e-06    -2.551044e-06    -2.729831e-06    3.058983e-06    -6.989337e-06    -3.482016e-06    4.354112e-06    1.350862e-06    -7.118832e-07    4.096504e-06    3.796018e-06    -1.320266e-06    -2.353959e-06    4.894192e-07    1.203532e-06    1.721257e-06    -9.604726e-07    -2.832618e-06
-8.292902e-07    1.475379e-06    4.226065e-06    1.280345e-06    -3.448641e-06    -3.105297e-06    2.741939e-06    5.549632e-06    -1.854515e-06    -1.894992e-06    2.213912e-06    -3.561911e-06    -3.578079e-06    3.162051e-06    1.496647e-06    -7.400267e-07    2.033659e-06    2.938598e-06    -5.142183e-07    -1.693925e-06    1.89872e-07    1.41345e-06    1.210259e-06    -1.676517e-06    -1.628764e-06
-4.694414e-08    -1.762443e-07    1.280345e-06    3.315228e-06    -2.547434e-06    -1.58677e-06    3.102167e-06    1.656939e-06    -4.349884e-07    -1.028017e-06    2.525676e-06    -3.695313e-06    -3.03564e-06    2.820241e-06    8.557797e-07    -1.279549e-06    1.86156e-06    3.106076e-06    -2.172023e-07    -1.776606e-06    1.262151e-07    1.391874e-06    9.628537e-07    -1.577975e-06    -1.208906e-06
-8.449585e-07    -3.655233e-06    -3.448641e-06    -2.547434e-06    8.46548e-06    4.240702e-06    -4.679634e-06    -9.185086e-06    3.283642e-06    3.828998e-06    -4.08806e-06    8.725626e-06    5.084635e-06    -6.284608e-06    -1.915206e-06    8.091867e-07    -4.643204e-06    -5.499527e-06    7.913215e-07    3.903262e-06    4.98176e-07    -3.19821e-06    -2.580723e-06    2.585703e-06    3.484496e-06
-3.450035e-07    -3.35792e-06    -3.105297e-06    -1.58677e-06    4.240702e-06    6.083899e-06    -3.527483e-06    -7.850096e-06    1.566626e-06    1.638805e-06    -3.280454e-06    7.402071e-06    4.956987e-06    -5.356982e-06    -1.939759e-06    1.425619e-06    -5.349915e-06    -4.548363e-06    1.753807e-06    2.995042e-06    -1.24084e-06    -1.631211e-06    -1.188111e-06    2.4823e-06    2.749126e-06
8.13359e-07    2.173329e-06    2.741939e-06    3.102167e-06    -4.679634e-06    -3.527483e-06    9.916049e-06    1.608575e-06    -2.440016e-06    -1.727434e-06    3.914361e-06    -6.057297e-06    -4.487642e-06    4.27872e-06    1.90009e-06    -1.65317e-06    7.158082e-07    4.518209e-06    8.29159e-07    -2.367407e-06    -6.193593e-07    2.573408e-06    1.72268e-06    -2.611629e-06    -9.884203e-07
3.638956e-07    7.562717e-06    5.549632e-06    1.656939e-06    -9.185086e-06    -7.850096e-06    1.608575e-06    2.279692e-05    -6.019564e-06    -8.131292e-06    6.81024e-06    -1.521268e-05    -9.082953e-06    1.106946e-05    3.214376e-06    -1.641296e-06    1.143007e-05    9.861365e-06    -3.676556e-06    -6.743568e-06    1.370021e-06    3.158741e-06    4.963668e-06    -2.902088e-06    -8.013778e-06
7.152519e-07    -2.551044e-06    -1.854515e-06    -4.349884e-07    3.283642e-06    1.566626e-06    -2.440016e-06    -6.019564e-06    4.554526e-06    2.284657e-06    -2.085286e-06    3.938099e-06    2.122274e-06    -2.82715e-06    -6.139364e-07    2.55837e-07    -1.879862e-06    -2.620465e-06    1.131865e-07    1.765217e-06    7.872181e-07    -1.044998e-06    -1.825625e-06    5.92181e-07    1.305599e-06
-7.894538e-07    -2.729831e-06    -1.894992e-06    -1.028017e-06    3.828998e-06    1.638805e-06    -1.727434e-06    -8.131292e-06    2.284657e-06    5.33751e-06    -3.746477e-06    6.803787e-06    3.990544e-06    -4.557064e-06    -1.439636e-06    6.466108e-07    -3.551028e-06    -4.644394e-06    8.172595e-07    2.804272e-06    -9.330058e-08    -1.704327e-06    -2.944198e-06    8.009756e-07    3.713217e-06
7.48368e-07    3.058983e-06    2.213912e-06    2.525676e-06    -4.08806e-06    -3.280454e-06    3.914361e-06    6.81024e-06    -2.085286e-06    -3.746477e-06    9.058368e-06    -1.225435e-05    -8.840395e-06    7.09576e-06    2.036562e-06    -2.137618e-06    7.297582e-06    7.821983e-06    -1.869887e-06    -4.815683e-06    7.592322e-07    2.710382e-06    3.389179e-06    -2.189495e-06    -5.073399e-06
-2.473225e-06    -6.989337e-06    -3.561911e-06    -3.695313e-06    8.725626e-06    7.402071e-06    -6.057297e-06    -1.521268e-05    3.938099e-06    6.803787e-06    -1.225435e-05    2.640138e-05    1.169717e-05    -1.438958e-05    -3.910931e-06    3.170626e-06    -1.479669e-05    -1.423622e-05    3.875739e-06    9.594852e-06    -1.423236e-06    -4.676836e-06    -6.625929e-06    3.815488e-06    1.066712e-05
-5.916819e-07    -3.482016e-06    -3.578079e-06    -3.03564e-06    5.084635e-06    4.956987e-06    -4.487642e-06    -9.082953e-06    2.122274e-06    3.990544e-06    -8.840395e-06    1.169717e-05    1.287541e-05    -8.982866e-06    -3.87357e-06    3.172322e-06    -9.411131e-06    -9.280982e-06    3.445128e-06    5.254429e-06    -2.112423e-06    -2.829293e-06    -2.553338e-06    3.452569e-06    5.18941e-06
7.197023e-07    4.354112e-06    3.162051e-06    2.820241e-06    -6.284608e-06    -5.356982e-06    4.27872e-06    1.106946e-05    -2.82715e-06    -4.557064e-06    7.09576e-06    -1.438958e-05    -8.982866e-06    1.120152e-05    2.183827e-06    -2.478466e-06    9.436415e-06    9.317669e-06    -2.941591e-06    -5.634798e-06    2.022326e-06    3.376023e-06    3.570519e-06    -3.371695e-06    -6.693936e-06
7.709358e-07    1.350862e-06    1.496647e-06    8.557797e-07    -1.915206e-06    -1.939759e-06    1.90009e-06    3.214376e-06    -6.139364e-07    -1.439636e-06    2.036562e-06    -3.910931e-06    -3.87357e-06    2.183827e-06    2.902669e-06    -8.386778e-07    2.576821e-06    2.922578e-06    -7.891852e-07    -1.888013e-06    1.775576e-07    7.433229e-07    9.849517e-07    -1.145725e-06    -1.645254e-06
1.722011e-07    -7.118832e-07    -7.400267e-07    -1.279549e-06    8.091867e-07    1.425619e-06    -1.65317e-06    -1.641296e-06    2.55837e-07    6.466108e-07    -2.137618e-06    3.170626e-06    3.172322e-06    -2.478466e-06    -8.386778e-07    3.535645e-06    -2.593624e-06    -4.360092e-06    1.270009e-06    1.338564e-06    -1.116873e-06    -4.971113e-07    -6.106873e-07    1.002655e-06    1.463958e-06
1.04175e-06    4.096504e-06    2.033659e-06    1.86156e-06    -4.643204e-06    -5.349915e-06    7.158082e-07    1.143007e-05    -1.879862e-06    -3.551028e-06    7.297582e-06    -1.479669e-05    -9.411131e-06    9.436415e-06    2.576821e-06    -2.593624e-06    1.607521e-05    8.217366e-06    -7.258583e-06    -4.920429e-06    3.344931e-06    1.140064e-06    2.303476e-06    -1.997642e-06    -6.494662e-06
9.927445e-07    3.796018e-06    2.938598e-06    3.106076e-06    -5.499527e-06    -4.548363e-06    4.518209e-06    9.861365e-06    -2.620465e-06    -4.644394e-06    7.821983e-06    -1.423622e-05    -9.280982e-06    9.317669e-06    2.922578e-06    -4.360092e-06    8.217366e-06    1.316667e-05    -1.923214e-06    -7.950075e-06    1.098895e-06    3.754704e-06    4.769366e-06    -3.138922e-06    -7.512522e-06
-4.669268e-08    -1.320266e-06    -5.142183e-07    -2.172023e-07    7.913215e-07    1.753807e-06    8.29159e-07    -3.676556e-06    1.131865e-07    8.172595e-07    -1.869887e-06    3.875739e-06    3.445128e-06    -2.941591e-06    -7.891852e-07    1.270009e-06    -7.258583e-06    -1.923214e-06    5.376072e-06    -2.548979e-07    -2.554971e-06    9.586219e-07    5.624106e-07    9.934202e-10    1.645372e-06
-1.129787e-06    -2.353959e-06    -1.693925e-06    -1.776606e-06    3.903262e-06    2.995042e-06    -2.367407e-06    -6.743568e-06    1.765217e-06    2.804272e-06    -4.815683e-06    9.594852e-06    5.254429e-06    -5.634798e-06    -1.888013e-06    1.338564e-06    -4.920429e-06    -7.950075e-06    -2.548979e-07    7.218052e-06    4.114107e-07    -3.074874e-06    -3.614978e-06    2.350925e-06    4.908064e-06
-1.920129e-07    4.894192e-07    1.89872e-07    1.262151e-07    4.98176e-07    -1.24084e-06    -6.193593e-07    1.370021e-06    7.872181e-07    -9.330058e-08    7.592322e-07    -1.423236e-06    -2.112423e-06    2.022326e-06    1.775576e-07    -1.116873e-06    3.344931e-06    1.098895e-06    -2.554971e-06    4.114107e-07    4.002588e-06    -1.224321e-06    -1.88157e-06    2.219525e-07    -8.008506e-07
1.173705e-07    1.203532e-06    1.41345e-06    1.391874e-06    -3.19821e-06    -1.631211e-06    2.573408e-06    3.158741e-06    -1.044998e-06    -1.704327e-06    2.710382e-06    -4.676836e-06    -2.829293e-06    3.376023e-06    7.433229e-07    -4.971113e-07    1.140064e-06    3.754704e-06    9.586219e-07    -3.074874e-06    -1.224321e-06    4.522789e-06    2.2663e-06    -3.119028e-06    -2.141938e-06
5.883832e-07    1.721257e-06    1.210259e-06    9.628537e-07    -2.580723e-06    -1.188111e-06    1.72268e-06    4.963668e-06    -1.825625e-06    -2.944198e-06    3.389179e-06    -6.625929e-06    -2.553338e-06    3.570519e-06    9.849517e-07    -6.106873e-07    2.303476e-06    4.769366e-06    5.624106e-07    -3.614978e-06    -1.88157e-06    2.2663e-06    5.084414e-06    -1.095633e-06    -4.586901e-06
-6.348507e-08    -9.604726e-07    -1.676517e-06    -1.577975e-06    2.585703e-06    2.4823e-06    -2.611629e-06    -2.902088e-06    5.92181e-07    8.009756e-07    -2.189495e-06    3.815488e-06    3.452569e-06    -3.371695e-06    -1.145725e-06    1.002655e-06    -1.997642e-06    -3.138922e-06    9.934202e-10    2.350925e-06    2.219525e-07    -3.119028e-06    -1.095633e-06    4.012977e-06    5.345152e-07
-8.125174e-07    -2.832618e-06    -1.628764e-06    -1.208906e-06    3.484496e-06    2.749126e-06    -9.884203e-07    -8.013778e-06    1.305599e-06    3.713217e-06    -5.073399e-06    1.066712e-05    5.18941e-06    -6.693936e-06    -1.645254e-06    1.463958e-06    -6.494662e-06    -7.512522e-06    1.645372e-06    4.908064e-06    -8.008506e-07    -2.141938e-06    -4.586901e-06    5.345152e-07    7.937913e-06
