4.979792e-06    2.512916e-06    -2.175512e-07    -1.460202e-06    -4.258484e-06    -1.409557e-06    -5.008728e-06    -2.944088e-06    -6.344639e-07    3.511195e-06    -2.313664e-06    4.005933e-06    4.121621e-06    -1.236167e-06    -2.553716e-06    4.088913e-06    -7.99716e-06    -4.331309e-06    4.763872e-06    1.644704e-06    7.09279e-07    -5.9779e-06    -3.868821e-06    2.028266e-06    3.398862e-06    -1.133947e-06    4.201511e-06    4.956836e-06    -8.57654e-07    -3.29448e-06    3.628725e-08    1.748803e-06    2.176575e-06    -1.575685e-06    -2.954672e-06
2.512916e-06    5.399385e-06    1.74499e-06    -3.076662e-06    -4.050674e-06    -1.824844e-06    -5.60656e-06    -2.204932e-06    3.807621e-07    2.906268e-06    -4.28265e-06    3.796559e-06    7.480634e-06    -2.70708e-06    -2.637849e-06    3.813427e-06    -7.586244e-06    -4.826281e-06    5.266467e-06    1.762035e-06    -1.713859e-07    -5.699344e-06    -3.539642e-06    1.132365e-06    3.894009e-06    -1.204015e-06    4.571682e-06    4.459853e-06    -1.488077e-06    -2.537316e-06    6.041612e-07    1.747703e-06    1.895242e-06    -1.882168e-06    -2.852941e-06
-2.175512e-07    1.74499e-06    3.794063e-06    8.61164e-09    -3.11176e-06    -1.116361e-06    -2.120194e-06    -2.686842e-07    9.604007e-07    7.434016e-07    -2.439358e-06    7.090715e-07    5.776373e-06    -1.350637e-06    -1.697651e-06    8.815047e-07    -2.14287e-06    -1.868089e-06    1.830704e-06    1.157613e-06    5.774059e-07    -2.29962e-06    -2.708784e-06    5.011484e-07    2.112576e-06    -7.426507e-08    1.258792e-06    1.471581e-06    -3.203949e-07    -1.065778e-06    1.950065e-07    5.772297e-07    6.918447e-07    -7.815302e-07    -1.133248e-06
-1.460202e-06    -3.076662e-06    8.61164e-09    4.199323e-06    2.58675e-06    9.864714e-07    4.042436e-06    2.36044e-06    6.323084e-08    -2.605743e-06    1.673722e-06    -1.042302e-06    -3.963448e-06    2.073585e-06    1.559353e-06    -3.354417e-06    5.824356e-06    3.450239e-06    -3.490743e-06    -5.945248e-07    7.715116e-07    3.171171e-06    9.653304e-07    -2.978409e-08    -2.110007e-06    8.469613e-07    -4.196684e-06    -2.987183e-06    1.732642e-06    1.571759e-06    -7.242535e-07    -8.494212e-07    -1.259053e-06    6.353489e-07    2.318165e-06
-4.258484e-06    -4.050674e-06    -3.11176e-06    2.58675e-06    1.21106e-05    3.121933e-06    8.271395e-06    4.277682e-06    -1.400289e-06    -4.884958e-06    3.425628e-06    -4.014428e-06    -9.709956e-06    3.372386e-06    5.628086e-06    -7.353012e-06    1.182176e-05    7.585329e-06    -6.439961e-06    -2.798866e-06    -1.262356e-06    9.553632e-06    6.69043e-06    -2.882355e-06    -5.914832e-06    1.062653e-06    -6.112092e-06    -7.16633e-06    1.183007e-06    4.896849e-06    2.148033e-07    -2.412793e-06    -3.788014e-06    1.644252e-06    4.961822e-06
-1.409557e-06    -1.824844e-06    -1.116361e-06    9.864714e-07    3.121933e-06    3.399707e-06    2.125229e-06    -5.915166e-07    -5.227191e-07    -1.309164e-06    1.69395e-06    -1.143011e-06    -3.486081e-06    8.806263e-07    1.595294e-06    -1.530965e-06    3.385318e-06    2.132505e-06    -1.813284e-06    -1.192527e-06    -2.172419e-07    3.010281e-06    1.900276e-06    -7.364677e-07    -1.973343e-06    1.65713e-07    -2.35517e-06    -1.506399e-06    1.164701e-06    7.093879e-07    -2.749373e-07    -4.2565e-07    -6.663767e-07    2.471288e-07    1.486051e-06
-5.008728e-06    -5.60656e-06    -2.120194e-06    4.042436e-06    8.271395e-06    2.125229e-06    1.348276e-05    6.354984e-06    -1.615957e-06    -6.311525e-06    4.969946e-06    -5.19231e-06    -1.203711e-05    3.904025e-06    5.846187e-06    -8.754483e-06    1.548506e-05    9.698283e-06    -1.053455e-05    -2.782926e-06    -3.353032e-07    1.028922e-05    7.395716e-06    -2.099108e-06    -7.171911e-06    2.366545e-06    -8.665894e-06    -1.040584e-05    2.127292e-06    6.26622e-06    -1.31937e-06    -3.6109e-06    -4.69255e-06    2.986148e-06    7.292411e-06
-2.944088e-06    -2.204932e-06    -2.686842e-07    2.36044e-06    4.277682e-06    -5.915166e-07    6.354984e-06    7.522459e-06    1.032646e-06    -5.41534e-06    2.454428e-06    -1.933775e-06    -5.839685e-06    1.291711e-06    2.559381e-06    -5.81874e-06    9.606011e-06    6.66631e-06    -6.198217e-06    -1.538025e-06    -3.483652e-07    5.549338e-06    4.152702e-06    -1.04982e-06    -3.877387e-06    2.118826e-06    -6.786916e-06    -7.678292e-06    1.704352e-06    5.275769e-06    -8.622209e-07    -2.453266e-06    -2.73495e-06    2.114595e-06    4.824955e-06
-6.344639e-07    3.807621e-07    9.604007e-07    6.323084e-08    -1.400289e-06    -5.227191e-07    -1.615957e-06    1.032646e-06    4.863043e-06    -2.402271e-06    4.567747e-07    1.013616e-06    3.24121e-07    -9.137029e-07    -8.642133e-07    2.978215e-07    1.979933e-06    -6.745109e-08    -2.11509e-07    -3.009917e-07    1.862568e-07    -5.857888e-07    -1.088703e-06    6.662863e-07    4.501272e-07    6.282063e-07    -3.521789e-06    -5.950873e-07    1.791856e-06    6.937961e-07    -6.950722e-07    8.183195e-07    2.518621e-07    -2.792666e-07    3.718487e-07
3.511195e-06    2.906268e-06    7.434016e-07    -2.605743e-06    -4.884958e-06    -1.309164e-06    -6.311525e-06    -5.41534e-06    -2.402271e-06    8.308284e-06    -3.475989e-06    1.628108e-06    6.529833e-06    -6.284871e-07    -2.51038e-06    5.770924e-06    -1.170496e-05    -6.550012e-06    6.590582e-06    2.097012e-06    1.215759e-07    -6.19476e-06    -3.507253e-06    1.115585e-06    3.86476e-06    -1.766492e-06    8.861359e-06    6.665002e-06    -3.081615e-06    -4.560136e-06    1.808725e-06    1.422485e-06    2.162467e-06    -1.853908e-06    -4.745393e-06
-2.313664e-06    -4.28265e-06    -2.439358e-06    1.673722e-06    3.425628e-06    1.69395e-06    4.969946e-06    2.454428e-06    4.567747e-07    -3.475989e-06    6.083899e-06    -3.527483e-06    -7.850096e-06    1.566626e-06    1.638805e-06    -3.280454e-06    7.402071e-06    4.956987e-06    -5.356982e-06    -1.939759e-06    8.880671e-08    5.304457e-06    3.527155e-06    -1.030758e-06    -3.711859e-06    1.425619e-06    -5.349915e-06    -4.548363e-06    1.753807e-06    2.995042e-06    -1.24084e-06    -1.631211e-06    -1.188111e-06    2.4823e-06    2.749126e-06
4.005933e-06    3.796559e-06    7.090715e-07    -1.042302e-06    -4.014428e-06    -1.143011e-06    -5.19231e-06    -1.933775e-06    1.013616e-06    1.628108e-06    -3.527483e-06    9.916049e-06    1.608575e-06    -2.440016e-06    -1.727434e-06    3.914361e-06    -6.057297e-06    -4.487642e-06    4.27872e-06    1.90009e-06    2.403355e-07    -6.904975e-06    -3.725066e-06    3.293888e-06    3.259576e-06    -1.65317e-06    7.158082e-07    4.518209e-06    8.29159e-07    -2.367407e-06    -6.193593e-07    2.573408e-06    1.72268e-06    -2.611629e-06    -9.884203e-07
4.121621e-06    7.480634e-06    5.776373e-06    -3.963448e-06    -9.709956e-06    -3.486081e-06    -1.203711e-05    -5.839685e-06    3.24121e-07    6.529833e-06    -7.850096e-06    1.608575e-06    2.279692e-05    -6.019564e-06    -8.131292e-06    6.81024e-06    -1.521268e-05    -9.082953e-06    1.106946e-05    3.214376e-06    1.589045e-06    -9.663921e-06    -9.914409e-06    3.330697e-07    8.866462e-06    -1.641296e-06    1.143007e-05    9.861365e-06    -3.676556e-06    -6.743568e-06    1.370021e-06    3.158741e-06    4.963668e-06    -2.902088e-06    -8.013778e-06
-1.236167e-06    -2.70708e-06    -1.350637e-06    2.073585e-06    3.372386e-06    8.806263e-07    3.904025e-06    1.291711e-06    -9.137029e-07    -6.284871e-07    1.566626e-06    -2.440016e-06    -6.019564e-06    4.554526e-06    2.284657e-06    -2.085286e-06    3.938099e-06    2.122274e-06    -2.82715e-06    -6.139364e-07    -3.764334e-07    2.970194e-06    2.915847e-06    -2.405236e-08    -2.737383e-06    2.55837e-07    -1.879862e-06    -2.620465e-06    1.131865e-07    1.765217e-06    7.872181e-07    -1.044998e-06    -1.825625e-06    5.92181e-07    1.305599e-06
-2.553716e-06    -2.637849e-06    -1.697651e-06    1.559353e-06    5.628086e-06    1.595294e-06    5.846187e-06    2.559381e-06    -8.642133e-07    -2.51038e-06    1.638805e-06    -1.727434e-06    -8.131292e-06    2.284657e-06    5.33751e-06    -3.746477e-06    6.803787e-06    3.990544e-06    -4.557064e-06    -1.439636e-06    -9.893636e-07    5.10199e-06    4.744499e-06    -1.026962e-06    -3.892444e-06    6.466108e-07    -3.551028e-06    -4.644394e-06    8.172595e-07    2.804272e-06    -9.330058e-08    -1.704327e-06    -2.944198e-06    8.009756e-07    3.713217e-06
4.088913e-06    3.813427e-06    8.815047e-07    -3.354417e-06    -7.353012e-06    -1.530965e-06    -8.754483e-06    -5.81874e-06    2.978215e-07    5.770924e-06    -3.280454e-06    3.914361e-06    6.81024e-06    -2.085286e-06    -3.746477e-06    9.058368e-06    -1.225435e-05    -8.840395e-06    7.09576e-06    2.036562e-06    -2.268438e-07    -8.174544e-06    -4.387356e-06    2.185964e-06    4.806286e-06    -2.137618e-06    7.297582e-06    7.821983e-06    -1.869887e-06    -4.815683e-06    7.592322e-07    2.710382e-06    3.389179e-06    -2.189495e-06    -5.073399e-06
-7.99716e-06    -7.586244e-06    -2.14287e-06    5.824356e-06    1.182176e-05    3.385318e-06    1.548506e-05    9.606011e-06    1.979933e-06    -1.170496e-05    7.402071e-06    -6.057297e-06    -1.521268e-05    3.938099e-06    6.803787e-06    -1.225435e-05    2.640138e-05    1.169717e-05    -1.438958e-05    -3.910931e-06    -6.35762e-07    1.512117e-05    9.135265e-06    -3.707435e-06    -9.319659e-06    3.170626e-06    -1.479669e-05    -1.423622e-05    3.875739e-06    9.594852e-06    -1.423236e-06    -4.676836e-06    -6.625929e-06    3.815488e-06    1.066712e-05
-4.331309e-06    -4.826281e-06    -1.868089e-06    3.450239e-06    7.585329e-06    2.132505e-06    9.698283e-06    6.66631e-06    -6.745109e-08    -6.550012e-06    4.956987e-06    -4.487642e-06    -9.082953e-06    2.122274e-06    3.990544e-06    -8.840395e-06    1.169717e-05    1.287541e-05    -8.982866e-06    -3.87357e-06    5.312658e-07    8.499152e-06    5.051252e-06    -1.651222e-06    -5.632054e-06    3.172322e-06    -9.411131e-06    -9.280982e-06    3.445128e-06    5.254429e-06    -2.112423e-06    -2.829293e-06    -2.553338e-06    3.452569e-06    5.18941e-06
4.763872e-06    5.266467e-06    1.830704e-06    -3.490743e-06    -6.439961e-06    -1.813284e-06    -1.053455e-05    -6.198217e-06    -2.11509e-07    6.590582e-06    -5.356982e-06    4.27872e-06    1.106946e-05    -2.82715e-06    -4.557064e-06    7.09576e-06    -1.438958e-05    -8.982866e-06    1.120152e-05    2.183827e-06    -1.162243e-07    -8.769195e-06    -6.150116e-06    1.271539e-06    6.394889e-06    -2.478466e-06    9.436415e-06    9.317669e-06    -2.941591e-06    -5.634798e-06    2.022326e-06    3.376023e-06    3.570519e-06    -3.371695e-06    -6.693936e-06
1.644704e-06    1.762035e-06    1.157613e-06    -5.945248e-07    -2.798866e-06    -1.192527e-06    -2.782926e-06    -1.538025e-06    -3.009917e-07    2.097012e-06    -1.939759e-06    1.90009e-06    3.214376e-06    -6.139364e-07    -1.439636e-06    2.036562e-06    -3.910931e-06    -3.87357e-06    2.183827e-06    2.902669e-06    4.73179e-07    -3.203096e-06    -2.37509e-06    1.116045e-06    1.967241e-06    -8.386778e-07    2.576821e-06    2.922578e-06    -7.891852e-07    -1.888013e-06    1.775576e-07    7.433229e-07    9.849517e-07    -1.145725e-06    -1.645254e-06
7.09279e-07    -1.713859e-07    5.774059e-07    7.715116e-07    -1.262356e-06    -2.172419e-07    -3.353032e-07    -3.483652e-07    1.862568e-07    1.215759e-07    8.880671e-08    2.403355e-07    1.589045e-06    -3.764334e-07    -9.893636e-07    -2.268438e-07    -6.35762e-07    5.312658e-07    -1.162243e-07    4.73179e-07    3.542222e-06    -1.019945e-06    -3.484572e-06    4.533619e-07    8.609967e-07    1.054481e-06    -4.837088e-07    3.616094e-07    1.180573e-06    -1.483656e-06    -1.284404e-06    6.650102e-07    8.822859e-07    -3.531891e-08    -6.32143e-07
-5.9779e-06    -5.699344e-06    -2.29962e-06    3.171171e-06    9.553632e-06    3.010281e-06    1.028922e-05    5.549338e-06    -5.857888e-07    -6.19476e-06    5.304457e-06    -6.904975e-06    -9.663921e-06    2.970194e-06    5.10199e-06    -8.174544e-06    1.512117e-05    8.499152e-06    -8.769195e-06    -3.203096e-06    -1.019945e-06    1.376126e-05    7.27163e-06    -5.312984e-06    -6.64568e-06    1.655663e-06    -6.597435e-06    -9.489695e-06    7.434642e-07    6.548643e-06    3.298462e-08    -4.043516e-06    -4.730842e-06    2.921737e-06    6.586926e-06
-3.868821e-06    -3.539642e-06    -2.708784e-06    9.653304e-07    6.69043e-06    1.900276e-06    7.395716e-06    4.152702e-06    -1.088703e-06    -3.507253e-06    3.527155e-06    -3.725066e-06    -9.914409e-06    2.915847e-06    4.744499e-06    -4.387356e-06    9.135265e-06    5.051252e-06    -6.150116e-06    -2.37509e-06    -3.484572e-06    7.27163e-06    9.840838e-06    -2.098703e-06    -6.409223e-06    6.990355e-07    -4.116277e-06    -7.368349e-06    -3.059643e-07    5.716801e-06    8.763444e-07    -3.374174e-06    -4.277468e-06    2.153537e-06    5.484314e-06
2.028266e-06    1.132365e-06    5.011484e-07    -2.978409e-08    -2.882355e-06    -7.364677e-07    -2.099108e-06    -1.04982e-06    6.662863e-07    1.115585e-06    -1.030758e-06    3.293888e-06    3.330697e-07    -2.405236e-08    -1.026962e-06    2.185964e-06    -3.707435e-06    -1.651222e-06    1.271539e-06    1.116045e-06    4.533619e-07    -5.312984e-06    -2.098703e-06    4.494634e-06    9.966772e-07    -3.317751e-07    -7.657906e-07    2.35678e-06    1.43577e-06    -1.886893e-06    -9.449297e-07    1.363481e-06    1.480501e-06    -7.52433e-07    -1.302312e-06
3.398862e-06    3.894009e-06    2.112576e-06    -2.110007e-06    -5.914832e-06    -1.973343e-06    -7.171911e-06    -3.877387e-06    4.501272e-07    3.86476e-06    -3.711859e-06    3.259576e-06    8.866462e-06    -2.737383e-06    -3.892444e-06    4.806286e-06    -9.319659e-06    -5.632054e-06    6.394889e-06    1.967241e-06    8.609967e-07    -6.64568e-06    -6.409223e-06    9.966772e-07    6.422314e-06    -1.273029e-06    5.432786e-06    6.69118e-06    -1.22508e-06    -4.363678e-06    3.624942e-07    2.588033e-06    3.297906e-06    -1.913566e-06    -4.896322e-06
-1.133947e-06    -1.204015e-06    -7.426507e-08    8.469613e-07    1.062653e-06    1.65713e-07    2.366545e-06    2.118826e-06    6.282063e-07    -1.766492e-06    1.425619e-06    -1.65317e-06    -1.641296e-06    2.55837e-07    6.466108e-07    -2.137618e-06    3.170626e-06    3.172322e-06    -2.478466e-06    -8.386778e-07    1.054481e-06    1.655663e-06    6.990355e-07    -3.317751e-07    -1.273029e-06    3.535645e-06    -2.593624e-06    -4.360092e-06    1.270009e-06    1.338564e-06    -1.116873e-06    -4.971113e-07    -6.106873e-07    1.002655e-06    1.463958e-06
4.201511e-06    4.571682e-06    1.258792e-06    -4.196684e-06    -6.112092e-06    -2.35517e-06    -8.665894e-06    -6.786916e-06    -3.521789e-06    8.861359e-06    -5.349915e-06    7.158082e-07    1.143007e-05    -1.879862e-06    -3.551028e-06    7.297582e-06    -1.479669e-05    -9.411131e-06    9.436415e-06    2.576821e-06    -4.837088e-07    -6.597435e-06    -4.116277e-06    -7.657906e-07    5.432786e-06    -2.593624e-06    1.607521e-05    8.217366e-06    -7.258583e-06    -4.920429e-06    3.344931e-06    1.140064e-06    2.303476e-06    -1.997642e-06    -6.494662e-06
4.956836e-06    4.459853e-06    1.471581e-06    -2.987183e-06    -7.16633e-06    -1.506399e-06    -1.040584e-05    -7.678292e-06    -5.950873e-07    6.665002e-06    -4.548363e-06    4.518209e-06    9.861365e-06    -2.620465e-06    -4.644394e-06    7.821983e-06    -1.423622e-05    -9.280982e-06    9.317669e-06    2.922578e-06    3.616094e-07    -9.489695e-06    -7.368349e-06    2.35678e-06    6.69118e-06    -4.360092e-06    8.217366e-06    1.316667e-05    -1.923214e-06    -7.950075e-06    1.098895e-06    3.754704e-06    4.769366e-06    -3.138922e-06    -7.512522e-06
-8.57654e-07    -1.488077e-06    -3.203949e-07    1.732642e-06    1.183007e-06    1.164701e-06    2.127292e-06    1.704352e-06    1.791856e-06    -3.081615e-06    1.753807e-06    8.29159e-07    -3.676556e-06    1.131865e-07    8.172595e-07    -1.869887e-06    3.875739e-06    3.445128e-06    -2.941591e-06    -7.891852e-07    1.180573e-06    7.434642e-07    -3.059643e-07    1.43577e-06    -1.22508e-06    1.270009e-06    -7.258583e-06    -1.923214e-06    5.376072e-06    -2.548979e-07    -2.554971e-06    9.586219e-07    5.624106e-07    9.934202e-10    1.645372e-06
-3.29448e-06    -2.537316e-06    -1.065778e-06    1.571759e-06    4.896849e-06    7.093879e-07    6.26622e-06    5.275769e-06    6.937961e-07    -4.560136e-06    2.995042e-06    -2.367407e-06    -6.743568e-06    1.765217e-06    2.804272e-06    -4.815683e-06    9.594852e-06    5.254429e-06    -5.634798e-06    -1.888013e-06    -1.483656e-06    6.548643e-06    5.716801e-06    -1.886893e-06    -4.363678e-06    1.338564e-06    -4.920429e-06    -7.950075e-06    -2.548979e-07    7.218052e-06    4.114107e-07    -3.074874e-06    -3.614978e-06    2.350925e-06    4.908064e-06
3.628725e-08    6.041612e-07    1.950065e-07    -7.242535e-07    2.148033e-07    -2.749373e-07    -1.31937e-06    -8.622209e-07    -6.950722e-07    1.808725e-06    -1.24084e-06    -6.193593e-07    1.370021e-06    7.872181e-07    -9.330058e-08    7.592322e-07    -1.423236e-06    -2.112423e-06    2.022326e-06    1.775576e-07    -1.284404e-06    3.298462e-08    8.763444e-07    -9.449297e-07    3.624942e-07    -1.116873e-06    3.344931e-06    1.098895e-06    -2.554971e-06    4.114107e-07    4.002588e-06    -1.224321e-06    -1.88157e-06    2.219525e-07    -8.008506e-07
1.748803e-06    1.747703e-06    5.772297e-07    -8.494212e-07    -2.412793e-06    -4.2565e-07    -3.6109e-06    -2.453266e-06    8.183195e-07    1.422485e-06    -1.631211e-06    2.573408e-06    3.158741e-06    -1.044998e-06    -1.704327e-06    2.710382e-06    -4.676836e-06    -2.829293e-06    3.376023e-06    7.433229e-07    6.650102e-07    -4.043516e-06    -3.374174e-06    1.363481e-06    2.588033e-06    -4.971113e-07    1.140064e-06    3.754704e-06    9.586219e-07    -3.074874e-06    -1.224321e-06    4.522789e-06    2.2663e-06    -3.119028e-06    -2.141938e-06
2.176575e-06    1.895242e-06    6.918447e-07    -1.259053e-06    -3.788014e-06    -6.663767e-07    -4.69255e-06    -2.73495e-06    2.518621e-07    2.162467e-06    -1.188111e-06    1.72268e-06    4.963668e-06    -1.825625e-06    -2.944198e-06    3.389179e-06    -6.625929e-06    -2.553338e-06    3.570519e-06    9.849517e-07    8.822859e-07    -4.730842e-06    -4.277468e-06    1.480501e-06    3.297906e-06    -6.106873e-07    2.303476e-06    4.769366e-06    5.624106e-07    -3.614978e-06    -1.88157e-06    2.2663e-06    5.084414e-06    -1.095633e-06    -4.586901e-06
-1.575685e-06    -1.882168e-06    -7.815302e-07    6.353489e-07    1.644252e-06    2.471288e-07    2.986148e-06    2.114595e-06    -2.792666e-07    -1.853908e-06    2.4823e-06    -2.611629e-06    -2.902088e-06    5.92181e-07    8.009756e-07    -2.189495e-06    3.815488e-06    3.452569e-06    -3.371695e-06    -1.145725e-06    -3.531891e-08    2.921737e-06    2.153537e-06    -7.52433e-07    -1.913566e-06    1.002655e-06    -1.997642e-06    -3.138922e-06    9.934202e-10    2.350925e-06    2.219525e-07    -3.119028e-06    -1.095633e-06    4.012977e-06    5.345152e-07
-2.954672e-06    -2.852941e-06    -1.133248e-06    2.318165e-06    4.961822e-06    1.486051e-06    7.292411e-06    4.824955e-06    3.718487e-07    -4.745393e-06    2.749126e-06    -9.884203e-07    -8.013778e-06    1.305599e-06    3.713217e-06    -5.073399e-06    1.066712e-05    5.18941e-06    -6.693936e-06    -1.645254e-06    -6.32143e-07    6.586926e-06    5.484314e-06    -1.302312e-06    -4.896322e-06    1.463958e-06    -6.494662e-06    -7.512522e-06    1.645372e-06    4.908064e-06    -8.008506e-07    -2.141938e-06    -4.586901e-06    5.345152e-07    7.937913e-06
