1.494597e-06    -1.049596e-08    -8.186644e-07    -1.86224e-07    -2.001404e-08    1.129816e-07    -7.316327e-08    -5.307414e-08    9.047821e-08    -5.947293e-08    -1.076428e-08    -2.060325e-08    8.578279e-09    1.461576e-08    -1.810542e-08
-1.049596e-08    1.411913e-06    -9.452864e-08    -8.109401e-07    5.829558e-08    2.146954e-08    -8.883281e-08    -1.260107e-07    -2.495676e-08    1.026632e-07    -8.08365e-09    3.546509e-09    1.669904e-08    4.230727e-08    -5.263048e-08
-8.186644e-07    -9.452864e-08    1.406109e-06    -3.27649e-08    -5.292035e-07    -1.528683e-09    -1.124164e-07    -1.841923e-07    6.898737e-09    1.669199e-07    1.806353e-08    1.161726e-08    -4.700914e-09    1.008458e-10    -4.805127e-08
-1.86224e-07    -8.109401e-07    -3.27649e-08    1.473983e-06    -4.513986e-07    1.055086e-07    -9.651837e-08    -8.2771e-08    1.198197e-07    -1.810494e-08    2.11214e-08    8.69869e-09    1.382589e-08    -3.513044e-08    -1.532635e-08
-2.001404e-08    5.829558e-08    -5.292035e-07    -4.513986e-07    1.397723e-06    -1.291032e-07    1.911383e-07    2.528556e-07    -1.136563e-07    -1.070397e-07    -1.660127e-08    -3.040463e-09    -1.069932e-08    3.789792e-09    6.309688e-08
1.129816e-07    2.146954e-08    -1.528683e-09    1.055086e-07    -1.291032e-07    1.234127e-06    -4.804401e-07    -3.595327e-07    2.420844e-08    -2.228069e-07    -1.833988e-07    -8.352092e-09    1.986713e-07    1.423319e-07    1.919447e-08
-7.316327e-08    -8.883281e-08    -1.124164e-07    -9.651837e-08    1.911383e-07    -4.804401e-07    2.059324e-06    -3.350662e-07    -5.089342e-07    1.258872e-07    3.816761e-08    1.060896e-07    2.622913e-08    -5.417845e-08    8.008282e-08
-5.307414e-08    -1.260107e-07    -1.841923e-07    -8.2771e-08    2.528556e-07    -3.595327e-07    -3.350662e-07    2.003166e-06    -3.070425e-07    -9.751981e-07    -5.390229e-08    5.873592e-08    1.817164e-07    5.700253e-08    -1.996639e-07
9.047821e-08    -2.495676e-08    6.898737e-09    1.198197e-07    -1.136563e-07    2.420844e-08    -5.089342e-07    -3.070425e-07    1.35192e-06    -3.081432e-07    2.267297e-07    1.767643e-07    -6.272078e-08    -2.066549e-07    -1.734126e-07
-5.947293e-08    1.026632e-07    1.669199e-07    -1.810494e-08    -1.070397e-07    -2.228069e-07    1.258872e-07    -9.751981e-07    -3.081432e-07    1.448944e-06    -3.338984e-08    -1.821154e-07    -1.43891e-07    -2.092911e-08    2.929873e-09
-1.076428e-08    -8.08365e-09    1.806353e-08    2.11214e-08    -1.660127e-08    -1.833988e-07    3.816761e-08    -5.390229e-08    2.267297e-07    -3.338984e-08    1.444516e-06    -1.939162e-07    -9.293725e-07    1.499415e-07    5.878618e-08
-2.060325e-08    3.546509e-09    1.161726e-08    8.69869e-09    -3.040463e-09    -8.352092e-09    1.060896e-07    5.873592e-08    1.767643e-07    -1.821154e-07    -1.939162e-07    1.465682e-06    4.995097e-08    -9.667921e-07    3.112e-07
8.578279e-09    1.669904e-08    -4.700914e-09    1.382589e-08    -1.069932e-08    1.986713e-07    2.622913e-08    1.817164e-07    -6.272078e-08    -1.43891e-07    -9.293725e-07    4.995097e-08    1.456154e-06    2.002684e-08    -6.826053e-07
1.461576e-08    4.230727e-08    1.008458e-10    -3.513044e-08    3.789792e-09    1.423319e-07    -5.417845e-08    5.700253e-08    -2.066549e-07    -2.092911e-08    1.499415e-07    -9.667921e-07    2.002684e-08    1.5434e-06    -8.089421e-07
-1.810542e-08    -5.263048e-08    -4.805127e-08    -1.532635e-08    6.309688e-08    1.919447e-08    8.008282e-08    -1.996639e-07    -1.734126e-07    2.929873e-09    5.878618e-08    3.112e-07    -6.826053e-07    -8.089421e-07    1.387049e-06
