4.500056e-06    -6.72575e-07    -2.322137e-06    1.021547e-06    1.600917e-07    1.492807e-08    -4.158344e-08    1.020477e-08    -5.543855e-10    8.968128e-08
-6.72575e-07    5.776102e-06    1.257687e-07    -4.957511e-06    1.612163e-06    -1.239488e-07    4.318771e-08    8.131613e-09    -7.630752e-08    9.688083e-08
-2.322137e-06    1.257687e-07    6.055062e-06    5.84773e-07    -3.829498e-06    -5.284397e-08    -1.312424e-08    -9.268208e-09    -2.778412e-08    1.337054e-08
1.021547e-06    -4.957511e-06    5.84773e-07    1.028016e-05    -5.447048e-06    3.047209e-07    4.750129e-08    -1.418626e-07    -1.58997e-07    3.86743e-08
1.600917e-07    1.612163e-06    -3.829498e-06    -5.447048e-06    8.91695e-06    -4.306779e-08    6.326493e-08    7.383141e-08    1.500303e-07    -3.463399e-07
1.492807e-08    -1.239488e-07    -5.284397e-08    3.047209e-07    -4.306779e-08    5.596389e-06    -9.963155e-07    -4.22773e-06    6.462156e-07    2.508392e-07
-4.158344e-08    4.318771e-08    -1.312424e-08    4.750129e-08    6.326493e-08    -9.963155e-07    7.815443e-06    1.383674e-07    -6.663295e-06    1.660319e-06
1.020477e-08    8.131613e-09    -9.268208e-09    -1.418626e-07    7.383141e-08    -4.22773e-06    1.383674e-07    7.518609e-06    -1.413045e-07    -3.821124e-06
-5.543855e-10    -7.630752e-08    -2.778412e-08    -1.58997e-07    1.500303e-07    6.462156e-07    -6.663295e-06    -1.413045e-07    1.141726e-05    -5.775576e-06
8.968128e-08    9.688083e-08    1.337054e-08    3.86743e-08    -3.463399e-07    2.508392e-07    1.660319e-06    -3.821124e-06    -5.775576e-06    8.267262e-06
