5.605946e-06    1.486493e-06    -2.293789e-06    1.309581e-06    -2.433349e-06    -9.859245e-07    1.455294e-06    4.410944e-06    -9.24101e-07    -2.716636e-06    1.627591e-06    -4.743333e-06    -1.227461e-06    2.64329e-06    1.032578e-06    3.733458e-07    3.169236e-07    3.50133e-06    1.129603e-06    -2.915171e-06    -8.938929e-07    1.797977e-06    2.660878e-06    -5.748359e-07    -3.180349e-06
1.486493e-06    5.406271e-06    1.7896e-06    -1.2035e-06    -1.855255e-06    -3.476104e-06    1.852925e-06    8.405685e-06    -3.004143e-06    -2.957752e-06    2.820089e-06    -6.164375e-06    -3.843199e-06    4.891617e-06    1.10538e-06    -6.826855e-07    4.706008e-06    3.6584e-06    -1.869103e-06    -1.981505e-06    9.689001e-07    1.243919e-06    1.660996e-06    -1.247297e-06    -2.913113e-06
-2.293789e-06    1.7896e-06    6.210638e-06    -2.104701e-07    -2.8184e-06    -3.561355e-06    2.72503e-06    5.089552e-06    -1.941551e-06    -9.082486e-07    2.934983e-06    -4.655993e-06    -4.379236e-06    3.944987e-06    9.691078e-07    -2.419704e-06    5.059958e-06    3.811389e-06    -2.265285e-06    -1.719354e-06    1.420281e-06    5.675913e-07    3.917233e-07    -1.766061e-06    -1.200602e-06
1.309581e-06    -1.2035e-06    -2.104701e-07    4.356599e-06    -3.707009e-06    -7.053326e-08    2.230376e-06    5.127914e-07    -2.157556e-07    -8.907539e-07    6.297821e-07    -8.56167e-07    -7.914088e-07    6.396732e-07    6.886996e-07    2.723832e-07    -6.685493e-07    1.581846e-06    1.281609e-06    -1.85611e-06    -1.314713e-06    1.497809e-06    6.346303e-07    -1.018087e-06    -2.888439e-07
-2.433349e-06    -1.855255e-06    -2.8184e-06    -3.707009e-06    8.222035e-06    3.687427e-06    -4.942034e-06    -7.002109e-06    2.530021e-06    2.750334e-06    -3.416742e-06    5.679721e-06    4.586911e-06    -4.259651e-06    -1.999112e-06    8.772632e-07    -1.834625e-06    -5.183705e-06    -8.359566e-07    4.118039e-06    1.337947e-06    -3.165792e-06    -2.305618e-06    2.769578e-06    2.2987e-06
-9.859245e-07    -3.476104e-06    -3.561355e-06    -7.053326e-08    3.687427e-06    6.083899e-06    -3.527483e-06    -7.850096e-06    1.566626e-06    1.638805e-06    -3.280454e-06    7.402071e-06    4.956987e-06    -5.356982e-06    -1.939759e-06    1.425619e-06    -5.349915e-06    -4.548363e-06    1.753807e-06    2.995042e-06    -1.24084e-06    -1.631211e-06    -1.188111e-06    2.4823e-06    2.749126e-06
1.455294e-06    1.852925e-06    2.72503e-06    2.230376e-06    -4.942034e-06    -3.527483e-06    9.916049e-06    1.608575e-06    -2.440016e-06    -1.727434e-06    3.914361e-06    -6.057297e-06    -4.487642e-06    4.27872e-06    1.90009e-06    -1.65317e-06    7.158082e-07    4.518209e-06    8.29159e-07    -2.367407e-06    -6.193593e-07    2.573408e-06    1.72268e-06    -2.611629e-06    -9.884203e-07
4.410944e-06    8.405685e-06    5.089552e-06    5.127914e-07    -7.002109e-06    -7.850096e-06    1.608575e-06    2.279692e-05    -6.019564e-06    -8.131292e-06    6.81024e-06    -1.521268e-05    -9.082953e-06    1.106946e-05    3.214376e-06    -1.641296e-06    1.143007e-05    9.861365e-06    -3.676556e-06    -6.743568e-06    1.370021e-06    3.158741e-06    4.963668e-06    -2.902088e-06    -8.013778e-06
-9.24101e-07    -3.004143e-06    -1.941551e-06    -2.157556e-07    2.530021e-06    1.566626e-06    -2.440016e-06    -6.019564e-06    4.554526e-06    2.284657e-06    -2.085286e-06    3.938099e-06    2.122274e-06    -2.82715e-06    -6.139364e-07    2.55837e-07    -1.879862e-06    -2.620465e-06    1.131865e-07    1.765217e-06    7.872181e-07    -1.044998e-06    -1.825625e-06    5.92181e-07    1.305599e-06
-2.716636e-06    -2.957752e-06    -9.082486e-07    -8.907539e-07    2.750334e-06    1.638805e-06    -1.727434e-06    -8.131292e-06    2.284657e-06    5.33751e-06    -3.746477e-06    6.803787e-06    3.990544e-06    -4.557064e-06    -1.439636e-06    6.466108e-07    -3.551028e-06    -4.644394e-06    8.172595e-07    2.804272e-06    -9.330058e-08    -1.704327e-06    -2.944198e-06    8.009756e-07    3.713217e-06
1.627591e-06    2.820089e-06    2.934983e-06    6.297821e-07    -3.416742e-06    -3.280454e-06    3.914361e-06    6.81024e-06    -2.085286e-06    -3.746477e-06    9.058368e-06    -1.225435e-05    -8.840395e-06    7.09576e-06    2.036562e-06    -2.137618e-06    7.297582e-06    7.821983e-06    -1.869887e-06    -4.815683e-06    7.592322e-07    2.710382e-06    3.389179e-06    -2.189495e-06    -5.073399e-06
-4.743333e-06    -6.164375e-06    -4.655993e-06    -8.56167e-07    5.679721e-06    7.402071e-06    -6.057297e-06    -1.521268e-05    3.938099e-06    6.803787e-06    -1.225435e-05    2.640138e-05    1.169717e-05    -1.438958e-05    -3.910931e-06    3.170626e-06    -1.479669e-05    -1.423622e-05    3.875739e-06    9.594852e-06    -1.423236e-06    -4.676836e-06    -6.625929e-06    3.815488e-06    1.066712e-05
-1.227461e-06    -3.843199e-06    -4.379236e-06    -7.914088e-07    4.586911e-06    4.956987e-06    -4.487642e-06    -9.082953e-06    2.122274e-06    3.990544e-06    -8.840395e-06    1.169717e-05    1.287541e-05    -8.982866e-06    -3.87357e-06    3.172322e-06    -9.411131e-06    -9.280982e-06    3.445128e-06    5.254429e-06    -2.112423e-06    -2.829293e-06    -2.553338e-06    3.452569e-06    5.18941e-06
2.64329e-06    4.891617e-06    3.944987e-06    6.396732e-07    -4.259651e-06    -5.356982e-06    4.27872e-06    1.106946e-05    -2.82715e-06    -4.557064e-06    7.09576e-06    -1.438958e-05    -8.982866e-06    1.120152e-05    2.183827e-06    -2.478466e-06    9.436415e-06    9.317669e-06    -2.941591e-06    -5.634798e-06    2.022326e-06    3.376023e-06    3.570519e-06    -3.371695e-06    -6.693936e-06
1.032578e-06    1.10538e-06    9.691078e-07    6.886996e-07    -1.999112e-06    -1.939759e-06    1.90009e-06    3.214376e-06    -6.139364e-07    -1.439636e-06    2.036562e-06    -3.910931e-06    -3.87357e-06    2.183827e-06    2.902669e-06    -8.386778e-07    2.576821e-06    2.922578e-06    -7.891852e-07    -1.888013e-06    1.775576e-07    7.433229e-07    9.849517e-07    -1.145725e-06    -1.645254e-06
3.733458e-07    -6.826855e-07    -2.419704e-06    2.723832e-07    8.772632e-07    1.425619e-06    -1.65317e-06    -1.641296e-06    2.55837e-07    6.466108e-07    -2.137618e-06    3.170626e-06    3.172322e-06    -2.478466e-06    -8.386778e-07    3.535645e-06    -2.593624e-06    -4.360092e-06    1.270009e-06    1.338564e-06    -1.116873e-06    -4.971113e-07    -6.106873e-07    1.002655e-06    1.463958e-06
3.169236e-07    4.706008e-06    5.059958e-06    -6.685493e-07    -1.834625e-06    -5.349915e-06    7.158082e-07    1.143007e-05    -1.879862e-06    -3.551028e-06    7.297582e-06    -1.479669e-05    -9.411131e-06    9.436415e-06    2.576821e-06    -2.593624e-06    1.607521e-05    8.217366e-06    -7.258583e-06    -4.920429e-06    3.344931e-06    1.140064e-06    2.303476e-06    -1.997642e-06    -6.494662e-06
3.50133e-06    3.6584e-06    3.811389e-06    1.581846e-06    -5.183705e-06    -4.548363e-06    4.518209e-06    9.861365e-06    -2.620465e-06    -4.644394e-06    7.821983e-06    -1.423622e-05    -9.280982e-06    9.317669e-06    2.922578e-06    -4.360092e-06    8.217366e-06    1.316667e-05    -1.923214e-06    -7.950075e-06    1.098895e-06    3.754704e-06    4.769366e-06    -3.138922e-06    -7.512522e-06
1.129603e-06    -1.869103e-06    -2.265285e-06    1.281609e-06    -8.359566e-07    1.753807e-06    8.29159e-07    -3.676556e-06    1.131865e-07    8.172595e-07    -1.869887e-06    3.875739e-06    3.445128e-06    -2.941591e-06    -7.891852e-07    1.270009e-06    -7.258583e-06    -1.923214e-06    5.376072e-06    -2.548979e-07    -2.554971e-06    9.586219e-07    5.624106e-07    9.934202e-10    1.645372e-06
-2.915171e-06    -1.981505e-06    -1.719354e-06    -1.85611e-06    4.118039e-06    2.995042e-06    -2.367407e-06    -6.743568e-06    1.765217e-06    2.804272e-06    -4.815683e-06    9.594852e-06    5.254429e-06    -5.634798e-06    -1.888013e-06    1.338564e-06    -4.920429e-06    -7.950075e-06    -2.548979e-07    7.218052e-06    4.114107e-07    -3.074874e-06    -3.614978e-06    2.350925e-06    4.908064e-06
-8.938929e-07    9.689001e-07    1.420281e-06    -1.314713e-06    1.337947e-06    -1.24084e-06    -6.193593e-07    1.370021e-06    7.872181e-07    -9.330058e-08    7.592322e-07    -1.423236e-06    -2.112423e-06    2.022326e-06    1.775576e-07    -1.116873e-06    3.344931e-06    1.098895e-06    -2.554971e-06    4.114107e-07    4.002588e-06    -1.224321e-06    -1.88157e-06    2.219525e-07    -8.008506e-07
1.797977e-06    1.243919e-06    5.675913e-07    1.497809e-06    -3.165792e-06    -1.631211e-06    2.573408e-06    3.158741e-06    -1.044998e-06    -1.704327e-06    2.710382e-06    -4.676836e-06    -2.829293e-06    3.376023e-06    7.433229e-07    -4.971113e-07    1.140064e-06    3.754704e-06    9.586219e-07    -3.074874e-06    -1.224321e-06    4.522789e-06    2.2663e-06    -3.119028e-06    -2.141938e-06
2.660878e-06    1.660996e-06    3.917233e-07    6.346303e-07    -2.305618e-06    -1.188111e-06    1.72268e-06    4.963668e-06    -1.825625e-06    -2.944198e-06    3.389179e-06    -6.625929e-06    -2.553338e-06    3.570519e-06    9.849517e-07    -6.106873e-07    2.303476e-06    4.769366e-06    5.624106e-07    -3.614978e-06    -1.88157e-06    2.2663e-06    5.084414e-06    -1.095633e-06    -4.586901e-06
-5.748359e-07    -1.247297e-06    -1.766061e-06    -1.018087e-06    2.769578e-06    2.4823e-06    -2.611629e-06    -2.902088e-06    5.92181e-07    8.009756e-07    -2.189495e-06    3.815488e-06    3.452569e-06    -3.371695e-06    -1.145725e-06    1.002655e-06    -1.997642e-06    -3.138922e-06    9.934202e-10    2.350925e-06    2.219525e-07    -3.119028e-06    -1.095633e-06    4.012977e-06    5.345152e-07
-3.180349e-06    -2.913113e-06    -1.200602e-06    -2.888439e-07    2.2987e-06    2.749126e-06    -9.884203e-07    -8.013778e-06    1.305599e-06    3.713217e-06    -5.073399e-06    1.066712e-05    5.18941e-06    -6.693936e-06    -1.645254e-06    1.463958e-06    -6.494662e-06    -7.512522e-06    1.645372e-06    4.908064e-06    -8.008506e-07    -2.141938e-06    -4.586901e-06    5.345152e-07    7.937913e-06
