5.605946e-06    1.486493e-06    -2.293789e-06    1.309581e-06    -2.433349e-06    1.145665e-06    1.939706e-06    1.242081e-06    2.801994e-07    -2.577914e-06    -1.409646e-06    -2.280806e-06    -1.835796e-06    -1.016302e-06    4.331187e-06    1.627591e-06    -4.743333e-06    -1.227461e-06    2.64329e-06    1.032578e-06
1.486493e-06    5.406271e-06    1.7896e-06    -1.2035e-06    -1.855255e-06    -1.834255e-07    2.906993e-06    2.333319e-06    8.858913e-07    -3.880775e-06    -9.340764e-07    -3.189428e-06    -2.529588e-06    -1.069452e-07    4.549016e-06    2.820089e-06    -6.164375e-06    -3.843199e-06    4.891617e-06    1.10538e-06
-2.293789e-06    1.7896e-06    6.210638e-06    -2.104701e-07    -2.8184e-06    -7.644335e-07    1.715713e-06    1.501058e-06    1.924602e-06    -2.239165e-06    -3.34109e-07    -2.65958e-06    -2.003138e-06    1.08932e-06    2.32379e-06    2.934983e-06    -4.655993e-06    -4.379236e-06    3.944987e-06    9.691078e-07
1.309581e-06    -1.2035e-06    -2.104701e-07    4.356599e-06    -3.707009e-06    6.496419e-07    2.402099e-07    6.432744e-07    7.415432e-07    -1.98556e-06    -6.140616e-07    -6.28396e-07    -7.434998e-07    -4.767542e-08    9.786314e-07    6.297821e-07    -8.56167e-07    -7.914088e-07    6.396732e-07    6.886996e-07
-2.433349e-06    -1.855255e-06    -2.8184e-06    -3.707009e-06    8.222035e-06    -2.645896e-07    -2.543789e-06    -3.178517e-06    -2.327729e-06    5.007096e-06    1.275731e-06    3.531342e-06    3.440734e-06    -4.163531e-07    -4.883264e-06    -3.416742e-06    5.679721e-06    4.586911e-06    -4.259651e-06    -1.999112e-06
1.145665e-06    -1.834255e-07    -7.644335e-07    6.496419e-07    -2.645896e-07    3.230536e-06    6.521993e-07    -8.292902e-07    -4.694414e-08    -8.449585e-07    -9.340663e-07    -1.49329e-06    -1.100641e-06    -5.711311e-07    2.210006e-06    7.48368e-07    -2.473225e-06    -5.916819e-07    7.197023e-07    7.709358e-07
1.939706e-06    2.906993e-06    1.715713e-06    2.402099e-07    -2.543789e-06    6.521993e-07    4.815387e-06    1.475379e-06    -1.762443e-07    -3.655233e-06    -1.140218e-06    -3.318096e-06    -2.806639e-06    -2.539299e-07    5.017818e-06    3.058983e-06    -6.989337e-06    -3.482016e-06    4.354112e-06    1.350862e-06
1.242081e-06    2.333319e-06    1.501058e-06    6.432744e-07    -3.178517e-06    -8.292902e-07    1.475379e-06    4.226065e-06    1.280345e-06    -3.448641e-06    -7.064596e-07    -2.801999e-06    -2.53365e-06    5.970389e-08    3.524327e-06    2.213912e-06    -3.561911e-06    -3.578079e-06    3.162051e-06    1.496647e-06
2.801994e-07    8.858913e-07    1.924602e-06    7.415432e-07    -2.327729e-06    -4.694414e-08    -1.762443e-07    1.280345e-06    3.315228e-06    -2.547434e-06    -1.258819e-07    -2.789807e-06    -2.548968e-06    6.958612e-07    2.601885e-06    2.525676e-06    -3.695313e-06    -3.03564e-06    2.820241e-06    8.557797e-07
-2.577914e-06    -3.880775e-06    -2.239165e-06    -1.98556e-06    5.007096e-06    -8.449585e-07    -3.655233e-06    -3.448641e-06    -2.547434e-06    8.46548e-06    1.412832e-06    4.832708e-06    4.513522e-06    -1.502621e-07    -6.903168e-06    -4.08806e-06    8.725626e-06    5.084635e-06    -6.284608e-06    -1.915206e-06
-1.409646e-06    -9.340764e-07    -3.34109e-07    -6.140616e-07    1.275731e-06    -9.340663e-07    -1.140218e-06    -7.064596e-07    -1.258819e-07    1.412832e-06    3.502338e-06    1.690176e-06    -2.952455e-07    6.864354e-07    -3.169499e-06    -9.545577e-07    3.586475e-06    1.602189e-06    -1.643076e-06    -1.187024e-06
-2.280806e-06    -3.189428e-06    -2.65958e-06    -6.28396e-07    3.531342e-06    -1.49329e-06    -3.318096e-06    -2.801999e-06    -2.789807e-06    4.832708e-06    1.690176e-06    1.046231e-05    7.095796e-06    -1.626257e-06    -9.350905e-06    -8.312537e-06    1.373559e-05    9.051325e-06    -8.430499e-06    -2.762433e-06
-1.835796e-06    -2.529588e-06    -2.003138e-06    -7.434998e-07    3.440734e-06    -1.100641e-06    -2.806639e-06    -2.53365e-06    -2.548968e-06    4.513522e-06    -2.952455e-07    7.095796e-06    8.35616e-06    -1.019709e-06    -8.068913e-06    -6.986287e-06    1.083678e-05    7.594599e-06    -6.807289e-06    -2.277068e-06
-1.016302e-06    -1.069452e-07    1.08932e-06    -4.767542e-08    -4.163531e-07    -5.711311e-07    -2.539299e-07    5.970389e-08    6.958612e-07    -1.502621e-07    6.864354e-07    -1.626257e-06    -1.019709e-06    3.021005e-06    -1.03191e-06    1.338997e-06    1.369381e-07    -1.262541e-06    4.078322e-07    -1.429956e-07
4.331187e-06    4.549016e-06    2.32379e-06    9.786314e-07    -4.883264e-06    2.210006e-06    5.017818e-06    3.524327e-06    2.601885e-06    -6.903168e-06    -3.169499e-06    -9.350905e-06    -8.068913e-06    -1.03191e-06    1.406656e-05    8.195164e-06    -1.680077e-05    -8.77635e-06    9.596682e-06    3.429288e-06
1.627591e-06    2.820089e-06    2.934983e-06    6.297821e-07    -3.416742e-06    7.48368e-07    3.058983e-06    2.213912e-06    2.525676e-06    -4.08806e-06    -9.545577e-07    -8.312537e-06    -6.986287e-06    1.338997e-06    8.195164e-06    9.058368e-06    -1.225435e-05    -8.840395e-06    7.09576e-06    2.036562e-06
-4.743333e-06    -6.164375e-06    -4.655993e-06    -8.56167e-07    5.679721e-06    -2.473225e-06    -6.989337e-06    -3.561911e-06    -3.695313e-06    8.725626e-06    3.586475e-06    1.373559e-05    1.083678e-05    1.369381e-07    -1.680077e-05    -1.225435e-05    2.640138e-05    1.169717e-05    -1.438958e-05    -3.910931e-06
-1.227461e-06    -3.843199e-06    -4.379236e-06    -7.914088e-07    4.586911e-06    -5.916819e-07    -3.482016e-06    -3.578079e-06    -3.03564e-06    5.084635e-06    1.602189e-06    9.051325e-06    7.594599e-06    -1.262541e-06    -8.77635e-06    -8.840395e-06    1.169717e-05    1.287541e-05    -8.982866e-06    -3.87357e-06
2.64329e-06    4.891617e-06    3.944987e-06    6.396732e-07    -4.259651e-06    7.197023e-07    4.354112e-06    3.162051e-06    2.820241e-06    -6.284608e-06    -1.643076e-06    -8.430499e-06    -6.807289e-06    4.078322e-07    9.596682e-06    7.09576e-06    -1.438958e-05    -8.982866e-06    1.120152e-05    2.183827e-06
1.032578e-06    1.10538e-06    9.691078e-07    6.886996e-07    -1.999112e-06    7.709358e-07    1.350862e-06    1.496647e-06    8.557797e-07    -1.915206e-06    -1.187024e-06    -2.762433e-06    -2.277068e-06    -1.429956e-07    3.429288e-06    2.036562e-06    -3.910931e-06    -3.87357e-06    2.183827e-06    2.902669e-06
