5.605946e-06    1.486493e-06    -2.293789e-06    1.309581e-06    -2.433349e-06    1.728496e-06    -4.548588e-06    -4.717155e-06    2.004085e-06    3.015375e-06
1.486493e-06    5.406271e-06    1.7896e-06    -1.2035e-06    -1.855255e-06    -3.422119e-08    -3.888236e-06    -3.319063e-06    -3.735992e-07    3.645307e-06
-2.293789e-06    1.7896e-06    6.210638e-06    -2.104701e-07    -2.8184e-06    -1.238002e-06    -2.292207e-06    -1.031775e-06    -2.517773e-07    2.054183e-06
1.309581e-06    -1.2035e-06    -2.104701e-07    4.356599e-06    -3.707009e-06    1.836598e-06    -2.27125e-06    -2.934539e-06    1.462836e-06    1.192781e-06
-2.433349e-06    -1.855255e-06    -2.8184e-06    -3.707009e-06    8.222035e-06    -1.718335e-06    6.435892e-06    5.975307e-06    -2.614429e-06    -4.189855e-06
1.728496e-06    -3.422119e-08    -1.238002e-06    1.836598e-06    -1.718335e-06    3.542222e-06    -1.019945e-06    -3.484572e-06    4.533619e-07    8.609967e-07
-4.548588e-06    -3.888236e-06    -2.292207e-06    -2.27125e-06    6.435892e-06    -1.019945e-06    1.376126e-05    7.27163e-06    -5.312984e-06    -6.64568e-06
-4.717155e-06    -3.319063e-06    -1.031775e-06    -2.934539e-06    5.975307e-06    -3.484572e-06    7.27163e-06    9.840838e-06    -2.098703e-06    -6.409223e-06
2.004085e-06    -3.735992e-07    -2.517773e-07    1.462836e-06    -2.614429e-06    4.533619e-07    -5.312984e-06    -2.098703e-06    4.494634e-06    9.966772e-07
3.015375e-06    3.645307e-06    2.054183e-06    1.192781e-06    -4.189855e-06    8.609967e-07    -6.64568e-06    -6.409223e-06    9.966772e-07    6.422314e-06
