5.605946e-06    1.486493e-06    -2.293789e-06    1.309581e-06    -2.433349e-06    3.733458e-07    3.169236e-07    3.50133e-06    1.129603e-06    -2.915171e-06
1.486493e-06    5.406271e-06    1.7896e-06    -1.2035e-06    -1.855255e-06    -6.826855e-07    4.706008e-06    3.6584e-06    -1.869103e-06    -1.981505e-06
-2.293789e-06    1.7896e-06    6.210638e-06    -2.104701e-07    -2.8184e-06    -2.419704e-06    5.059958e-06    3.811389e-06    -2.265285e-06    -1.719354e-06
1.309581e-06    -1.2035e-06    -2.104701e-07    4.356599e-06    -3.707009e-06    2.723832e-07    -6.685493e-07    1.581846e-06    1.281609e-06    -1.85611e-06
-2.433349e-06    -1.855255e-06    -2.8184e-06    -3.707009e-06    8.222035e-06    8.772632e-07    -1.834625e-06    -5.183705e-06    -8.359566e-07    4.118039e-06
3.733458e-07    -6.826855e-07    -2.419704e-06    2.723832e-07    8.772632e-07    3.535645e-06    -2.593624e-06    -4.360092e-06    1.270009e-06    1.338564e-06
3.169236e-07    4.706008e-06    5.059958e-06    -6.685493e-07    -1.834625e-06    -2.593624e-06    1.607521e-05    8.217366e-06    -7.258583e-06    -4.920429e-06
3.50133e-06    3.6584e-06    3.811389e-06    1.581846e-06    -5.183705e-06    -4.360092e-06    8.217366e-06    1.316667e-05    -1.923214e-06    -7.950075e-06
1.129603e-06    -1.869103e-06    -2.265285e-06    1.281609e-06    -8.359566e-07    1.270009e-06    -7.258583e-06    -1.923214e-06    5.376072e-06    -2.548979e-07
-2.915171e-06    -1.981505e-06    -1.719354e-06    -1.85611e-06    4.118039e-06    1.338564e-06    -4.920429e-06    -7.950075e-06    -2.548979e-07    7.218052e-06
