4.979792e-06    2.512916e-06    -2.175512e-07    -1.460202e-06    -4.258484e-06    1.844651e-06    1.824545e-06    1.5767e-06    1.24913e-06    -2.82007e-06
2.512916e-06    5.399385e-06    1.74499e-06    -3.076662e-06    -4.050674e-06    1.532239e-06    3.388966e-06    2.486045e-06    2.53793e-07    -3.223599e-06
-2.175512e-07    1.74499e-06    3.794063e-06    8.61164e-09    -3.11176e-06    1.447074e-06    1.773284e-06    6.118486e-07    3.787622e-07    -2.291383e-06
-1.460202e-06    -3.076662e-06    8.61164e-09    4.199323e-06    2.58675e-06    -2.943514e-07    -2.064602e-06    -1.687048e-06    5.127919e-07    7.668754e-07
-4.258484e-06    -4.050674e-06    -3.11176e-06    2.58675e-06    1.21106e-05    -3.036753e-06    -3.497021e-06    -1.705263e-06    -1.256479e-06    4.613923e-06
1.844651e-06    1.532239e-06    1.447074e-06    -2.943514e-07    -3.036753e-06    5.605946e-06    1.486493e-06    -2.293789e-06    1.309581e-06    -2.433349e-06
1.824545e-06    3.388966e-06    1.773284e-06    -2.064602e-06    -3.497021e-06    1.486493e-06    5.406271e-06    1.7896e-06    -1.2035e-06    -1.855255e-06
1.5767e-06    2.486045e-06    6.118486e-07    -1.687048e-06    -1.705263e-06    -2.293789e-06    1.7896e-06    6.210638e-06    -2.104701e-07    -2.8184e-06
1.24913e-06    2.53793e-07    3.787622e-07    5.127919e-07    -1.256479e-06    1.309581e-06    -1.2035e-06    -2.104701e-07    4.356599e-06    -3.707009e-06
-2.82007e-06    -3.223599e-06    -2.291383e-06    7.668754e-07    4.613923e-06    -2.433349e-06    -1.855255e-06    -2.8184e-06    -3.707009e-06    8.222035e-06
