5.605946e-06    1.486493e-06    -2.293789e-06    1.309581e-06    -2.433349e-06    3.503056e-07    1.275481e-06    -1.120983e-06    1.154789e-06    5.54845e-08
1.486493e-06    5.406271e-06    1.7896e-06    -1.2035e-06    -1.855255e-06    1.21056e-07    -1.825751e-07    -9.1485e-07    1.887771e-06    4.392381e-07
-2.293789e-06    1.7896e-06    6.210638e-06    -2.104701e-07    -2.8184e-06    -5.28704e-08    -5.704403e-07    2.078351e-09    7.53062e-07    4.412045e-07
1.309581e-06    -1.2035e-06    -2.104701e-07    4.356599e-06    -3.707009e-06    2.699275e-07    -3.401388e-07    -6.635207e-07    8.081625e-07    1.135779e-07
-2.433349e-06    -1.855255e-06    -2.8184e-06    -3.707009e-06    8.222035e-06    -8.701042e-07    4.052885e-07    1.593518e-06    -1.596486e-06    -5.253849e-07
3.503056e-07    1.21056e-07    -5.28704e-08    2.699275e-07    -8.701042e-07    2.988247e-06    -1.991629e-06    -2.093622e-06    3.125771e-07    3.228359e-08
1.275481e-06    -1.825751e-07    -5.704403e-07    -3.401388e-07    4.052885e-07    -1.991629e-06    6.198898e-06    8.836452e-07    -1.557639e-06    -2.231747e-07
-1.120983e-06    -9.1485e-07    2.078351e-09    -6.635207e-07    1.593518e-06    -2.093622e-06    8.836452e-07    3.886072e-06    -8.659798e-07    -1.07937e-06
1.154789e-06    1.887771e-06    7.53062e-07    8.081625e-07    -1.596486e-06    3.125771e-07    -1.557639e-06    -8.659798e-07    3.447616e-06    -3.463314e-07
5.54845e-08    4.392381e-07    4.412045e-07    1.135779e-07    -5.253849e-07    3.228359e-08    -2.231747e-07    -1.07937e-06    -3.463314e-07    1.594115e-06
