4.44728e-06    5.482973e-07    -1.398058e-06    -5.09664e-07    -1.443838e-06    -1.874299e-06    -8.435915e-07    7.902756e-07    -1.64325e-06    1.710781e-06    -6.700115e-07    -6.093583e-07    -9.34115e-07    -2.471489e-08    1.748907e-06
5.482973e-07    1.040182e-05    7.303586e-06    -1.183592e-06    -6.301785e-06    -2.018387e-06    -2.942837e-06    -2.637774e-06    -1.206541e-06    4.196866e-06    -1.595429e-06    -3.329983e-06    -3.022629e-06    -2.943088e-06    5.455869e-06
-1.398058e-06    7.303586e-06    9.032977e-06    5.19103e-07    -6.890776e-06    -2.13233e-06    -2.481672e-06    -1.97671e-06    -1.953016e-07    2.930454e-06    -1.250367e-06    -2.931337e-06    -2.226095e-06    -2.353983e-06    3.884241e-06
-5.09664e-07    -1.183592e-06    5.19103e-07    3.706006e-06    -1.868423e-06    -2.326323e-07    -6.027838e-07    -3.280876e-07    1.201383e-06    -8.849669e-07    -4.598795e-07    -7.91635e-07    3.175467e-08    5.081983e-07    -3.392425e-07
-1.443838e-06    -6.301785e-06    -6.890776e-06    -1.868423e-06    1.07462e-05    3.059641e-06    2.578698e-06    9.544219e-07    6.16911e-07    -1.751513e-06    2.245846e-06    3.247041e-06    1.484966e-06    1.691839e-06    -3.897744e-06
-1.874299e-06    -2.018387e-06    -2.13233e-06    -2.326323e-07    3.059641e-06    5.605946e-06    1.486493e-06    -2.293789e-06    1.309581e-06    -2.433349e-06    1.145665e-06    1.939706e-06    1.242081e-06    2.801994e-07    -2.577914e-06
-8.435915e-07    -2.942837e-06    -2.481672e-06    -6.027838e-07    2.578698e-06    1.486493e-06    5.406271e-06    1.7896e-06    -1.2035e-06    -1.855255e-06    -1.834255e-07    2.906993e-06    2.333319e-06    8.858913e-07    -3.880775e-06
7.902756e-07    -2.637774e-06    -1.97671e-06    -3.280876e-07    9.544219e-07    -2.293789e-06    1.7896e-06    6.210638e-06    -2.104701e-07    -2.8184e-06    -7.644335e-07    1.715713e-06    1.501058e-06    1.924602e-06    -2.239165e-06
-1.64325e-06    -1.206541e-06    -1.953016e-07    1.201383e-06    6.16911e-07    1.309581e-06    -1.2035e-06    -2.104701e-07    4.356599e-06    -3.707009e-06    6.496419e-07    2.402099e-07    6.432744e-07    7.415432e-07    -1.98556e-06
1.710781e-06    4.196866e-06    2.930454e-06    -8.849669e-07    -1.751513e-06    -2.433349e-06    -1.855255e-06    -2.8184e-06    -3.707009e-06    8.222035e-06    -2.645896e-07    -2.543789e-06    -3.178517e-06    -2.327729e-06    5.007096e-06
-6.700115e-07    -1.595429e-06    -1.250367e-06    -4.598795e-07    2.245846e-06    1.145665e-06    -1.834255e-07    -7.644335e-07    6.496419e-07    -2.645896e-07    3.230536e-06    6.521993e-07    -8.292902e-07    -4.694414e-08    -8.449585e-07
-6.093583e-07    -3.329983e-06    -2.931337e-06    -7.91635e-07    3.247041e-06    1.939706e-06    2.906993e-06    1.715713e-06    2.402099e-07    -2.543789e-06    6.521993e-07    4.815387e-06    1.475379e-06    -1.762443e-07    -3.655233e-06
-9.34115e-07    -3.022629e-06    -2.226095e-06    3.175467e-08    1.484966e-06    1.242081e-06    2.333319e-06    1.501058e-06    6.432744e-07    -3.178517e-06    -8.292902e-07    1.475379e-06    4.226065e-06    1.280345e-06    -3.448641e-06
-2.471489e-08    -2.943088e-06    -2.353983e-06    5.081983e-07    1.691839e-06    2.801994e-07    8.858913e-07    1.924602e-06    7.415432e-07    -2.327729e-06    -4.694414e-08    -1.762443e-07    1.280345e-06    3.315228e-06    -2.547434e-06
1.748907e-06    5.455869e-06    3.884241e-06    -3.392425e-07    -3.897744e-06    -2.577914e-06    -3.880775e-06    -2.239165e-06    -1.98556e-06    5.007096e-06    -8.449585e-07    -3.655233e-06    -3.448641e-06    -2.547434e-06    8.46548e-06
