1    0.7905195    0.2137956    -0.6232374    -0.6962214    -0.3344467    -0.8623925    -0.7589286    -0.04606138    0.7852837    -0.6513943    0.705209    0.4946571    -0.3758946    -0.6693603    0.0841817    0.5998788    0.5550936    -0.525595    -0.6381413
0.7905195    1    0.6158683    -0.611054    -0.6904458    -0.1702046    -0.76659    -0.6999367    -0.181205    0.580946    -0.8797759    0.6105556    0.7610142    -0.5871451    -0.7079649    0.2146978    0.5816472    0.4575397    -0.5947701    -0.5839179
0.2137956    0.6158683    1    -0.0008040919    -0.4906863    -0.1710879    -0.3070939    -0.2891535    -0.2599099    0.1439364    -0.6248193    0.1333744    0.7368435    -0.4074493    -0.5067697    0.06549138    0.2614462    0.2487559    -0.3502634    -0.2970353
-0.6232374    -0.611054    -0.0008040919    1    0.6729739    -0.0114468    0.6654858    0.6527378    0.01123435    -0.5839292    0.4086678    -0.2723954    -0.4778267    0.5290173    0.5811709    -0.2858562    -0.4096455    -0.3843314    0.245822    0.5705491
-0.6962214    -0.6904458    -0.4906863    0.6729739    1    0.2572624    0.8059626    0.7511041    -0.08852072    -0.5959301    0.471019    -0.3905321    -0.607959    0.5177486    0.8213473    -0.001051283    -0.4859355    -0.5797979    0.2964307    0.6141707
-0.3344467    -0.1702046    -0.1710879    -0.0114468    0.2572624    1    0.1843605    -0.08102689    -0.2244919    -0.2782272    0.1383984    -0.1038923    -0.2970465    0.1998552    0.3399655    0.258847    -0.3040659    -0.3533646    0.1458754    0.3323555
-0.8623925    -0.76659    -0.3070939    0.6654858    0.8059626    0.1843605    1    0.9028069    -0.05224111    -0.7251016    0.6206961    -0.6165407    -0.4864206    0.298628    0.6999429    -0.1770206    -0.7247661    -0.5665561    0.6182109    0.7228419
-0.7589286    -0.6999367    -0.2891535    0.6527378    0.7511041    -0.08102689    0.9028069    1    0.2100927    -0.7861168    0.5716902    -0.4712076    -0.4416305    0.1895093    0.6263545    -0.2170435    -0.6175551    -0.5881722    0.4979829    0.7240439
-0.04606138    -0.181205    -0.2599099    0.01123435    -0.08852072    -0.2244919    -0.05224111    0.2100927    1    -0.278704    0.3502555    0.3557523    -0.33153    -0.1675919    -0.006318936    -0.4083505    0.1926557    -0.04331839    -0.00820142    0.2429802
0.7852837    0.580946    0.1439364    -0.5839292    -0.5959301    -0.2782272    -0.7251016    -0.7861168    -0.278704    1    -0.496265    0.3358989    0.4032722    -0.06980542    -0.5409642    0.2528639    0.4859282    0.5059604    -0.3528216    -0.7290993
-0.6513943    -0.8797759    -0.6248193    0.4086678    0.471019    0.1383984    0.6206961    0.5716902    0.3502555    -0.496265    1    -0.4924505    -0.7054835    0.3611449    0.4141846    -0.3354704    -0.4800485    -0.2797922    0.7020332    0.4938457
0.705209    0.6105556    0.1333744    -0.2723954    -0.3905321    -0.1038923    -0.6165407    -0.4712076    0.3557523    0.3358989    -0.4924505    1    0.08228721    -0.2997195    -0.3227701    -0.112078    0.5164543    0.2644979    -0.5252971    -0.1630551
0.4946571    0.7610142    0.7368435    -0.4778267    -0.607959    -0.2970465    -0.4864206    -0.4416305    -0.33153    0.4032722    -0.7054835    0.08228721    1    -0.6997083    -0.7668561    0.2170847    0.4453827    0.5162713    -0.425796    -0.6576748
-0.3758946    -0.5871451    -0.4074493    0.5290173    0.5177486    0.1998552    0.298628    0.1895093    -0.1675919    -0.06980542    0.3611449    -0.2997195    -0.6997083    1    0.6725413    0.1800347    -0.4014566    -0.4605535    0.2456188    0.2904838
-0.6693603    -0.7079649    -0.5067697    0.5811709    0.8213473    0.3399655    0.6999429    0.6263545    -0.006318936    -0.5409642    0.4141846    -0.3227701    -0.7668561    0.6725413    1    -0.05042047    -0.5367452    -0.7275744    0.2537986    0.7488172
0.0841817    0.2146978    0.06549138    -0.2858562    -0.001051283    0.258847    -0.1770206    -0.2170435    -0.4083505    0.2528639    -0.3354704    -0.112078    0.2170847    0.1800347    -0.05042047    1    -0.2148984    -0.3250346    -0.1133392    -0.2377995
0.5998788    0.5816472    0.2614462    -0.4096455    -0.4859355    -0.3040659    -0.7247661    -0.6175551    0.1926557    0.4859282    -0.4800485    0.5164543    0.4453827    -0.4014566    -0.5367452    -0.2148984    1    0.7139087    -0.7516584    -0.6643788
0.5550936    0.4575397    0.2487559    -0.3843314    -0.5797979    -0.3533646    -0.5665561    -0.5881722    -0.04331839    0.5059604    -0.2797922    0.2644979    0.5162713    -0.4605535    -0.7275744    -0.3250346    0.7139087    1    -0.2948376    -0.7957498
-0.525595    -0.5947701    -0.3502634    0.245822    0.2964307    0.1458754    0.6182109    0.4979829    -0.00820142    -0.3528216    0.7020332    -0.5252971    -0.425796    0.2456188    0.2537986    -0.1133392    -0.7516584    -0.2948376    1    0.3750733
-0.6381413    -0.5839179    -0.2970353    0.5705491    0.6141707    0.3323555    0.7228419    0.7240439    0.2429802    -0.7290993    0.4938457    -0.1630551    -0.6576748    0.2904838    0.7488172    -0.2377995    -0.6643788    -0.7957498    0.3750733    1
