1    0.3622799    -0.1455975    -0.1322459    -0.4410096    -0.07773379    -0.5859326    -0.5110544    0.04158914    0.5122604    0.1057217    -0.5628514    -0.4106459    0.2880422    0.4857357
0.3622799    1    0.2804532    -0.6129492    -0.3164429    -0.151107    -0.4750439    -0.4031434    -0.1196847    0.435331    -0.03986073    -0.5172847    -0.3559651    0.1459933    0.5677417
-0.1455975    0.2804532    1    0.04304514    -0.4762449    -0.1001553    -0.1902744    -0.15284    -0.1492756    0.1332256    0.06808274    -0.2281166    -0.3273903    0.0568648    0.3703342
-0.1322459    -0.6129492    0.04304514    1    0.00847779    0.0762863    0.2307071    0.2259114    0.07443878    -0.2930001    0.1619484    0.2343306    0.03721677    0.02165854    -0.2538131
-0.4410096    -0.3164429    -0.4762449    0.00847779    1    0.1083825    0.6185297    0.5181787    -0.06978406    -0.4473758    -0.1516991    0.5613566    0.5034098    -0.2451812    -0.5876943
-0.07773379    -0.151107    -0.1001553    0.0762863    0.1083825    1    0.05957203    -0.4007196    -0.1074709    -0.1343564    -0.1449081    0.09221811    0.240917    0.05093346    -0.2149475
-0.5859326    -0.4750439    -0.1902744    0.2307071    0.6185297    0.05957203    1    0.563625    -0.2870436    -0.4798465    -0.07285749    0.6414531    0.4645399    -0.3090309    -0.5808216
-0.5110544    -0.4031434    -0.15284    0.2259114    0.5181787    -0.4007196    0.563625    1    0.1053805    -0.6316245    -0.01457111    0.55401    0.3406192    -0.2665864    -0.4852385
0.04158914    -0.1196847    -0.1492756    0.07443878    -0.06978406    -0.1074709    -0.2870436    0.1053805    1    -0.2962808    0.1075222    -0.01454463    -0.02574947    0.06666371    -0.04960155
0.5122604    0.435331    0.1332256    -0.2930001    -0.4473758    -0.1343564    -0.4798465    -0.6316245    -0.2962808    1    0.0400405    -0.530566    -0.3476346    0.1905286    0.5006827
0.1057217    -0.03986073    0.06808274    0.1619484    -0.1516991    -0.1449081    -0.07285749    -0.01457111    0.1075222    0.0400405    1    -0.07341763    -0.6190925    0.001420208    0.1189501
-0.5628514    -0.5172847    -0.2281166    0.2343306    0.5613566    0.09221811    0.6414531    0.55401    -0.01454463    -0.530566    -0.07341763    1    0.3500543    -0.6650351    -0.5111754
-0.4106459    -0.3559651    -0.3273903    0.03721677    0.5034098    0.240917    0.4645399    0.3406192    -0.02574947    -0.3476346    -0.6190925    0.3500543    1    -0.160647    -0.7130452
0.2880422    0.1459933    0.0568648    0.02165854    -0.2451812    0.05093346    -0.3090309    -0.2665864    0.06666371    0.1905286    0.001420208    -0.6650351    -0.160647    1    0.02807084
0.4857357    0.5677417    0.3703342    -0.2538131    -0.5876943    -0.2149475    -0.5808216    -0.4852385    -0.04960155    0.5006827    0.1189501    -0.5111754    -0.7130452    0.02807084    1
