1    0.3622799    -0.1455975    -0.1322459    -0.4410096    -0.07773379    -0.5859326    -0.5110544    0.04158914    0.5122604    -0.3081643    0.3876836    0.2773672    -0.1345622    -0.4525744    -0.03834947    0.08954643    0.1073731    -0.2808412    -0.1159328
0.3622799    1    0.2804532    -0.6129492    -0.3164429    -0.151107    -0.4750439    -0.4031434    -0.1196847    0.435331    -0.6366548    0.3972583    0.5193224    -0.4438152    -0.4079776    -0.05468865    0.07193536    0.1096278    -0.1929105    -0.1250828
-0.1455975    0.2804532    1    0.04304514    -0.4762449    -0.1001553    -0.1902744    -0.15284    -0.1492756    0.1332256    -0.4665846    0.1010264    0.5050001    -0.3358106    -0.280667    -0.1069636    0.06545876    0.05197709    -0.04833238    -0.01107312
-0.1322459    -0.6129492    0.04304514    1    0.00847779    0.0762863    0.2307071    0.2259114    0.07443878    -0.2930001    0.2191233    -0.1260194    -0.1947342    0.3264909    0.1632379    -0.08506727    -0.03067693    -0.0266262    0.1190055    0.1503889
-0.4410096    -0.3164429    -0.4762449    0.00847779    1    0.1083825    0.6185297    0.5181787    -0.06978406    -0.4473758    0.3473407    -0.2601627    -0.4792382    0.343179    0.632446    0.1058063    -0.1516963    -0.1833109    0.2225524    0.1880897
-0.07773379    -0.151107    -0.1001553    0.0762863    0.1083825    1    0.05957203    -0.4007196    -0.1074709    -0.1343564    0.1013602    -0.03853915    -0.1627475    0.116842    0.1720098    -0.009966538    -0.03860258    0.01636246    0.1362538    -0.03551759
-0.5859326    -0.4750439    -0.1902744    0.2307071    0.6185297    0.05957203    1    0.563625    -0.2870436    -0.4798465    0.4246074    -0.3667016    -0.3669775    0.2043457    0.4968123    0.06474566    -0.102864    -0.1839769    0.2593653    0.2420015
-0.5110544    -0.4031434    -0.15284    0.2259114    0.5181787    -0.4007196    0.563625    1    0.1053805    -0.6316245    0.348806    -0.2513405    -0.3058127    0.1023019    0.409234    0.02933812    -0.1136529    -0.1611726    0.2198058    0.2254904
0.04158914    -0.1196847    -0.1492756    0.07443878    -0.06978406    -0.1074709    -0.2870436    0.1053805    1    -0.2962808    0.1727112    0.1428589    -0.1618579    -0.05076671    -0.03612594    -0.1532785    0.03195994    0.1215328    -0.01815146    0.01172198
0.5122604    0.435331    0.1332256    -0.2930001    -0.4473758    -0.1343564    -0.4798465    -0.6316245    -0.2962808    1    -0.3735562    0.1946171    0.3289708    -0.06889973    -0.3829964    0.05694699    0.06705745    0.07348989    -0.2587658    -0.124038
-0.3081643    -0.6366548    -0.4665846    0.2191233    0.3473407    0.1013602    0.4246074    0.348806    0.1727112    -0.3735562    1    -0.3594829    -0.5702683    0.2343407    0.2264468    0.004123124    0.05761442    0.004831292    0.08978399    0.03659887
0.3876836    0.3972583    0.1010264    -0.1260194    -0.2601627    -0.03853915    -0.3667016    -0.2513405    0.1428589    0.1946171    -0.3594829    1    -0.175771    -0.3437631    -0.05963109    -0.1493353    0.1080476    0.1824138    -0.2063165    -0.008307005
0.2773672    0.5193224    0.5050001    -0.1947342    -0.4792382    -0.1627475    -0.3669775    -0.3058127    -0.1618579    0.3289708    -0.5702683    -0.175771    1    -0.4582405    -0.7041022    -0.05953614    -0.006643327    0.005609266    -0.1285368    -0.09053799
-0.1345622    -0.4438152    -0.3358106    0.3264909    0.343179    0.116842    0.2043457    0.1023019    -0.05076671    -0.06889973    0.2343407    -0.3437631    -0.4582405    1    0.3417084    0.1420864    -0.09613235    -0.07973064    0.1620331    -0.01322862
-0.4525744    -0.4079776    -0.280667    0.1632379    0.632446    0.1720098    0.4968123    0.409234    -0.03612594    -0.3829964    0.2264468    -0.05963109    -0.7041022    0.3417084    1    0.1433184    -0.1373605    -0.1867071    0.2693018    0.1957948
-0.03834947    -0.05468865    -0.1069636    -0.08506727    0.1058063    -0.009966538    0.06474566    0.02933812    -0.1532785    0.05694699    0.004123124    -0.1493353    -0.05953614    0.1420864    0.1433184    1    -0.1228896    -0.795554    0.03622886    0.1535628
0.08954643    0.07193536    0.06545876    -0.03067693    -0.1516963    -0.03860258    -0.102864    -0.1136529    0.03195994    0.06705745    0.05761442    0.1080476    -0.006643327    -0.09613235    -0.1373605    -0.1228896    1    0.2461418    -0.7312569    0.0347245
0.1073731    0.1096278    0.05197709    -0.0266262    -0.1833109    0.01636246    -0.1839769    -0.1611726    0.1215328    0.07348989    0.004831292    0.1824138    0.005609266    -0.07973064    -0.1867071    -0.795554    0.2461418    1    -0.09969109    -0.5163728
-0.2808412    -0.1929105    -0.04833238    0.1190055    0.2225524    0.1362538    0.2593653    0.2198058    -0.01815146    -0.2587658    0.08978399    -0.2063165    -0.1285368    0.1620331    0.2693018    0.03622886    -0.7312569    -0.09969109    1    -0.3282296
-0.1159328    -0.1250828    -0.01107312    0.1503889    0.1880897    -0.03551759    0.2420015    0.2254904    0.01172198    -0.124038    0.03659887    -0.008307005    -0.09053799    -0.01322862    0.1957948    0.1535628    0.0347245    -0.5163728    -0.3282296    1
