1    0.3622799    -0.1455975    -0.1322459    -0.4410096    -0.07773379    -0.5859326    -0.5110544    0.04158914    0.5122604    -0.3081643    0.3876836    0.2773672    -0.1345622    -0.4525744    -0.1489317    0.07399115    0.2161264    0.06173872    -0.2792589
0.3622799    1    0.2804532    -0.6129492    -0.3164429    -0.151107    -0.4750439    -0.4031434    -0.1196847    0.435331    -0.6366548    0.3972583    0.5193224    -0.4438152    -0.4079776    -6.395889e-05    0.06486552    0.06385318    0.02769138    -0.1903091
-0.1455975    0.2804532    1    0.04304514    -0.4762449    -0.1001553    -0.1902744    -0.15284    -0.1492756    0.1332256    -0.4665846    0.1010264    0.5050001    -0.3358106    -0.280667    0.1662646    -0.02555076    -0.1082819    0.01579184    -0.0441665
-0.1322459    -0.6129492    0.04304514    1    0.00847779    0.0762863    0.2307071    0.2259114    0.07443878    -0.2930001    0.2191233    -0.1260194    -0.1947342    0.3264909    0.1632379    0.05084029    -0.0936073    -0.1014149    0.0003149875    0.08758671
-0.4410096    -0.3164429    -0.4762449    0.00847779    1    0.1083825    0.6185297    0.5181787    -0.06978406    -0.4473758    0.3473407    -0.2601627    -0.4792382    0.343179    0.632446    0.01133314    -0.02926548    -0.08945807    -0.1393913    0.2769926
-0.07773379    -0.151107    -0.1001553    0.0762863    0.1083825    1    0.05957203    -0.4007196    -0.1074709    -0.1343564    0.1013602    -0.03853915    -0.1627475    0.116842    0.1720098    -0.05018597    0.005869193    -0.07725053    -0.08973547    0.1489444
-0.5859326    -0.4750439    -0.1902744    0.2307071    0.6185297    0.05957203    1    0.563625    -0.2870436    -0.4798465    0.4246074    -0.3667016    -0.3669775    0.2043457    0.4968123    0.09083154    -0.05857291    -0.170807    -0.1368191    0.3416527
-0.5110544    -0.4031434    -0.15284    0.2259114    0.5181787    -0.4007196    0.563625    1    0.1053805    -0.6316245    0.348806    -0.2513405    -0.3058127    0.1023019    0.409234    0.1443888    -0.02042253    -0.175252    -0.1252393    0.3065737
0.04158914    -0.1196847    -0.1492756    0.07443878    -0.06978406    -0.1074709    -0.2870436    0.1053805    1    -0.2962808    0.1727112    0.1428589    -0.1618579    -0.05076671    -0.03612594    0.01703198    0.005354494    -0.0482275    0.01915056    0.0303082
0.5122604    0.435331    0.1332256    -0.2930001    -0.4473758    -0.1343564    -0.4798465    -0.6316245    -0.2962808    1    -0.3735562    0.1946171    0.3289708    -0.06889973    -0.3829964    -0.1719286    0.007137631    0.2765294    0.2067013    -0.3897947
-0.3081643    -0.6366548    -0.4665846    0.2191233    0.3473407    0.1013602    0.4246074    0.348806    0.1727112    -0.3735562    1    -0.3594829    -0.5702683    0.2343407    0.2264468    -0.008344451    -0.1086228    -0.1218872    0.05451458    0.1880622
0.3876836    0.3972583    0.1010264    -0.1260194    -0.2601627    -0.03853915    -0.3667016    -0.2513405    0.1428589    0.1946171    -0.3594829    1    -0.175771    -0.3437631    -0.05963109    -0.1820079    -0.06579638    0.1016662    0.06458921    -0.1197534
0.2773672    0.5193224    0.5050001    -0.1947342    -0.4792382    -0.1627475    -0.3669775    -0.3058127    -0.1618579    0.3289708    -0.5702683    -0.175771    1    -0.4582405    -0.7041022    0.2364115    0.2666462    -0.03109749    -0.1454083    -0.1123601
-0.1345622    -0.4438152    -0.3358106    0.3264909    0.343179    0.116842    0.2043457    0.1023019    -0.05076671    -0.06889973    0.2343407    -0.3437631    -0.4582405    1    0.3417084    -0.1486211    -0.1870194    0.05640383    0.1367173    -0.01982044
-0.4525744    -0.4079776    -0.280667    0.1632379    0.632446    0.1720098    0.4968123    0.409234    -0.03612594    -0.3829964    0.2264468    -0.05963109    -0.7041022    0.3417084    1    -0.1318585    -0.1451311    0.04860758    -0.0330864    0.1976938
-0.1489317    -6.395889e-05    0.1662646    0.05084029    0.01133314    -0.05018597    0.09083154    0.1443888    0.01703198    -0.1719286    -0.008344451    -0.1820079    0.2364115    -0.1486211    -0.1318585    1    0.2671    -0.8075088    -0.3127521    0.2726119
0.07399115    0.06486552    -0.02555076    -0.0936073    -0.02926548    0.005869193    -0.05857291    -0.02042253    0.005354494    0.007137631    -0.1086228    -0.06579638    0.2666462    -0.1870194    -0.1451311    0.2671    1    0.05249734    -0.7928898    0.1062123
0.2161264    0.06385318    -0.1082819    -0.1014149    -0.08945807    -0.07725053    -0.170807    -0.175252    -0.0482275    0.2765294    -0.1218872    0.1016662    -0.03109749    0.05640383    0.04860758    -0.8075088    0.05249734    1    0.1878545    -0.5510975
0.06173872    0.02769138    0.01579184    0.0003149875    -0.1393913    -0.08973547    -0.1368191    -0.1252393    0.01915056    0.2067013    0.05451458    0.06458921    -0.1454083    0.1367173    -0.0330864    -0.3127521    -0.7928898    0.1878545    1    -0.5218773
-0.2792589    -0.1903091    -0.0441665    0.08758671    0.2769926    0.1489444    0.3416527    0.3065737    0.0303082    -0.3897947    0.1880622    -0.1197534    -0.1123601    -0.01982044    0.1976938    0.2726119    0.1062123    -0.5510975    -0.5218773    1
