1    0.3622799    -0.1455975    -0.1322459    -0.4410096    -0.1829526    -0.5000453    -0.3974069    -0.1177079    0.4412974    -0.07773379    -0.5859326    -0.5110544    0.04158914    0.5122604
0.3622799    1    0.2804532    -0.6129492    -0.3164429    -0.2681628    -0.522949    -0.2604739    0.03643385    0.3526975    -0.151107    -0.4750439    -0.4031434    -0.1196847    0.435331
-0.1455975    0.2804532    1    0.04304514    -0.4762449    -0.1833854    -0.2046786    -0.02568814    0.1486959    0.09700775    -0.1001553    -0.1902744    -0.15284    -0.1492756    0.1332256
-0.1322459    -0.6129492    0.04304514    1    0.00847779    0.1301897    0.3526631    0.2427937    0.01482905    -0.264674    0.0762863    0.2307071    0.2259114    0.07443878    -0.2930001
-0.4410096    -0.3164429    -0.4762449    0.00847779    1    0.2705142    0.5174912    0.3438892    -0.1203562    -0.3923266    0.1083825    0.6185297    0.5181787    -0.06978406    -0.4473758
-0.1829526    -0.2681628    -0.1833854    0.1301897    0.2705142    1    0.1894219    -0.3429943    -0.1385012    -0.1661251    0.07574266    0.2535602    0.1940079    0.01098068    -0.1823848
-0.5000453    -0.522949    -0.2046786    0.3526631    0.5174912    0.1894219    1    0.5062199    -0.2663477    -0.4823125    0.107676    0.6054965    0.5351674    0.04127071    -0.5253243
-0.3974069    -0.2604739    -0.02568814    0.2427937    0.3438892    -0.3429943    0.5062199    1    0.1364205    -0.601621    0.1037938    0.4666059    0.4122123    0.03780635    -0.4433051
-0.1177079    0.03643385    0.1486959    0.01482905    -0.1203562    -0.1385012    -0.2663477    0.1364205    1    -0.3475727    -0.01748058    -0.02288628    0.02840419    0.1952098    -0.1554617
0.4412974    0.3526975    0.09700775    -0.264674    -0.3923266    -0.1661251    -0.4823125    -0.601621    -0.3475727    1    -0.08442254    -0.5009012    -0.4924647    -0.1741116    0.6376767
-0.07773379    -0.151107    -0.1001553    0.0762863    0.1083825    0.07574266    0.107676    0.1037938    -0.01748058    -0.08442254    1    0.05957203    -0.4007196    -0.1074709    -0.1343564
-0.5859326    -0.4750439    -0.1902744    0.2307071    0.6185297    0.2535602    0.6054965    0.4666059    -0.02288628    -0.5009012    0.05957203    1    0.563625    -0.2870436    -0.4798465
-0.5110544    -0.4031434    -0.15284    0.2259114    0.5181787    0.1940079    0.5351674    0.4122123    0.02840419    -0.4924647    -0.4007196    0.563625    1    0.1053805    -0.6316245
0.04158914    -0.1196847    -0.1492756    0.07443878    -0.06978406    0.01098068    0.04127071    0.03780635    0.1952098    -0.1741116    -0.1074709    -0.2870436    0.1053805    1    -0.2962808
0.5122604    0.435331    0.1332256    -0.2930001    -0.4473758    -0.1823848    -0.5253243    -0.4433051    -0.1554617    0.6376767    -0.1343564    -0.4798465    -0.6316245    -0.2962808    1
