1    0.3622799    -0.1455975    -0.1322459    -0.4410096    -0.07773379    -0.5859326    -0.5110544    0.04158914    0.5122604    0.05074571    0.02646558    0.1328523    0.1338522    -0.05073385
0.3622799    1    0.2804532    -0.6129492    -0.3164429    -0.151107    -0.4750439    -0.4031434    -0.1196847    0.435331    -0.008941491    0.1513437    0.2246084    0.03281445    -0.1471432
-0.1455975    0.2804532    1    0.04304514    -0.4762449    -0.1001553    -0.1902744    -0.15284    -0.1492756    0.1332256    0.01721916    0.1194771    0.03755322    0.01532604    -0.2045219
-0.1322459    -0.6129492    0.04304514    1    0.00847779    0.0762863    0.2307071    0.2259114    0.07443878    -0.2930001    0.07278533    0.008085299    -0.1763277    -0.1042891    -0.04565562
-0.4410096    -0.3164429    -0.4762449    0.00847779    1    0.1083825    0.6185297    0.5181787    -0.06978406    -0.4473758    0.01448    -0.03829673    -0.1323535    -0.1493669    0.005474193
-0.07773379    -0.151107    -0.1001553    0.0762863    0.1083825    1    0.05957203    -0.4007196    -0.1074709    -0.1343564    -0.05915475    0.1274241    0.06756245    -0.1682402    0.01700419
-0.5859326    -0.4750439    -0.1902744    0.2307071    0.6185297    0.05957203    1    0.563625    -0.2870436    -0.4798465    -0.04094287    -0.1190739    -0.1986301    -0.1036183    0.03418149
-0.5110544    -0.4031434    -0.15284    0.2259114    0.5181787    -0.4007196    0.563625    1    0.1053805    -0.6316245    -0.03881469    -0.1320185    -0.1962015    -0.04348997    0.03282176
0.04158914    -0.1196847    -0.1492756    0.07443878    -0.06978406    -0.1074709    -0.2870436    0.1053805    1    -0.2962808    -0.01119622    -0.0470154    -0.03156806    0.02655895    0.09184939
0.5122604    0.435331    0.1332256    -0.2930001    -0.4473758    -0.1343564    -0.4798465    -0.6316245    -0.2962808    1    0.08184178    -0.01297255    0.1326082    0.1457504    -0.05065064
0.05074571    -0.008941491    0.01721916    0.07278533    0.01448    -0.05915475    -0.04094287    -0.03881469    -0.01119622    0.08184178    1    -0.1725068    -0.7027936    0.116493    0.08094118
0.02646558    0.1513437    0.1194771    0.008085299    -0.03829673    0.1274241    -0.1190739    -0.1320185    -0.0470154    -0.01297255    -0.1725068    1    0.1574847    -0.7513166    0.1351055
0.1328523    0.2246084    0.03755322    -0.1763277    -0.1323535    0.06756245    -0.1986301    -0.1962015    -0.03156806    0.1326082    -0.7027936    0.1574847    1    -0.1113507    -0.3998048
0.1338522    0.03281445    0.01532604    -0.1042891    -0.1493669    -0.1682402    -0.1036183    -0.04348997    0.02655895    0.1457504    0.116493    -0.7513166    -0.1113507    1    -0.4600299
-0.05073385    -0.1471432    -0.2045219    -0.04565562    0.005474193    0.01700419    0.03418149    0.03282176    0.09184939    -0.05065064    0.08094118    0.1351055    -0.3998048    -0.4600299    1
