1    0.3622799    -0.1455975    -0.1322459    -0.4410096    -0.07773379    -0.5859326    -0.5110544    0.04158914    0.5122604    -0.0615491    -0.4353268    -0.4889812    -0.2568396    0.4663513
0.3622799    1    0.2804532    -0.6129492    -0.3164429    -0.151107    -0.4750439    -0.4031434    -0.1196847    0.435331    -0.06398276    -0.4161224    -0.4412385    -0.1533233    0.3998363
-0.1455975    0.2804532    1    0.04304514    -0.4762449    -0.1001553    -0.1902744    -0.15284    -0.1492756    0.1332256    0.0001678473    -0.1320053    -0.1579654    -0.0148636    0.06753607
-0.1322459    -0.6129492    0.04304514    1    0.00847779    0.0762863    0.2307071    0.2259114    0.07443878    -0.2930001    0.04441428    0.3516261    0.2903146    0.07984832    -0.308593
-0.4410096    -0.3164429    -0.4762449    0.00847779    1    0.1083825    0.6185297    0.5181787    -0.06978406    -0.4473758    -0.04937063    0.4290146    0.4940976    0.1950312    -0.3902566
-0.07773379    -0.151107    -0.1001553    0.0762863    0.1083825    1    0.05957203    -0.4007196    -0.1074709    -0.1343564    -0.06601955    0.06681979    0.1333502    0.1699034    -0.0950056
-0.5859326    -0.4750439    -0.1902744    0.2307071    0.6185297    0.05957203    1    0.563625    -0.2870436    -0.4798465    0.0005085064    0.5207133    0.5903747    0.2441309    -0.5246823
-0.5110544    -0.4031434    -0.15284    0.2259114    0.5181787    -0.4007196    0.563625    1    0.1053805    -0.6316245    0.04703013    0.4946246    0.5091859    0.1702324    -0.4865215
0.04158914    -0.1196847    -0.1492756    0.07443878    -0.06978406    -0.1074709    -0.2870436    0.1053805    1    -0.2962808    0.1206585    0.07492759    0.03365031    0.06952195    -0.1295326
0.5122604    0.435331    0.1332256    -0.2930001    -0.4473758    -0.1343564    -0.4798465    -0.6316245    -0.2962808    1    -0.05170701    -0.496668    -0.5305599    -0.2888569    0.578952
-0.0615491    -0.06398276    0.0001678473    0.04441428    -0.04937063    -0.06601955    0.0005085064    0.04703013    0.1206585    -0.05170701    1    -0.01661703    -0.3486004    -0.02664636    -0.09414548
-0.4353268    -0.4161224    -0.1320053    0.3516261    0.4290146    0.06681979    0.5207133    0.4946246    0.07492759    -0.496668    -0.01661703    1    0.5772542    -0.1250704    -0.5223465
-0.4889812    -0.4412385    -0.1579654    0.2903146    0.4940976    0.1333502    0.5903747    0.5091859    0.03365031    -0.5305599    -0.3486004    0.5772542    1    0.2385394    -0.7075003
-0.2568396    -0.1533233    -0.0148636    0.07984832    0.1950312    0.1699034    0.2441309    0.1702324    0.06952195    -0.2888569    -0.02664636    -0.1250704    0.2385394    1    -0.4755204
0.4663513    0.3998363    0.06753607    -0.308593    -0.3902566    -0.0950056    -0.5246823    -0.4865215    -0.1295326    0.578952    -0.09414548    -0.5223465    -0.7075003    -0.4755204    1
