1    0.3622799    -0.1455975    -0.1322459    -0.4410096    0.1339019    -0.1047308    -0.2997162    -0.07304407    0.2412359
0.3622799    1    0.2804532    -0.6129492    -0.3164429    0.02252932    -0.02310615    -0.1192429    -0.114947    0.07605507
-0.1455975    0.2804532    1    0.04304514    -0.4762449    -0.008075849    -0.08985743    0.01843748    -0.03155097    -0.03978421
-0.1322459    -0.6129492    0.04304514    1    0.00847779    0.05499403    -0.01249103    0.07069396    0.08549491    -0.1564732
-0.4410096    -0.3164429    -0.4762449    0.00847779    1    -0.068788    0.2052095    0.254949    0.02293323    -0.2981639
0.1339019    0.02252932    -0.008075849    0.05499403    -0.068788    1    0.07115773    -0.753966    -0.2154147    0.2245231
-0.1047308    -0.02310615    -0.08985743    -0.01249103    0.2052095    0.07115773    1    0.1314665    -0.7719863    -0.03932459
-0.2997162    -0.1192429    0.01843748    0.07069396    0.254949    -0.753966    0.1314665    1    0.1821551    -0.6517384
-0.07304407    -0.114947    -0.03155097    0.08549491    0.02293323    -0.2154147    -0.7719863    0.1821551    1    -0.3665983
0.2412359    0.07605507    -0.03978421    -0.1564732    -0.2981639    0.2245231    -0.03932459    -0.6517384    -0.3665983    1
