1    0.3622799    -0.1455975    -0.1322459    -0.4410096    -0.07773379    -0.5859326    -0.5110544    0.04158914    0.5122604    -0.1439406    0.311036    0.4226015    -0.1108704    -0.3854112
0.3622799    1    0.2804532    -0.6129492    -0.3164429    -0.151107    -0.4750439    -0.4031434    -0.1196847    0.435331    -0.1641325    0.3275979    0.3846886    -0.1906723    -0.2820431
-0.1455975    0.2804532    1    0.04304514    -0.4762449    -0.1001553    -0.1902744    -0.15284    -0.1492756    0.1332256    0.01515369    0.123436    0.1266574    -0.04730803    -0.163961
-0.1322459    -0.6129492    0.04304514    1    0.00847779    0.0762863    0.2307071    0.2259114    0.07443878    -0.2930001    0.1350867    -0.2459384    -0.2448162    0.1797873    0.1373106
-0.4410096    -0.3164429    -0.4762449    0.00847779    1    0.1083825    0.6185297    0.5181787    -0.06978406    -0.4473758    0.06050792    -0.3056118    -0.3823949    0.1075356    0.3778763
-0.07773379    -0.151107    -0.1001553    0.0762863    0.1083825    1    0.05957203    -0.4007196    -0.1074709    -0.1343564    0.01455928    -0.08157503    -0.1724169    0.03168898    0.184259
-0.5859326    -0.4750439    -0.1902744    0.2307071    0.6185297    0.05957203    1    0.563625    -0.2870436    -0.4798465    0.1475794    -0.3531439    -0.5067941    0.1173117    0.4745518
-0.5110544    -0.4031434    -0.15284    0.2259114    0.5181787    -0.4007196    0.563625    1    0.1053805    -0.6316245    0.1383717    -0.3383454    -0.4201443    0.1003393    0.3855535
0.04158914    -0.1196847    -0.1492756    0.07443878    -0.06978406    -0.1074709    -0.2870436    0.1053805    1    -0.2962808    0.1123636    -0.2524715    -0.06419884    0.2134163    0.003146725
0.5122604    0.435331    0.1332256    -0.2930001    -0.4473758    -0.1343564    -0.4798465    -0.6316245    -0.2962808    1    -0.1264523    0.4430413    0.450172    -0.190211    -0.4165161
-0.1439406    -0.1641325    0.01515369    0.1350867    0.06050792    0.01455928    0.1475794    0.1383717    0.1123636    -0.1264523    1    -0.1279048    -0.6774055    0.1253901    0.1332067
0.311036    0.3275979    0.123436    -0.2459384    -0.3056118    -0.08157503    -0.3531439    -0.3383454    -0.2524715    0.4430413    -0.1279048    1    0.1886508    -0.7521571    -0.1450584
0.4226015    0.3846886    0.1266574    -0.2448162    -0.3823949    -0.1724169    -0.5067941    -0.4201443    -0.06419884    0.450172    -0.6774055    0.1886508    1    -0.1060445    -0.6383874
-0.1108704    -0.1906723    -0.04730803    0.1797873    0.1075356    0.03168898    0.1173117    0.1003393    0.2134163    -0.190211    0.1253901    -0.7521571    -0.1060445    1    -0.2244778
-0.3854112    -0.2820431    -0.163961    0.1373106    0.3778763    0.184259    0.4745518    0.3855535    0.003146725    -0.4165161    0.1332067    -0.1450584    -0.6383874    -0.2244778    1
