1    0.3622799    -0.1455975    -0.1322459    -0.4410096    -0.07773379    -0.5859326    -0.5110544    0.04158914    0.5122604    0.1932609    -0.1159093    0.0544415    0.3801045    -0.3095674
0.3622799    1    0.2804532    -0.6129492    -0.3164429    -0.151107    -0.4750439    -0.4031434    -0.1196847    0.435331    0.2012122    -0.1923368    -0.05424556    0.2952076    -0.1118493
-0.1455975    0.2804532    1    0.04304514    -0.4762449    -0.1001553    -0.1902744    -0.15284    -0.1492756    0.1332256    0.05789371    -0.08267096    -0.1208177    -0.02127754    0.1739846
-0.1322459    -0.6129492    0.04304514    1    0.00847779    0.0762863    0.2307071    0.2259114    0.07443878    -0.2930001    -0.1788958    0.102494    -0.07447266    -0.260209    0.2300918
-0.4410096    -0.3164429    -0.4762449    0.00847779    1    0.1083825    0.6185297    0.5181787    -0.06978406    -0.4473758    -0.2770842    0.1366351    0.03199842    -0.3422117    0.206999
-0.07773379    -0.151107    -0.1001553    0.0762863    0.1083825    1    0.05957203    -0.4007196    -0.1074709    -0.1343564    -0.1524692    0.0236894    0.1010187    -0.004319563    0.100531
-0.5859326    -0.4750439    -0.1902744    0.2307071    0.6185297    0.05957203    1    0.563625    -0.2870436    -0.4798465    -0.3286793    0.1223487    -0.03414067    -0.4292572    0.3566158
-0.5110544    -0.4031434    -0.15284    0.2259114    0.5181787    -0.4007196    0.563625    1    0.1053805    -0.6316245    -0.1581459    0.02715436    -0.1824297    -0.3902032    0.3712545
0.04158914    -0.1196847    -0.1492756    0.07443878    -0.06978406    -0.1074709    -0.2870436    0.1053805    1    -0.2962808    0.1688964    -0.1528447    -0.2408683    0.0547738    0.07075219
0.5122604    0.435331    0.1332256    -0.2930001    -0.4473758    -0.1343564    -0.4798465    -0.6316245    -0.2962808    1    0.159723    0.025113    0.2736393    0.3294911    -0.5130361
0.1932609    0.2012122    0.05789371    -0.1788958    -0.2770842    -0.1524692    -0.3286793    -0.1581459    0.1688964    0.159723    1    -0.1056302    -0.5090539    0.06912975    -0.1068795
-0.1159093    -0.1923368    -0.08267096    0.102494    0.1366351    0.0236894    0.1223487    0.02715436    -0.1528447    0.025113    -0.1056302    1    0.1359468    -0.5457157    -0.1184161
0.0544415    -0.05424556    -0.1208177    -0.07447266    0.03199842    0.1010187    -0.03414067    -0.1824297    -0.2408683    0.2736393    -0.5090539    0.1359468    1    0.005684328    -0.5467107
0.3801045    0.2952076    -0.02127754    -0.260209    -0.3422117    -0.004319563    -0.4292572    -0.3902032    0.0547738    0.3294911    0.06912975    -0.5457157    0.005684328    1    -0.3967013
-0.3095674    -0.1118493    0.1739846    0.2300918    0.206999    0.100531    0.3566158    0.3712545    0.07075219    -0.5130361    -0.1068795    -0.1184161    -0.5467107    -0.3967013    1
