1    0.3622799    -0.1455975    -0.1322459    -0.4410096    -0.07773379    -0.5859326    -0.5110544    0.04158914    0.5122604    -0.00359042    0.2919237    0.2872652    -0.2025634    -0.3597859
0.3622799    1    0.2804532    -0.6129492    -0.3164429    -0.151107    -0.4750439    -0.4031434    -0.1196847    0.435331    0.09450101    0.2523997    0.2389863    -0.1969818    -0.3537875
-0.1455975    0.2804532    1    0.04304514    -0.4762449    -0.1001553    -0.1902744    -0.15284    -0.1492756    0.1332256    0.04181503    0.08177717    0.1008261    -0.1393957    -0.1155318
-0.1322459    -0.6129492    0.04304514    1    0.00847779    0.0762863    0.2307071    0.2259114    0.07443878    -0.2930001    -0.0934178    -0.1094504    -0.158696    0.02045839    0.2668642
-0.4410096    -0.3164429    -0.4762449    0.00847779    1    0.1083825    0.6185297    0.5181787    -0.06978406    -0.4473758    0.007901699    -0.263207    -0.302945    0.1461762    0.3552441
-0.07773379    -0.151107    -0.1001553    0.0762863    0.1083825    1    0.05957203    -0.4007196    -0.1074709    -0.1343564    0.1179835    -0.09423    -0.1497857    0.03763392    0.1479025
-0.5859326    -0.4750439    -0.1902744    0.2307071    0.6185297    0.05957203    1    0.563625    -0.2870436    -0.4798465    -0.07744825    -0.3919657    -0.3374924    0.2619703    0.474862
-0.5110544    -0.4031434    -0.15284    0.2259114    0.5181787    -0.4007196    0.563625    1    0.1053805    -0.6316245    -0.1291704    -0.3182639    -0.2966056    0.1893064    0.4551976
0.04158914    -0.1196847    -0.1492756    0.07443878    -0.06978406    -0.1074709    -0.2870436    0.1053805    1    -0.2962808    -0.1811365    0.07514161    0.0133695    -0.003870909    0.1055594
0.5122604    0.435331    0.1332256    -0.2930001    -0.4473758    -0.1343564    -0.4798465    -0.6316245    -0.2962808    1    0.1429606    0.2474143    0.2811705    -0.1242726    -0.5066827
-0.00359042    0.09450101    0.04181503    -0.0934178    0.007901699    0.1179835    -0.07744825    -0.1291704    -0.1811365    0.1429606    1    -0.1695333    -0.5201249    0.02960654    -0.1103101
0.2919237    0.2523997    0.08177717    -0.1094504    -0.263207    -0.09423    -0.3919657    -0.3182639    0.07514161    0.2474143    -0.1695333    1    0.31856    -0.6899216    -0.2298555
0.2872652    0.2389863    0.1008261    -0.158696    -0.302945    -0.1497857    -0.3374924    -0.2966056    0.0133695    0.2811705    -0.5201249    0.31856    1    -0.1292416    -0.6212203
-0.2025634    -0.1969818    -0.1393957    0.02045839    0.1461762    0.03763392    0.2619703    0.1893064    -0.003870909    -0.1242726    0.02960654    -0.6899216    -0.1292416    1    -0.1871279
-0.3597859    -0.3537875    -0.1155318    0.2668642    0.3552441    0.1479025    0.474862    0.4551976    0.1055594    -0.5066827    -0.1103101    -0.2298555    -0.6212203    -0.1871279    1
