1    0.3622799    -0.1455975    -0.1322459    -0.4410096    -0.07773379    -0.5859326    -0.5110544    0.04158914    0.5122604    0.139898    0.2160642    -0.02851578    -0.1595676    -0.1793967
0.3622799    1    0.2804532    -0.6129492    -0.3164429    -0.151107    -0.4750439    -0.4031434    -0.1196847    0.435331    0.03547881    0.1438719    0.02888007    -0.1312835    -0.196459
-0.1455975    0.2804532    1    0.04304514    -0.4762449    -0.1001553    -0.1902744    -0.15284    -0.1492756    0.1332256    -0.05379917    -0.03155758    0.0217008    -0.01068291    -0.05729823
-0.1322459    -0.6129492    0.04304514    1    0.00847779    0.0762863    0.2307071    0.2259114    0.07443878    -0.2930001    -0.02822586    -0.1331414    -0.02804326    0.06855556    0.1652051
-0.4410096    -0.3164429    -0.4762449    0.00847779    1    0.1083825    0.6185297    0.5181787    -0.06978406    -0.4473758    -0.05251031    -0.1025164    -0.0001186742    0.09408819    0.1199733
-0.07773379    -0.151107    -0.1001553    0.0762863    0.1083825    1    0.05957203    -0.4007196    -0.1074709    -0.1343564    -0.2408549    0.06157727    0.08772775    -0.09322279    0.143231
-0.5859326    -0.4750439    -0.1902744    0.2307071    0.6185297    0.05957203    1    0.563625    -0.2870436    -0.4798465    -0.1121362    -0.2427844    -0.005502012    0.1971787    0.2479881
-0.5110544    -0.4031434    -0.15284    0.2259114    0.5181787    -0.4007196    0.563625    1    0.1053805    -0.6316245    -0.03971391    -0.2454972    -0.01567255    0.2064619    0.1957928
0.04158914    -0.1196847    -0.1492756    0.07443878    -0.06978406    -0.1074709    -0.2870436    0.1053805    1    -0.2962808    -0.04530577    -0.03349167    0.06033091    0.007260346    0.09531774
0.5122604    0.435331    0.1332256    -0.2930001    -0.4473758    -0.1343564    -0.4798465    -0.6316245    -0.2962808    1    0.2651258    0.2208882    -0.1190899    -0.1690418    -0.2532781
0.139898    0.03547881    -0.05379917    -0.02822586    -0.05251031    -0.2408549    -0.1121362    -0.03971391    -0.04530577    0.2651258    1    -0.02924275    -0.7679929    -0.06677109    0.04839401
0.2160642    0.1438719    -0.03155758    -0.1331414    -0.1025164    0.06157727    -0.2427844    -0.2454972    -0.03349167    0.2208882    -0.02924275    1    0.1079617    -0.7953458    -0.00102924
-0.02851578    0.02888007    0.0217008    -0.02804326    -0.0001186742    0.08772775    -0.005502012    -0.01567255    0.06033091    -0.1190899    -0.7679929    0.1079617    1    0.1316883    -0.5109379
-0.1595676    -0.1312835    -0.01068291    0.06855556    0.09408819    -0.09322279    0.1971787    0.2064619    0.007260346    -0.1690418    -0.06677109    -0.7953458    0.1316883    1    -0.4126565
-0.1793967    -0.196459    -0.05729823    0.1652051    0.1199733    0.143231    0.2479881    0.1957928    0.09531774    -0.2532781    0.04839401    -0.00102924    -0.5109379    -0.4126565    1
