1    0.3622799    -0.1455975    -0.1322459    -0.4410096    -0.07773379    -0.5859326    -0.5110544    0.04158914    0.5122604    0.3547061    -0.4851268    -0.4601454    0.1625524    0.4388262
0.3622799    1    0.2804532    -0.6129492    -0.3164429    -0.151107    -0.4750439    -0.4031434    -0.1196847    0.435331    0.1299815    -0.3462359    -0.4088897    0.01234814    0.5501529
-0.1455975    0.2804532    1    0.04304514    -0.4762449    -0.1001553    -0.1902744    -0.15284    -0.1492756    0.1332256    0.06132532    -0.2015872    -0.267851    0.08152333    0.3527424
-0.1322459    -0.6129492    0.04304514    1    0.00847779    0.0762863    0.2307071    0.2259114    0.07443878    -0.2930001    0.03700939    0.06948578    0.1217907    0.1457171    -0.2803347
-0.4410096    -0.3164429    -0.4762449    0.00847779    1    0.1083825    0.6185297    0.5181787    -0.06978406    -0.4473758    -0.3319788    0.4101657    0.5091152    -0.05148021    -0.5449047
-0.07773379    -0.151107    -0.1001553    0.0762863    0.1083825    1    0.05957203    -0.4007196    -0.1074709    -0.1343564    -0.114044    0.2044545    0.1637468    -0.09509928    -0.1618571
-0.5859326    -0.4750439    -0.1902744    0.2307071    0.6185297    0.05957203    1    0.563625    -0.2870436    -0.4798465    -0.3420793    0.4554301    0.5205357    -0.04650848    -0.5586831
-0.5110544    -0.4031434    -0.15284    0.2259114    0.5181787    -0.4007196    0.563625    1    0.1053805    -0.6316245    -0.2936648    0.3561996    0.4170001    -0.02795375    -0.4605104
0.04158914    -0.1196847    -0.1492756    0.07443878    -0.06978406    -0.1074709    -0.2870436    0.1053805    1    -0.2962808    0.01301353    0.02909418    -0.01095625    0.02579815    -0.09318705
0.5122604    0.435331    0.1332256    -0.2930001    -0.4473758    -0.1343564    -0.4798465    -0.6316245    -0.2962808    1    0.3636378    -0.4411071    -0.4339625    0.06553036    0.4762984
0.3547061    0.1299815    0.06132532    0.03700939    -0.3319788    -0.114044    -0.3420793    -0.2936648    0.01301353    0.3636378    1    -0.2854361    -0.7194519    0.06167188    0.2449637
-0.4851268    -0.3462359    -0.2015872    0.06948578    0.4101657    0.2044545    0.4554301    0.3561996    0.02909418    -0.4411071    -0.2854361    1    0.2700116    -0.6854755    -0.3287533
-0.4601454    -0.4088897    -0.267851    0.1217907    0.5091152    0.1637468    0.5205357    0.4170001    -0.01095625    -0.4339625    -0.7194519    0.2700116    1    -0.09220107    -0.6530083
0.1625524    0.01234814    0.08152333    0.1457171    -0.05148021    -0.09509928    -0.04650848    -0.02795375    0.02579815    0.06553036    0.06167188    -0.6854755    -0.09220107    1    -0.1518189
0.4388262    0.5501529    0.3527424    -0.2803347    -0.5449047    -0.1618571    -0.5586831    -0.4605104    -0.09318705    0.4762984    0.2449637    -0.3287533    -0.6530083    -0.1518189    1
