1    0.3622799    -0.1455975    -0.1322459    -0.4410096    -0.07773379    -0.5859326    -0.5110544    0.04158914    0.5122604    -0.3081643    0.3876836    0.2773672    -0.1345622    -0.4525744    -0.1094359    -0.1405526    -0.1078572    0.05394283    0.1082857
0.3622799    1    0.2804532    -0.6129492    -0.3164429    -0.151107    -0.4750439    -0.4031434    -0.1196847    0.435331    -0.6366548    0.3972583    0.5193224    -0.4438152    -0.4079776    -0.07724238    -0.06189619    -0.04523163    -0.04463968    0.04586086
-0.1455975    0.2804532    1    0.04304514    -0.4762449    -0.1001553    -0.1902744    -0.15284    -0.1492756    0.1332256    -0.4665846    0.1010264    0.5050001    -0.3358106    -0.280667    -0.01470735    -0.007935895    0.05031099    -0.06807811    -0.06858528
-0.1322459    -0.6129492    0.04304514    1    0.00847779    0.0762863    0.2307071    0.2259114    0.07443878    -0.2930001    0.2191233    -0.1260194    -0.1947342    0.3264909    0.1632379    0.05497404    0.05538371    0.1192236    0.02140065    -0.1885622
-0.4410096    -0.3164429    -0.4762449    0.00847779    1    0.1083825    0.6185297    0.5181787    -0.06978406    -0.4473758    0.3473407    -0.2601627    -0.4792382    0.343179    0.632446    0.2201191    0.1645328    0.008215212    -0.05845228    -0.1729737
-0.07773379    -0.151107    -0.1001553    0.0762863    0.1083825    1    0.05957203    -0.4007196    -0.1074709    -0.1343564    0.1013602    -0.03853915    -0.1627475    0.116842    0.1720098    0.0448563    0.1438198    -0.02328495    -0.08635717    0.05001226
-0.5859326    -0.4750439    -0.1902744    0.2307071    0.6185297    0.05957203    1    0.563625    -0.2870436    -0.4798465    0.4246074    -0.3667016    -0.3669775    0.2043457    0.4968123    0.1674605    0.1528974    0.08371948    0.001590141    -0.1933388
-0.5110544    -0.4031434    -0.15284    0.2259114    0.5181787    -0.4007196    0.563625    1    0.1053805    -0.6316245    0.348806    -0.2513405    -0.3058127    0.1023019    0.409234    0.1343723    0.1589148    0.0861366    -0.03468001    -0.1293514
0.04158914    -0.1196847    -0.1492756    0.07443878    -0.06978406    -0.1074709    -0.2870436    0.1053805    1    -0.2962808    0.1727112    0.1428589    -0.1618579    -0.05076671    -0.03612594    -0.06880192    0.1029986    0.09473492    -0.07800863    0.103426
0.5122604    0.435331    0.1332256    -0.2930001    -0.4473758    -0.1343564    -0.4798465    -0.6316245    -0.2962808    1    -0.3735562    0.1946171    0.3289708    -0.06889973    -0.3829964    -0.09213635    -0.302002    -0.1272562    0.176214    0.01698985
-0.3081643    -0.6366548    -0.4665846    0.2191233    0.3473407    0.1013602    0.4246074    0.348806    0.1727112    -0.3735562    1    -0.3594829    -0.5702683    0.2343407    0.2264468    -0.08187464    -0.05092622    0.157953    0.1899084    0.01926337
0.3876836    0.3972583    0.1010264    -0.1260194    -0.2601627    -0.03853915    -0.3667016    -0.2513405    0.1428589    0.1946171    -0.3594829    1    -0.175771    -0.3437631    -0.05963109    -0.05703445    0.06761562    0.001923016    -0.0544768    0.08529499
0.2773672    0.5193224    0.5050001    -0.1947342    -0.4792382    -0.1627475    -0.3669775    -0.3058127    -0.1618579    0.3289708    -0.5702683    -0.175771    1    -0.4582405    -0.7041022    -0.07321325    -0.05883018    0.001427109    -0.07478412    -0.02418383
-0.1345622    -0.4438152    -0.3358106    0.3264909    0.343179    0.116842    0.2043457    0.1023019    -0.05076671    -0.06889973    0.2343407    -0.3437631    -0.4582405    1    0.3417084    0.1953535    0.002458899    -0.08017578    0.05014456    -0.1768004
-0.4525744    -0.4079776    -0.280667    0.1632379    0.632446    0.1720098    0.4968123    0.409234    -0.03612594    -0.3829964    0.2264468    -0.05963109    -0.7041022    0.3417084    1    0.1648056    0.1268453    -0.06891309    -0.06209614    -0.09815523
-0.1094359    -0.07724238    -0.01470735    0.05497404    0.2201191    0.0448563    0.1674605    0.1343723    -0.06880192    -0.09213635    -0.08187464    -0.05703445    -0.07321325    0.1953535    0.1648056    1    0.1464677    -0.6958407    -0.2607963    0.15277
-0.1405526    -0.06189619    -0.007935895    0.05538371    0.1645328    0.1438198    0.1528974    0.1589148    0.1029986    -0.302002    -0.05092622    0.06761562    -0.05883018    0.002458899    0.1268453    0.1464677    1    0.1260234    -0.8249301    0.1419023
-0.1078572    -0.04523163    0.05031099    0.1192236    0.008215212    -0.02328495    0.08371948    0.0861366    0.09473492    -0.1272562    0.157953    0.001923016    0.001427109    -0.08017578    -0.06891309    -0.6958407    0.1260234    1    0.1799106    -0.6041241
0.05394283    -0.04463968    -0.06807811    0.02140065    -0.05845228    -0.08635717    0.001590141    -0.03468001    -0.07800863    0.176214    0.1899084    -0.0544768    -0.07478412    0.05014456    -0.06209614    -0.2607963    -0.8249301    0.1799106    1    -0.4889255
0.1082857    0.04586086    -0.06858528    -0.1885622    -0.1729737    0.05001226    -0.1933388    -0.1293514    0.103426    0.01698985    0.01926337    0.08529499    -0.02418383    -0.1768004    -0.09815523    0.15277    0.1419023    -0.6041241    -0.4889255    1
