1    0.3622799    -0.1455975    -0.1322459    -0.4410096    -0.07773379    -0.5859326    -0.5110544    0.04158914    0.5122604    -0.3081643    0.3876836    0.2773672    -0.1345622    -0.4525744    0.03335158    0.10895    0.1058245    -0.1206726    -0.09708671
0.3622799    1    0.2804532    -0.6129492    -0.3164429    -0.151107    -0.4750439    -0.4031434    -0.1196847    0.435331    -0.6366548    0.3972583    0.5193224    -0.4438152    -0.4079776    -0.02949838    0.07378155    0.1638218    -0.07911814    -0.1146398
-0.1455975    0.2804532    1    0.04304514    -0.4762449    -0.1001553    -0.1902744    -0.15284    -0.1492756    0.1332256    -0.4665846    0.1010264    0.5050001    -0.3358106    -0.280667    0.01428525    0.06350671    0.1159945    -0.03900976    -0.1228396
-0.1322459    -0.6129492    0.04304514    1    0.00847779    0.0762863    0.2307071    0.2259114    0.07443878    -0.2930001    0.2191233    -0.1260194    -0.1947342    0.3264909    0.1632379    0.06986372    0.0304484    -0.09331661    -0.05025413    0.06091505
-0.4410096    -0.3164429    -0.4762449    0.00847779    1    0.1083825    0.6185297    0.5181787    -0.06978406    -0.4473758    0.3473407    -0.2601627    -0.4792382    0.343179    0.632446    0.03611641    -0.1482718    -0.2145475    0.1556852    0.1219445
-0.07773379    -0.151107    -0.1001553    0.0762863    0.1083825    1    0.05957203    -0.4007196    -0.1074709    -0.1343564    0.1013602    -0.03853915    -0.1627475    0.116842    0.1720098    -0.03667421    -0.0549883    -0.02909246    0.04614017    0.03546086
-0.5859326    -0.4750439    -0.1902744    0.2307071    0.6185297    0.05957203    1    0.563625    -0.2870436    -0.4798465    0.4246074    -0.3667016    -0.3669775    0.2043457    0.4968123    0.06847264    -0.1518075    -0.2425153    0.1368292    0.1442667
-0.5110544    -0.4031434    -0.15284    0.2259114    0.5181787    -0.4007196    0.563625    1    0.1053805    -0.6316245    0.348806    -0.2513405    -0.3058127    0.1023019    0.409234    0.03807928    -0.1138265    -0.165769    0.1256347    0.08997029
0.04158914    -0.1196847    -0.1492756    0.07443878    -0.06978406    -0.1074709    -0.2870436    0.1053805    1    -0.2962808    0.1727112    0.1428589    -0.1618579    -0.05076671    -0.03612594    -0.111229    0.1009898    0.1611059    -0.08172466    -0.003994059
0.5122604    0.435331    0.1332256    -0.2930001    -0.4473758    -0.1343564    -0.4798465    -0.6316245    -0.2962808    1    -0.3735562    0.1946171    0.3289708    -0.06889973    -0.3829964    0.04502431    0.1214892    0.05101742    -0.09596392    -0.06062436
-0.3081643    -0.6366548    -0.4665846    0.2191233    0.3473407    0.1013602    0.4246074    0.348806    0.1727112    -0.3735562    1    -0.3594829    -0.5702683    0.2343407    0.2264468    -0.04144614    -0.01635906    -0.1070501    -0.02361579    0.1939621
0.3876836    0.3972583    0.1010264    -0.1260194    -0.2601627    -0.03853915    -0.3667016    -0.2513405    0.1428589    0.1946171    -0.3594829    1    -0.175771    -0.3437631    -0.05963109    -0.09302178    0.2106499    0.2321392    -0.2301049    -0.03050632
0.2773672    0.5193224    0.5050001    -0.1947342    -0.4792382    -0.1627475    -0.3669775    -0.3058127    -0.1618579    0.3289708    -0.5702683    -0.175771    1    -0.4582405    -0.7041022    0.08253731    -0.02684084    0.04625202    0.02805658    -0.1451585
-0.1345622    -0.4438152    -0.3358106    0.3264909    0.343179    0.116842    0.2043457    0.1023019    -0.05076671    -0.06889973    0.2343407    -0.3437631    -0.4582405    1    0.3417084    -0.01416203    -0.08161883    -0.1263849    0.04239556    0.09032324
-0.4525744    -0.4079776    -0.280667    0.1632379    0.632446    0.1720098    0.4968123    0.409234    -0.03612594    -0.3829964    0.2264468    -0.05963109    -0.7041022    0.3417084    1    0.04214031    -0.1344219    -0.1479332    0.2133202    0.006344379
0.03335158    -0.02949838    0.01428525    0.06986372    0.03611641    -0.03667421    0.06847264    0.03807928    -0.111229    0.04502431    -0.04144614    -0.09302178    0.08253731    -0.01416203    0.04214031    1    0.01044061    -0.785367    -0.05049712    0.2023296
0.10895    0.07378155    0.06350671    0.0304484    -0.1482718    -0.0549883    -0.1518075    -0.1138265    0.1009898    0.1214892    -0.01635906    0.2106499    -0.02684084    -0.08161883    -0.1344219    0.01044061    1    0.1795338    -0.8060869    0.1746387
0.1058245    0.1638218    0.1159945    -0.09331661    -0.2145475    -0.02909246    -0.2425153    -0.165769    0.1611059    0.05101742    -0.1070501    0.2321392    0.04625202    -0.1263849    -0.1479332    -0.785367    0.1795338    1    -0.05741289    -0.518797
-0.1206726    -0.07911814    -0.03900976    -0.05025413    0.1556852    0.04614017    0.1368292    0.1256347    -0.08172466    -0.09596392    -0.02361579    -0.2301049    0.02805658    0.04239556    0.2133202    -0.05049712    -0.8060869    -0.05741289    1    -0.4833687
-0.09708671    -0.1146398    -0.1228396    0.06091505    0.1219445    0.03546086    0.1442667    0.08997029    -0.003994059    -0.06062436    0.1939621    -0.03050632    -0.1451585    0.09032324    0.006344379    0.2023296    0.1746387    -0.518797    -0.4833687    1
