1    0.3622799    -0.1455975    -0.1322459    -0.4410096    -0.0615491    -0.4353268    -0.4889812    -0.2568396    0.4663513
0.3622799    1    0.2804532    -0.6129492    -0.3164429    -0.06398276    -0.4161224    -0.4412385    -0.1533233    0.3998363
-0.1455975    0.2804532    1    0.04304514    -0.4762449    0.0001678473    -0.1320053    -0.1579654    -0.0148636    0.06753607
-0.1322459    -0.6129492    0.04304514    1    0.00847779    0.04441428    0.3516261    0.2903146    0.07984832    -0.308593
-0.4410096    -0.3164429    -0.4762449    0.00847779    1    -0.04937063    0.4290146    0.4940976    0.1950312    -0.3902566
-0.0615491    -0.06398276    0.0001678473    0.04441428    -0.04937063    1    -0.01661703    -0.3486004    -0.02664636    -0.09414548
-0.4353268    -0.4161224    -0.1320053    0.3516261    0.4290146    -0.01661703    1    0.5772542    -0.1250704    -0.5223465
-0.4889812    -0.4412385    -0.1579654    0.2903146    0.4940976    -0.3486004    0.5772542    1    0.2385394    -0.7075003
-0.2568396    -0.1533233    -0.0148636    0.07984832    0.1950312    -0.02664636    -0.1250704    0.2385394    1    -0.4755204
0.4663513    0.3998363    0.06753607    -0.308593    -0.3902566    -0.09414548    -0.5223465    -0.7075003    -0.4755204    1
