1    0.1513493    -0.04186283    0.1138702    -0.4404941    0.4543965    0.3748153    0.1802457    -0.1506153    -0.4019955    -0.1206956    -0.4966137    -0.4147527    -0.005682062    0.3687367    0.2363588    -0.5202229    -0.5325619    0.2792943    0.5466503    -0.1250048    0.3346184    0.4258399    -0.02772634    -0.5281547
0.1513493    1    0.3110405    -0.5531649    -0.1947917    0.3638988    0.4235353    0.1832111    -0.2134165    -0.2748737    -0.2498947    -0.4486158    -0.2766947    -0.08340924    0.3575694    -0.1212411    -0.3748359    -0.2167843    0.04932302    0.4344177    -0.1453244    0.4656111    0.3009495    -0.2547298    -0.2476685
-0.04186283    0.3110405    1    0.02341418    -0.5469089    0.1384761    0.2911893    0.205192    -0.1291521    -0.1287854    -0.1476021    -0.3624062    -0.2308682    0.1167298    0.1749629    0.01326171    -0.2353403    -0.3065591    -0.03936138    0.3823618    0.004329544    0.2808048    0.1346034    -0.178977    -0.1436472
0.1138702    -0.5531649    0.02341418    1    -0.1764102    -0.1255568    -0.06027282    0.06962043    0.1436783    0.1229412    0.1257045    0.07018602    0.09599848    0.1691704    -0.187886    0.2134343    0.04218581    -0.09886633    0.058144    -0.04613222    0.08404829    -0.2005385    -0.1173335    0.1302944    0.04544528
-0.4404941    -0.1947917    -0.5469089    -0.1764102    1    -0.3899508    -0.3869513    -0.1950459    0.3191444    0.5541368    0.1984899    0.6391685    0.4818819    -0.1449595    -0.414675    -0.1834422    0.5258971    0.550341    -0.1459675    -0.6225399    0.07410789    -0.4551689    -0.386305    0.1687628    0.447782
0.4543965    0.3638988    0.1384761    -0.1255568    -0.3899508    1    0.3622799    -0.1455975    -0.1322459    -0.4410096    -0.1829526    -0.5000453    -0.3974069    -0.1177079    0.4412974    0.1057217    -0.5628514    -0.4106459    0.2880422    0.4857357    -0.2067294    0.4477373    0.4820972    -0.1632323    -0.4360479
0.3748153    0.4235353    0.2911893    -0.06027282    -0.3869513    0.3622799    1    0.2804532    -0.6129492    -0.3164429    -0.2681628    -0.522949    -0.2604739    0.03643385    0.3526975    -0.03986073    -0.5172847    -0.3559651    0.1459933    0.5677417    -0.2031756    0.4915044    0.4180462    -0.2673764    -0.3281402
0.1802457    0.1832111    0.205192    0.06962043    -0.1950459    -0.1455975    0.2804532    1    0.04304514    -0.4762449    -0.1833854    -0.2046786    -0.02568814    0.1486959    0.09700775    0.06808274    -0.2281166    -0.3273903    0.0568648    0.3703342    -0.07222699    0.2149054    0.1813432    -0.1152906    -0.1879885
-0.1506153    -0.2134165    -0.1291521    0.1436783    0.3191444    -0.1322459    -0.6129492    0.04304514    1    0.00847779    0.1301897    0.3526631    0.2427937    0.01482905    -0.264674    0.1619484    0.2343306    0.03721677    0.02165854    -0.2538131    0.08142235    -0.3424515    -0.1910443    0.2085417    0.1313667
-0.4019955    -0.2748737    -0.1287854    0.1229412    0.5541368    -0.4410096    -0.3164429    -0.4762449    0.00847779    1    0.2705142    0.5174912    0.3438892    -0.1203562    -0.3923266    -0.1516991    0.5613566    0.5034098    -0.2451812    -0.5876943    0.1612381    -0.4394843    -0.4691434    0.1503894    0.4453246
-0.1206956    -0.2498947    -0.1476021    0.1257045    0.1984899    -0.1829526    -0.2681628    -0.1833854    0.1301897    0.2705142    1    0.1894219    -0.3429943    -0.1385012    -0.1661251    0.005218382    0.2298645    0.1771436    -0.04301677    -0.2908985    0.1188634    -0.2189244    -0.2326183    0.151497    0.1292385
-0.4966137    -0.4486158    -0.3624062    0.07018602    0.6391685    -0.5000453    -0.522949    -0.2046786    0.3526631    0.5174912    0.1894219    1    0.5062199    -0.2663477    -0.4823125    -0.03716548    0.6251863    0.5029114    -0.1960809    -0.6765158    0.1093332    -0.5879859    -0.4647759    0.2398318    0.4809769
-0.4147527    -0.2766947    -0.2308682    0.09599848    0.4818819    -0.3974069    -0.2604739    -0.02568814    0.2427937    0.3438892    -0.3429943    0.5062199    1    0.1364205    -0.601621    -0.04438793    0.4259433    0.362236    -0.1345915    -0.4672457    0.06838118    -0.50491    -0.3785112    0.1830996    0.4541429
-0.005682062    -0.08340924    0.1167298    0.1691704    -0.1449595    -0.1177079    0.03643385    0.1486959    0.01482905    -0.1203562    -0.1385012    -0.2663477    0.1364205    1    -0.3475727    0.05177601    -0.04945446    -0.1036846    0.04629841    0.07425614    0.1184665    -0.0995928    -0.09645958    0.08388017    0.03426089
0.3687367    0.3575694    0.1749629    -0.187886    -0.414675    0.4412974    0.3526975    0.09700775    -0.264674    -0.3923266    -0.1661251    -0.4823125    -0.601621    -0.3475727    1    0.0060185    -0.4495044    -0.3235607    0.1301072    0.4689798    -0.1774987    0.562911    0.4727575    -0.2389737    -0.4461912
0.2363588    -0.1212411    0.01326171    0.2134343    -0.1834422    0.1057217    -0.03986073    0.06808274    0.1619484    -0.1516991    0.005218382    -0.03716548    -0.04438793    0.05177601    0.0060185    1    -0.07341763    -0.6190925    0.001420208    0.1189501    0.07851957    -0.05764444    0.01468579    0.2037688    -0.1848522
-0.5202229    -0.3748359    -0.2353403    0.04218581    0.5258971    -0.5628514    -0.5172847    -0.2281166    0.2343306    0.5613566    0.2298645    0.6251863    0.4259433    -0.04945446    -0.4495044    -0.07341763    1    0.3500543    -0.6650351    -0.5111754    0.1987493    -0.486395    -0.518381    0.1762721    0.5065175
-0.5325619    -0.2167843    -0.3065591    -0.09886633    0.550341    -0.4106459    -0.3559651    -0.3273903    0.03721677    0.5034098    0.1771436    0.5029114    0.362236    -0.1036846    -0.3235607    -0.6190925    0.3500543    1    -0.160647    -0.7130452    0.07844155    -0.3394932    -0.3757642    0.02953477    0.4884455
0.2792943    0.04932302    -0.03936138    0.058144    -0.1459675    0.2880422    0.1459933    0.0568648    0.02165854    -0.2451812    -0.04301677    -0.1960809    -0.1345915    0.04629841    0.1301072    0.001420208    -0.6650351    -0.160647    1    0.02807084    -0.1509705    0.1164892    0.2547966    -0.01259306    -0.2477716
0.5466503    0.4344177    0.3823618    -0.04613222    -0.6225399    0.4857357    0.5677417    0.3703342    -0.2538131    -0.5876943    -0.2908985    -0.6765158    -0.4672457    0.07425614    0.4689798    0.1189501    -0.5111754    -0.7130452    0.02807084    1    -0.1485725    0.5309089    0.5092836    -0.206855    -0.5247973
-0.1250048    -0.1453244    0.004329544    0.08404829    0.07410789    -0.2067294    -0.2031756    -0.07222699    0.08142235    0.1612381    0.1188634    0.1093332    0.06838118    0.1184665    -0.1774987    0.07851957    0.1987493    0.07844155    -0.1509705    -0.1485725    1    -0.2099838    -0.639589    0.2021948    0.148635
0.3346184    0.4656111    0.2808048    -0.2005385    -0.4551689    0.4477373    0.4915044    0.2149054    -0.3424515    -0.4394843    -0.2189244    -0.5879859    -0.50491    -0.0995928    0.562911    -0.05764444    -0.486395    -0.3394932    0.1164892    0.5309089    -0.2099838    1    0.2976746    -0.6280262    -0.2447407
0.4258399    0.3009495    0.1346034    -0.1173335    -0.386305    0.4820972    0.4180462    0.1813432    -0.1910443    -0.4691434    -0.2326183    -0.4647759    -0.3785112    -0.09645958    0.4727575    0.01468579    -0.518381    -0.3757642    0.2547966    0.5092836    -0.639589    0.2976746    1    -0.2405214    -0.6202122
-0.02772634    -0.2547298    -0.178977    0.1302944    0.1687628    -0.1632323    -0.2673764    -0.1152906    0.2085417    0.1503894    0.151497    0.2398318    0.1830996    0.08388017    -0.2389737    0.2037688    0.1762721    0.02953477    -0.01259306    -0.206855    0.2021948    -0.6280262    -0.2405214    1    -0.2275061
-0.5281547    -0.2476685    -0.1436472    0.04544528    0.447782    -0.4360479    -0.3281402    -0.1879885    0.1313667    0.4453246    0.1292385    0.4809769    0.4541429    0.03426089    -0.4461912    -0.1848522    0.5065175    0.4884455    -0.2477716    -0.5247973    0.148635    -0.2447407    -0.6202122    -0.2275061    1
