1    0.3622799    -0.1455975    -0.1322459    -0.4410096    0.5063133    -0.5534517    -0.3616014    0.5228442    0.4372357
0.3622799    1    0.2804532    -0.6129492    -0.3164429    0.4520477    -0.4625392    -0.3980281    0.5126222    0.4007976
-0.1455975    0.2804532    1    0.04304514    -0.4762449    0.1178813    -0.1565433    -0.1600493    0.2015165    0.2832781
-0.1322459    -0.6129492    0.04304514    1    0.00847779    -0.339793    0.3109259    0.2256779    -0.2706705    -0.09113787
-0.4410096    -0.3164429    -0.4762449    0.00847779    1    -0.5548652    0.5240634    0.3819007    -0.4540042    -0.4364238
0.5063133    0.4520477    0.1178813    -0.339793    -0.5548652    1    -0.5889263    -0.6905772    0.5508281    0.360491
-0.5534517    -0.4625392    -0.1565433    0.3109259    0.5240634    -0.5889263    1    0.1292851    -0.7202416    -0.3259849
-0.3616014    -0.3980281    -0.1600493    0.2256779    0.3819007    -0.6905772    0.1292851    1    -0.5300982    -0.5326174
0.5228442    0.5126222    0.2015165    -0.2706705    -0.4540042    0.5508281    -0.7202416    -0.5300982    1    0.3449104
0.4372357    0.4007976    0.2832781    -0.09113787    -0.4364238    0.360491    -0.3259849    -0.5326174    0.3449104    1
