1    0.1513493    -0.04186283    0.1138702    -0.4404941    -0.1206956    -0.4966137    -0.4147527    -0.005682062    0.3687367    0.1890969    0.3418826    0.2781506    0.1486713    -0.402275
0.1513493    1    0.3110405    -0.5531649    -0.1947917    -0.2498947    -0.4486158    -0.2766947    -0.08340924    0.3575694    0.007172023    0.3276055    0.3322203    0.2354248    -0.3582199
-0.04186283    0.3110405    1    0.02341418    -0.5469089    -0.1476021    -0.3624062    -0.2308682    0.1167298    0.1749629    -0.1373633    0.2516306    0.2796145    0.1324029    -0.2989472
0.1138702    -0.5531649    0.02341418    1    -0.1764102    0.1257045    0.07018602    0.09599848    0.1691704    -0.187886    -0.0004752008    -0.01759678    -0.01715645    -0.1014682    0.008792221
-0.4404941    -0.1947917    -0.5469089    -0.1764102    1    0.1984899    0.6391685    0.4818819    -0.1449595    -0.414675    -0.03504057    -0.381345    -0.307509    -0.1295086    0.3963255
-0.1206956    -0.2498947    -0.1476021    0.1257045    0.1984899    1    0.1894219    -0.3429943    -0.1385012    -0.1661251    -0.05371547    -0.2118386    -0.2383187    -0.04465584    0.2390536
-0.4966137    -0.4486158    -0.3624062    0.07018602    0.6391685    0.1894219    1    0.5062199    -0.2663477    -0.4823125    -0.04257137    -0.450507    -0.3789881    -0.2172527    0.4282176
-0.4147527    -0.2766947    -0.2308682    0.09599848    0.4818819    -0.3429943    0.5062199    1    0.1364205    -0.601621    -0.06579085    -0.2415484    -0.1567717    -0.2159614    0.2505327
-0.005682062    -0.08340924    0.1167298    0.1691704    -0.1449595    -0.1385012    -0.2663477    0.1364205    1    -0.3475727    -0.1334228    -0.005364713    0.1663666    0.00131069    -0.04479295
0.3687367    0.3575694    0.1749629    -0.187886    -0.414675    -0.1661251    -0.4823125    -0.601621    -0.3475727    1    0.1809588    0.3079466    0.194071    0.1583223    -0.233728
0.1890969    0.007172023    -0.1373633    -0.0004752008    -0.03504057    -0.05371547    -0.04257137    -0.06579085    -0.1334228    0.1809588    1    0.1120652    -0.3681135    -0.001060997    -0.08082685
0.3418826    0.3276055    0.2516306    -0.01759678    -0.381345    -0.2118386    -0.450507    -0.2415484    -0.005364713    0.3079466    0.1120652    1    0.2555411    -0.289436    -0.3011503
0.2781506    0.3322203    0.2796145    -0.01715645    -0.307509    -0.2383187    -0.3789881    -0.1567717    0.1663666    0.194071    -0.3681135    0.2555411    1    0.1903292    -0.5369004
0.1486713    0.2354248    0.1324029    -0.1014682    -0.1295086    -0.04465584    -0.2172527    -0.2159614    0.00131069    0.1583223    -0.001060997    -0.289436    0.1903292    1    -0.4704953
-0.402275    -0.3582199    -0.2989472    0.008792221    0.3963255    0.2390536    0.4282176    0.2505327    -0.04479295    -0.233728    -0.08082685    -0.3011503    -0.5369004    -0.4704953    1
