1    0.3622799    -0.1455975    -0.1322459    -0.4410096    -0.07593569    0.1918384    -0.01108624    0.2504266    0.09570768
0.3622799    1    0.2804532    -0.6129492    -0.3164429    -0.003155187    0.03716415    -0.06350299    0.2792398    0.2260784
-0.1455975    0.2804532    1    0.04304514    -0.4762449    0.1511009    -0.1094643    -0.16442    0.1602299    0.2305048
-0.1322459    -0.6129492    0.04304514    1    0.00847779    0.2106868    -0.1656527    -0.1038368    -0.1233859    -0.01366361
-0.4410096    -0.3164429    -0.4762449    0.00847779    1    -0.02525144    -0.1334685    0.08150928    -0.3112004    -0.0934451
-0.07593569    -0.003155187    0.1511009    0.2106868    -0.02525144    1    -0.4774775    -0.4538181    0.1378426    0.1167466
0.1918384    0.03716415    -0.1094643    -0.1656527    -0.1334685    -0.4774775    1    -0.2704573    -0.27668    0.00682912
-0.01108624    -0.06350299    -0.16442    -0.1038368    0.08150928    -0.4538181    -0.2704573    1    -0.2854063    -0.3209596
0.2504266    0.2792398    0.1602299    -0.1233859    -0.3112004    0.1378426    -0.27668    -0.2854063    1    -0.1334371
0.09570768    0.2260784    0.2305048    -0.01366361    -0.0934451    0.1167466    0.00682912    -0.3209596    -0.1334371    1
