1    0.3622799    -0.1455975    -0.1322459    -0.4410096    0.139898    0.2160642    -0.02851578    -0.1595676    -0.1793967
0.3622799    1    0.2804532    -0.6129492    -0.3164429    0.03547881    0.1438719    0.02888007    -0.1312835    -0.196459
-0.1455975    0.2804532    1    0.04304514    -0.4762449    -0.05379917    -0.03155758    0.0217008    -0.01068291    -0.05729823
-0.1322459    -0.6129492    0.04304514    1    0.00847779    -0.02822586    -0.1331414    -0.02804326    0.06855556    0.1652051
-0.4410096    -0.3164429    -0.4762449    0.00847779    1    -0.05251031    -0.1025164    -0.0001186742    0.09408819    0.1199733
0.139898    0.03547881    -0.05379917    -0.02822586    -0.05251031    1    -0.02924275    -0.7679929    -0.06677109    0.04839401
0.2160642    0.1438719    -0.03155758    -0.1331414    -0.1025164    -0.02924275    1    0.1079617    -0.7953458    -0.00102924
-0.02851578    0.02888007    0.0217008    -0.02804326    -0.0001186742    -0.7679929    0.1079617    1    0.1316883    -0.5109379
-0.1595676    -0.1312835    -0.01068291    0.06855556    0.09408819    -0.06677109    -0.7953458    0.1316883    1    -0.4126565
-0.1793967    -0.196459    -0.05729823    0.1652051    0.1199733    0.04839401    -0.00102924    -0.5109379    -0.4126565    1
