1    0.3622799    -0.1455975    -0.1322459    -0.4410096    -0.07773379    -0.5859326    -0.5110544    0.04158914    0.5122604    -0.3081643    0.3876836    0.2773672    -0.1345622    -0.4525744    0.5059574    -0.04683392    -0.4541106    -0.1211877    -0.02960595
0.3622799    1    0.2804532    -0.6129492    -0.3164429    -0.151107    -0.4750439    -0.4031434    -0.1196847    0.435331    -0.6366548    0.3972583    0.5193224    -0.4438152    -0.4079776    0.3613152    0.05089131    -0.2633148    -0.1018925    -0.1602737
-0.1455975    0.2804532    1    0.04304514    -0.4762449    -0.1001553    -0.1902744    -0.15284    -0.1492756    0.1332256    -0.4665846    0.1010264    0.5050001    -0.3358106    -0.280667    0.05064359    0.1694294    0.01979372    -0.01465017    -0.2190493
-0.1322459    -0.6129492    0.04304514    1    0.00847779    0.0762863    0.2307071    0.2259114    0.07443878    -0.2930001    0.2191233    -0.1260194    -0.1947342    0.3264909    0.1632379    -0.2415804    0.09225784    0.2416717    0.03823827    -0.07988796
-0.4410096    -0.3164429    -0.4762449    0.00847779    1    0.1083825    0.6185297    0.5181787    -0.06978406    -0.4473758    0.3473407    -0.2601627    -0.4792382    0.343179    0.632446    -0.4974901    -0.08851564    0.4222931    0.04713737    0.01556829
-0.07773379    -0.151107    -0.1001553    0.0762863    0.1083825    1    0.05957203    -0.4007196    -0.1074709    -0.1343564    0.1013602    -0.03853915    -0.1627475    0.116842    0.1720098    -0.1099965    -0.005555515    0.150103    0.0289457    -0.01752614
-0.5859326    -0.4750439    -0.1902744    0.2307071    0.6185297    0.05957203    1    0.563625    -0.2870436    -0.4798465    0.4246074    -0.3667016    -0.3669775    0.2043457    0.4968123    -0.602715    0.114045    0.5496052    0.04736396    -0.0009532606
-0.5110544    -0.4031434    -0.15284    0.2259114    0.5181787    -0.4007196    0.563625    1    0.1053805    -0.6316245    0.348806    -0.2513405    -0.3058127    0.1023019    0.409234    -0.5064082    0.02194733    0.5445904    0.06855583    -0.0499104
0.04158914    -0.1196847    -0.1492756    0.07443878    -0.06978406    -0.1074709    -0.2870436    0.1053805    1    -0.2962808    0.1727112    0.1428589    -0.1618579    -0.05076671    -0.03612594    0.0923819    -0.1389105    0.04836376    0.1217329    0.03279525
0.5122604    0.435331    0.1332256    -0.2930001    -0.4473758    -0.1343564    -0.4798465    -0.6316245    -0.2962808    1    -0.3735562    0.1946171    0.3289708    -0.06889973    -0.3829964    0.4188224    0.03407319    -0.5910042    -0.1260329    0.1865189
-0.3081643    -0.6366548    -0.4665846    0.2191233    0.3473407    0.1013602    0.4246074    0.348806    0.1727112    -0.3735562    1    -0.3594829    -0.5702683    0.2343407    0.2264468    -0.2446952    -0.07344867    0.1649568    0.1244286    0.2074546
0.3876836    0.3972583    0.1010264    -0.1260194    -0.2601627    -0.03853915    -0.3667016    -0.2513405    0.1428589    0.1946171    -0.3594829    1    -0.175771    -0.3437631    -0.05963109    0.2933177    0.0267739    -0.1202451    -0.1219685    -0.1069485
0.2773672    0.5193224    0.5050001    -0.1947342    -0.4792382    -0.1627475    -0.3669775    -0.3058127    -0.1618579    0.3289708    -0.5702683    -0.175771    1    -0.4582405    -0.7041022    0.3364707    0.01500149    -0.2676311    -0.06711492    -0.1291404
-0.1345622    -0.4438152    -0.3358106    0.3264909    0.343179    0.116842    0.2043457    0.1023019    -0.05076671    -0.06889973    0.2343407    -0.3437631    -0.4582405    1    0.3417084    -0.2557457    -0.02942799    0.04065019    0.06026801    0.1666456
-0.4525744    -0.4079776    -0.280667    0.1632379    0.632446    0.1720098    0.4968123    0.409234    -0.03612594    -0.3829964    0.2264468    -0.05963109    -0.7041022    0.3417084    1    -0.5270323    0.007921303    0.4510248    0.0692953    0.01055481
0.5059574    0.3613152    0.05064359    -0.2415804    -0.4974901    -0.1099965    -0.602715    -0.5064082    0.0923819    0.4188224    -0.2446952    0.2933177    0.3364707    -0.2557457    -0.5270323    1    -0.06220697    -0.7892314    -0.1394568    0.06121272
-0.04683392    0.05089131    0.1694294    0.09225784    -0.08851564    -0.005555515    0.114045    0.02194733    -0.1389105    0.03407319    -0.07344867    0.0267739    0.01500149    -0.02942799    0.007921303    -0.06220697    1    -0.09514101    -0.517768    0.1249409
-0.4541106    -0.2633148    0.01979372    0.2416717    0.4222931    0.150103    0.5496052    0.5445904    0.04836376    -0.5910042    0.1649568    -0.1202451    -0.2676311    0.04065019    0.4510248    -0.7892314    -0.09514101    1    0.113711    -0.3384456
-0.1211877    -0.1018925    -0.01465017    0.03823827    0.04713737    0.0289457    0.04736396    0.06855583    0.1217329    -0.1260329    0.1244286    -0.1219685    -0.06711492    0.06026801    0.0692953    -0.1394568    -0.517768    0.113711    1    -0.4318813
-0.02960595    -0.1602737    -0.2190493    -0.07988796    0.01556829    -0.01752614    -0.0009532606    -0.0499104    0.03279525    0.1865189    0.2074546    -0.1069485    -0.1291404    0.1666456    0.01055481    0.06121272    0.1249409    -0.3384456    -0.4318813    1
