1    0.3622799    -0.1455975    -0.1322459    -0.4410096    -0.1829526    -0.5000453    -0.3974069    -0.1177079    0.4412974    -0.07773379    -0.5859326    -0.5110544    0.04158914    0.5122604    -0.3081643    0.3876836    0.2773672    -0.1345622    -0.4525744
0.3622799    1    0.2804532    -0.6129492    -0.3164429    -0.2681628    -0.522949    -0.2604739    0.03643385    0.3526975    -0.151107    -0.4750439    -0.4031434    -0.1196847    0.435331    -0.6366548    0.3972583    0.5193224    -0.4438152    -0.4079776
-0.1455975    0.2804532    1    0.04304514    -0.4762449    -0.1833854    -0.2046786    -0.02568814    0.1486959    0.09700775    -0.1001553    -0.1902744    -0.15284    -0.1492756    0.1332256    -0.4665846    0.1010264    0.5050001    -0.3358106    -0.280667
-0.1322459    -0.6129492    0.04304514    1    0.00847779    0.1301897    0.3526631    0.2427937    0.01482905    -0.264674    0.0762863    0.2307071    0.2259114    0.07443878    -0.2930001    0.2191233    -0.1260194    -0.1947342    0.3264909    0.1632379
-0.4410096    -0.3164429    -0.4762449    0.00847779    1    0.2705142    0.5174912    0.3438892    -0.1203562    -0.3923266    0.1083825    0.6185297    0.5181787    -0.06978406    -0.4473758    0.3473407    -0.2601627    -0.4792382    0.343179    0.632446
-0.1829526    -0.2681628    -0.1833854    0.1301897    0.2705142    1    0.1894219    -0.3429943    -0.1385012    -0.1661251    0.07574266    0.2535602    0.1940079    0.01098068    -0.1823848    0.2654799    -0.1129825    -0.2573445    0.1643945    0.2326176
-0.5000453    -0.522949    -0.2046786    0.3526631    0.5174912    0.1894219    1    0.5062199    -0.2663477    -0.4823125    0.107676    0.6054965    0.5351674    0.04127071    -0.5253243    0.4463478    -0.3030481    -0.5358941    0.3482022    0.6031093
-0.3974069    -0.2604739    -0.02568814    0.2427937    0.3438892    -0.3429943    0.5062199    1    0.1364205    -0.601621    0.1037938    0.4666059    0.4122123    0.03780635    -0.4433051    0.2832612    -0.1330563    -0.3406899    0.1241791    0.3601933
-0.1177079    0.03643385    0.1486959    0.01482905    -0.1203562    -0.1385012    -0.2663477    0.1364205    1    -0.3475727    -0.01748058    -0.02288628    0.02840419    0.1952098    -0.1554617    0.06647371    0.07057685    0.03382663    -0.1386383    -0.130163
0.4412974    0.3526975    0.09700775    -0.264674    -0.3923266    -0.1661251    -0.4823125    -0.601621    -0.3475727    1    -0.08442254    -0.5009012    -0.4924647    -0.1741116    0.6376767    -0.4182006    0.1448827    0.3735137    -0.05947224    -0.3527174
-0.07773379    -0.151107    -0.1001553    0.0762863    0.1083825    0.07574266    0.107676    0.1037938    -0.01748058    -0.08442254    1    0.05957203    -0.4007196    -0.1074709    -0.1343564    0.1013602    -0.03853915    -0.1627475    0.116842    0.1720098
-0.5859326    -0.4750439    -0.1902744    0.2307071    0.6185297    0.2535602    0.6054965    0.4666059    -0.02288628    -0.5009012    0.05957203    1    0.563625    -0.2870436    -0.4798465    0.4246074    -0.3667016    -0.3669775    0.2043457    0.4968123
-0.5110544    -0.4031434    -0.15284    0.2259114    0.5181787    0.1940079    0.5351674    0.4122123    0.02840419    -0.4924647    -0.4007196    0.563625    1    0.1053805    -0.6316245    0.348806    -0.2513405    -0.3058127    0.1023019    0.409234
0.04158914    -0.1196847    -0.1492756    0.07443878    -0.06978406    0.01098068    0.04127071    0.03780635    0.1952098    -0.1741116    -0.1074709    -0.2870436    0.1053805    1    -0.2962808    0.1727112    0.1428589    -0.1618579    -0.05076671    -0.03612594
0.5122604    0.435331    0.1332256    -0.2930001    -0.4473758    -0.1823848    -0.5253243    -0.4433051    -0.1554617    0.6376767    -0.1343564    -0.4798465    -0.6316245    -0.2962808    1    -0.3735562    0.1946171    0.3289708    -0.06889973    -0.3829964
-0.3081643    -0.6366548    -0.4665846    0.2191233    0.3473407    0.2654799    0.4463478    0.2832612    0.06647371    -0.4182006    0.1013602    0.4246074    0.348806    0.1727112    -0.3735562    1    -0.3594829    -0.5702683    0.2343407    0.2264468
0.3876836    0.3972583    0.1010264    -0.1260194    -0.2601627    -0.1129825    -0.3030481    -0.1330563    0.07057685    0.1448827    -0.03853915    -0.3667016    -0.2513405    0.1428589    0.1946171    -0.3594829    1    -0.175771    -0.3437631    -0.05963109
0.2773672    0.5193224    0.5050001    -0.1947342    -0.4792382    -0.2573445    -0.5358941    -0.3406899    0.03382663    0.3735137    -0.1627475    -0.3669775    -0.3058127    -0.1618579    0.3289708    -0.5702683    -0.175771    1    -0.4582405    -0.7041022
-0.1345622    -0.4438152    -0.3358106    0.3264909    0.343179    0.1643945    0.3482022    0.1241791    -0.1386383    -0.05947224    0.116842    0.2043457    0.1023019    -0.05076671    -0.06889973    0.2343407    -0.3437631    -0.4582405    1    0.3417084
-0.4525744    -0.4079776    -0.280667    0.1632379    0.632446    0.2326176    0.6031093    0.3601933    -0.130163    -0.3527174    0.1720098    0.4968123    0.409234    -0.03612594    -0.3829964    0.2264468    -0.05963109    -0.7041022    0.3417084    1
