1    0.1513493    -0.04186283    0.1138702    -0.4404941    0.4543965    0.3748153    0.1802457    -0.1506153    -0.4019955    -0.1206956    -0.4966137    -0.4147527    -0.005682062    0.3687367    -0.2762436    -0.3927455    -0.3605511    -0.05118488    0.5188484
0.1513493    1    0.3110405    -0.5531649    -0.1947917    0.3638988    0.4235353    0.1832111    -0.2134165    -0.2748737    -0.2498947    -0.4486158    -0.2766947    -0.08340924    0.3575694    -0.1231363    -0.3601325    -0.325211    0.09633656    0.3574168
-0.04186283    0.3110405    1    0.02341418    -0.5469089    0.1384761    0.2911893    0.205192    -0.1291521    -0.1287854    -0.1476021    -0.3624062    -0.2308682    0.1167298    0.1749629    -0.1087236    -0.1677257    -0.1243471    0.03750581    0.223326
0.1138702    -0.5531649    0.02341418    1    -0.1764102    -0.1255568    -0.06027282    0.06962043    0.1436783    0.1229412    0.1257045    0.07018602    0.09599848    0.1691704    -0.187886    0.03375572    0.1892695    0.1461957    -0.09229678    -0.1343573
-0.4404941    -0.1947917    -0.5469089    -0.1764102    1    -0.3899508    -0.3869513    -0.1950459    0.3191444    0.5541368    0.1984899    0.6391685    0.4818819    -0.1449595    -0.414675    0.2539222    0.4574301    0.36838    -0.0489867    -0.5291965
0.4543965    0.3638988    0.1384761    -0.1255568    -0.3899508    1    0.3622799    -0.1455975    -0.1322459    -0.4410096    -0.1829526    -0.5000453    -0.3974069    -0.1177079    0.4412974    -0.1264859    -0.5696276    -0.5405248    0.0542096    0.5849601
0.3748153    0.4235353    0.2911893    -0.06027282    -0.3869513    0.3622799    1    0.2804532    -0.6129492    -0.3164429    -0.2681628    -0.522949    -0.2604739    0.03643385    0.3526975    -0.2037855    -0.4378553    -0.4669121    -0.04732991    0.5792898
0.1802457    0.1832111    0.205192    0.06962043    -0.1950459    -0.1455975    0.2804532    1    0.04304514    -0.4762449    -0.1833854    -0.2046786    -0.02568814    0.1486959    0.09700775    -0.1737218    -0.1659823    -0.1614184    -0.07552581    0.2773486
-0.1506153    -0.2134165    -0.1291521    0.1436783    0.3191444    -0.1322459    -0.6129492    0.04304514    1    0.00847779    0.1301897    0.3526631    0.2427937    0.01482905    -0.264674    0.1248379    0.2309983    0.2460317    0.01264183    -0.3125868
-0.4019955    -0.2748737    -0.1287854    0.1229412    0.5541368    -0.4410096    -0.3164429    -0.4762449    0.00847779    1    0.2705142    0.5174912    0.3438892    -0.1203562    -0.3923266    0.178565    0.5866692    0.5524053    -0.110491    -0.5819782
-0.1206956    -0.2498947    -0.1476021    0.1257045    0.1984899    -0.1829526    -0.2681628    -0.1833854    0.1301897    0.2705142    1    0.1894219    -0.3429943    -0.1385012    -0.1661251    0.08213772    0.2222532    0.2126532    0.02652523    -0.2700053
-0.4966137    -0.4486158    -0.3624062    0.07018602    0.6391685    -0.5000453    -0.522949    -0.2046786    0.3526631    0.5174912    0.1894219    1    0.5062199    -0.2663477    -0.4823125    0.2186443    0.6126485    0.5526185    -0.063333    -0.638971
-0.4147527    -0.2766947    -0.2308682    0.09599848    0.4818819    -0.3974069    -0.2604739    -0.02568814    0.2427937    0.3438892    -0.3429943    0.5062199    1    0.1364205    -0.601621    0.2054286    0.4781339    0.4178809    -0.02713232    -0.4699401
-0.005682062    -0.08340924    0.1167298    0.1691704    -0.1449595    -0.1177079    0.03643385    0.1486959    0.01482905    -0.1203562    -0.1385012    -0.2663477    0.1364205    1    -0.3475727    0.1329913    0.02731875    -0.03434312    0.06467138    -0.06764064
0.3687367    0.3575694    0.1749629    -0.187886    -0.414675    0.4412974    0.3526975    0.09700775    -0.264674    -0.3923266    -0.1661251    -0.4823125    -0.601621    -0.3475727    1    -0.2323193    -0.5503192    -0.4635788    -0.04066952    0.5487447
-0.2762436    -0.1231363    -0.1087236    0.03375572    0.2539222    -0.1264859    -0.2037855    -0.1737218    0.1248379    0.178565    0.08213772    0.2186443    0.2054286    0.1329913    -0.2323193    1    0.1979651    -0.2026812    0.04494793    -0.3147692
-0.3927455    -0.3601325    -0.1677257    0.1892695    0.4574301    -0.5696276    -0.4378553    -0.1659823    0.2309983    0.5866692    0.2222532    0.6126485    0.4781339    0.02731875    -0.5503192    0.1979651    1    0.5732349    -0.4063721    -0.5893912
-0.3605511    -0.325211    -0.1243471    0.1461957    0.36838    -0.5405248    -0.4669121    -0.1614184    0.2460317    0.5524053    0.2126532    0.5526185    0.4178809    -0.03434312    -0.4635788    -0.2026812    0.5732349    1    -0.126535    -0.6835069
-0.05118488    0.09633656    0.03750581    -0.09229678    -0.0489867    0.0542096    -0.04732991    -0.07552581    0.01264183    -0.110491    0.02652523    -0.063333    -0.02713232    0.06467138    -0.04066952    0.04494793    -0.4063721    -0.126535    1    -0.2139703
0.5188484    0.3574168    0.223326    -0.1343573    -0.5291965    0.5849601    0.5792898    0.2773486    -0.3125868    -0.5819782    -0.2700053    -0.638971    -0.4699401    -0.06764064    0.5487447    -0.3147692    -0.5893912    -0.6835069    -0.2139703    1
