1    0.3622799    -0.1455975    -0.1322459    -0.4410096    -0.07773379    -0.5859326    -0.5110544    0.04158914    0.5122604    -0.3081643    0.3876836    0.2773672    -0.1345622    -0.4525744    0.146133    0.2058913    0.02922929    -0.07186293    -0.3370664
0.3622799    1    0.2804532    -0.6129492    -0.3164429    -0.151107    -0.4750439    -0.4031434    -0.1196847    0.435331    -0.6366548    0.3972583    0.5193224    -0.4438152    -0.4079776    0.1187067    0.2137479    0.04933269    -0.08178723    -0.2298562
-0.1455975    0.2804532    1    0.04304514    -0.4762449    -0.1001553    -0.1902744    -0.15284    -0.1492756    0.1332256    -0.4665846    0.1010264    0.5050001    -0.3358106    -0.280667    0.0305082    0.06611313    0.08252879    -0.03967189    -0.05280952
-0.1322459    -0.6129492    0.04304514    1    0.00847779    0.0762863    0.2307071    0.2259114    0.07443878    -0.2930001    0.2191233    -0.1260194    -0.1947342    0.3264909    0.1632379    -0.04021567    -0.09712514    -0.006220513    0.0004171024    0.2130726
-0.4410096    -0.3164429    -0.4762449    0.00847779    1    0.1083825    0.6185297    0.5181787    -0.06978406    -0.4473758    0.3473407    -0.2601627    -0.4792382    0.343179    0.632446    -0.1222716    -0.1312807    -0.07424074    0.03166407    0.3824327
-0.07773379    -0.151107    -0.1001553    0.0762863    0.1083825    1    0.05957203    -0.4007196    -0.1074709    -0.1343564    0.1013602    -0.03853915    -0.1627475    0.116842    0.1720098    -0.05774189    0.03190314    -0.07385062    -0.06794917    0.2338339
-0.5859326    -0.4750439    -0.1902744    0.2307071    0.6185297    0.05957203    1    0.563625    -0.2870436    -0.4798465    0.4246074    -0.3667016    -0.3669775    0.2043457    0.4968123    -0.1338512    -0.2447622    -0.1058001    0.0785063    0.4312948
-0.5110544    -0.4031434    -0.15284    0.2259114    0.5181787    -0.4007196    0.563625    1    0.1053805    -0.6316245    0.348806    -0.2513405    -0.3058127    0.1023019    0.409234    -0.1623201    -0.2930686    -0.02891598    0.1430031    0.2974606
0.04158914    -0.1196847    -0.1492756    0.07443878    -0.06978406    -0.1074709    -0.2870436    0.1053805    1    -0.2962808    0.1727112    0.1428589    -0.1618579    -0.05076671    -0.03612594    -0.06459781    -0.09554736    0.1012913    0.1491273    -0.1522695
0.5122604    0.435331    0.1332256    -0.2930001    -0.4473758    -0.1343564    -0.4798465    -0.6316245    -0.2962808    1    -0.3735562    0.1946171    0.3289708    -0.06889973    -0.3829964    0.2089565    0.25104    -0.02031339    -0.1060847    -0.3087146
-0.3081643    -0.6366548    -0.4665846    0.2191233    0.3473407    0.1013602    0.4246074    0.348806    0.1727112    -0.3735562    1    -0.3594829    -0.5702683    0.2343407    0.2264468    0.01732663    -0.1649089    -0.05901709    0.05159069    0.001675844
0.3876836    0.3972583    0.1010264    -0.1260194    -0.2601627    -0.03853915    -0.3667016    -0.2513405    0.1428589    0.1946171    -0.3594829    1    -0.175771    -0.3437631    -0.05963109    0.03788109    0.1681806    0.1113197    -0.00913672    -0.2122741
0.2773672    0.5193224    0.5050001    -0.1947342    -0.4792382    -0.1627475    -0.3669775    -0.3058127    -0.1618579    0.3289708    -0.5702683    -0.175771    1    -0.4582405    -0.7041022    0.1588129    0.1471622    0.02235892    -0.07314563    -0.2226802
-0.1345622    -0.4438152    -0.3358106    0.3264909    0.343179    0.116842    0.2043457    0.1023019    -0.05076671    -0.06889973    0.2343407    -0.3437631    -0.4582405    1    0.3417084    -0.141654    -0.04166624    0.0500114    0.04219579    0.2024551
-0.4525744    -0.4079776    -0.280667    0.1632379    0.632446    0.1720098    0.4968123    0.409234    -0.03612594    -0.3829964    0.2264468    -0.05963109    -0.7041022    0.3417084    1    -0.2483099    -0.1818083    -0.1104087    0.04152888    0.5647175
0.146133    0.1187067    0.0305082    -0.04021567    -0.1222716    -0.05774189    -0.1338512    -0.1623201    -0.06459781    0.2089565    0.01732663    0.03788109    0.1588129    -0.141654    -0.2483099    1    0.1953323    -0.695648    -0.2326318    -0.02677642
0.2058913    0.2137479    0.06611313    -0.09712514    -0.1312807    0.03190314    -0.2447622    -0.2930686    -0.09554736    0.25104    -0.1649089    0.1681806    0.1471622    -0.04166624    -0.1818083    0.1953323    1    0.1100815    -0.7822726    -0.02175584
0.02922929    0.04933269    0.08252879    -0.006220513    -0.07424074    -0.07385062    -0.1058001    -0.02891598    0.1012913    -0.02031339    -0.05901709    0.1113197    0.02235892    0.0500114    -0.1104087    -0.695648    0.1100815    1    0.1165681    -0.4982167
-0.07186293    -0.08178723    -0.03967189    0.0004171024    0.03166407    -0.06794917    0.0785063    0.1430031    0.1491273    -0.1060847    0.05159069    -0.00913672    -0.07314563    0.04219579    0.04152888    -0.2326318    -0.7822726    0.1165681    1    -0.3246457
-0.3370664    -0.2298562    -0.05280952    0.2130726    0.3824327    0.2338339    0.4312948    0.2974606    -0.1522695    -0.3087146    0.001675844    -0.2122741    -0.2226802    0.2024551    0.5647175    -0.02677642    -0.02175584    -0.4982167    -0.3246457    1
