7.921588e-06    -1.910649e-06    -4.086676e-07    -1.435829e-06    -1.420507e-06    1.379753e-06    -1.637387e-06    -1.171375e-06    2.722693e-07    2.43997e-07    -2.171131e-07    3.696084e-08    -9.712059e-08    1.024507e-07    1.485526e-07
-1.910649e-06    5.705701e-06    -3.735691e-08    -4.883672e-06    1.635184e-06    9.060857e-08    1.597209e-06    1.438264e-06    -1.604458e-06    9.657168e-08    8.585492e-08    -8.999528e-08    1.256515e-07    -3.378725e-09    -6.650887e-10
-4.086676e-07    -3.735691e-08    5.996522e-06    5.377581e-07    -3.6571e-06    -1.977036e-07    4.205479e-07    2.747666e-06    -1.22727e-06    -3.668108e-07    1.927546e-08    1.197467e-08    -8.079003e-08    -6.412863e-08    5.095507e-08
-1.435829e-06    -4.883672e-06    5.377581e-07    1.035133e-05    -5.556354e-06    -1.372668e-06    -2.321865e-08    -2.172324e-07    1.777728e-06    -8.092034e-07    3.691293e-08    9.082055e-08    -1.069311e-07    -1.687271e-07    -3.170824e-08
-1.420507e-06    1.635184e-06    -3.6571e-06    -5.556354e-06    8.818069e-06    9.946949e-07    -1.204242e-06    -1.987307e-06    3.058284e-07    1.183504e-06    1.425285e-07    -1.022709e-07    1.022881e-07    1.59038e-07    -3.059038e-07
1.379753e-06    9.060857e-08    -1.977036e-07    -1.372668e-06    9.946949e-07    4.065097e-06    -3.505408e-06    6.738335e-07    -6.664246e-07    -1.176777e-07    -2.540881e-08    -6.27671e-07    -8.046529e-07    3.656553e-07    1.094351e-06
-1.637387e-06    1.597209e-06    4.205479e-07    -2.321865e-08    -1.204242e-06    -3.505408e-06    1.431796e-05    -7.680848e-06    -2.394548e-06    1.495503e-06    -5.626793e-07    3.853471e-07    -2.138322e-07    -5.371373e-07    7.205358e-07
-1.171375e-06    1.438264e-06    2.747666e-06    -2.172324e-07    -1.987307e-06    6.738335e-07    -7.680848e-06    1.310714e-05    -1.264576e-06    -3.266868e-06    8.982731e-08    1.204314e-07    9.206868e-07    4.515478e-07    -1.281994e-06
2.722693e-07    -1.604458e-06    -1.22727e-06    1.777728e-06    3.058284e-07    -6.664246e-07    -2.394548e-06    -1.264576e-06    4.723407e-06    -6.774142e-07    1.590587e-07    8.034052e-07    -2.178212e-07    -9.516779e-07    -6.631386e-07
2.43997e-07    9.657168e-08    -3.668108e-07    -8.092034e-07    1.183504e-06    -1.176777e-07    1.495503e-06    -3.266868e-06    -6.774142e-07    2.971596e-06    7.844949e-07    -5.245451e-07    -3.824111e-07    3.471428e-08    1.203747e-07
-2.171131e-07    8.585492e-08    1.927546e-08    3.691293e-08    1.425285e-07    -2.540881e-08    -5.626793e-07    8.982731e-08    1.590587e-07    7.844949e-07    2.75575e-06    -1.954519e-06    5.331822e-07    5.167047e-07    -5.817203e-07
3.696084e-08    -8.999528e-08    1.197467e-08    9.082055e-08    -1.022709e-07    -6.27671e-07    3.853471e-07    1.204314e-07    8.034052e-07    -5.245451e-07    -1.954519e-06    7.815443e-06    1.383674e-07    -6.663295e-06    1.660319e-06
-9.712059e-08    1.256515e-07    -8.079003e-08    -1.069311e-07    1.022881e-07    -8.046529e-07    -2.138322e-07    9.206868e-07    -2.178212e-07    -3.824111e-07    5.331822e-07    1.383674e-07    7.518609e-06    -1.413045e-07    -3.821124e-06
1.024507e-07    -3.378725e-09    -6.412863e-08    -1.687271e-07    1.59038e-07    3.656553e-07    -5.371373e-07    4.515478e-07    -9.516779e-07    3.471428e-08    5.167047e-07    -6.663295e-06    -1.413045e-07    1.141726e-05    -5.775576e-06
1.485526e-07    -6.650887e-10    5.095507e-08    -3.170824e-08    -3.059038e-07    1.094351e-06    7.205358e-07    -1.281994e-06    -6.631386e-07    1.203747e-07    -5.817203e-07    1.660319e-06    -3.821124e-06    -5.775576e-06    8.267262e-06
