3.957192e-06    -2.267286e-06    2.222406e-07    2.615703e-07    -7.64667e-07    -3.424063e-07    6.164721e-07    7.347884e-07    -3.161844e-07    -2.489037e-07    -3.517251e-07    6.623713e-07    5.970517e-07    -3.078285e-07    -1.529026e-07    2.933886e-07    -3.19627e-07    -3.951509e-07    8.325954e-08    1.809921e-07    -6.059495e-08    -4.121825e-09    -9.811194e-08    -1.277756e-07    3.198794e-07
-2.267286e-06    8.342115e-06    -1.072624e-06    -4.80564e-06    1.653387e-07    4.509692e-07    -2.594308e-07    -5.146311e-07    -1.128942e-07    3.283787e-07    4.413347e-07    -2.812634e-07    -5.819061e-07    -3.787059e-08    2.847889e-07    -2.455686e-07    4.057104e-07    5.134967e-07    -2.056569e-07    -2.100636e-07    -5.928999e-09    4.903767e-09    7.367142e-08    2.627757e-07    -2.932642e-07
2.222406e-07    -1.072624e-06    8.384295e-06    -4.465167e-07    -2.21047e-06    4.959735e-07    -3.057197e-07    -8.280471e-07    5.036376e-08    5.614335e-07    4.591788e-07    -5.620529e-07    -2.651033e-07    9.89049e-08    2.624748e-07    -1.783629e-08    4.735674e-07    3.351838e-07    -3.029683e-07    -8.881934e-08    8.824592e-08    7.436197e-08    -2.545055e-08    -8.546257e-10    -2.385509e-07
2.615703e-07    -4.80564e-06    -4.465167e-07    7.327569e-06    -1.387693e-06    -1.535238e-07    -3.704801e-07    -2.431776e-07    4.671391e-07    -1.02491e-07    -1.270331e-07    -2.720911e-07    -1.393552e-07    3.205106e-07    -1.154908e-07    5.409179e-08    -5.007753e-08    -3.080355e-07    1.529407e-07    -3.324611e-08    1.062402e-08    5.464003e-08    7.199145e-08    -2.10482e-07    -2.143733e-08
-7.64667e-07    1.653387e-07    -2.21047e-06    -1.387693e-06    4.039088e-06    -3.34218e-07    6.182459e-07    9.732006e-07    -4.324306e-07    -3.046416e-07    -2.287671e-07    5.264242e-07    6.535052e-07    -3.253133e-07    -1.855865e-07    1.738351e-07    -3.713192e-07    -2.801641e-07    1.221389e-07    2.858994e-07    -1.101811e-07    -2.362599e-08    -6.094972e-08    -7.832242e-09    2.815239e-07
-3.424063e-07    4.509692e-07    4.959735e-07    -1.535238e-07    -3.34218e-07    4.065097e-06    -3.505408e-06    6.738335e-07    -6.664246e-07    -1.176777e-07    3.100462e-08    4.145235e-07    4.070804e-07    -4.642658e-07    6.60742e-08    5.972776e-09    1.043167e-06    9.572412e-07    -9.921974e-07    -1.180092e-07    -2.540881e-08    -6.27671e-07    -8.046529e-07    3.656553e-07    1.094351e-06
6.164721e-07    -2.594308e-07    -3.057197e-07    -3.704801e-07    6.182459e-07    -3.505408e-06    1.431796e-05    -7.680848e-06    -2.394548e-06    1.495503e-06    2.826186e-07    -1.059064e-06    -6.511159e-07    6.784194e-07    2.272996e-07    5.140642e-07    -1.340149e-06    -1.520729e-06    8.949338e-07    6.141325e-07    -5.626793e-07    3.853471e-07    -2.138322e-07    -5.371373e-07    7.205358e-07
7.347884e-07    -5.146311e-07    -8.280471e-07    -2.431776e-07    9.732006e-07    6.738335e-07    -7.680848e-06    1.310714e-05    -1.264576e-06    -3.266868e-06    2.678565e-07    -5.235991e-07    -1.120854e-06    4.045226e-07    2.811144e-07    9.833954e-07    -1.482712e-06    -1.478071e-06    4.237781e-07    8.42791e-07    8.982731e-08    1.204314e-07    9.206868e-07    4.515478e-07    -1.281994e-06
-3.161844e-07    -1.128942e-07    5.036376e-08    4.671391e-07    -4.324306e-07    -6.664246e-07    -2.394548e-06    -1.264576e-06    4.723407e-06    -6.774142e-07    -3.190584e-07    4.141273e-07    5.349787e-07    -9.337362e-08    -2.537234e-07    -6.963913e-07    3.610896e-07    5.27672e-07    3.473906e-07    -7.02742e-07    1.590587e-07    8.034052e-07    -2.178212e-07    -9.516779e-07    -6.631386e-07
-2.489037e-07    3.283787e-07    5.614335e-07    -1.02491e-07    -3.046416e-07    -1.176777e-07    1.495503e-06    -3.266868e-06    -6.774142e-07    2.971596e-06    1.0606e-07    7.612411e-08    3.267659e-07    -2.681592e-07    6.514091e-09    -8.230632e-08    8.077639e-07    6.964993e-07    -7.555376e-07    7.94081e-09    7.844949e-07    -5.245451e-07    -3.824111e-07    3.471428e-08    1.203747e-07
-3.517251e-07    4.413347e-07    4.591788e-07    -1.270331e-07    -2.287671e-07    3.100462e-08    2.826186e-07    2.678565e-07    -3.190584e-07    1.0606e-07    2.664023e-06    -3.00702e-06    1.187505e-06    -3.623283e-07    -1.41675e-07    -7.175367e-08    -2.83034e-08    1.163033e-07    1.133914e-07    -1.028698e-07    -2.258475e-08    -2.840386e-07    -2.692383e-07    2.785555e-08    6.445499e-07
6.623713e-07    -2.812634e-07    -5.620529e-07    -2.720911e-07    5.264242e-07    4.145235e-07    -1.059064e-06    -5.235991e-07    4.141273e-07    7.612411e-08    -3.00702e-06    1.566878e-05    -1.006537e-05    -2.956142e-06    8.704938e-07    -6.937783e-07    1.203579e-06    7.5319e-07    -4.324342e-07    -3.996707e-07    -7.697414e-07    -9.254093e-08    -5.905171e-07    9.799998e-08    1.270149e-06
5.970517e-07    -5.819061e-07    -2.651033e-07    -1.393552e-07    6.535052e-07    4.070804e-07    -6.511159e-07    -1.120854e-06    5.349787e-07    3.267659e-07    1.187505e-06    -1.006537e-05    1.5513e-05    -8.485911e-07    -1.633861e-06    -7.022128e-08    -1.683186e-07    2.396592e-07    1.79466e-07    -3.634588e-07    3.594536e-07    2.080783e-07    7.273297e-07    2.697436e-07    -1.532649e-06
-3.078285e-07    -3.787059e-08    9.89049e-08    3.205106e-07    -3.253133e-07    -4.642658e-07    6.784194e-07    4.045226e-07    -9.337362e-08    -2.681592e-07    -3.623283e-07    -2.956142e-06    -8.485911e-07    4.880557e-06    -4.537114e-07    6.218374e-07    -5.170596e-07    -6.378983e-07    -1.723653e-07    6.126912e-07    2.951484e-07    5.307865e-07    -1.676628e-07    -7.764844e-07    -7.056054e-07
-1.529026e-07    2.847889e-07    2.624748e-07    -1.154908e-07    -1.855865e-07    6.60742e-08    2.272996e-07    2.811144e-07    -2.537234e-07    6.514091e-09    -1.41675e-07    8.704938e-07    -1.633861e-06    -4.537114e-07    1.545122e-06    -1.347352e-07    1.940802e-07    5.741179e-08    5.447902e-08    -9.7876e-08    5.711884e-07    -1.964683e-07    -2.110436e-07    -1.107908e-07    6.179385e-08
2.933886e-07    -2.455686e-07    -1.783629e-08    5.409179e-08    1.738351e-07    5.972776e-09    5.140642e-07    9.833954e-07    -6.963913e-07    -8.230632e-08    -7.175367e-08    -6.937783e-07    -7.022128e-08    6.218374e-07    -1.347352e-07    3.863951e-06    -2.746377e-06    1.033061e-06    2.461746e-07    -6.797458e-07    -4.051244e-07    7.402175e-07    5.479858e-07    -2.900202e-07    -6.539274e-07
-3.19627e-07    4.057104e-07    4.735674e-07    -5.007753e-08    -3.713192e-07    1.043167e-06    -1.340149e-06    -1.482712e-06    3.610896e-07    8.077639e-07    -2.83034e-08    1.203579e-06    -1.683186e-07    -5.170596e-07    1.940802e-07    -2.746377e-06    1.342481e-05    -2.918674e-06    -8.842506e-06    1.155224e-06    6.052862e-07    1.051997e-07    -6.377867e-07    -1.277788e-06    1.800001e-06
-3.951509e-07    5.134967e-07    3.351838e-07    -3.080355e-07    -2.801641e-07    9.572412e-07    -1.520729e-06    -1.478071e-06    5.27672e-07    6.964993e-07    1.163033e-07    7.5319e-07    2.396592e-07    -6.378983e-07    5.741179e-08    1.033061e-06    -2.918674e-06    1.365761e-05    9.955864e-08    -2.830791e-06    5.161221e-07    2.546866e-07    -4.118342e-07    -1.577999e-06    1.838549e-06
8.325954e-08    -2.056569e-07    -3.029683e-07    1.529407e-07    1.221389e-07    -9.921974e-07    8.949338e-07    4.237781e-07    3.473906e-07    -7.555376e-07    1.133914e-07    -4.324342e-07    1.79466e-07    -1.723653e-07    5.447902e-08    2.461746e-07    -8.842506e-06    9.955864e-08    1.110086e-05    -1.868476e-06    -1.386416e-07    -7.467978e-07    3.706953e-08    1.511604e-06    -1.080219e-06
1.809921e-07    -2.100636e-07    -8.881934e-08    -3.324611e-08    2.858994e-07    -1.180092e-07    6.141325e-07    8.42791e-07    -7.02742e-07    7.94081e-09    -1.028698e-07    -3.996707e-07    -3.634588e-07    6.126912e-07    -9.7876e-08    -6.797458e-07    1.155224e-06    -2.830791e-06    -1.868476e-06    3.877914e-06    -4.288065e-07    5.684592e-07    4.604927e-07    -5.03953e-08    -6.652064e-07
-6.059495e-08    -5.928999e-09    8.824592e-08    1.062402e-08    -1.101811e-07    -2.540881e-08    -5.626793e-07    8.982731e-08    1.590587e-07    7.844949e-07    -2.258475e-08    -7.697414e-07    3.594536e-07    2.951484e-07    5.711884e-07    -4.051244e-07    6.052862e-07    5.161221e-07    -1.386416e-07    -4.288065e-07    2.75575e-06    -1.954519e-06    5.331822e-07    5.167047e-07    -5.817203e-07
-4.121825e-09    4.903767e-09    7.436197e-08    5.464003e-08    -2.362599e-08    -6.27671e-07    3.853471e-07    1.204314e-07    8.034052e-07    -5.245451e-07    -2.840386e-07    -9.254093e-08    2.080783e-07    5.307865e-07    -1.964683e-07    7.402175e-07    1.051997e-07    2.546866e-07    -7.467978e-07    5.684592e-07    -1.954519e-06    7.815443e-06    1.383674e-07    -6.663295e-06    1.660319e-06
-9.811194e-08    7.367142e-08    -2.545055e-08    7.199145e-08    -6.094972e-08    -8.046529e-07    -2.138322e-07    9.206868e-07    -2.178212e-07    -3.824111e-07    -2.692383e-07    -5.905171e-07    7.273297e-07    -1.676628e-07    -2.110436e-07    5.479858e-07    -6.377867e-07    -4.118342e-07    3.706953e-08    4.604927e-07    5.331822e-07    1.383674e-07    7.518609e-06    -1.413045e-07    -3.821124e-06
-1.277756e-07    2.627757e-07    -8.546257e-10    -2.10482e-07    -7.832242e-09    3.656553e-07    -5.371373e-07    4.515478e-07    -9.516779e-07    3.471428e-08    2.785555e-08    9.799998e-08    2.697436e-07    -7.764844e-07    -1.107908e-07    -2.900202e-07    -1.277788e-06    -1.577999e-06    1.511604e-06    -5.03953e-08    5.167047e-07    -6.663295e-06    -1.413045e-07    1.141726e-05    -5.775576e-06
3.198794e-07    -2.932642e-07    -2.385509e-07    -2.143733e-08    2.815239e-07    1.094351e-06    7.205358e-07    -1.281994e-06    -6.631386e-07    1.203747e-07    6.445499e-07    1.270149e-06    -1.532649e-06    -7.056054e-07    6.179385e-08    -6.539274e-07    1.800001e-06    1.838549e-06    -1.080219e-06    -6.652064e-07    -5.817203e-07    1.660319e-06    -3.821124e-06    -5.775576e-06    8.267262e-06
