3.957192e-06    -2.267286e-06    2.222406e-07    2.615703e-07    -7.64667e-07    -3.424063e-07    6.164721e-07    7.347884e-07    -3.161844e-07    -2.489037e-07    -3.517251e-07    6.623713e-07    5.970517e-07    -3.078285e-07    -1.529026e-07    8.183843e-08    -2.549247e-07    -3.484152e-07    6.092703e-08    2.806744e-07    -6.059495e-08    -4.121825e-09    -9.811194e-08    -1.277756e-07    3.198794e-07
-2.267286e-06    8.342115e-06    -1.072624e-06    -4.80564e-06    1.653387e-07    4.509692e-07    -2.594308e-07    -5.146311e-07    -1.128942e-07    3.283787e-07    4.413347e-07    -2.812634e-07    -5.819061e-07    -3.787059e-08    2.847889e-07    -1.869036e-07    6.054781e-07    6.966353e-07    -4.551005e-07    -2.170793e-07    -5.928999e-09    4.903767e-09    7.367142e-08    2.627757e-07    -2.932642e-07
2.222406e-07    -1.072624e-06    8.384295e-06    -4.465167e-07    -2.21047e-06    4.959735e-07    -3.057197e-07    -8.280471e-07    5.036376e-08    5.614335e-07    4.591788e-07    -5.620529e-07    -2.651033e-07    9.89049e-08    2.624748e-07    -1.816439e-07    8.865751e-07    4.659268e-07    -6.901283e-07    3.254251e-09    8.824592e-08    7.436197e-08    -2.545055e-08    -8.546257e-10    -2.385509e-07
2.615703e-07    -4.80564e-06    -4.465167e-07    7.327569e-06    -1.387693e-06    -1.535238e-07    -3.704801e-07    -2.431776e-07    4.671391e-07    -1.02491e-07    -1.270331e-07    -2.720911e-07    -1.393552e-07    3.205106e-07    -1.154908e-07    -2.908136e-08    -4.652696e-07    -3.561111e-07    3.558705e-07    5.764364e-08    1.062402e-08    5.464003e-08    7.199145e-08    -2.10482e-07    -2.143733e-08
-7.64667e-07    1.653387e-07    -2.21047e-06    -1.387693e-06    4.039088e-06    -3.34218e-07    6.182459e-07    9.732006e-07    -4.324306e-07    -3.046416e-07    -2.287671e-07    5.264242e-07    6.535052e-07    -3.253133e-07    -1.855865e-07    3.366723e-07    -4.152912e-07    -1.91597e-07    1.156047e-07    8.700324e-08    -1.101811e-07    -2.362599e-08    -6.094972e-08    -7.832242e-09    2.815239e-07
-3.424063e-07    4.509692e-07    4.959735e-07    -1.535238e-07    -3.34218e-07    4.065097e-06    -3.505408e-06    6.738335e-07    -6.664246e-07    -1.176777e-07    3.100462e-08    4.145235e-07    4.070804e-07    -4.642658e-07    6.60742e-08    -6.838026e-08    1.338723e-06    1.05339e-06    -1.176694e-06    -5.039325e-08    -2.540881e-08    -6.27671e-07    -8.046529e-07    3.656553e-07    1.094351e-06
6.164721e-07    -2.594308e-07    -3.057197e-07    -3.704801e-07    6.182459e-07    -3.505408e-06    1.431796e-05    -7.680848e-06    -2.394548e-06    1.495503e-06    2.826186e-07    -1.059064e-06    -6.511159e-07    6.784194e-07    2.272996e-07    6.367274e-07    -1.977152e-06    -1.584293e-06    1.208803e-06    6.208394e-07    -5.626793e-07    3.853471e-07    -2.138322e-07    -5.371373e-07    7.205358e-07
7.347884e-07    -5.146311e-07    -8.280471e-07    -2.431776e-07    9.732006e-07    6.738335e-07    -7.680848e-06    1.310714e-05    -1.264576e-06    -3.266868e-06    2.678565e-07    -5.235991e-07    -1.120854e-06    4.045226e-07    2.811144e-07    1.154594e-06    -1.626264e-06    -1.55477e-06    6.070849e-07    1.040511e-06    8.982731e-08    1.204314e-07    9.206868e-07    4.515478e-07    -1.281994e-06
-3.161844e-07    -1.128942e-07    5.036376e-08    4.671391e-07    -4.324306e-07    -6.664246e-07    -2.394548e-06    -1.264576e-06    4.723407e-06    -6.774142e-07    -3.190584e-07    4.141273e-07    5.349787e-07    -9.337362e-08    -2.537234e-07    -8.869912e-07    5.288202e-07    3.742095e-07    2.758646e-07    -8.257122e-07    1.590587e-07    8.034052e-07    -2.178212e-07    -9.516779e-07    -6.631386e-07
-2.489037e-07    3.283787e-07    5.614335e-07    -1.02491e-07    -3.046416e-07    -1.176777e-07    1.495503e-06    -3.266868e-06    -6.774142e-07    2.971596e-06    1.0606e-07    7.612411e-08    3.267659e-07    -2.681592e-07    6.514091e-09    -1.321554e-07    8.469921e-07    8.437019e-07    -7.13291e-07    -8.997236e-08    7.844949e-07    -5.245451e-07    -3.824111e-07    3.471428e-08    1.203747e-07
-3.517251e-07    4.413347e-07    4.591788e-07    -1.270331e-07    -2.287671e-07    3.100462e-08    2.826186e-07    2.678565e-07    -3.190584e-07    1.0606e-07    2.664023e-06    -3.00702e-06    1.187505e-06    -3.623283e-07    -1.41675e-07    -8.964119e-08    1.784899e-07    1.570571e-07    -1.649803e-08    -1.671491e-07    -2.258475e-08    -2.840386e-07    -2.692383e-07    2.785555e-08    6.445499e-07
6.623713e-07    -2.812634e-07    -5.620529e-07    -2.720911e-07    5.264242e-07    4.145235e-07    -1.059064e-06    -5.235991e-07    4.141273e-07    7.612411e-08    -3.00702e-06    1.566878e-05    -1.006537e-05    -2.956142e-06    8.704938e-07    -2.519567e-07    2.049808e-07    2.321254e-07    -1.046614e-07    3.796538e-08    -7.697414e-07    -9.254093e-08    -5.905171e-07    9.799998e-08    1.270149e-06
5.970517e-07    -5.819061e-07    -2.651033e-07    -1.393552e-07    6.535052e-07    4.070804e-07    -6.511159e-07    -1.120854e-06    5.349787e-07    3.267659e-07    1.187505e-06    -1.006537e-05    1.5513e-05    -8.485911e-07    -1.633861e-06    -8.302632e-07    1.154006e-06    1.138922e-06    -3.264732e-07    -9.963979e-07    3.594536e-07    2.080783e-07    7.273297e-07    2.697436e-07    -1.532649e-06
-3.078285e-07    -3.787059e-08    9.89049e-08    3.205106e-07    -3.253133e-07    -4.642658e-07    6.784194e-07    4.045226e-07    -9.337362e-08    -2.681592e-07    -3.623283e-07    -2.956142e-06    -8.485911e-07    4.880557e-06    -4.537114e-07    5.217534e-07    -6.945302e-07    -7.174049e-07    2.463523e-07    4.42071e-07    2.951484e-07    5.307865e-07    -1.676628e-07    -7.764844e-07    -7.056054e-07
-1.529026e-07    2.847889e-07    2.624748e-07    -1.154908e-07    -1.855865e-07    6.60742e-08    2.272996e-07    2.811144e-07    -2.537234e-07    6.514091e-09    -1.41675e-07    8.704938e-07    -1.633861e-06    -4.537114e-07    1.545122e-06    -7.993841e-08    4.560368e-10    8.184095e-08    4.855432e-08    -5.394474e-08    5.711884e-07    -1.964683e-07    -2.110436e-07    -1.107908e-07    6.179385e-08
8.183843e-08    -1.869036e-07    -1.816439e-07    -2.908136e-08    3.366723e-07    -6.838026e-08    6.367274e-07    1.154594e-06    -8.869912e-07    -1.321554e-07    -8.964119e-08    -2.519567e-07    -8.302632e-07    5.217534e-07    -7.993841e-08    4.64243e-06    -3.779721e-06    1.174433e-06    6.619703e-07    -3.275961e-07    1.630528e-07    -2.133231e-07    -3.260773e-07    -9.506577e-08    4.685373e-07
-2.549247e-07    6.054781e-07    8.865751e-07    -4.652696e-07    -4.152912e-07    1.338723e-06    -1.977152e-06    -1.626264e-06    5.288202e-07    8.469921e-07    1.784899e-07    2.049808e-07    1.154006e-06    -6.945302e-07    4.560368e-10    -3.779721e-06    1.606804e-05    -2.204911e-06    -1.086687e-05    1.244009e-06    6.334871e-09    -7.225362e-08    -3.795707e-09    2.683034e-07    -5.498424e-08
-3.484152e-07    6.966353e-07    4.659268e-07    -3.561111e-07    -1.91597e-07    1.05339e-06    -1.584293e-06    -1.55477e-06    3.742095e-07    8.437019e-07    1.570571e-07    2.321254e-07    1.138922e-06    -7.174049e-07    8.184095e-08    1.174433e-06    -2.204911e-06    1.570305e-05    -5.320398e-07    -3.532287e-06    -8.918275e-08    -1.671553e-07    -8.248071e-08    3.702591e-07    -7.670283e-08
6.092703e-08    -4.551005e-07    -6.901283e-07    3.558705e-07    1.156047e-07    -1.176694e-06    1.208803e-06    6.070849e-07    2.758646e-07    -7.13291e-07    -1.649803e-08    -1.046614e-07    -3.264732e-07    2.463523e-07    4.855432e-08    6.619703e-07    -1.086687e-05    -5.320398e-07    1.304897e-05    -2.409254e-06    -1.449775e-07    2.843083e-07    3.10667e-07    -2.017558e-07    -4.263568e-07
2.806744e-07    -2.170793e-07    3.254251e-09    5.764364e-08    8.700324e-08    -5.039325e-08    6.208394e-07    1.040511e-06    -8.257122e-07    -8.997236e-08    -1.671491e-07    3.796538e-08    -9.963979e-07    4.42071e-07    -5.394474e-08    -3.275961e-07    1.244009e-06    -3.532287e-06    -2.409254e-06    4.683456e-06    2.112566e-07    -2.68729e-07    -1.791821e-07    -6.24739e-08    4.156106e-07
-6.059495e-08    -5.928999e-09    8.824592e-08    1.062402e-08    -1.101811e-07    -2.540881e-08    -5.626793e-07    8.982731e-08    1.590587e-07    7.844949e-07    -2.258475e-08    -7.697414e-07    3.594536e-07    2.951484e-07    5.711884e-07    1.630528e-07    6.334871e-09    -8.918275e-08    -1.449775e-07    2.112566e-07    2.75575e-06    -1.954519e-06    5.331822e-07    5.167047e-07    -5.817203e-07
-4.121825e-09    4.903767e-09    7.436197e-08    5.464003e-08    -2.362599e-08    -6.27671e-07    3.853471e-07    1.204314e-07    8.034052e-07    -5.245451e-07    -2.840386e-07    -9.254093e-08    2.080783e-07    5.307865e-07    -1.964683e-07    -2.133231e-07    -7.225362e-08    -1.671553e-07    2.843083e-07    -2.68729e-07    -1.954519e-06    7.815443e-06    1.383674e-07    -6.663295e-06    1.660319e-06
-9.811194e-08    7.367142e-08    -2.545055e-08    7.199145e-08    -6.094972e-08    -8.046529e-07    -2.138322e-07    9.206868e-07    -2.178212e-07    -3.824111e-07    -2.692383e-07    -5.905171e-07    7.273297e-07    -1.676628e-07    -2.110436e-07    -3.260773e-07    -3.795707e-09    -8.248071e-08    3.10667e-07    -1.791821e-07    5.331822e-07    1.383674e-07    7.518609e-06    -1.413045e-07    -3.821124e-06
-1.277756e-07    2.627757e-07    -8.546257e-10    -2.10482e-07    -7.832242e-09    3.656553e-07    -5.371373e-07    4.515478e-07    -9.516779e-07    3.471428e-08    2.785555e-08    9.799998e-08    2.697436e-07    -7.764844e-07    -1.107908e-07    -9.506577e-08    2.683034e-07    3.702591e-07    -2.017558e-07    -6.24739e-08    5.167047e-07    -6.663295e-06    -1.413045e-07    1.141726e-05    -5.775576e-06
3.198794e-07    -2.932642e-07    -2.385509e-07    -2.143733e-08    2.815239e-07    1.094351e-06    7.205358e-07    -1.281994e-06    -6.631386e-07    1.203747e-07    6.445499e-07    1.270149e-06    -1.532649e-06    -7.056054e-07    6.179385e-08    4.685373e-07    -5.498424e-08    -7.670283e-08    -4.263568e-07    4.156106e-07    -5.817203e-07    1.660319e-06    -3.821124e-06    -5.775576e-06    8.267262e-06
