7.108277e-06    -3.324507e-06    3.425274e-07    -3.115977e-08    -1.652251e-06    -1.011559e-07    5.484116e-08    2.863701e-07    7.805016e-08    -2.007553e-07    -2.695793e-07    7.682411e-07    7.563106e-07    -4.4539e-07    -1.32955e-07    7.377621e-07    -1.63705e-06    -1.628073e-06    7.735815e-07    7.428307e-07    -7.494448e-07    1.134748e-06    1.164017e-06    -3.306256e-07    -7.454012e-07    1.779649e-07    8.255028e-08    -4.768627e-08    -1.341737e-07    -2.055811e-07
-3.324507e-06    8.098188e-06    -3.918248e-07    -4.46657e-06    6.848257e-07    9.897379e-08    -3.659602e-08    -2.17559e-07    -1.21567e-07    1.931841e-07    5.462773e-07    -5.392169e-07    -5.315973e-07    1.391501e-07    2.067957e-07    -1.815631e-07    2.106454e-06    1.671006e-06    -1.608723e-06    -4.477258e-08    7.674868e-07    -1.774114e-07    -2.779969e-07    -6.131913e-07    8.116672e-07    -1.0391e-07    -1.14968e-08    -2.399978e-07    -2.060949e-08    2.695612e-07
3.425274e-07    -3.918248e-07    9.024091e-06    3.16819e-07    -2.124461e-06    -2.81938e-08    1.796596e-08    5.680078e-08    7.764067e-09    -9.940705e-08    5.913023e-07    -4.51379e-07    -2.123446e-07    -9.009688e-08    2.052408e-07    6.405793e-08    1.418713e-06    1.781782e-06    -1.550558e-06    2.309422e-08    8.375132e-07    -1.08536e-07    -1.33343e-07    -6.050221e-07    6.841732e-07    -7.15813e-08    -1.160678e-07    -2.378251e-08    3.248746e-07    -7.630065e-08
-3.115977e-08    -4.46657e-06    3.16819e-07    7.107719e-06    -2.044824e-06    -2.935039e-09    7.258137e-08    3.127439e-08    2.422395e-08    -1.581694e-07    -8.739327e-08    -2.052485e-07    -1.726389e-07    2.089168e-07    1.235826e-08    -4.998781e-07    -5.920673e-07    -2.47776e-07    6.430498e-07    -3.749179e-07    -9.034857e-08    -5.971187e-07    -5.596896e-07    6.42953e-07    -1.404662e-07    1.954466e-08    -1.369009e-07    1.577209e-07    2.200511e-07    -3.450561e-08
-1.652251e-06    6.848257e-07    -2.124461e-06    -2.044824e-06    5.037991e-06    -1.602464e-07    3.631993e-08    -7.552223e-08    4.139832e-08    1.1959e-07    -3.586385e-07    4.372354e-07    6.907315e-07    -2.231732e-07    -2.252663e-07    6.104377e-07    -1.140504e-06    -8.19649e-07    5.552761e-07    2.40407e-07    -4.845422e-07    7.369275e-07    6.922843e-07    -2.569307e-07    -3.81239e-07    -3.323437e-08    2.194807e-07    1.572534e-07    -1.770709e-07    -1.757745e-07
-1.011559e-07    9.897379e-08    -2.81938e-08    -2.935039e-09    -1.602464e-07    3.957192e-06    -2.267286e-06    2.222406e-07    2.615703e-07    -7.64667e-07    -3.424063e-07    6.164721e-07    7.347884e-07    -3.161844e-07    -2.489037e-07    -3.517251e-07    6.623713e-07    5.970517e-07    -3.078285e-07    -1.529026e-07    -1.121151e-07    -2.433767e-07    -2.780087e-07    1.910411e-07    4.389214e-07    -6.059495e-08    -4.121825e-09    -9.811194e-08    -1.277756e-07    3.198794e-07
5.484116e-08    -3.659602e-08    1.796596e-08    7.258137e-08    3.631993e-08    -2.267286e-06    8.342115e-06    -1.072624e-06    -4.80564e-06    1.653387e-07    4.509692e-07    -2.594308e-07    -5.146311e-07    -1.128942e-07    3.283787e-07    4.413347e-07    -2.812634e-07    -5.819061e-07    -3.787059e-08    2.847889e-07    -6.362429e-08    3.073592e-07    5.503796e-07    -2.087516e-07    -1.106887e-07    -5.928999e-09    4.903767e-09    7.367142e-08    2.627757e-07    -2.932642e-07
2.863701e-07    -2.17559e-07    5.680078e-08    3.127439e-08    -7.552223e-08    2.222406e-07    -1.072624e-06    8.384295e-06    -4.465167e-07    -2.21047e-06    4.959735e-07    -3.057197e-07    -8.280471e-07    5.036376e-08    5.614335e-07    4.591788e-07    -5.620529e-07    -2.651033e-07    9.89049e-08    2.624748e-07    -1.854471e-07    7.550523e-07    2.877656e-07    -4.247067e-07    -1.504755e-07    8.824592e-08    7.436197e-08    -2.545055e-08    -8.546257e-10    -2.385509e-07
7.805016e-08    -1.21567e-07    7.764067e-09    2.422395e-08    4.139832e-08    2.615703e-07    -4.80564e-06    -4.465167e-07    7.327569e-06    -1.387693e-06    -1.535238e-07    -3.704801e-07    -2.431776e-07    4.671391e-07    -1.02491e-07    -1.270331e-07    -2.720911e-07    -1.393552e-07    3.205106e-07    -1.154908e-07    -6.226748e-08    -8.855631e-08    -2.914177e-07    1.083427e-07    -1.208647e-07    1.062402e-08    5.464003e-08    7.199145e-08    -2.10482e-07    -2.143733e-08
-2.007553e-07    1.931841e-07    -9.940705e-08    -1.581694e-07    1.1959e-07    -7.64667e-07    1.653387e-07    -2.21047e-06    -1.387693e-06    4.039088e-06    -3.34218e-07    6.182459e-07    9.732006e-07    -4.324306e-07    -3.046416e-07    -2.287671e-07    5.264242e-07    6.535052e-07    -3.253133e-07    -1.855865e-07    4.863789e-07    -2.336857e-07    -2.684896e-07    -1.686394e-07    2.522804e-10    -1.101811e-07    -2.362599e-08    -6.094972e-08    -7.832242e-09    2.815239e-07
-2.695793e-07    5.462773e-07    5.913023e-07    -8.739327e-08    -3.586385e-07    -3.424063e-07    4.509692e-07    4.959735e-07    -1.535238e-07    -3.34218e-07    4.065097e-06    -3.505408e-06    6.738335e-07    -6.664246e-07    -1.176777e-07    3.100462e-08    4.145235e-07    4.070804e-07    -4.642658e-07    6.60742e-08    -1.110144e-07    -4.801447e-09    2.315887e-07    7.96693e-08    -2.849981e-07    -2.540881e-08    -6.27671e-07    -8.046529e-07    3.656553e-07    1.094351e-06
7.682411e-07    -5.392169e-07    -4.51379e-07    -2.052485e-07    4.372354e-07    6.164721e-07    -2.594308e-07    -3.057197e-07    -3.704801e-07    6.182459e-07    -3.505408e-06    1.431796e-05    -7.680848e-06    -2.394548e-06    1.495503e-06    2.826186e-07    -1.059064e-06    -6.511159e-07    6.784194e-07    2.272996e-07    -5.023452e-07    5.754123e-07    6.270761e-07    -1.922288e-08    -4.207709e-07    -5.626793e-07    3.853471e-07    -2.138322e-07    -5.371373e-07    7.205358e-07
7.563106e-07    -5.315973e-07    -2.123446e-07    -1.726389e-07    6.907315e-07    7.347884e-07    -5.146311e-07    -8.280471e-07    -2.431776e-07    9.732006e-07    6.738335e-07    -7.680848e-06    1.310714e-05    -1.264576e-06    -3.266868e-06    2.678565e-07    -5.235991e-07    -1.120854e-06    4.045226e-07    2.811144e-07    -3.235474e-07    1.323712e-07    4.720327e-08    1.47172e-07    -1.323477e-07    8.982731e-08    1.204314e-07    9.206868e-07    4.515478e-07    -1.281994e-06
-4.4539e-07    1.391501e-07    -9.009688e-08    2.089168e-07    -2.231732e-07    -3.161844e-07    -1.128942e-07    5.036376e-08    4.671391e-07    -4.324306e-07    -6.664246e-07    -2.394548e-06    -1.264576e-06    4.723407e-06    -6.774142e-07    -3.190584e-07    4.141273e-07    5.349787e-07    -9.337362e-08    -2.537234e-07    7.167842e-07    -5.15436e-07    -6.14246e-07    -1.791838e-07    6.962377e-07    1.590587e-07    8.034052e-07    -2.178212e-07    -9.516779e-07    -6.631386e-07
-1.32955e-07    2.067957e-07    2.052408e-07    1.235826e-08    -2.252663e-07    -2.489037e-07    3.283787e-07    5.614335e-07    -1.02491e-07    -3.046416e-07    -1.176777e-07    1.495503e-06    -3.266868e-06    -6.774142e-07    2.971596e-06    1.0606e-07    7.612411e-08    3.267659e-07    -2.681592e-07    6.514091e-09    -1.953805e-07    2.692879e-07    1.52874e-07    -6.182784e-08    -2.107022e-07    7.844949e-07    -5.245451e-07    -3.824111e-07    3.471428e-08    1.203747e-07
7.377621e-07    -1.815631e-07    6.405793e-08    -4.998781e-07    6.104377e-07    -3.517251e-07    4.413347e-07    4.591788e-07    -1.270331e-07    -2.287671e-07    3.100462e-08    2.826186e-07    2.678565e-07    -3.190584e-07    1.0606e-07    2.664023e-06    -3.00702e-06    1.187505e-06    -3.623283e-07    -1.41675e-07    -3.554303e-08    6.296089e-07    6.916427e-07    -5.977015e-07    -9.402604e-08    -2.258475e-08    -2.840386e-07    -2.692383e-07    2.785555e-08    6.445499e-07
-1.63705e-06    2.106454e-06    1.418713e-06    -5.920673e-07    -1.140504e-06    6.623713e-07    -2.812634e-07    -5.620529e-07    -2.720911e-07    5.264242e-07    4.145235e-07    -1.059064e-06    -5.235991e-07    4.141273e-07    7.612411e-08    -3.00702e-06    1.566878e-05    -1.006537e-05    -2.956142e-06    8.704938e-07    7.492242e-07    -1.141975e-06    -1.282216e-06    4.335728e-07    8.605046e-07    -7.697414e-07    -9.254093e-08    -5.905171e-07    9.799998e-08    1.270149e-06
-1.628073e-06    1.671006e-06    1.781782e-06    -2.47776e-07    -8.19649e-07    5.970517e-07    -5.819061e-07    -2.651033e-07    -1.393552e-07    6.535052e-07    4.070804e-07    -6.511159e-07    -1.120854e-06    5.349787e-07    3.267659e-07    1.187505e-06    -1.006537e-05    1.5513e-05    -8.485911e-07    -1.633861e-06    8.645416e-07    -9.907525e-07    -9.352937e-07    6.89871e-08    6.338943e-07    3.594536e-07    2.080783e-07    7.273297e-07    2.697436e-07    -1.532649e-06
7.735815e-07    -1.608723e-06    -1.550558e-06    6.430498e-07    5.552761e-07    -3.078285e-07    -3.787059e-08    9.89049e-08    3.205106e-07    -3.253133e-07    -4.642658e-07    6.784194e-07    4.045226e-07    -9.337362e-08    -2.681592e-07    -3.623283e-07    -2.956142e-06    -8.485911e-07    4.880557e-06    -4.537114e-07    -6.973096e-07    4.815417e-07    4.991731e-07    1.9424e-07    -6.363276e-07    2.951484e-07    5.307865e-07    -1.676628e-07    -7.764844e-07    -7.056054e-07
7.428307e-07    -4.477258e-08    2.309422e-08    -3.749179e-07    2.40407e-07    -1.529026e-07    2.847889e-07    2.624748e-07    -1.154908e-07    -1.855865e-07    6.60742e-08    2.272996e-07    2.811144e-07    -2.537234e-07    6.514091e-09    -1.41675e-07    8.704938e-07    -1.633861e-06    -4.537114e-07    1.545122e-06    -3.662515e-09    4.502497e-07    4.444979e-07    -3.949373e-07    3.790826e-09    5.711884e-07    -1.964683e-07    -2.110436e-07    -1.107908e-07    6.179385e-08
-7.494448e-07    7.674868e-07    8.375132e-07    -9.034857e-08    -4.845422e-07    -1.121151e-07    -6.362429e-08    -1.854471e-07    -6.226748e-08    4.863789e-07    -1.110144e-07    -5.023452e-07    -3.235474e-07    7.167842e-07    -1.953805e-07    -3.554303e-08    7.492242e-07    8.645416e-07    -6.973096e-07    -3.662515e-09    4.744674e-06    -2.693705e-06    1.729342e-06    -1.123239e-07    -9.783158e-07    -5.487576e-07    9.361516e-07    6.08513e-07    -4.055067e-07    -6.885655e-07
1.134748e-06    -1.774114e-07    -1.08536e-07    -5.971187e-07    7.369275e-07    -2.433767e-07    3.073592e-07    7.550523e-07    -8.855631e-08    -2.336857e-07    -4.801447e-09    5.754123e-07    1.323712e-07    -5.15436e-07    2.692879e-07    6.296089e-07    -1.141975e-06    -9.907525e-07    4.815417e-07    4.502497e-07    -2.693705e-06    9.785872e-06    -2.429524e-06    -5.966458e-06    1.777718e-06    6.489164e-07    1.865742e-07    -3.403014e-07    -1.267877e-06    1.508194e-06
1.164017e-06    -2.779969e-07    -1.33343e-07    -5.596896e-07    6.922843e-07    -2.780087e-07    5.503796e-07    2.877656e-07    -2.914177e-07    -2.684896e-07    2.315887e-07    6.270761e-07    4.720327e-08    -6.14246e-07    1.52874e-07    6.916427e-07    -1.282216e-06    -9.352937e-07    4.991731e-07    4.444979e-07    1.729342e-06    -2.429524e-06    9.745701e-06    -2.412049e-07    -2.804618e-06    4.590025e-07    9.771989e-08    -7.161892e-07    -1.253282e-06    1.772536e-06
-3.306256e-07    -6.131913e-07    -6.050221e-07    6.42953e-07    -2.569307e-07    1.910411e-07    -2.087516e-07    -4.247067e-07    1.083427e-07    -1.686394e-07    7.96693e-08    -1.922288e-08    1.47172e-07    -1.791838e-07    -6.182784e-08    -5.977015e-07    4.335728e-07    6.89871e-08    1.9424e-07    -3.949373e-07    -1.123239e-07    -5.966458e-06    -2.412049e-07    8.528287e-06    -2.744827e-06    -8.366843e-08    -1.154446e-06    -2.518812e-07    1.696299e-06    -8.96241e-07
-7.454012e-07    8.116672e-07    6.841732e-07    -1.404662e-07    -3.81239e-07    4.389214e-07    -1.106887e-07    -1.504755e-07    -1.208647e-07    2.522804e-10    -2.849981e-07    -4.207709e-07    -1.323477e-07    6.962377e-07    -2.107022e-07    -9.402604e-08    8.605046e-07    6.338943e-07    -6.363276e-07    3.790826e-09    -9.783158e-07    1.777718e-06    -2.804618e-06    -2.744827e-06    4.67034e-06    -4.761969e-07    1.058015e-06    8.086544e-07    -4.505935e-07    -7.916491e-07
1.779649e-07    -1.0391e-07    -7.15813e-08    1.954466e-08    -3.323437e-08    -6.059495e-08    -5.928999e-09    8.824592e-08    1.062402e-08    -1.101811e-07    -2.540881e-08    -5.626793e-07    8.982731e-08    1.590587e-07    7.844949e-07    -2.258475e-08    -7.697414e-07    3.594536e-07    2.951484e-07    5.711884e-07    -5.487576e-07    6.489164e-07    4.590025e-07    -8.366843e-08    -4.761969e-07    2.75575e-06    -1.954519e-06    5.331822e-07    5.167047e-07    -5.817203e-07
8.255028e-08    -1.14968e-08    -1.160678e-07    -1.369009e-07    2.194807e-07    -4.121825e-09    4.903767e-09    7.436197e-08    5.464003e-08    -2.362599e-08    -6.27671e-07    3.853471e-07    1.204314e-07    8.034052e-07    -5.245451e-07    -2.840386e-07    -9.254093e-08    2.080783e-07    5.307865e-07    -1.964683e-07    9.361516e-07    1.865742e-07    9.771989e-08    -1.154446e-06    1.058015e-06    -1.954519e-06    7.815443e-06    1.383674e-07    -6.663295e-06    1.660319e-06
-4.768627e-08    -2.399978e-07    -2.378251e-08    1.577209e-07    1.572534e-07    -9.811194e-08    7.367142e-08    -2.545055e-08    7.199145e-08    -6.094972e-08    -8.046529e-07    -2.138322e-07    9.206868e-07    -2.178212e-07    -3.824111e-07    -2.692383e-07    -5.905171e-07    7.273297e-07    -1.676628e-07    -2.110436e-07    6.08513e-07    -3.403014e-07    -7.161892e-07    -2.518812e-07    8.086544e-07    5.331822e-07    1.383674e-07    7.518609e-06    -1.413045e-07    -3.821124e-06
-1.341737e-07    -2.060949e-08    3.248746e-07    2.200511e-07    -1.770709e-07    -1.277756e-07    2.627757e-07    -8.546257e-10    -2.10482e-07    -7.832242e-09    3.656553e-07    -5.371373e-07    4.515478e-07    -9.516779e-07    3.471428e-08    2.785555e-08    9.799998e-08    2.697436e-07    -7.764844e-07    -1.107908e-07    -4.055067e-07    -1.267877e-06    -1.253282e-06    1.696299e-06    -4.505935e-07    5.167047e-07    -6.663295e-06    -1.413045e-07    1.141726e-05    -5.775576e-06
-2.055811e-07    2.695612e-07    -7.630065e-08    -3.450561e-08    -1.757745e-07    3.198794e-07    -2.932642e-07    -2.385509e-07    -2.143733e-08    2.815239e-07    1.094351e-06    7.205358e-07    -1.281994e-06    -6.631386e-07    1.203747e-07    6.445499e-07    1.270149e-06    -1.532649e-06    -7.056054e-07    6.179385e-08    -6.885655e-07    1.508194e-06    1.772536e-06    -8.96241e-07    -7.916491e-07    -5.817203e-07    1.660319e-06    -3.821124e-06    -5.775576e-06    8.267262e-06
