4.065097e-06    -3.505408e-06    6.738335e-07    -6.664246e-07    -1.176777e-07    -6.838026e-08    1.338723e-06    1.05339e-06    -1.176694e-06    -5.039325e-08    -2.540881e-08    -6.27671e-07    -8.046529e-07    3.656553e-07    1.094351e-06
-3.505408e-06    1.431796e-05    -7.680848e-06    -2.394548e-06    1.495503e-06    6.367274e-07    -1.977152e-06    -1.584293e-06    1.208803e-06    6.208394e-07    -5.626793e-07    3.853471e-07    -2.138322e-07    -5.371373e-07    7.205358e-07
6.738335e-07    -7.680848e-06    1.310714e-05    -1.264576e-06    -3.266868e-06    1.154594e-06    -1.626264e-06    -1.55477e-06    6.070849e-07    1.040511e-06    8.982731e-08    1.204314e-07    9.206868e-07    4.515478e-07    -1.281994e-06
-6.664246e-07    -2.394548e-06    -1.264576e-06    4.723407e-06    -6.774142e-07    -8.869912e-07    5.288202e-07    3.742095e-07    2.758646e-07    -8.257122e-07    1.590587e-07    8.034052e-07    -2.178212e-07    -9.516779e-07    -6.631386e-07
-1.176777e-07    1.495503e-06    -3.266868e-06    -6.774142e-07    2.971596e-06    -1.321554e-07    8.469921e-07    8.437019e-07    -7.13291e-07    -8.997236e-08    7.844949e-07    -5.245451e-07    -3.824111e-07    3.471428e-08    1.203747e-07
-6.838026e-08    6.367274e-07    1.154594e-06    -8.869912e-07    -1.321554e-07    4.64243e-06    -3.779721e-06    1.174433e-06    6.619703e-07    -3.275961e-07    1.630528e-07    -2.133231e-07    -3.260773e-07    -9.506577e-08    4.685373e-07
1.338723e-06    -1.977152e-06    -1.626264e-06    5.288202e-07    8.469921e-07    -3.779721e-06    1.606804e-05    -2.204911e-06    -1.086687e-05    1.244009e-06    6.334871e-09    -7.225362e-08    -3.795707e-09    2.683034e-07    -5.498424e-08
1.05339e-06    -1.584293e-06    -1.55477e-06    3.742095e-07    8.437019e-07    1.174433e-06    -2.204911e-06    1.570305e-05    -5.320398e-07    -3.532287e-06    -8.918275e-08    -1.671553e-07    -8.248071e-08    3.702591e-07    -7.670283e-08
-1.176694e-06    1.208803e-06    6.070849e-07    2.758646e-07    -7.13291e-07    6.619703e-07    -1.086687e-05    -5.320398e-07    1.304897e-05    -2.409254e-06    -1.449775e-07    2.843083e-07    3.10667e-07    -2.017558e-07    -4.263568e-07
-5.039325e-08    6.208394e-07    1.040511e-06    -8.257122e-07    -8.997236e-08    -3.275961e-07    1.244009e-06    -3.532287e-06    -2.409254e-06    4.683456e-06    2.112566e-07    -2.68729e-07    -1.791821e-07    -6.24739e-08    4.156106e-07
-2.540881e-08    -5.626793e-07    8.982731e-08    1.590587e-07    7.844949e-07    1.630528e-07    6.334871e-09    -8.918275e-08    -1.449775e-07    2.112566e-07    2.75575e-06    -1.954519e-06    5.331822e-07    5.167047e-07    -5.817203e-07
-6.27671e-07    3.853471e-07    1.204314e-07    8.034052e-07    -5.245451e-07    -2.133231e-07    -7.225362e-08    -1.671553e-07    2.843083e-07    -2.68729e-07    -1.954519e-06    7.815443e-06    1.383674e-07    -6.663295e-06    1.660319e-06
-8.046529e-07    -2.138322e-07    9.206868e-07    -2.178212e-07    -3.824111e-07    -3.260773e-07    -3.795707e-09    -8.248071e-08    3.10667e-07    -1.791821e-07    5.331822e-07    1.383674e-07    7.518609e-06    -1.413045e-07    -3.821124e-06
3.656553e-07    -5.371373e-07    4.515478e-07    -9.516779e-07    3.471428e-08    -9.506577e-08    2.683034e-07    3.702591e-07    -2.017558e-07    -6.24739e-08    5.167047e-07    -6.663295e-06    -1.413045e-07    1.141726e-05    -5.775576e-06
1.094351e-06    7.205358e-07    -1.281994e-06    -6.631386e-07    1.203747e-07    4.685373e-07    -5.498424e-08    -7.670283e-08    -4.263568e-07    4.156106e-07    -5.817203e-07    1.660319e-06    -3.821124e-06    -5.775576e-06    8.267262e-06
