4.065097e-06    -3.505408e-06    6.738335e-07    -6.664246e-07    -1.176777e-07    3.100462e-08    4.145235e-07    4.070804e-07    -4.642658e-07    6.60742e-08    -1.110144e-07    -4.801447e-09    2.315887e-07    7.96693e-08    -2.849981e-07    -2.540881e-08    -6.27671e-07    -8.046529e-07    3.656553e-07    1.094351e-06
-3.505408e-06    1.431796e-05    -7.680848e-06    -2.394548e-06    1.495503e-06    2.826186e-07    -1.059064e-06    -6.511159e-07    6.784194e-07    2.272996e-07    -5.023452e-07    5.754123e-07    6.270761e-07    -1.922288e-08    -4.207709e-07    -5.626793e-07    3.853471e-07    -2.138322e-07    -5.371373e-07    7.205358e-07
6.738335e-07    -7.680848e-06    1.310714e-05    -1.264576e-06    -3.266868e-06    2.678565e-07    -5.235991e-07    -1.120854e-06    4.045226e-07    2.811144e-07    -3.235474e-07    1.323712e-07    4.720327e-08    1.47172e-07    -1.323477e-07    8.982731e-08    1.204314e-07    9.206868e-07    4.515478e-07    -1.281994e-06
-6.664246e-07    -2.394548e-06    -1.264576e-06    4.723407e-06    -6.774142e-07    -3.190584e-07    4.141273e-07    5.349787e-07    -9.337362e-08    -2.537234e-07    7.167842e-07    -5.15436e-07    -6.14246e-07    -1.791838e-07    6.962377e-07    1.590587e-07    8.034052e-07    -2.178212e-07    -9.516779e-07    -6.631386e-07
-1.176777e-07    1.495503e-06    -3.266868e-06    -6.774142e-07    2.971596e-06    1.0606e-07    7.612411e-08    3.267659e-07    -2.681592e-07    6.514091e-09    -1.953805e-07    2.692879e-07    1.52874e-07    -6.182784e-08    -2.107022e-07    7.844949e-07    -5.245451e-07    -3.824111e-07    3.471428e-08    1.203747e-07
3.100462e-08    2.826186e-07    2.678565e-07    -3.190584e-07    1.0606e-07    2.664023e-06    -3.00702e-06    1.187505e-06    -3.623283e-07    -1.41675e-07    -3.554303e-08    6.296089e-07    6.916427e-07    -5.977015e-07    -9.402604e-08    -2.258475e-08    -2.840386e-07    -2.692383e-07    2.785555e-08    6.445499e-07
4.145235e-07    -1.059064e-06    -5.235991e-07    4.141273e-07    7.612411e-08    -3.00702e-06    1.566878e-05    -1.006537e-05    -2.956142e-06    8.704938e-07    7.492242e-07    -1.141975e-06    -1.282216e-06    4.335728e-07    8.605046e-07    -7.697414e-07    -9.254093e-08    -5.905171e-07    9.799998e-08    1.270149e-06
4.070804e-07    -6.511159e-07    -1.120854e-06    5.349787e-07    3.267659e-07    1.187505e-06    -1.006537e-05    1.5513e-05    -8.485911e-07    -1.633861e-06    8.645416e-07    -9.907525e-07    -9.352937e-07    6.89871e-08    6.338943e-07    3.594536e-07    2.080783e-07    7.273297e-07    2.697436e-07    -1.532649e-06
-4.642658e-07    6.784194e-07    4.045226e-07    -9.337362e-08    -2.681592e-07    -3.623283e-07    -2.956142e-06    -8.485911e-07    4.880557e-06    -4.537114e-07    -6.973096e-07    4.815417e-07    4.991731e-07    1.9424e-07    -6.363276e-07    2.951484e-07    5.307865e-07    -1.676628e-07    -7.764844e-07    -7.056054e-07
6.60742e-08    2.272996e-07    2.811144e-07    -2.537234e-07    6.514091e-09    -1.41675e-07    8.704938e-07    -1.633861e-06    -4.537114e-07    1.545122e-06    -3.662515e-09    4.502497e-07    4.444979e-07    -3.949373e-07    3.790826e-09    5.711884e-07    -1.964683e-07    -2.110436e-07    -1.107908e-07    6.179385e-08
-1.110144e-07    -5.023452e-07    -3.235474e-07    7.167842e-07    -1.953805e-07    -3.554303e-08    7.492242e-07    8.645416e-07    -6.973096e-07    -3.662515e-09    4.744674e-06    -2.693705e-06    1.729342e-06    -1.123239e-07    -9.783158e-07    -5.487576e-07    9.361516e-07    6.08513e-07    -4.055067e-07    -6.885655e-07
-4.801447e-09    5.754123e-07    1.323712e-07    -5.15436e-07    2.692879e-07    6.296089e-07    -1.141975e-06    -9.907525e-07    4.815417e-07    4.502497e-07    -2.693705e-06    9.785872e-06    -2.429524e-06    -5.966458e-06    1.777718e-06    6.489164e-07    1.865742e-07    -3.403014e-07    -1.267877e-06    1.508194e-06
2.315887e-07    6.270761e-07    4.720327e-08    -6.14246e-07    1.52874e-07    6.916427e-07    -1.282216e-06    -9.352937e-07    4.991731e-07    4.444979e-07    1.729342e-06    -2.429524e-06    9.745701e-06    -2.412049e-07    -2.804618e-06    4.590025e-07    9.771989e-08    -7.161892e-07    -1.253282e-06    1.772536e-06
7.96693e-08    -1.922288e-08    1.47172e-07    -1.791838e-07    -6.182784e-08    -5.977015e-07    4.335728e-07    6.89871e-08    1.9424e-07    -3.949373e-07    -1.123239e-07    -5.966458e-06    -2.412049e-07    8.528287e-06    -2.744827e-06    -8.366843e-08    -1.154446e-06    -2.518812e-07    1.696299e-06    -8.96241e-07
-2.849981e-07    -4.207709e-07    -1.323477e-07    6.962377e-07    -2.107022e-07    -9.402604e-08    8.605046e-07    6.338943e-07    -6.363276e-07    3.790826e-09    -9.783158e-07    1.777718e-06    -2.804618e-06    -2.744827e-06    4.67034e-06    -4.761969e-07    1.058015e-06    8.086544e-07    -4.505935e-07    -7.916491e-07
-2.540881e-08    -5.626793e-07    8.982731e-08    1.590587e-07    7.844949e-07    -2.258475e-08    -7.697414e-07    3.594536e-07    2.951484e-07    5.711884e-07    -5.487576e-07    6.489164e-07    4.590025e-07    -8.366843e-08    -4.761969e-07    2.75575e-06    -1.954519e-06    5.331822e-07    5.167047e-07    -5.817203e-07
-6.27671e-07    3.853471e-07    1.204314e-07    8.034052e-07    -5.245451e-07    -2.840386e-07    -9.254093e-08    2.080783e-07    5.307865e-07    -1.964683e-07    9.361516e-07    1.865742e-07    9.771989e-08    -1.154446e-06    1.058015e-06    -1.954519e-06    7.815443e-06    1.383674e-07    -6.663295e-06    1.660319e-06
-8.046529e-07    -2.138322e-07    9.206868e-07    -2.178212e-07    -3.824111e-07    -2.692383e-07    -5.905171e-07    7.273297e-07    -1.676628e-07    -2.110436e-07    6.08513e-07    -3.403014e-07    -7.161892e-07    -2.518812e-07    8.086544e-07    5.331822e-07    1.383674e-07    7.518609e-06    -1.413045e-07    -3.821124e-06
3.656553e-07    -5.371373e-07    4.515478e-07    -9.516779e-07    3.471428e-08    2.785555e-08    9.799998e-08    2.697436e-07    -7.764844e-07    -1.107908e-07    -4.055067e-07    -1.267877e-06    -1.253282e-06    1.696299e-06    -4.505935e-07    5.167047e-07    -6.663295e-06    -1.413045e-07    1.141726e-05    -5.775576e-06
1.094351e-06    7.205358e-07    -1.281994e-06    -6.631386e-07    1.203747e-07    6.445499e-07    1.270149e-06    -1.532649e-06    -7.056054e-07    6.179385e-08    -6.885655e-07    1.508194e-06    1.772536e-06    -8.96241e-07    -7.916491e-07    -5.817203e-07    1.660319e-06    -3.821124e-06    -5.775576e-06    8.267262e-06
