8.839461e-06    -4.817494e-06    2.445637e-06    -4.081006e-07    -2.668552e-06    -5.441698e-07    9.164243e-07    4.563968e-07    -4.560888e-07    -6.840928e-07
-4.817494e-06    1.190036e-05    -3.196919e-06    -6.694753e-06    2.498994e-06    5.734592e-07    -1.757934e-08    -4.369083e-07    -1.086058e-06    1.741032e-06
2.445637e-06    -3.196919e-06    1.150426e-05    3.865736e-07    -4.622323e-06    3.204524e-07    -2.636754e-07    -5.756562e-07    -6.909621e-07    1.760463e-06
-4.081006e-07    -6.694753e-06    3.865736e-07    1.008134e-05    -3.463659e-06    -8.006128e-08    -9.167678e-07    -1.128989e-07    1.565208e-06    -9.99367e-07
-2.668552e-06    2.498994e-06    -4.622323e-06    -3.463659e-06    8.826074e-06    -3.425118e-07    1.09639e-06    7.994235e-07    -6.754348e-07    -8.319933e-07
-5.441698e-07    5.734592e-07    3.204524e-07    -8.006128e-08    -3.425118e-07    2.75575e-06    -1.954519e-06    5.331822e-07    5.167047e-07    -5.817203e-07
9.164243e-07    -1.757934e-08    -2.636754e-07    -9.167678e-07    1.09639e-06    -1.954519e-06    7.815443e-06    1.383674e-07    -6.663295e-06    1.660319e-06
4.563968e-07    -4.369083e-07    -5.756562e-07    -1.128989e-07    7.994235e-07    5.331822e-07    1.383674e-07    7.518609e-06    -1.413045e-07    -3.821124e-06
-4.560888e-07    -1.086058e-06    -6.909621e-07    1.565208e-06    -6.754348e-07    5.167047e-07    -6.663295e-06    -1.413045e-07    1.141726e-05    -5.775576e-06
-6.840928e-07    1.741032e-06    1.760463e-06    -9.99367e-07    -8.319933e-07    -5.817203e-07    1.660319e-06    -3.821124e-06    -5.775576e-06    8.267262e-06
