7.108277e-06    -3.324507e-06    3.425274e-07    -3.115977e-08    -1.652251e-06    -1.011559e-07    5.484116e-08    2.863701e-07    7.805016e-08    -2.007553e-07    -2.695793e-07    7.682411e-07    7.563106e-07    -4.4539e-07    -1.32955e-07    7.377621e-07    -1.63705e-06    -1.628073e-06    7.735815e-07    7.428307e-07    -8.649233e-07    1.384505e-06    1.334725e-06    -4.274851e-07    -9.591474e-07    1.779649e-07    8.255028e-08    -4.768627e-08    -1.341737e-07    -2.055811e-07
-3.324507e-06    8.098188e-06    -3.918248e-07    -4.46657e-06    6.848257e-07    9.897379e-08    -3.659602e-08    -2.17559e-07    -1.21567e-07    1.931841e-07    5.462773e-07    -5.392169e-07    -5.315973e-07    1.391501e-07    2.067957e-07    -1.815631e-07    2.106454e-06    1.671006e-06    -1.608723e-06    -4.477258e-08    1.019365e-06    -2.69882e-07    -2.039842e-07    -7.604313e-07    1.020919e-06    -1.0391e-07    -1.14968e-08    -2.399978e-07    -2.060949e-08    2.695612e-07
3.425274e-07    -3.918248e-07    9.024091e-06    3.16819e-07    -2.124461e-06    -2.81938e-08    1.796596e-08    5.680078e-08    7.764067e-09    -9.940705e-08    5.913023e-07    -4.51379e-07    -2.123446e-07    -9.009688e-08    2.052408e-07    6.405793e-08    1.418713e-06    1.781782e-06    -1.550558e-06    2.309422e-08    8.82984e-07    -1.390894e-07    -2.904889e-07    -7.678336e-07    9.635081e-07    -7.15813e-08    -1.160678e-07    -2.378251e-08    3.248746e-07    -7.630065e-08
-3.115977e-08    -4.46657e-06    3.16819e-07    7.107719e-06    -2.044824e-06    -2.935039e-09    7.258137e-08    3.127439e-08    2.422395e-08    -1.581694e-07    -8.739327e-08    -2.052485e-07    -1.726389e-07    2.089168e-07    1.235826e-08    -4.998781e-07    -5.920673e-07    -2.47776e-07    6.430498e-07    -3.749179e-07    -2.047866e-07    -8.139368e-07    -7.976027e-07    9.35776e-07    -1.230698e-07    1.954466e-08    -1.369009e-07    1.577209e-07    2.200511e-07    -3.450561e-08
-1.652251e-06    6.848257e-07    -2.124461e-06    -2.044824e-06    5.037991e-06    -1.602464e-07    3.631993e-08    -7.552223e-08    4.139832e-08    1.1959e-07    -3.586385e-07    4.372354e-07    6.907315e-07    -2.231732e-07    -2.252663e-07    6.104377e-07    -1.140504e-06    -8.19649e-07    5.552761e-07    2.40407e-07    -6.694653e-07    9.87929e-07    7.760747e-07    -3.515773e-07    -4.722831e-07    -3.323437e-08    2.194807e-07    1.572534e-07    -1.770709e-07    -1.757745e-07
-1.011559e-07    9.897379e-08    -2.81938e-08    -2.935039e-09    -1.602464e-07    3.957192e-06    -2.267286e-06    2.222406e-07    2.615703e-07    -7.64667e-07    -3.424063e-07    6.164721e-07    7.347884e-07    -3.161844e-07    -2.489037e-07    -3.517251e-07    6.623713e-07    5.970517e-07    -3.078285e-07    -1.529026e-07    5.932133e-07    -4.138677e-07    -1.596489e-07    4.605284e-09    -6.918923e-08    -6.059495e-08    -4.121825e-09    -9.811194e-08    -1.277756e-07    3.198794e-07
5.484116e-08    -3.659602e-08    1.796596e-08    7.258137e-08    3.631993e-08    -2.267286e-06    8.342115e-06    -1.072624e-06    -4.80564e-06    1.653387e-07    4.509692e-07    -2.594308e-07    -5.146311e-07    -1.128942e-07    3.283787e-07    4.413347e-07    -2.812634e-07    -5.819061e-07    -3.787059e-08    2.847889e-07    -2.367047e-07    5.456838e-07    2.435487e-07    -3.491875e-07    4.734968e-08    -5.928999e-09    4.903767e-09    7.367142e-08    2.627757e-07    -2.932642e-07
2.863701e-07    -2.17559e-07    5.680078e-08    3.127439e-08    -7.552223e-08    2.222406e-07    -1.072624e-06    8.384295e-06    -4.465167e-07    -2.21047e-06    4.959735e-07    -3.057197e-07    -8.280471e-07    5.036376e-08    5.614335e-07    4.591788e-07    -5.620529e-07    -2.651033e-07    9.89049e-08    2.624748e-07    -5.547418e-08    3.350456e-07    7.930058e-07    -3.168825e-07    -2.834652e-07    8.824592e-08    7.436197e-08    -2.545055e-08    -8.546257e-10    -2.385509e-07
7.805016e-08    -1.21567e-07    7.764067e-09    2.422395e-08    4.139832e-08    2.615703e-07    -4.80564e-06    -4.465167e-07    7.327569e-06    -1.387693e-06    -1.535238e-07    -3.704801e-07    -2.431776e-07    4.671391e-07    -1.02491e-07    -1.270331e-07    -2.720911e-07    -1.393552e-07    3.205106e-07    -1.154908e-07    -7.148886e-08    -2.088503e-07    5.026606e-08    4.811185e-07    -3.724302e-07    1.062402e-08    5.464003e-08    7.199145e-08    -2.10482e-07    -2.143733e-08
-2.007553e-07    1.931841e-07    -9.940705e-08    -1.581694e-07    1.1959e-07    -7.64667e-07    1.653387e-07    -2.21047e-06    -1.387693e-06    4.039088e-06    -3.34218e-07    6.182459e-07    9.732006e-07    -4.324306e-07    -3.046416e-07    -2.287671e-07    5.264242e-07    6.535052e-07    -3.253133e-07    -1.855865e-07    -4.715243e-08    -2.586811e-07    -4.916692e-07    2.264189e-07    6.797426e-07    -1.101811e-07    -2.362599e-08    -6.094972e-08    -7.832242e-09    2.815239e-07
-2.695793e-07    5.462773e-07    5.913023e-07    -8.739327e-08    -3.586385e-07    -3.424063e-07    4.509692e-07    4.959735e-07    -1.535238e-07    -3.34218e-07    4.065097e-06    -3.505408e-06    6.738335e-07    -6.664246e-07    -1.176777e-07    3.100462e-08    4.145235e-07    4.070804e-07    -4.642658e-07    6.60742e-08    -2.240998e-07    3.173032e-07    3.308624e-07    -8.233411e-08    -4.016354e-07    -2.540881e-08    -6.27671e-07    -8.046529e-07    3.656553e-07    1.094351e-06
7.682411e-07    -5.392169e-07    -4.51379e-07    -2.052485e-07    4.372354e-07    6.164721e-07    -2.594308e-07    -3.057197e-07    -3.704801e-07    6.182459e-07    -3.505408e-06    1.431796e-05    -7.680848e-06    -2.394548e-06    1.495503e-06    2.826186e-07    -1.059064e-06    -6.511159e-07    6.784194e-07    2.272996e-07    2.657353e-07    -1.81987e-07    -1.804372e-07    -7.298028e-08    2.494606e-07    -5.626793e-07    3.853471e-07    -2.138322e-07    -5.371373e-07    7.205358e-07
7.563106e-07    -5.315973e-07    -2.123446e-07    -1.726389e-07    6.907315e-07    7.347884e-07    -5.146311e-07    -8.280471e-07    -2.431776e-07    9.732006e-07    6.738335e-07    -7.680848e-06    1.310714e-05    -1.264576e-06    -3.266868e-06    2.678565e-07    -5.235991e-07    -1.120854e-06    4.045226e-07    2.811144e-07    -7.173947e-07    8.674944e-07    5.205416e-07    -3.093533e-08    -6.605167e-07    8.982731e-08    1.204314e-07    9.206868e-07    4.515478e-07    -1.281994e-06
-4.4539e-07    1.391501e-07    -9.009688e-08    2.089168e-07    -2.231732e-07    -3.161844e-07    -1.128942e-07    5.036376e-08    4.671391e-07    -4.324306e-07    -6.664246e-07    -2.394548e-06    -1.264576e-06    4.723407e-06    -6.774142e-07    -3.190584e-07    4.141273e-07    5.349787e-07    -9.337362e-08    -2.537234e-07    3.590744e-07    -5.651522e-07    -6.548895e-07    1.948824e-07    5.33111e-07    1.590587e-07    8.034052e-07    -2.178212e-07    -9.516779e-07    -6.631386e-07
-1.32955e-07    2.067957e-07    2.052408e-07    1.235826e-08    -2.252663e-07    -2.489037e-07    3.283787e-07    5.614335e-07    -1.02491e-07    -3.046416e-07    -1.176777e-07    1.495503e-06    -3.266868e-06    -6.774142e-07    2.971596e-06    1.0606e-07    7.612411e-08    3.267659e-07    -2.681592e-07    6.514091e-09    -1.764349e-07    1.837041e-07    2.724312e-07    2.025879e-08    -2.180118e-07    7.844949e-07    -5.245451e-07    -3.824111e-07    3.471428e-08    1.203747e-07
7.377621e-07    -1.815631e-07    6.405793e-08    -4.998781e-07    6.104377e-07    -3.517251e-07    4.413347e-07    4.591788e-07    -1.270331e-07    -2.287671e-07    3.100462e-08    2.826186e-07    2.678565e-07    -3.190584e-07    1.0606e-07    2.664023e-06    -3.00702e-06    1.187505e-06    -3.623283e-07    -1.41675e-07    -1.236666e-08    6.653185e-07    8.645352e-07    -5.781303e-07    -1.483979e-07    -2.258475e-08    -2.840386e-07    -2.692383e-07    2.785555e-08    6.445499e-07
-1.63705e-06    2.106454e-06    1.418713e-06    -5.920673e-07    -1.140504e-06    6.623713e-07    -2.812634e-07    -5.620529e-07    -2.720911e-07    5.264242e-07    4.145235e-07    -1.059064e-06    -5.235991e-07    4.141273e-07    7.612411e-08    -3.00702e-06    1.566878e-05    -1.006537e-05    -2.956142e-06    8.704938e-07    9.584412e-07    -1.18725e-06    -1.342049e-06    2.179407e-07    1.081109e-06    -7.697414e-07    -9.254093e-08    -5.905171e-07    9.799998e-08    1.270149e-06
-1.628073e-06    1.671006e-06    1.781782e-06    -2.47776e-07    -8.19649e-07    5.970517e-07    -5.819061e-07    -2.651033e-07    -1.393552e-07    6.535052e-07    4.070804e-07    -6.511159e-07    -1.120854e-06    5.349787e-07    3.267659e-07    1.187505e-06    -1.006537e-05    1.5513e-05    -8.485911e-07    -1.633861e-06    9.934746e-07    -1.477014e-06    -1.252817e-06    4.434492e-07    9.005298e-07    3.594536e-07    2.080783e-07    7.273297e-07    2.697436e-07    -1.532649e-06
7.735815e-07    -1.608723e-06    -1.550558e-06    6.430498e-07    5.552761e-07    -3.078285e-07    -3.787059e-08    9.89049e-08    3.205106e-07    -3.253133e-07    -4.642658e-07    6.784194e-07    4.045226e-07    -9.337362e-08    -2.681592e-07    -3.623283e-07    -2.956142e-06    -8.485911e-07    4.880557e-06    -4.537114e-07    -8.977898e-07    7.866874e-07    5.217144e-07    7.496017e-08    -7.985611e-07    2.951484e-07    5.307865e-07    -1.676628e-07    -7.764844e-07    -7.056054e-07
7.428307e-07    -4.477258e-08    2.309422e-08    -3.749179e-07    2.40407e-07    -1.529026e-07    2.847889e-07    2.624748e-07    -1.154908e-07    -1.855865e-07    6.60742e-08    2.272996e-07    2.811144e-07    -2.537234e-07    6.514091e-09    -1.41675e-07    8.704938e-07    -1.633861e-06    -4.537114e-07    1.545122e-06    -1.572259e-08    5.529675e-07    5.164958e-07    -4.907189e-07    -6.762492e-08    5.711884e-07    -1.964683e-07    -2.110436e-07    -1.107908e-07    6.179385e-08
-8.649233e-07    1.019365e-06    8.82984e-07    -2.047866e-07    -6.694653e-07    5.932133e-07    -2.367047e-07    -5.547418e-08    -7.148886e-08    -4.715243e-08    -2.240998e-07    2.657353e-07    -7.173947e-07    3.590744e-07    -1.764349e-07    -1.236666e-08    9.584412e-07    9.934746e-07    -8.977898e-07    -1.572259e-08    7.596992e-06    -4.588896e-06    2.581799e-06    8.825004e-08    -1.615126e-06    1.272421e-07    -2.499379e-07    -4.25007e-07    -1.017015e-07    7.31459e-07
1.384505e-06    -2.69882e-07    -1.390894e-07    -8.139368e-07    9.87929e-07    -4.138677e-07    5.456838e-07    3.350456e-07    -2.088503e-07    -2.586811e-07    3.173032e-07    -1.81987e-07    8.674944e-07    -5.651522e-07    1.837041e-07    6.653185e-07    -1.18725e-06    -1.477014e-06    7.866874e-07    5.529675e-07    -4.588896e-06    1.375389e-05    -3.134834e-06    -8.926662e-06    2.374881e-06    -1.304087e-08    2.64603e-07    2.4583e-07    4.316673e-08    -5.078023e-07
1.334725e-06    -2.039842e-07    -2.904889e-07    -7.976027e-07    7.760747e-07    -1.596489e-07    2.435487e-07    7.930058e-07    5.026606e-08    -4.916692e-07    3.308624e-07    -1.804372e-07    5.205416e-07    -6.548895e-07    2.724312e-07    8.645352e-07    -1.342049e-06    -1.252817e-06    5.217144e-07    5.164958e-07    2.581799e-06    -3.134834e-06    1.418088e-05    1.828573e-07    -4.55443e-06    -2.602827e-08    6.080713e-09    -1.177956e-07    1.805803e-07    -1.66997e-07
-4.274851e-07    -7.604313e-07    -7.678336e-07    9.35776e-07    -3.515773e-07    4.605284e-09    -3.491875e-07    -3.168825e-07    4.811185e-07    2.264189e-07    -8.233411e-08    -7.298028e-08    -3.093533e-08    1.948824e-07    2.025879e-08    -5.781303e-07    2.179407e-07    4.434492e-07    7.496017e-08    -4.907189e-07    8.825004e-08    -8.926662e-06    1.828573e-07    1.220596e-05    -3.88262e-06    -1.339809e-07    3.250027e-08    8.602057e-08    -6.276959e-08    -7.296337e-08
-9.591474e-07    1.020919e-06    9.635081e-07    -1.230698e-07    -4.722831e-07    -6.918923e-08    4.734968e-08    -2.834652e-07    -3.724302e-07    6.797426e-07    -4.016354e-07    2.494606e-07    -6.605167e-07    5.33111e-07    -2.180118e-07    -1.483979e-07    1.081109e-06    9.005298e-07    -7.985611e-07    -6.762492e-08    -1.615126e-06    2.374881e-06    -4.55443e-06    -3.88262e-06    7.46546e-06    1.285497e-07    -1.044284e-07    -7.87774e-08    -9.045974e-08    3.596837e-07
1.779649e-07    -1.0391e-07    -7.15813e-08    1.954466e-08    -3.323437e-08    -6.059495e-08    -5.928999e-09    8.824592e-08    1.062402e-08    -1.101811e-07    -2.540881e-08    -5.626793e-07    8.982731e-08    1.590587e-07    7.844949e-07    -2.258475e-08    -7.697414e-07    3.594536e-07    2.951484e-07    5.711884e-07    1.272421e-07    -1.304087e-08    -2.602827e-08    -1.339809e-07    1.285497e-07    2.75575e-06    -1.954519e-06    5.331822e-07    5.167047e-07    -5.817203e-07
8.255028e-08    -1.14968e-08    -1.160678e-07    -1.369009e-07    2.194807e-07    -4.121825e-09    4.903767e-09    7.436197e-08    5.464003e-08    -2.362599e-08    -6.27671e-07    3.853471e-07    1.204314e-07    8.034052e-07    -5.245451e-07    -2.840386e-07    -9.254093e-08    2.080783e-07    5.307865e-07    -1.964683e-07    -2.499379e-07    2.64603e-07    6.080713e-09    3.250027e-08    -1.044284e-07    -1.954519e-06    7.815443e-06    1.383674e-07    -6.663295e-06    1.660319e-06
-4.768627e-08    -2.399978e-07    -2.378251e-08    1.577209e-07    1.572534e-07    -9.811194e-08    7.367142e-08    -2.545055e-08    7.199145e-08    -6.094972e-08    -8.046529e-07    -2.138322e-07    9.206868e-07    -2.178212e-07    -3.824111e-07    -2.692383e-07    -5.905171e-07    7.273297e-07    -1.676628e-07    -2.110436e-07    -4.25007e-07    2.4583e-07    -1.177956e-07    8.602057e-08    -7.87774e-08    5.331822e-07    1.383674e-07    7.518609e-06    -1.413045e-07    -3.821124e-06
-1.341737e-07    -2.060949e-08    3.248746e-07    2.200511e-07    -1.770709e-07    -1.277756e-07    2.627757e-07    -8.546257e-10    -2.10482e-07    -7.832242e-09    3.656553e-07    -5.371373e-07    4.515478e-07    -9.516779e-07    3.471428e-08    2.785555e-08    9.799998e-08    2.697436e-07    -7.764844e-07    -1.107908e-07    -1.017015e-07    4.316673e-08    1.805803e-07    -6.276959e-08    -9.045974e-08    5.167047e-07    -6.663295e-06    -1.413045e-07    1.141726e-05    -5.775576e-06
-2.055811e-07    2.695612e-07    -7.630065e-08    -3.450561e-08    -1.757745e-07    3.198794e-07    -2.932642e-07    -2.385509e-07    -2.143733e-08    2.815239e-07    1.094351e-06    7.205358e-07    -1.281994e-06    -6.631386e-07    1.203747e-07    6.445499e-07    1.270149e-06    -1.532649e-06    -7.056054e-07    6.179385e-08    7.31459e-07    -5.078023e-07    -1.66997e-07    -7.296337e-08    3.596837e-07    -5.817203e-07    1.660319e-06    -3.821124e-06    -5.775576e-06    8.267262e-06
