4.109427e-06    -2.185108e-06    2.91151e-07    1.703085e-07    -8.644651e-07    4.331018e-08    -9.990348e-08    -3.778454e-08    4.019405e-08    2.18751e-07
-2.185108e-06    8.435772e-06    -1.174697e-06    -4.91632e-06    2.719909e-07    4.942022e-08    8.748342e-08    -1.587165e-07    -2.097645e-08    -1.565407e-07
2.91151e-07    -1.174697e-06    8.269063e-06    -3.84832e-07    -2.244214e-06    1.372168e-07    1.402615e-07    1.451809e-07    -4.057469e-08    -3.357459e-07
1.703085e-07    -4.91632e-06    -3.84832e-07    7.373341e-06    -1.38998e-06    -6.496229e-09    4.589475e-08    8.505764e-08    -1.510393e-07    2.378785e-08
-8.644651e-07    2.719909e-07    -2.244214e-06    -1.38998e-06    3.990525e-06    -1.218472e-07    -1.007159e-07    -8.500371e-08    6.174265e-08    2.402758e-07
4.331018e-08    4.942022e-08    1.372168e-07    -6.496229e-09    -1.218472e-07    2.75575e-06    -1.954519e-06    5.331822e-07    5.167047e-07    -5.817203e-07
-9.990348e-08    8.748342e-08    1.402615e-07    4.589475e-08    -1.007159e-07    -1.954519e-06    7.815443e-06    1.383674e-07    -6.663295e-06    1.660319e-06
-3.778454e-08    -1.587165e-07    1.451809e-07    8.505764e-08    -8.500371e-08    5.331822e-07    1.383674e-07    7.518609e-06    -1.413045e-07    -3.821124e-06
4.019405e-08    -2.097645e-08    -4.057469e-08    -1.510393e-07    6.174265e-08    5.167047e-07    -6.663295e-06    -1.413045e-07    1.141726e-05    -5.775576e-06
2.18751e-07    -1.565407e-07    -3.357459e-07    2.378785e-08    2.402758e-07    -5.817203e-07    1.660319e-06    -3.821124e-06    -5.775576e-06    8.267262e-06
