1.10989e-05    -3.901689e-06    1.440756e-06    4.525339e-07    -4.320735e-06    4.483324e-08    2.306689e-07    9.960604e-08    -1.081832e-07    -4.744848e-08
-3.901689e-06    7.738647e-06    -7.512547e-07    -5.279522e-06    1.497371e-06    -7.764609e-09    9.603006e-08    -1.3838e-07    -9.877952e-08    1.421207e-07
1.440756e-06    -7.512547e-07    7.02953e-06    1.529753e-07    -3.21982e-06    1.507229e-07    -1.172813e-07    1.612229e-07    3.948975e-08    -2.314456e-08
4.525339e-07    -5.279522e-06    1.529753e-07    9.585104e-06    -4.435913e-06    -4.220965e-08    1.843474e-08    2.511507e-08    -1.835456e-07    1.76671e-07
-4.320735e-06    1.497371e-06    -3.21982e-06    -4.435913e-06    1.062641e-05    4.509974e-08    -2.483349e-07    3.751621e-08    3.746228e-07    -3.525943e-07
4.483324e-08    -7.764609e-09    1.507229e-07    -4.220965e-08    4.509974e-08    2.75575e-06    -1.954519e-06    5.331822e-07    5.167047e-07    -5.817203e-07
2.306689e-07    9.603006e-08    -1.172813e-07    1.843474e-08    -2.483349e-07    -1.954519e-06    7.815443e-06    1.383674e-07    -6.663295e-06    1.660319e-06
9.960604e-08    -1.3838e-07    1.612229e-07    2.511507e-08    3.751621e-08    5.331822e-07    1.383674e-07    7.518609e-06    -1.413045e-07    -3.821124e-06
-1.081832e-07    -9.877952e-08    3.948975e-08    -1.835456e-07    3.746228e-07    5.167047e-07    -6.663295e-06    -1.413045e-07    1.141726e-05    -5.775576e-06
-4.744848e-08    1.421207e-07    -2.314456e-08    1.76671e-07    -3.525943e-07    -5.817203e-07    1.660319e-06    -3.821124e-06    -5.775576e-06    8.267262e-06
