4.64243e-06    -3.779721e-06    1.174433e-06    6.619703e-07    -3.275961e-07    1.630528e-07    -2.133231e-07    -3.260773e-07    -9.506577e-08    4.685373e-07
-3.779721e-06    1.606804e-05    -2.204911e-06    -1.086687e-05    1.244009e-06    6.334871e-09    -7.225362e-08    -3.795707e-09    2.683034e-07    -5.498424e-08
1.174433e-06    -2.204911e-06    1.570305e-05    -5.320398e-07    -3.532287e-06    -8.918275e-08    -1.671553e-07    -8.248071e-08    3.702591e-07    -7.670283e-08
6.619703e-07    -1.086687e-05    -5.320398e-07    1.304897e-05    -2.409254e-06    -1.449775e-07    2.843083e-07    3.10667e-07    -2.017558e-07    -4.263568e-07
-3.275961e-07    1.244009e-06    -3.532287e-06    -2.409254e-06    4.683456e-06    2.112566e-07    -2.68729e-07    -1.791821e-07    -6.24739e-08    4.156106e-07
1.630528e-07    6.334871e-09    -8.918275e-08    -1.449775e-07    2.112566e-07    2.75575e-06    -1.954519e-06    5.331822e-07    5.167047e-07    -5.817203e-07
-2.133231e-07    -7.225362e-08    -1.671553e-07    2.843083e-07    -2.68729e-07    -1.954519e-06    7.815443e-06    1.383674e-07    -6.663295e-06    1.660319e-06
-3.260773e-07    -3.795707e-09    -8.248071e-08    3.10667e-07    -1.791821e-07    5.331822e-07    1.383674e-07    7.518609e-06    -1.413045e-07    -3.821124e-06
-9.506577e-08    2.683034e-07    3.702591e-07    -2.017558e-07    -6.24739e-08    5.167047e-07    -6.663295e-06    -1.413045e-07    1.141726e-05    -5.775576e-06
4.685373e-07    -5.498424e-08    -7.670283e-08    -4.263568e-07    4.156106e-07    -5.817203e-07    1.660319e-06    -3.821124e-06    -5.775576e-06    8.267262e-06
