7.108277e-06    -3.324507e-06    3.425274e-07    -3.115977e-08    -1.652251e-06    -2.695793e-07    7.682411e-07    7.563106e-07    -4.4539e-07    -1.32955e-07    7.377621e-07    -1.63705e-06    -1.628073e-06    7.735815e-07    7.428307e-07    1.779649e-07    8.255028e-08    -4.768627e-08    -1.341737e-07    -2.055811e-07
-3.324507e-06    8.098188e-06    -3.918248e-07    -4.46657e-06    6.848257e-07    5.462773e-07    -5.392169e-07    -5.315973e-07    1.391501e-07    2.067957e-07    -1.815631e-07    2.106454e-06    1.671006e-06    -1.608723e-06    -4.477258e-08    -1.0391e-07    -1.14968e-08    -2.399978e-07    -2.060949e-08    2.695612e-07
3.425274e-07    -3.918248e-07    9.024091e-06    3.16819e-07    -2.124461e-06    5.913023e-07    -4.51379e-07    -2.123446e-07    -9.009688e-08    2.052408e-07    6.405793e-08    1.418713e-06    1.781782e-06    -1.550558e-06    2.309422e-08    -7.15813e-08    -1.160678e-07    -2.378251e-08    3.248746e-07    -7.630065e-08
-3.115977e-08    -4.46657e-06    3.16819e-07    7.107719e-06    -2.044824e-06    -8.739327e-08    -2.052485e-07    -1.726389e-07    2.089168e-07    1.235826e-08    -4.998781e-07    -5.920673e-07    -2.47776e-07    6.430498e-07    -3.749179e-07    1.954466e-08    -1.369009e-07    1.577209e-07    2.200511e-07    -3.450561e-08
-1.652251e-06    6.848257e-07    -2.124461e-06    -2.044824e-06    5.037991e-06    -3.586385e-07    4.372354e-07    6.907315e-07    -2.231732e-07    -2.252663e-07    6.104377e-07    -1.140504e-06    -8.19649e-07    5.552761e-07    2.40407e-07    -3.323437e-08    2.194807e-07    1.572534e-07    -1.770709e-07    -1.757745e-07
-2.695793e-07    5.462773e-07    5.913023e-07    -8.739327e-08    -3.586385e-07    4.065097e-06    -3.505408e-06    6.738335e-07    -6.664246e-07    -1.176777e-07    3.100462e-08    4.145235e-07    4.070804e-07    -4.642658e-07    6.60742e-08    -2.540881e-08    -6.27671e-07    -8.046529e-07    3.656553e-07    1.094351e-06
7.682411e-07    -5.392169e-07    -4.51379e-07    -2.052485e-07    4.372354e-07    -3.505408e-06    1.431796e-05    -7.680848e-06    -2.394548e-06    1.495503e-06    2.826186e-07    -1.059064e-06    -6.511159e-07    6.784194e-07    2.272996e-07    -5.626793e-07    3.853471e-07    -2.138322e-07    -5.371373e-07    7.205358e-07
7.563106e-07    -5.315973e-07    -2.123446e-07    -1.726389e-07    6.907315e-07    6.738335e-07    -7.680848e-06    1.310714e-05    -1.264576e-06    -3.266868e-06    2.678565e-07    -5.235991e-07    -1.120854e-06    4.045226e-07    2.811144e-07    8.982731e-08    1.204314e-07    9.206868e-07    4.515478e-07    -1.281994e-06
-4.4539e-07    1.391501e-07    -9.009688e-08    2.089168e-07    -2.231732e-07    -6.664246e-07    -2.394548e-06    -1.264576e-06    4.723407e-06    -6.774142e-07    -3.190584e-07    4.141273e-07    5.349787e-07    -9.337362e-08    -2.537234e-07    1.590587e-07    8.034052e-07    -2.178212e-07    -9.516779e-07    -6.631386e-07
-1.32955e-07    2.067957e-07    2.052408e-07    1.235826e-08    -2.252663e-07    -1.176777e-07    1.495503e-06    -3.266868e-06    -6.774142e-07    2.971596e-06    1.0606e-07    7.612411e-08    3.267659e-07    -2.681592e-07    6.514091e-09    7.844949e-07    -5.245451e-07    -3.824111e-07    3.471428e-08    1.203747e-07
7.377621e-07    -1.815631e-07    6.405793e-08    -4.998781e-07    6.104377e-07    3.100462e-08    2.826186e-07    2.678565e-07    -3.190584e-07    1.0606e-07    2.664023e-06    -3.00702e-06    1.187505e-06    -3.623283e-07    -1.41675e-07    -2.258475e-08    -2.840386e-07    -2.692383e-07    2.785555e-08    6.445499e-07
-1.63705e-06    2.106454e-06    1.418713e-06    -5.920673e-07    -1.140504e-06    4.145235e-07    -1.059064e-06    -5.235991e-07    4.141273e-07    7.612411e-08    -3.00702e-06    1.566878e-05    -1.006537e-05    -2.956142e-06    8.704938e-07    -7.697414e-07    -9.254093e-08    -5.905171e-07    9.799998e-08    1.270149e-06
-1.628073e-06    1.671006e-06    1.781782e-06    -2.47776e-07    -8.19649e-07    4.070804e-07    -6.511159e-07    -1.120854e-06    5.349787e-07    3.267659e-07    1.187505e-06    -1.006537e-05    1.5513e-05    -8.485911e-07    -1.633861e-06    3.594536e-07    2.080783e-07    7.273297e-07    2.697436e-07    -1.532649e-06
7.735815e-07    -1.608723e-06    -1.550558e-06    6.430498e-07    5.552761e-07    -4.642658e-07    6.784194e-07    4.045226e-07    -9.337362e-08    -2.681592e-07    -3.623283e-07    -2.956142e-06    -8.485911e-07    4.880557e-06    -4.537114e-07    2.951484e-07    5.307865e-07    -1.676628e-07    -7.764844e-07    -7.056054e-07
7.428307e-07    -4.477258e-08    2.309422e-08    -3.749179e-07    2.40407e-07    6.60742e-08    2.272996e-07    2.811144e-07    -2.537234e-07    6.514091e-09    -1.41675e-07    8.704938e-07    -1.633861e-06    -4.537114e-07    1.545122e-06    5.711884e-07    -1.964683e-07    -2.110436e-07    -1.107908e-07    6.179385e-08
1.779649e-07    -1.0391e-07    -7.15813e-08    1.954466e-08    -3.323437e-08    -2.540881e-08    -5.626793e-07    8.982731e-08    1.590587e-07    7.844949e-07    -2.258475e-08    -7.697414e-07    3.594536e-07    2.951484e-07    5.711884e-07    2.75575e-06    -1.954519e-06    5.331822e-07    5.167047e-07    -5.817203e-07
8.255028e-08    -1.14968e-08    -1.160678e-07    -1.369009e-07    2.194807e-07    -6.27671e-07    3.853471e-07    1.204314e-07    8.034052e-07    -5.245451e-07    -2.840386e-07    -9.254093e-08    2.080783e-07    5.307865e-07    -1.964683e-07    -1.954519e-06    7.815443e-06    1.383674e-07    -6.663295e-06    1.660319e-06
-4.768627e-08    -2.399978e-07    -2.378251e-08    1.577209e-07    1.572534e-07    -8.046529e-07    -2.138322e-07    9.206868e-07    -2.178212e-07    -3.824111e-07    -2.692383e-07    -5.905171e-07    7.273297e-07    -1.676628e-07    -2.110436e-07    5.331822e-07    1.383674e-07    7.518609e-06    -1.413045e-07    -3.821124e-06
-1.341737e-07    -2.060949e-08    3.248746e-07    2.200511e-07    -1.770709e-07    3.656553e-07    -5.371373e-07    4.515478e-07    -9.516779e-07    3.471428e-08    2.785555e-08    9.799998e-08    2.697436e-07    -7.764844e-07    -1.107908e-07    5.167047e-07    -6.663295e-06    -1.413045e-07    1.141726e-05    -5.775576e-06
-2.055811e-07    2.695612e-07    -7.630065e-08    -3.450561e-08    -1.757745e-07    1.094351e-06    7.205358e-07    -1.281994e-06    -6.631386e-07    1.203747e-07    6.445499e-07    1.270149e-06    -1.532649e-06    -7.056054e-07    6.179385e-08    -5.817203e-07    1.660319e-06    -3.821124e-06    -5.775576e-06    8.267262e-06
