7.108277e-06    -3.324507e-06    3.425274e-07    -3.115977e-08    -1.652251e-06    -1.011559e-07    5.484116e-08    2.863701e-07    7.805016e-08    -2.007553e-07    -1.124468e-06    8.723497e-07    7.775911e-07    3.910361e-07    -1.220363e-06    -2.695793e-07    7.682411e-07    7.563106e-07    -4.4539e-07    -1.32955e-07    7.377621e-07    -1.63705e-06    -1.628073e-06    7.735815e-07    7.428307e-07    1.779649e-07    8.255028e-08    -4.768627e-08    -1.341737e-07    -2.055811e-07
-3.324507e-06    8.098188e-06    -3.918248e-07    -4.46657e-06    6.848257e-07    9.897379e-08    -3.659602e-08    -2.17559e-07    -1.21567e-07    1.931841e-07    1.056204e-06    -2.888337e-07    -2.781922e-07    -9.366895e-07    1.378487e-06    5.462773e-07    -5.392169e-07    -5.315973e-07    1.391501e-07    2.067957e-07    -1.815631e-07    2.106454e-06    1.671006e-06    -1.608723e-06    -4.477258e-08    -1.0391e-07    -1.14968e-08    -2.399978e-07    -2.060949e-08    2.695612e-07
3.425274e-07    -3.918248e-07    9.024091e-06    3.16819e-07    -2.124461e-06    -2.81938e-08    1.796596e-08    5.680078e-08    7.764067e-09    -9.940705e-08    1.013222e-06    1.44815e-07    2.224545e-07    -9.695867e-07    7.149268e-07    5.913023e-07    -4.51379e-07    -2.123446e-07    -9.009688e-08    2.052408e-07    6.405793e-08    1.418713e-06    1.781782e-06    -1.550558e-06    2.309422e-08    -7.15813e-08    -1.160678e-07    -2.378251e-08    3.248746e-07    -7.630065e-08
-3.115977e-08    -4.46657e-06    3.16819e-07    7.107719e-06    -2.044824e-06    -2.935039e-09    7.258137e-08    3.127439e-08    2.422395e-08    -1.581694e-07    6.7871e-08    -3.764472e-07    -2.444669e-07    4.621796e-07    -3.97891e-07    -8.739327e-08    -2.052485e-07    -1.726389e-07    2.089168e-07    1.235826e-08    -4.998781e-07    -5.920673e-07    -2.47776e-07    6.430498e-07    -3.749179e-07    1.954466e-08    -1.369009e-07    1.577209e-07    2.200511e-07    -3.450561e-08
-1.652251e-06    6.848257e-07    -2.124461e-06    -2.044824e-06    5.037991e-06    -1.602464e-07    3.631993e-08    -7.552223e-08    4.139832e-08    1.1959e-07    -9.575807e-07    6.781223e-07    5.359561e-07    1.552616e-07    -6.960189e-07    -3.586385e-07    4.372354e-07    6.907315e-07    -2.231732e-07    -2.252663e-07    6.104377e-07    -1.140504e-06    -8.19649e-07    5.552761e-07    2.40407e-07    -3.323437e-08    2.194807e-07    1.572534e-07    -1.770709e-07    -1.757745e-07
-1.011559e-07    9.897379e-08    -2.81938e-08    -2.935039e-09    -1.602464e-07    3.957192e-06    -2.267286e-06    2.222406e-07    2.615703e-07    -7.64667e-07    1.456159e-07    -1.423277e-07    -7.644359e-08    1.056837e-07    -2.897474e-08    -3.424063e-07    6.164721e-07    7.347884e-07    -3.161844e-07    -2.489037e-07    -3.517251e-07    6.623713e-07    5.970517e-07    -3.078285e-07    -1.529026e-07    -6.059495e-08    -4.121825e-09    -9.811194e-08    -1.277756e-07    3.198794e-07
5.484116e-08    -3.659602e-08    1.796596e-08    7.258137e-08    3.631993e-08    -2.267286e-06    8.342115e-06    -1.072624e-06    -4.80564e-06    1.653387e-07    -1.567658e-07    1.071785e-07    -1.218638e-08    -1.591164e-08    7.308564e-09    4.509692e-07    -2.594308e-07    -5.146311e-07    -1.128942e-07    3.283787e-07    4.413347e-07    -2.812634e-07    -5.819061e-07    -3.787059e-08    2.847889e-07    -5.928999e-09    4.903767e-09    7.367142e-08    2.627757e-07    -2.932642e-07
2.863701e-07    -2.17559e-07    5.680078e-08    3.127439e-08    -7.552223e-08    2.222406e-07    -1.072624e-06    8.384295e-06    -4.465167e-07    -2.21047e-06    -1.256122e-08    -8.813254e-08    -4.694862e-08    3.68415e-08    -9.947407e-08    4.959735e-07    -3.057197e-07    -8.280471e-07    5.036376e-08    5.614335e-07    4.591788e-07    -5.620529e-07    -2.651033e-07    9.89049e-08    2.624748e-07    8.824592e-08    7.436197e-08    -2.545055e-08    -8.546257e-10    -2.385509e-07
7.805016e-08    -1.21567e-07    7.764067e-09    2.422395e-08    4.139832e-08    2.615703e-07    -4.80564e-06    -4.465167e-07    7.327569e-06    -1.387693e-06    7.711034e-08    -8.741171e-08    5.169373e-09    5.260505e-08    -8.210113e-08    -1.535238e-07    -3.704801e-07    -2.431776e-07    4.671391e-07    -1.02491e-07    -1.270331e-07    -2.720911e-07    -1.393552e-07    3.205106e-07    -1.154908e-07    1.062402e-08    5.464003e-08    7.199145e-08    -2.10482e-07    -2.143733e-08
-2.007553e-07    1.931841e-07    -9.940705e-08    -1.581694e-07    1.1959e-07    -7.64667e-07    1.653387e-07    -2.21047e-06    -1.387693e-06    4.039088e-06    1.049152e-07    -8.724253e-11    1.050055e-07    -4.294466e-08    -3.527423e-09    -3.34218e-07    6.182459e-07    9.732006e-07    -4.324306e-07    -3.046416e-07    -2.287671e-07    5.264242e-07    6.535052e-07    -3.253133e-07    -1.855865e-07    -1.101811e-07    -2.362599e-08    -6.094972e-08    -7.832242e-09    2.815239e-07
-1.124468e-06    1.056204e-06    1.013222e-06    6.7871e-08    -9.575807e-07    1.456159e-07    -1.567658e-07    -1.256122e-08    7.711034e-08    1.049152e-07    1.06395e-05    -3.440014e-06    1.811475e-06    1.473235e-07    -4.538441e-06    1.254153e-06    -1.956808e-06    -1.375601e-06    4.672176e-07    6.923005e-07    -3.474232e-07    6.425877e-07    9.494354e-07    -4.177757e-07    -1.717439e-07    1.82261e-07    -1.805907e-07    -5.504646e-08    1.544323e-07    -1.220713e-07
8.723497e-07    -2.888337e-07    1.44815e-07    -3.764472e-07    6.781223e-07    -1.423277e-07    1.071785e-07    -8.813254e-08    -8.741171e-08    -8.724253e-11    -3.440014e-06    6.949667e-06    -9.006717e-07    -4.722481e-06    1.682212e-06    -6.745919e-10    1.181896e-06    1.974054e-06    -1.527903e-06    -1.13122e-07    3.239064e-07    -2.132523e-07    -5.230868e-07    2.337251e-08    1.991359e-07    -7.761011e-08    1.355289e-08    9.66792e-08    -2.333426e-08    2.266255e-08
7.775911e-07    -2.781922e-07    2.224545e-07    -2.444669e-07    5.359561e-07    -7.644359e-08    -1.218638e-08    -4.694862e-08    5.169373e-09    1.050055e-07    1.811475e-06    -9.006717e-07    7.622416e-06    6.828929e-07    -3.800194e-06    1.185116e-07    9.393446e-07    2.128021e-06    -1.575843e-06    -6.693014e-08    2.391977e-07    -4.730727e-07    -1.335834e-07    6.284954e-08    2.694022e-07    1.564176e-07    -1.119454e-07    -4.722014e-08    -4.9117e-09    5.768054e-08
3.910361e-07    -9.366895e-07    -9.695867e-07    4.621796e-07    1.552616e-07    1.056837e-07    -1.591164e-08    3.68415e-08    5.260505e-08    -4.294466e-08    1.473235e-07    -4.722481e-06    6.828929e-07    9.406816e-06    -4.958479e-06    -1.098874e-06    4.501069e-07    -3.269203e-07    1.054649e-06    -7.125733e-07    -9.4311e-08    -3.305295e-07    -3.845234e-07    4.522595e-07    -2.087851e-08    2.716773e-08    2.289312e-08    -7.401295e-08    -4.780008e-08    5.514737e-08
-1.220363e-06    1.378487e-06    7.149268e-07    -3.97891e-07    -6.960189e-07    -2.897474e-08    7.308564e-09    -9.947407e-08    -8.210113e-08    -3.527423e-09    -4.538441e-06    1.682212e-06    -3.800194e-06    -4.958479e-06    1.098595e-05    9.067859e-07    -1.160449e-06    -1.565804e-06    3.801393e-07    7.816215e-07    -9.847651e-08    5.44927e-07    7.016065e-07    -5.071636e-07    -2.005958e-07    -1.948038e-07    1.194265e-07    2.926909e-08    9.438806e-08    -1.624061e-07
-2.695793e-07    5.462773e-07    5.913023e-07    -8.739327e-08    -3.586385e-07    -3.424063e-07    4.509692e-07    4.959735e-07    -1.535238e-07    -3.34218e-07    1.254153e-06    -6.745919e-10    1.185116e-07    -1.098874e-06    9.067859e-07    4.065097e-06    -3.505408e-06    6.738335e-07    -6.664246e-07    -1.176777e-07    3.100462e-08    4.145235e-07    4.070804e-07    -4.642658e-07    6.60742e-08    -2.540881e-08    -6.27671e-07    -8.046529e-07    3.656553e-07    1.094351e-06
7.682411e-07    -5.392169e-07    -4.51379e-07    -2.052485e-07    4.372354e-07    6.164721e-07    -2.594308e-07    -3.057197e-07    -3.704801e-07    6.182459e-07    -1.956808e-06    1.181896e-06    9.393446e-07    4.501069e-07    -1.160449e-06    -3.505408e-06    1.431796e-05    -7.680848e-06    -2.394548e-06    1.495503e-06    2.826186e-07    -1.059064e-06    -6.511159e-07    6.784194e-07    2.272996e-07    -5.626793e-07    3.853471e-07    -2.138322e-07    -5.371373e-07    7.205358e-07
7.563106e-07    -5.315973e-07    -2.123446e-07    -1.726389e-07    6.907315e-07    7.347884e-07    -5.146311e-07    -8.280471e-07    -2.431776e-07    9.732006e-07    -1.375601e-06    1.974054e-06    2.128021e-06    -3.269203e-07    -1.565804e-06    6.738335e-07    -7.680848e-06    1.310714e-05    -1.264576e-06    -3.266868e-06    2.678565e-07    -5.235991e-07    -1.120854e-06    4.045226e-07    2.811144e-07    8.982731e-08    1.204314e-07    9.206868e-07    4.515478e-07    -1.281994e-06
-4.4539e-07    1.391501e-07    -9.009688e-08    2.089168e-07    -2.231732e-07    -3.161844e-07    -1.128942e-07    5.036376e-08    4.671391e-07    -4.324306e-07    4.672176e-07    -1.527903e-06    -1.575843e-06    1.054649e-06    3.801393e-07    -6.664246e-07    -2.394548e-06    -1.264576e-06    4.723407e-06    -6.774142e-07    -3.190584e-07    4.141273e-07    5.349787e-07    -9.337362e-08    -2.537234e-07    1.590587e-07    8.034052e-07    -2.178212e-07    -9.516779e-07    -6.631386e-07
-1.32955e-07    2.067957e-07    2.052408e-07    1.235826e-08    -2.252663e-07    -2.489037e-07    3.283787e-07    5.614335e-07    -1.02491e-07    -3.046416e-07    6.923005e-07    -1.13122e-07    -6.693014e-08    -7.125733e-07    7.816215e-07    -1.176777e-07    1.495503e-06    -3.266868e-06    -6.774142e-07    2.971596e-06    1.0606e-07    7.612411e-08    3.267659e-07    -2.681592e-07    6.514091e-09    7.844949e-07    -5.245451e-07    -3.824111e-07    3.471428e-08    1.203747e-07
7.377621e-07    -1.815631e-07    6.405793e-08    -4.998781e-07    6.104377e-07    -3.517251e-07    4.413347e-07    4.591788e-07    -1.270331e-07    -2.287671e-07    -3.474232e-07    3.239064e-07    2.391977e-07    -9.4311e-08    -9.847651e-08    3.100462e-08    2.826186e-07    2.678565e-07    -3.190584e-07    1.0606e-07    2.664023e-06    -3.00702e-06    1.187505e-06    -3.623283e-07    -1.41675e-07    -2.258475e-08    -2.840386e-07    -2.692383e-07    2.785555e-08    6.445499e-07
-1.63705e-06    2.106454e-06    1.418713e-06    -5.920673e-07    -1.140504e-06    6.623713e-07    -2.812634e-07    -5.620529e-07    -2.720911e-07    5.264242e-07    6.425877e-07    -2.132523e-07    -4.730727e-07    -3.305295e-07    5.44927e-07    4.145235e-07    -1.059064e-06    -5.235991e-07    4.141273e-07    7.612411e-08    -3.00702e-06    1.566878e-05    -1.006537e-05    -2.956142e-06    8.704938e-07    -7.697414e-07    -9.254093e-08    -5.905171e-07    9.799998e-08    1.270149e-06
-1.628073e-06    1.671006e-06    1.781782e-06    -2.47776e-07    -8.19649e-07    5.970517e-07    -5.819061e-07    -2.651033e-07    -1.393552e-07    6.535052e-07    9.494354e-07    -5.230868e-07    -1.335834e-07    -3.845234e-07    7.016065e-07    4.070804e-07    -6.511159e-07    -1.120854e-06    5.349787e-07    3.267659e-07    1.187505e-06    -1.006537e-05    1.5513e-05    -8.485911e-07    -1.633861e-06    3.594536e-07    2.080783e-07    7.273297e-07    2.697436e-07    -1.532649e-06
7.735815e-07    -1.608723e-06    -1.550558e-06    6.430498e-07    5.552761e-07    -3.078285e-07    -3.787059e-08    9.89049e-08    3.205106e-07    -3.253133e-07    -4.177757e-07    2.337251e-08    6.284954e-08    4.522595e-07    -5.071636e-07    -4.642658e-07    6.784194e-07    4.045226e-07    -9.337362e-08    -2.681592e-07    -3.623283e-07    -2.956142e-06    -8.485911e-07    4.880557e-06    -4.537114e-07    2.951484e-07    5.307865e-07    -1.676628e-07    -7.764844e-07    -7.056054e-07
7.428307e-07    -4.477258e-08    2.309422e-08    -3.749179e-07    2.40407e-07    -1.529026e-07    2.847889e-07    2.624748e-07    -1.154908e-07    -1.855865e-07    -1.717439e-07    1.991359e-07    2.694022e-07    -2.087851e-08    -2.005958e-07    6.60742e-08    2.272996e-07    2.811144e-07    -2.537234e-07    6.514091e-09    -1.41675e-07    8.704938e-07    -1.633861e-06    -4.537114e-07    1.545122e-06    5.711884e-07    -1.964683e-07    -2.110436e-07    -1.107908e-07    6.179385e-08
1.779649e-07    -1.0391e-07    -7.15813e-08    1.954466e-08    -3.323437e-08    -6.059495e-08    -5.928999e-09    8.824592e-08    1.062402e-08    -1.101811e-07    1.82261e-07    -7.761011e-08    1.564176e-07    2.716773e-08    -1.948038e-07    -2.540881e-08    -5.626793e-07    8.982731e-08    1.590587e-07    7.844949e-07    -2.258475e-08    -7.697414e-07    3.594536e-07    2.951484e-07    5.711884e-07    2.75575e-06    -1.954519e-06    5.331822e-07    5.167047e-07    -5.817203e-07
8.255028e-08    -1.14968e-08    -1.160678e-07    -1.369009e-07    2.194807e-07    -4.121825e-09    4.903767e-09    7.436197e-08    5.464003e-08    -2.362599e-08    -1.805907e-07    1.355289e-08    -1.119454e-07    2.289312e-08    1.194265e-07    -6.27671e-07    3.853471e-07    1.204314e-07    8.034052e-07    -5.245451e-07    -2.840386e-07    -9.254093e-08    2.080783e-07    5.307865e-07    -1.964683e-07    -1.954519e-06    7.815443e-06    1.383674e-07    -6.663295e-06    1.660319e-06
-4.768627e-08    -2.399978e-07    -2.378251e-08    1.577209e-07    1.572534e-07    -9.811194e-08    7.367142e-08    -2.545055e-08    7.199145e-08    -6.094972e-08    -5.504646e-08    9.66792e-08    -4.722014e-08    -7.401295e-08    2.926909e-08    -8.046529e-07    -2.138322e-07    9.206868e-07    -2.178212e-07    -3.824111e-07    -2.692383e-07    -5.905171e-07    7.273297e-07    -1.676628e-07    -2.110436e-07    5.331822e-07    1.383674e-07    7.518609e-06    -1.413045e-07    -3.821124e-06
-1.341737e-07    -2.060949e-08    3.248746e-07    2.200511e-07    -1.770709e-07    -1.277756e-07    2.627757e-07    -8.546257e-10    -2.10482e-07    -7.832242e-09    1.544323e-07    -2.333426e-08    -4.9117e-09    -4.780008e-08    9.438806e-08    3.656553e-07    -5.371373e-07    4.515478e-07    -9.516779e-07    3.471428e-08    2.785555e-08    9.799998e-08    2.697436e-07    -7.764844e-07    -1.107908e-07    5.167047e-07    -6.663295e-06    -1.413045e-07    1.141726e-05    -5.775576e-06
-2.055811e-07    2.695612e-07    -7.630065e-08    -3.450561e-08    -1.757745e-07    3.198794e-07    -2.932642e-07    -2.385509e-07    -2.143733e-08    2.815239e-07    -1.220713e-07    2.266255e-08    5.768054e-08    5.514737e-08    -1.624061e-07    1.094351e-06    7.205358e-07    -1.281994e-06    -6.631386e-07    1.203747e-07    6.445499e-07    1.270149e-06    -1.532649e-06    -7.056054e-07    6.179385e-08    -5.817203e-07    1.660319e-06    -3.821124e-06    -5.775576e-06    8.267262e-06
