1    -0.4774775    -0.4538181    0.1378426    0.1167466    -0.15265    0.06914332    0.09963154    0.01934468    -0.04676362    0.08850889    0.1599171    -0.139472    -0.1522633    -0.09902989    -0.3057227    0.002150273    0.1823989    0.1149931    0.1714729    -0.2415873    -0.09278759    0.0001420806    0.1183099    0.2459549
-0.4774775    1    -0.2704573    -0.27668    0.00682912    0.2413778    -0.2056002    -0.1580214    0.02416761    0.1434799    0.06571718    -0.008295624    0.04122862    0.08315627    0.005361577    0.1527965    0.133076    -0.05411368    -0.2108001    0.02558008    -0.03935591    0.1721633    0.2889605    -0.03706128    -0.3210472
-0.4538181    -0.2704573    1    -0.2854063    -0.3209596    0.01723798    0.09127468    0.05529603    -0.1019292    -0.06545556    -0.02440629    0.007736984    0.06994781    -0.04141592    0.134796    0.08808992    -0.1069452    0.03902616    0.1180376    -0.2816258    0.1851766    -0.0386227    -0.05580821    0.008868603    -0.1057828
0.1378426    -0.27668    -0.2854063    1    -0.1334371    0.09636347    -0.2674252    -0.3206827    0.03320412    0.4337361    -0.08704592    -0.1678627    0.177478    0.3227427    -0.1076728    -0.03092368    0.08115146    0.07751717    -0.1913421    -0.1963249    0.2159473    0.2320248    0.05912311    -0.1318994    -0.2643116
0.1167466    0.00682912    -0.3209596    -0.1334371    1    -0.005229442    -0.08668841    -0.07958962    0.07223001    0.0802685    -0.009244832    0.04309966    -0.08042693    -0.07471047    0.1245794    -0.0393339    -0.07690269    -0.06782087    -0.04719066    0.04563687    -0.1043738    -0.04284979    0.05636041    -0.1017023    -0.02072733
-0.15265    0.2413778    0.01723798    0.09636347    -0.005229442    1    -0.2854361    -0.7194519    0.06167188    0.2449637    0.1923157    -0.1277178    -0.06022413    0.2325556    -0.05392613    0.08909136    0.07781903    0.003936066    -0.1529849    -0.06697545    -0.02563653    0.1249556    0.2075403    -0.01203033    -0.2667712
0.06914332    -0.2056002    0.09127468    -0.2674252    -0.08668841    -0.2854361    1    0.2700116    -0.6854755    -0.3287533    -0.1564471    0.02036278    -0.05342712    -0.2206389    0.1810643    -0.004080627    -0.0974163    -0.01385798    0.2347184    0.06627632    0.03705754    -0.324848    -0.3356567    0.2100724    0.3997659
0.09963154    -0.1580214    0.05529603    -0.3206827    -0.07958962    -0.7194519    0.2700116    1    -0.09220107    -0.6530083    -0.1235222    -0.007597243    -0.1133191    -0.2297323    0.1902154    -0.03481933    -0.07690037    -0.05013287    0.1927469    0.1585872    -0.0548634    -0.2439189    -0.2248498    0.1459756    0.3703591
0.01934468    0.02416761    -0.1019292    0.03320412    0.07223001    0.06167188    -0.6854755    -0.09220107    1    -0.1518189    0.1709992    -0.07137114    -0.1451603    0.1372384    -0.1398082    0.04491703    0.07863473    -0.1370017    -0.08962371    0.1163069    -0.1611782    0.146939    0.1033701    -0.1035057    -0.04915514
-0.04676362    0.1434799    -0.06545556    0.4337361    0.0802685    0.2449637    -0.3287533    -0.6530083    -0.1518189    1    -0.01602895    0.1066901    0.2886973    0.1668357    -0.2142765    -0.06693193    0.07438478    0.1752287    -0.2142938    -0.2499636    0.1873216    0.2677133    0.3123837    -0.1822985    -0.5151916
0.08850889    0.06571718    -0.02440629    -0.08704592    -0.009244832    0.1923157    -0.1564471    -0.1235222    0.1709992    -0.01602895    1    -0.1725068    -0.7027936    0.116493    0.08094118    0.1266816    0.004638138    -0.1331625    -0.04337284    0.1520051    -0.001785365    0.02099902    0.01585515    0.004025675    -0.04429489
0.1599171    -0.008295624    0.007736984    -0.1678627    0.04309966    -0.1277178    0.02036278    -0.007597243    -0.07137114    0.1066901    -0.1725068    1    0.1574847    -0.7513166    0.1351055    -0.02139283    -0.01197094    0.009094046    0.0208996    0.06282756    -0.01266924    0.1017366    0.004638792    -0.149716    0.04251783
-0.139472    0.04122862    0.06994781    0.177478    -0.08042693    -0.06022413    -0.05342712    -0.1133191    -0.1451603    0.2886973    -0.7027936    0.1574847    1    -0.1113507    -0.3998048    -0.1053832    -0.05650039    0.138307    0.0113    -0.1972548    0.1680154    0.064044    0.03127808    -0.09082699    -0.1394175
-0.1522633    0.08315627    -0.04141592    0.3227427    -0.07471047    0.2325556    -0.2206389    -0.2297323    0.1372384    0.1668357    0.116493    -0.7513166    -0.1113507    1    -0.4600299    -0.07593783    0.03320375    0.08416087    -0.07441864    -0.1618137    0.008245384    0.0699364    0.1697588    0.08911444    -0.2568212
-0.09902989    0.005361577    0.134796    -0.1076728    0.1245794    -0.05392613    0.1810643    0.1902154    -0.1398082    -0.2142765    0.08094118    0.1351055    -0.3998048    -0.4600299    1    0.1839586    0.1066315    -0.07155386    -0.1079198    -0.02695978    -0.1067568    -0.03900898    -0.007309094    0.04504776    0.1087956
-0.3057227    0.1527965    0.08808992    -0.03092368    -0.0393339    0.08909136    -0.004080627    -0.03481933    0.04491703    -0.06693193    0.1266816    -0.02139283    -0.1053832    -0.07593783    0.1839586    1    -0.1228896    -0.795554    0.03622886    0.1535628    0.0194094    -0.08252774    -0.04625374    0.07688593    -0.05631285
0.002150273    0.133076    -0.1069452    0.08115146    -0.07690269    0.07781903    -0.0974163    -0.07690037    0.07863473    0.07438478    0.004638138    -0.01197094    -0.05650039    0.03320375    0.1066315    -0.1228896    1    0.2461418    -0.7312569    0.0347245    -0.2002625    0.1365631    0.1568398    -0.0125651    -0.07443778
0.1823989    -0.05411368    0.03902616    0.07751717    -0.06782087    0.003936066    -0.01385798    -0.05013287    -0.1370017    0.1752287    -0.1331625    0.009094046    0.138307    0.08416087    -0.07155386    -0.795554    0.2461418    1    -0.09969109    -0.5163728    0.03469317    0.08206446    0.07787133    -0.05866272    -0.05235737
0.1149931    -0.2108001    0.1180376    -0.1913421    -0.04719066    -0.1529849    0.2347184    0.1927469    -0.08962371    -0.2142938    -0.04337284    0.0208996    0.0113    -0.07441864    -0.1079198    0.03622886    -0.7312569    -0.09969109    1    -0.3282296    0.1402534    -0.2207154    -0.3147118    0.08618276    0.2894423
0.1714729    0.02558008    -0.2816258    -0.1963249    0.04563687    -0.06697545    0.06627632    0.1585872    0.1163069    -0.2499636    0.1520051    0.06282756    -0.1972548    -0.1618137    -0.02695978    0.1535628    0.0347245    -0.5163728    -0.3282296    1    -0.2445386    -0.08979923    0.03482294    0.09783111    0.1739478
-0.2415873    -0.03935591    0.1851766    0.2159473    -0.1043738    -0.02563653    0.03705754    -0.0548634    -0.1611782    0.1873216    -0.001785365    -0.01266924    0.1680154    0.008245384    -0.1067568    0.0194094    -0.2002625    0.03469317    0.1402534    -0.2445386    1    -0.1695333    -0.5201249    0.02960654    -0.1103101
-0.09278759    0.1721633    -0.0386227    0.2320248    -0.04284979    0.1249556    -0.324848    -0.2439189    0.146939    0.2677133    0.02099902    0.1017366    0.064044    0.0699364    -0.03900898    -0.08252774    0.1365631    0.08206446    -0.2207154    -0.08979923    -0.1695333    1    0.31856    -0.6899216    -0.2298555
0.0001420806    0.2889605    -0.05580821    0.05912311    0.05636041    0.2075403    -0.3356567    -0.2248498    0.1033701    0.3123837    0.01585515    0.004638792    0.03127808    0.1697588    -0.007309094    -0.04625374    0.1568398    0.07787133    -0.3147118    0.03482294    -0.5201249    0.31856    1    -0.1292416    -0.6212203
0.1183099    -0.03706128    0.008868603    -0.1318994    -0.1017023    -0.01203033    0.2100724    0.1459756    -0.1035057    -0.1822985    0.004025675    -0.149716    -0.09082699    0.08911444    0.04504776    0.07688593    -0.0125651    -0.05866272    0.08618276    0.09783111    0.02960654    -0.6899216    -0.1292416    1    -0.1871279
0.2459549    -0.3210472    -0.1057828    -0.2643116    -0.02072733    -0.2667712    0.3997659    0.3703591    -0.04915514    -0.5151916    -0.04429489    0.04251783    -0.1394175    -0.2568212    0.1087956    -0.05631285    -0.07443778    -0.05235737    0.2894423    0.1739478    -0.1103101    -0.2298555    -0.6212203    -0.1871279    1
