1    0.1464677    -0.6958407    -0.2607963    0.15277    0.1869761    -0.06142745    -0.1934949    -0.03290654    0.1273331
0.1464677    1    0.1260234    -0.8249301    0.1419023    0.007172708    0.1119123    -0.1788592    -0.1961696    0.2580344
-0.6958407    0.1260234    1    0.1799106    -0.6041241    -0.2173472    0.04167789    0.1137249    0.03402961    0.03071488
-0.2607963    -0.8249301    0.1799106    1    -0.4889255    -0.1090825    -0.1948034    0.1405267    0.3001601    -0.134404
0.15277    0.1419023    -0.6041241    -0.4889255    1    0.1273039    0.05851972    -0.08449137    -0.09691258    0.04688867
0.1869761    0.007172708    -0.2173472    -0.1090825    0.1273039    1    -0.1695333    -0.5201249    0.02960654    -0.1103101
-0.06142745    0.1119123    0.04167789    -0.1948034    0.05851972    -0.1695333    1    0.31856    -0.6899216    -0.2298555
-0.1934949    -0.1788592    0.1137249    0.1405267    -0.08449137    -0.5201249    0.31856    1    -0.1292416    -0.6212203
-0.03290654    -0.1961696    0.03402961    0.3001601    -0.09691258    0.02960654    -0.6899216    -0.1292416    1    -0.1871279
0.1273331    0.2580344    0.03071488    -0.134404    0.04688867    -0.1103101    -0.2298555    -0.6212203    -0.1871279    1
