1    -0.3594829    -0.5702683    0.2343407    0.2264468    -0.02761892    -0.03744236    0.1233234    -0.2056044    -0.2834862    -0.1082899    0.3935995    0.3956697    -0.09832537    -0.520258    -0.2376624    -0.2271752    -0.1179585    0.3115946    0.3145826
-0.3594829    1    -0.175771    -0.3437631    -0.05963109    0.1763928    -0.03617346    -0.1537612    0.2137411    0.089387    0.1748269    -0.2648992    -0.277518    0.08059592    0.242468    -0.06226729    0.2134715    0.1325317    -0.1829406    -0.04588148
-0.5702683    -0.175771    1    -0.4582405    -0.7041022    0.03816087    0.00252434    -0.1434255    0.3601811    0.2700696    0.1104789    -0.4042957    -0.4251516    0.1174518    0.6056973    0.1327166    0.2346385    0.2971465    -0.1614077    -0.4609059
0.2343407    -0.3437631    -0.4582405    1    0.3417084    -0.2113896    0.123719    0.2497621    -0.3359628    -0.2289712    0.04898173    0.1741472    0.2425972    0.0107977    -0.4000634    0.1574053    -0.1013638    -0.2406764    -0.008786362    0.1229631
0.2264468    -0.05963109    -0.7041022    0.3417084    1    -0.04710652    -0.09047403    0.1267625    -0.4519641    -0.1094422    -0.3143957    0.4430089    0.4562243    -0.08994497    -0.5506831    -0.03101926    -0.3298072    -0.4084363    0.1097851    0.4650173
-0.02761892    0.1763928    0.03816087    -0.2113896    -0.04710652    1    -0.4774775    -0.4538181    0.1378426    0.1167466    -0.15265    0.06914332    0.09963154    0.01934468    -0.04676362    -0.2415873    -0.09278759    0.0001420806    0.1183099    0.2459549
-0.03744236    -0.03617346    0.00252434    0.123719    -0.09047403    -0.4774775    1    -0.2704573    -0.27668    0.00682912    0.2413778    -0.2056002    -0.1580214    0.02416761    0.1434799    -0.03935591    0.1721633    0.2889605    -0.03706128    -0.3210472
0.1233234    -0.1537612    -0.1434255    0.2497621    0.1267625    -0.4538181    -0.2704573    1    -0.2854063    -0.3209596    0.01723798    0.09127468    0.05529603    -0.1019292    -0.06545556    0.1851766    -0.0386227    -0.05580821    0.008868603    -0.1057828
-0.2056044    0.2137411    0.3601811    -0.3359628    -0.4519641    0.1378426    -0.27668    -0.2854063    1    -0.1334371    0.09636347    -0.2674252    -0.3206827    0.03320412    0.4337361    0.2159473    0.2320248    0.05912311    -0.1318994    -0.2643116
-0.2834862    0.089387    0.2700696    -0.2289712    -0.1094422    0.1167466    0.00682912    -0.3209596    -0.1334371    1    -0.005229442    -0.08668841    -0.07958962    0.07223001    0.0802685    -0.1043738    -0.04284979    0.05636041    -0.1017023    -0.02072733
-0.1082899    0.1748269    0.1104789    0.04898173    -0.3143957    -0.15265    0.2413778    0.01723798    0.09636347    -0.005229442    1    -0.2854361    -0.7194519    0.06167188    0.2449637    -0.02563653    0.1249556    0.2075403    -0.01203033    -0.2667712
0.3935995    -0.2648992    -0.4042957    0.1741472    0.4430089    0.06914332    -0.2056002    0.09127468    -0.2674252    -0.08668841    -0.2854361    1    0.2700116    -0.6854755    -0.3287533    0.03705754    -0.324848    -0.3356567    0.2100724    0.3997659
0.3956697    -0.277518    -0.4251516    0.2425972    0.4562243    0.09963154    -0.1580214    0.05529603    -0.3206827    -0.07958962    -0.7194519    0.2700116    1    -0.09220107    -0.6530083    -0.0548634    -0.2439189    -0.2248498    0.1459756    0.3703591
-0.09832537    0.08059592    0.1174518    0.0107977    -0.08994497    0.01934468    0.02416761    -0.1019292    0.03320412    0.07223001    0.06167188    -0.6854755    -0.09220107    1    -0.1518189    -0.1611782    0.146939    0.1033701    -0.1035057    -0.04915514
-0.520258    0.242468    0.6056973    -0.4000634    -0.5506831    -0.04676362    0.1434799    -0.06545556    0.4337361    0.0802685    0.2449637    -0.3287533    -0.6530083    -0.1518189    1    0.1873216    0.2677133    0.3123837    -0.1822985    -0.5151916
-0.2376624    -0.06226729    0.1327166    0.1574053    -0.03101926    -0.2415873    -0.03935591    0.1851766    0.2159473    -0.1043738    -0.02563653    0.03705754    -0.0548634    -0.1611782    0.1873216    1    -0.1695333    -0.5201249    0.02960654    -0.1103101
-0.2271752    0.2134715    0.2346385    -0.1013638    -0.3298072    -0.09278759    0.1721633    -0.0386227    0.2320248    -0.04284979    0.1249556    -0.324848    -0.2439189    0.146939    0.2677133    -0.1695333    1    0.31856    -0.6899216    -0.2298555
-0.1179585    0.1325317    0.2971465    -0.2406764    -0.4084363    0.0001420806    0.2889605    -0.05580821    0.05912311    0.05636041    0.2075403    -0.3356567    -0.2248498    0.1033701    0.3123837    -0.5201249    0.31856    1    -0.1292416    -0.6212203
0.3115946    -0.1829406    -0.1614077    -0.008786362    0.1097851    0.1183099    -0.03706128    0.008868603    -0.1318994    -0.1017023    -0.01203033    0.2100724    0.1459756    -0.1035057    -0.1822985    0.02960654    -0.6899216    -0.1292416    1    -0.1871279
0.3145826    -0.04588148    -0.4609059    0.1229631    0.4650173    0.2459549    -0.3210472    -0.1057828    -0.2643116    -0.02072733    -0.2667712    0.3997659    0.3703591    -0.04915514    -0.5151916    -0.1103101    -0.2298555    -0.6212203    -0.1871279    1
