1    -0.01661703    -0.3486004    -0.02664636    -0.09414548    0.1772553    -0.01269037    -0.1540293    0.1018311    -0.02773489    -0.158117    0.128385    0.09685898    -0.02154103    -0.0276634
-0.01661703    1    0.5772542    -0.1250704    -0.5223465    0.2106953    -0.2061193    -0.1127472    -0.3079101    0.02006789    -0.2272556    -0.303911    -0.2746035    0.2076873    0.4985022
-0.3486004    0.5772542    1    0.2385394    -0.7075003    0.1788987    -0.2644411    -0.05162782    -0.3120372    -0.04113903    -0.1280241    -0.3672415    -0.4052039    0.2487577    0.569571
-0.02664636    -0.1250704    0.2385394    1    -0.4755204    0.2549488    -0.3028676    0.003197846    -0.05416296    -0.05351174    0.03359114    -0.1465127    -0.1868859    0.05863446    0.2627994
-0.09414548    -0.5223465    -0.7075003    -0.4755204    1    -0.4033529    0.3355935    0.2031772    0.1536885    0.03479998    0.230325    0.2127574    0.2474393    -0.2051169    -0.4753427
0.1772553    0.2106953    0.1788987    0.2549488    -0.4033529    1    -0.4774775    -0.4538181    0.1378426    0.1167466    -0.2415873    -0.09278759    0.0001420806    0.1183099    0.2459549
-0.01269037    -0.2061193    -0.2644411    -0.3028676    0.3355935    -0.4774775    1    -0.2704573    -0.27668    0.00682912    -0.03935591    0.1721633    0.2889605    -0.03706128    -0.3210472
-0.1540293    -0.1127472    -0.05162782    0.003197846    0.2031772    -0.4538181    -0.2704573    1    -0.2854063    -0.3209596    0.1851766    -0.0386227    -0.05580821    0.008868603    -0.1057828
0.1018311    -0.3079101    -0.3120372    -0.05416296    0.1536885    0.1378426    -0.27668    -0.2854063    1    -0.1334371    0.2159473    0.2320248    0.05912311    -0.1318994    -0.2643116
-0.02773489    0.02006789    -0.04113903    -0.05351174    0.03479998    0.1167466    0.00682912    -0.3209596    -0.1334371    1    -0.1043738    -0.04284979    0.05636041    -0.1017023    -0.02072733
-0.158117    -0.2272556    -0.1280241    0.03359114    0.230325    -0.2415873    -0.03935591    0.1851766    0.2159473    -0.1043738    1    -0.1695333    -0.5201249    0.02960654    -0.1103101
0.128385    -0.303911    -0.3672415    -0.1465127    0.2127574    -0.09278759    0.1721633    -0.0386227    0.2320248    -0.04284979    -0.1695333    1    0.31856    -0.6899216    -0.2298555
0.09685898    -0.2746035    -0.4052039    -0.1868859    0.2474393    0.0001420806    0.2889605    -0.05580821    0.05912311    0.05636041    -0.5201249    0.31856    1    -0.1292416    -0.6212203
-0.02154103    0.2076873    0.2487577    0.05863446    -0.2051169    0.1183099    -0.03706128    0.008868603    -0.1318994    -0.1017023    0.02960654    -0.6899216    -0.1292416    1    -0.1871279
-0.0276634    0.4985022    0.569571    0.2627994    -0.4753427    0.2459549    -0.3210472    -0.1057828    -0.2643116    -0.02072733    -0.1103101    -0.2298555    -0.6212203    -0.1871279    1
