1    -0.4774775    -0.4538181    0.1378426    0.1167466    0.03191581    -0.2661103    -0.149844    0.08531917    0.1657282    -0.2415873    -0.09278759    0.0001420806    0.1183099    0.2459549
-0.4774775    1    -0.2704573    -0.27668    0.00682912    -0.1593215    0.2310029    0.3075514    -0.0520871    -0.2738797    -0.03935591    0.1721633    0.2889605    -0.03706128    -0.3210472
-0.4538181    -0.2704573    1    -0.2854063    -0.3209596    -0.02121337    0.1091181    0.0292429    -0.07041392    0.006745371    0.1851766    -0.0386227    -0.05580821    0.008868603    -0.1057828
0.1378426    -0.27668    -0.2854063    1    -0.1334371    0.05800028    0.203825    0.08554358    -0.1295012    -0.1161527    0.2159473    0.2320248    0.05912311    -0.1318994    -0.2643116
0.1167466    0.00682912    -0.3209596    -0.1334371    1    0.006607309    0.08772347    0.05285874    -0.02063207    -0.101752    -0.1043738    -0.04284979    0.05636041    -0.1017023    -0.02072733
0.03191581    -0.1593215    -0.02121337    0.05800028    0.006607309    1    -0.2099838    -0.639589    0.2021948    0.148635    0.04781474    -0.2088851    -0.1395838    0.2387938    0.06913171
-0.2661103    0.2310029    0.1091181    0.203825    0.08772347    -0.2099838    1    0.2976746    -0.6280262    -0.2447407    0.1617192    0.2802645    0.2271709    -0.2999532    -0.3852976
-0.149844    0.3075514    0.0292429    0.08554358    0.05285874    -0.639589    0.2976746    1    -0.2405214    -0.6202122    -0.02860273    0.3125755    0.288282    -0.284064    -0.3151221
0.08531917    -0.0520871    -0.07041392    -0.1295012    -0.02063207    0.2021948    -0.6280262    -0.2405214    1    -0.2275061    -0.1296728    -0.1860809    -0.09989825    0.237168    0.1588193
0.1657282    -0.2738797    0.006745371    -0.1161527    -0.101752    0.148635    -0.2447407    -0.6202122    -0.2275061    1    0.06738316    -0.2267224    -0.2758775    0.1636665    0.3369682
-0.2415873    -0.03935591    0.1851766    0.2159473    -0.1043738    0.04781474    0.1617192    -0.02860273    -0.1296728    0.06738316    1    -0.1695333    -0.5201249    0.02960654    -0.1103101
-0.09278759    0.1721633    -0.0386227    0.2320248    -0.04284979    -0.2088851    0.2802645    0.3125755    -0.1860809    -0.2267224    -0.1695333    1    0.31856    -0.6899216    -0.2298555
0.0001420806    0.2889605    -0.05580821    0.05912311    0.05636041    -0.1395838    0.2271709    0.288282    -0.09989825    -0.2758775    -0.5201249    0.31856    1    -0.1292416    -0.6212203
0.1183099    -0.03706128    0.008868603    -0.1318994    -0.1017023    0.2387938    -0.2999532    -0.284064    0.237168    0.1636665    0.02960654    -0.6899216    -0.1292416    1    -0.1871279
0.2459549    -0.3210472    -0.1057828    -0.2643116    -0.02072733    0.06913171    -0.3852976    -0.3151221    0.1588193    0.3369682    -0.1103101    -0.2298555    -0.6212203    -0.1871279    1
