1    -0.3594829    -0.5702683    0.2343407    0.2264468    -0.02761892    -0.03744236    0.1233234    -0.2056044    -0.2834862    -0.1002089    -0.2252967    -0.1393231    0.08981648    0.245373    -0.2376624    -0.2271752    -0.1179585    0.3115946    0.3145826
-0.3594829    1    -0.175771    -0.3437631    -0.05963109    0.1763928    -0.03617346    -0.1537612    0.2137411    0.089387    0.04429981    0.1508358    0.0930274    -0.04055959    -0.03561446    -0.06226729    0.2134715    0.1325317    -0.1829406    -0.04588148
-0.5702683    -0.175771    1    -0.4582405    -0.7041022    0.03816087    0.00252434    -0.1434255    0.3601811    0.2700696    -0.02273692    0.02700047    0.1770141    0.1984189    -0.2682552    0.1327166    0.2346385    0.2971465    -0.1614077    -0.4609059
0.2343407    -0.3437631    -0.4582405    1    0.3417084    -0.2113896    0.123719    0.2497621    -0.3359628    -0.2289712    0.1177523    0.05098565    -0.09585188    -0.2035342    0.01255558    0.1574053    -0.1013638    -0.2406764    -0.008786362    0.1229631
0.2264468    -0.05963109    -0.7041022    0.3417084    1    -0.04710652    -0.09047403    0.1267625    -0.4519641    -0.1094422    0.02402653    0.03587507    -0.1652358    -0.2989989    0.08152043    -0.03101926    -0.3298072    -0.4084363    0.1097851    0.4650173
-0.02761892    0.1763928    0.03816087    -0.2113896    -0.04710652    1    -0.4774775    -0.4538181    0.1378426    0.1167466    0.08850889    0.1599171    -0.139472    -0.1522633    -0.09902989    -0.2415873    -0.09278759    0.0001420806    0.1183099    0.2459549
-0.03744236    -0.03617346    0.00252434    0.123719    -0.09047403    -0.4774775    1    -0.2704573    -0.27668    0.00682912    0.06571718    -0.008295624    0.04122862    0.08315627    0.005361577    -0.03935591    0.1721633    0.2889605    -0.03706128    -0.3210472
0.1233234    -0.1537612    -0.1434255    0.2497621    0.1267625    -0.4538181    -0.2704573    1    -0.2854063    -0.3209596    -0.02440629    0.007736984    0.06994781    -0.04141592    0.134796    0.1851766    -0.0386227    -0.05580821    0.008868603    -0.1057828
-0.2056044    0.2137411    0.3601811    -0.3359628    -0.4519641    0.1378426    -0.27668    -0.2854063    1    -0.1334371    -0.08704592    -0.1678627    0.177478    0.3227427    -0.1076728    0.2159473    0.2320248    0.05912311    -0.1318994    -0.2643116
-0.2834862    0.089387    0.2700696    -0.2289712    -0.1094422    0.1167466    0.00682912    -0.3209596    -0.1334371    1    -0.009244832    0.04309966    -0.08042693    -0.07471047    0.1245794    -0.1043738    -0.04284979    0.05636041    -0.1017023    -0.02072733
-0.1002089    0.04429981    -0.02273692    0.1177523    0.02402653    0.08850889    0.06571718    -0.02440629    -0.08704592    -0.009244832    1    -0.1725068    -0.7027936    0.116493    0.08094118    -0.001785365    0.02099902    0.01585515    0.004025675    -0.04429489
-0.2252967    0.1508358    0.02700047    0.05098565    0.03587507    0.1599171    -0.008295624    0.007736984    -0.1678627    0.04309966    -0.1725068    1    0.1574847    -0.7513166    0.1351055    -0.01266924    0.1017366    0.004638792    -0.149716    0.04251783
-0.1393231    0.0930274    0.1770141    -0.09585188    -0.1652358    -0.139472    0.04122862    0.06994781    0.177478    -0.08042693    -0.7027936    0.1574847    1    -0.1113507    -0.3998048    0.1680154    0.064044    0.03127808    -0.09082699    -0.1394175
0.08981648    -0.04055959    0.1984189    -0.2035342    -0.2989989    -0.1522633    0.08315627    -0.04141592    0.3227427    -0.07471047    0.116493    -0.7513166    -0.1113507    1    -0.4600299    0.008245384    0.0699364    0.1697588    0.08911444    -0.2568212
0.245373    -0.03561446    -0.2682552    0.01255558    0.08152043    -0.09902989    0.005361577    0.134796    -0.1076728    0.1245794    0.08094118    0.1351055    -0.3998048    -0.4600299    1    -0.1067568    -0.03900898    -0.007309094    0.04504776    0.1087956
-0.2376624    -0.06226729    0.1327166    0.1574053    -0.03101926    -0.2415873    -0.03935591    0.1851766    0.2159473    -0.1043738    -0.001785365    -0.01266924    0.1680154    0.008245384    -0.1067568    1    -0.1695333    -0.5201249    0.02960654    -0.1103101
-0.2271752    0.2134715    0.2346385    -0.1013638    -0.3298072    -0.09278759    0.1721633    -0.0386227    0.2320248    -0.04284979    0.02099902    0.1017366    0.064044    0.0699364    -0.03900898    -0.1695333    1    0.31856    -0.6899216    -0.2298555
-0.1179585    0.1325317    0.2971465    -0.2406764    -0.4084363    0.0001420806    0.2889605    -0.05580821    0.05912311    0.05636041    0.01585515    0.004638792    0.03127808    0.1697588    -0.007309094    -0.5201249    0.31856    1    -0.1292416    -0.6212203
0.3115946    -0.1829406    -0.1614077    -0.008786362    0.1097851    0.1183099    -0.03706128    0.008868603    -0.1318994    -0.1017023    0.004025675    -0.149716    -0.09082699    0.08911444    0.04504776    0.02960654    -0.6899216    -0.1292416    1    -0.1871279
0.3145826    -0.04588148    -0.4609059    0.1229631    0.4650173    0.2459549    -0.3210472    -0.1057828    -0.2643116    -0.02072733    -0.04429489    0.04251783    -0.1394175    -0.2568212    0.1087956    -0.1103101    -0.2298555    -0.6212203    -0.1871279    1
