1    -0.3594829    -0.5702683    0.2343407    0.2264468    -0.02761892    -0.03744236    0.1233234    -0.2056044    -0.2834862    -0.008344451    -0.1086228    -0.1218872    0.05451458    0.1880622    -0.2376624    -0.2271752    -0.1179585    0.3115946    0.3145826
-0.3594829    1    -0.175771    -0.3437631    -0.05963109    0.1763928    -0.03617346    -0.1537612    0.2137411    0.089387    -0.1820079    -0.06579638    0.1016662    0.06458921    -0.1197534    -0.06226729    0.2134715    0.1325317    -0.1829406    -0.04588148
-0.5702683    -0.175771    1    -0.4582405    -0.7041022    0.03816087    0.00252434    -0.1434255    0.3601811    0.2700696    0.2364115    0.2666462    -0.03109749    -0.1454083    -0.1123601    0.1327166    0.2346385    0.2971465    -0.1614077    -0.4609059
0.2343407    -0.3437631    -0.4582405    1    0.3417084    -0.2113896    0.123719    0.2497621    -0.3359628    -0.2289712    -0.1486211    -0.1870194    0.05640383    0.1367173    -0.01982044    0.1574053    -0.1013638    -0.2406764    -0.008786362    0.1229631
0.2264468    -0.05963109    -0.7041022    0.3417084    1    -0.04710652    -0.09047403    0.1267625    -0.4519641    -0.1094422    -0.1318585    -0.1451311    0.04860758    -0.0330864    0.1976938    -0.03101926    -0.3298072    -0.4084363    0.1097851    0.4650173
-0.02761892    0.1763928    0.03816087    -0.2113896    -0.04710652    1    -0.4774775    -0.4538181    0.1378426    0.1167466    0.09111051    -0.07508904    -0.2177348    -0.08326472    0.1944767    -0.2415873    -0.09278759    0.0001420806    0.1183099    0.2459549
-0.03744236    -0.03617346    0.00252434    0.123719    -0.09047403    -0.4774775    1    -0.2704573    -0.27668    0.00682912    -0.2169324    -0.07501245    0.2780303    0.1528818    -0.2284702    -0.03935591    0.1721633    0.2889605    -0.03706128    -0.3210472
0.1233234    -0.1537612    -0.1434255    0.2497621    0.1267625    -0.4538181    -0.2704573    1    -0.2854063    -0.3209596    -0.07048424    -9.823336e-05    0.05422806    0.0695222    -0.05862507    0.1851766    -0.0386227    -0.05580821    0.008868603    -0.1057828
-0.2056044    0.2137411    0.3601811    -0.3359628    -0.4519641    0.1378426    -0.27668    -0.2854063    1    -0.1334371    0.2359955    0.2518334    -0.1206632    -0.09343005    -0.08776713    0.2159473    0.2320248    0.05912311    -0.1318994    -0.2643116
-0.2834862    0.089387    0.2700696    -0.2289712    -0.1094422    0.1167466    0.00682912    -0.3209596    -0.1334371    1    0.07197123    0.09193271    0.009810289    -0.1037278    0.008584575    -0.1043738    -0.04284979    0.05636041    -0.1017023    -0.02072733
-0.008344451    -0.1820079    0.2364115    -0.1486211    -0.1318585    0.09111051    -0.2169324    -0.07048424    0.2359955    0.07197123    1    0.2671    -0.8075088    -0.3127521    0.2726119    0.1897412    -0.009673679    -0.07618167    -0.009087963    -0.05370961
-0.1086228    -0.06579638    0.2666462    -0.1870194    -0.1451311    -0.07508904    -0.07501245    -9.823336e-05    0.2518334    0.09193271    0.2671    1    0.05249734    -0.7928898    0.1062123    0.2035838    0.1329784    0.06224316    -0.1274518    -0.1844032
-0.1218872    0.1016662    -0.03109749    0.05640383    0.04860758    -0.2177348    0.2780303    0.05422806    -0.1206632    0.009810289    -0.8075088    0.05249734    1    0.1878545    -0.5510975    -0.1185885    0.1241516    0.1849098    -0.07157999    -0.1422312
0.05451458    0.06458921    -0.1454083    0.1367173    -0.0330864    -0.08326472    0.1528818    0.0695222    -0.09343005    -0.1037278    -0.3127521    -0.7928898    0.1878545    1    -0.5218773    -0.09358441    -0.04848389    0.04861049    0.1327955    -0.03713684
0.1880622    -0.1197534    -0.1123601    -0.01982044    0.1976938    0.1944767    -0.2284702    -0.05862507    -0.08776713    0.008584575    0.2726119    0.1062123    -0.5510975    -0.5218773    1    -0.06811092    -0.1696457    -0.2159936    0.06386319    0.3411408
-0.2376624    -0.06226729    0.1327166    0.1574053    -0.03101926    -0.2415873    -0.03935591    0.1851766    0.2159473    -0.1043738    0.1897412    0.2035838    -0.1185885    -0.09358441    -0.06811092    1    -0.1695333    -0.5201249    0.02960654    -0.1103101
-0.2271752    0.2134715    0.2346385    -0.1013638    -0.3298072    -0.09278759    0.1721633    -0.0386227    0.2320248    -0.04284979    -0.009673679    0.1329784    0.1241516    -0.04848389    -0.1696457    -0.1695333    1    0.31856    -0.6899216    -0.2298555
-0.1179585    0.1325317    0.2971465    -0.2406764    -0.4084363    0.0001420806    0.2889605    -0.05580821    0.05912311    0.05636041    -0.07618167    0.06224316    0.1849098    0.04861049    -0.2159936    -0.5201249    0.31856    1    -0.1292416    -0.6212203
0.3115946    -0.1829406    -0.1614077    -0.008786362    0.1097851    0.1183099    -0.03706128    0.008868603    -0.1318994    -0.1017023    -0.009087963    -0.1274518    -0.07157999    0.1327955    0.06386319    0.02960654    -0.6899216    -0.1292416    1    -0.1871279
0.3145826    -0.04588148    -0.4609059    0.1229631    0.4650173    0.2459549    -0.3210472    -0.1057828    -0.2643116    -0.02072733    -0.05370961    -0.1844032    -0.1422312    -0.03713684    0.3411408    -0.1103101    -0.2298555    -0.6212203    -0.1871279    1
