1    0.07115773    -0.753966    -0.2154147    0.2245231    -0.1593928    -0.01482318    0.1025115    0.05578445    -0.01495589
0.07115773    1    0.1314665    -0.7719863    -0.03932459    0.05175884    -0.06538345    -0.1212452    -0.05653248    0.1761099
-0.753966    0.1314665    1    0.1821551    -0.6517384    0.1435445    -0.2101307    -0.2986137    -0.004989105    0.2969688
-0.2154147    -0.7719863    0.1821551    1    -0.3665983    -0.03855978    -0.1154704    -0.09270025    0.1272095    0.1055661
0.2245231    -0.03932459    -0.6517384    -0.3665983    1    -0.1812248    0.2664955    0.3694337    0.001347907    -0.3002373
-0.1593928    0.05175884    0.1435445    -0.03855978    -0.1812248    1    -0.1695333    -0.5201249    0.02960654    -0.1103101
-0.01482318    -0.06538345    -0.2101307    -0.1154704    0.2664955    -0.1695333    1    0.31856    -0.6899216    -0.2298555
0.1025115    -0.1212452    -0.2986137    -0.09270025    0.3694337    -0.5201249    0.31856    1    -0.1292416    -0.6212203
0.05578445    -0.05653248    -0.004989105    0.1272095    0.001347907    0.02960654    -0.6899216    -0.1292416    1    -0.1871279
-0.01495589    0.1761099    0.2969688    0.1055661    -0.3002373    -0.1103101    -0.2298555    -0.6212203    -0.1871279    1
