1    0.3622799    -0.1455975    -0.1322459    -0.4410096    -0.07593569    0.1918384    -0.01108624    0.2504266    0.09570768    -0.00359042    0.2919237    0.2872652    -0.2025634    -0.3597859
0.3622799    1    0.2804532    -0.6129492    -0.3164429    -0.003155187    0.03716415    -0.06350299    0.2792398    0.2260784    0.09450101    0.2523997    0.2389863    -0.1969818    -0.3537875
-0.1455975    0.2804532    1    0.04304514    -0.4762449    0.1511009    -0.1094643    -0.16442    0.1602299    0.2305048    0.04181503    0.08177717    0.1008261    -0.1393957    -0.1155318
-0.1322459    -0.6129492    0.04304514    1    0.00847779    0.2106868    -0.1656527    -0.1038368    -0.1233859    -0.01366361    -0.0934178    -0.1094504    -0.158696    0.02045839    0.2668642
-0.4410096    -0.3164429    -0.4762449    0.00847779    1    -0.02525144    -0.1334685    0.08150928    -0.3112004    -0.0934451    0.007901699    -0.263207    -0.302945    0.1461762    0.3552441
-0.07593569    -0.003155187    0.1511009    0.2106868    -0.02525144    1    -0.4774775    -0.4538181    0.1378426    0.1167466    -0.2415873    -0.09278759    0.0001420806    0.1183099    0.2459549
0.1918384    0.03716415    -0.1094643    -0.1656527    -0.1334685    -0.4774775    1    -0.2704573    -0.27668    0.00682912    -0.03935591    0.1721633    0.2889605    -0.03706128    -0.3210472
-0.01108624    -0.06350299    -0.16442    -0.1038368    0.08150928    -0.4538181    -0.2704573    1    -0.2854063    -0.3209596    0.1851766    -0.0386227    -0.05580821    0.008868603    -0.1057828
0.2504266    0.2792398    0.1602299    -0.1233859    -0.3112004    0.1378426    -0.27668    -0.2854063    1    -0.1334371    0.2159473    0.2320248    0.05912311    -0.1318994    -0.2643116
0.09570768    0.2260784    0.2305048    -0.01366361    -0.0934451    0.1167466    0.00682912    -0.3209596    -0.1334371    1    -0.1043738    -0.04284979    0.05636041    -0.1017023    -0.02072733
-0.00359042    0.09450101    0.04181503    -0.0934178    0.007901699    -0.2415873    -0.03935591    0.1851766    0.2159473    -0.1043738    1    -0.1695333    -0.5201249    0.02960654    -0.1103101
0.2919237    0.2523997    0.08177717    -0.1094504    -0.263207    -0.09278759    0.1721633    -0.0386227    0.2320248    -0.04284979    -0.1695333    1    0.31856    -0.6899216    -0.2298555
0.2872652    0.2389863    0.1008261    -0.158696    -0.302945    0.0001420806    0.2889605    -0.05580821    0.05912311    0.05636041    -0.5201249    0.31856    1    -0.1292416    -0.6212203
-0.2025634    -0.1969818    -0.1393957    0.02045839    0.1461762    0.1183099    -0.03706128    0.008868603    -0.1318994    -0.1017023    0.02960654    -0.6899216    -0.1292416    1    -0.1871279
-0.3597859    -0.3537875    -0.1155318    0.2668642    0.3552441    0.2459549    -0.3210472    -0.1057828    -0.2643116    -0.02072733    -0.1103101    -0.2298555    -0.6212203    -0.1871279    1
