1    0.1120652    -0.3681135    -0.001060997    -0.08082685    -0.04782855    0.01440271    0.07578263    -0.02127106    -0.06431871
0.1120652    1    0.2555411    -0.289436    -0.3011503    0.08447919    0.1479974    0.2127125    -0.09123165    -0.3255562
-0.3681135    0.2555411    1    0.1903292    -0.5369004    0.05105975    0.2363989    0.1746854    -0.2397846    -0.2184936
-0.001060997    -0.289436    0.1903292    1    -0.4704953    0.01886873    0.2272519    0.08812846    -0.2081668    -0.1129219
-0.08082685    -0.3011503    -0.5369004    -0.4704953    1    0.04410777    -0.3268922    -0.2388725    0.2373166    0.2952573
-0.04782855    0.08447919    0.05105975    0.01886873    0.04410777    1    -0.1695333    -0.5201249    0.02960654    -0.1103101
0.01440271    0.1479974    0.2363989    0.2272519    -0.3268922    -0.1695333    1    0.31856    -0.6899216    -0.2298555
0.07578263    0.2127125    0.1746854    0.08812846    -0.2388725    -0.5201249    0.31856    1    -0.1292416    -0.6212203
-0.02127106    -0.09123165    -0.2397846    -0.2081668    0.2373166    0.02960654    -0.6899216    -0.1292416    1    -0.1871279
-0.06431871    -0.3255562    -0.2184936    -0.1129219    0.2952573    -0.1103101    -0.2298555    -0.6212203    -0.1871279    1
