1    0.198067    -0.4225725    0.07146314    -0.186491    0.08413714    0.1124032    -0.1814296    0.2286671    0.07754618    0.306161    -0.3816241    -0.2944426    0.2394453    0.274189    0.05584507    -0.04884763    -0.03952182    0.1806873    -0.07373075    -0.09788526    0.2594106    0.2555435    -0.09220539    -0.2659218
0.198067    1    0.2538809    -0.3854224    -0.1678645    0.02616219    0.02610862    -0.1442374    0.3407883    0.2292856    0.05890805    -0.2855875    -0.3400343    -0.03392902    0.5406833    -0.01296779    0.0005703775    0.1856496    0.1768229    -0.2050482    0.1638631    0.2346984    0.2094446    -0.1730264    -0.344613
-0.4225725    0.2538809    1    0.0678435    -0.472596    0.01509722    -0.09040069    -0.01067589    0.1752845    0.1594911    -0.1531878    -0.1249595    -0.1630831    -0.08025467    0.3695752    -0.06239006    0.1355063    0.2185458    -0.06837391    -0.1260352    0.2167506    0.04881665    0.03051212    -0.1625805    -0.1474478
0.07146314    -0.3854224    0.0678435    1    -0.5213228    0.1022312    -0.08452739    -0.09767998    0.1719824    0.03930188    0.1439937    -0.2514856    -0.1957454    0.2881638    0.04478224    0.05502305    -0.01355923    -0.06535847    0.02987611    0.01535236    -0.1411582    0.1311333    0.06447657    -0.1106796    -0.01054437
-0.186491    -0.1678645    -0.472596    -0.5213228    1    -0.1744431    0.05463193    0.2031529    -0.2550375    -0.2078102    -0.07820012    0.3810966    0.3491825    -0.2477963    -0.3807927    -0.05003507    -0.1274216    -0.03547856    -0.0369158    0.1469391    0.08057897    -0.2640229    -0.1786509    0.1970891    0.1998573
0.08413714    0.02616219    0.01509722    0.1022312    -0.1744431    1    -0.4774775    -0.4538181    0.1378426    0.1167466    -0.15265    0.06914332    0.09963154    0.01934468    -0.04676362    0.08850889    0.1599171    -0.139472    -0.1522633    -0.09902989    -0.2415873    -0.09278759    0.0001420806    0.1183099    0.2459549
0.1124032    0.02610862    -0.09040069    -0.08452739    0.05463193    -0.4774775    1    -0.2704573    -0.27668    0.00682912    0.2413778    -0.2056002    -0.1580214    0.02416761    0.1434799    0.06571718    -0.008295624    0.04122862    0.08315627    0.005361577    -0.03935591    0.1721633    0.2889605    -0.03706128    -0.3210472
-0.1814296    -0.1442374    -0.01067589    -0.09767998    0.2031529    -0.4538181    -0.2704573    1    -0.2854063    -0.3209596    0.01723798    0.09127468    0.05529603    -0.1019292    -0.06545556    -0.02440629    0.007736984    0.06994781    -0.04141592    0.134796    0.1851766    -0.0386227    -0.05580821    0.008868603    -0.1057828
0.2286671    0.3407883    0.1752845    0.1719824    -0.2550375    0.1378426    -0.27668    -0.2854063    1    -0.1334371    0.09636347    -0.2674252    -0.3206827    0.03320412    0.4337361    -0.08704592    -0.1678627    0.177478    0.3227427    -0.1076728    0.2159473    0.2320248    0.05912311    -0.1318994    -0.2643116
0.07754618    0.2292856    0.1594911    0.03930188    -0.2078102    0.1167466    0.00682912    -0.3209596    -0.1334371    1    -0.005229442    -0.08668841    -0.07958962    0.07223001    0.0802685    -0.009244832    0.04309966    -0.08042693    -0.07471047    0.1245794    -0.1043738    -0.04284979    0.05636041    -0.1017023    -0.02072733
0.306161    0.05890805    -0.1531878    0.1439937    -0.07820012    -0.15265    0.2413778    0.01723798    0.09636347    -0.005229442    1    -0.2854361    -0.7194519    0.06167188    0.2449637    0.1923157    -0.1277178    -0.06022413    0.2325556    -0.05392613    -0.02563653    0.1249556    0.2075403    -0.01203033    -0.2667712
-0.3816241    -0.2855875    -0.1249595    -0.2514856    0.3810966    0.06914332    -0.2056002    0.09127468    -0.2674252    -0.08668841    -0.2854361    1    0.2700116    -0.6854755    -0.3287533    -0.1564471    0.02036278    -0.05342712    -0.2206389    0.1810643    0.03705754    -0.324848    -0.3356567    0.2100724    0.3997659
-0.2944426    -0.3400343    -0.1630831    -0.1957454    0.3491825    0.09963154    -0.1580214    0.05529603    -0.3206827    -0.07958962    -0.7194519    0.2700116    1    -0.09220107    -0.6530083    -0.1235222    -0.007597243    -0.1133191    -0.2297323    0.1902154    -0.0548634    -0.2439189    -0.2248498    0.1459756    0.3703591
0.2394453    -0.03392902    -0.08025467    0.2881638    -0.2477963    0.01934468    0.02416761    -0.1019292    0.03320412    0.07223001    0.06167188    -0.6854755    -0.09220107    1    -0.1518189    0.1709992    -0.07137114    -0.1451603    0.1372384    -0.1398082    -0.1611782    0.146939    0.1033701    -0.1035057    -0.04915514
0.274189    0.5406833    0.3695752    0.04478224    -0.3807927    -0.04676362    0.1434799    -0.06545556    0.4337361    0.0802685    0.2449637    -0.3287533    -0.6530083    -0.1518189    1    -0.01602895    0.1066901    0.2886973    0.1668357    -0.2142765    0.1873216    0.2677133    0.3123837    -0.1822985    -0.5151916
0.05584507    -0.01296779    -0.06239006    0.05502305    -0.05003507    0.08850889    0.06571718    -0.02440629    -0.08704592    -0.009244832    0.1923157    -0.1564471    -0.1235222    0.1709992    -0.01602895    1    -0.1725068    -0.7027936    0.116493    0.08094118    -0.001785365    0.02099902    0.01585515    0.004025675    -0.04429489
-0.04884763    0.0005703775    0.1355063    -0.01355923    -0.1274216    0.1599171    -0.008295624    0.007736984    -0.1678627    0.04309966    -0.1277178    0.02036278    -0.007597243    -0.07137114    0.1066901    -0.1725068    1    0.1574847    -0.7513166    0.1351055    -0.01266924    0.1017366    0.004638792    -0.149716    0.04251783
-0.03952182    0.1856496    0.2185458    -0.06535847    -0.03547856    -0.139472    0.04122862    0.06994781    0.177478    -0.08042693    -0.06022413    -0.05342712    -0.1133191    -0.1451603    0.2886973    -0.7027936    0.1574847    1    -0.1113507    -0.3998048    0.1680154    0.064044    0.03127808    -0.09082699    -0.1394175
0.1806873    0.1768229    -0.06837391    0.02987611    -0.0369158    -0.1522633    0.08315627    -0.04141592    0.3227427    -0.07471047    0.2325556    -0.2206389    -0.2297323    0.1372384    0.1668357    0.116493    -0.7513166    -0.1113507    1    -0.4600299    0.008245384    0.0699364    0.1697588    0.08911444    -0.2568212
-0.07373075    -0.2050482    -0.1260352    0.01535236    0.1469391    -0.09902989    0.005361577    0.134796    -0.1076728    0.1245794    -0.05392613    0.1810643    0.1902154    -0.1398082    -0.2142765    0.08094118    0.1351055    -0.3998048    -0.4600299    1    -0.1067568    -0.03900898    -0.007309094    0.04504776    0.1087956
-0.09788526    0.1638631    0.2167506    -0.1411582    0.08057897    -0.2415873    -0.03935591    0.1851766    0.2159473    -0.1043738    -0.02563653    0.03705754    -0.0548634    -0.1611782    0.1873216    -0.001785365    -0.01266924    0.1680154    0.008245384    -0.1067568    1    -0.1695333    -0.5201249    0.02960654    -0.1103101
0.2594106    0.2346984    0.04881665    0.1311333    -0.2640229    -0.09278759    0.1721633    -0.0386227    0.2320248    -0.04284979    0.1249556    -0.324848    -0.2439189    0.146939    0.2677133    0.02099902    0.1017366    0.064044    0.0699364    -0.03900898    -0.1695333    1    0.31856    -0.6899216    -0.2298555
0.2555435    0.2094446    0.03051212    0.06447657    -0.1786509    0.0001420806    0.2889605    -0.05580821    0.05912311    0.05636041    0.2075403    -0.3356567    -0.2248498    0.1033701    0.3123837    0.01585515    0.004638792    0.03127808    0.1697588    -0.007309094    -0.5201249    0.31856    1    -0.1292416    -0.6212203
-0.09220539    -0.1730264    -0.1625805    -0.1106796    0.1970891    0.1183099    -0.03706128    0.008868603    -0.1318994    -0.1017023    -0.01203033    0.2100724    0.1459756    -0.1035057    -0.1822985    0.004025675    -0.149716    -0.09082699    0.08911444    0.04504776    0.02960654    -0.6899216    -0.1292416    1    -0.1871279
-0.2659218    -0.344613    -0.1474478    -0.01054437    0.1998573    0.2459549    -0.3210472    -0.1057828    -0.2643116    -0.02072733    -0.2667712    0.3997659    0.3703591    -0.04915514    -0.5151916    -0.04429489    0.04251783    -0.1394175    -0.2568212    0.1087956    -0.1103101    -0.2298555    -0.6212203    -0.1871279    1
