1    -0.4774775    -0.4538181    0.1378426    0.1167466    -0.15265    0.06914332    0.09963154    0.01934468    -0.04676362    0.08850889    0.1599171    -0.139472    -0.1522633    -0.09902989    -0.1434351    -0.09762613    0.02285019    0.192727    0.1209197    -0.2415873    -0.09278759    0.0001420806    0.1183099    0.2459549
-0.4774775    1    -0.2704573    -0.27668    0.00682912    0.2413778    -0.2056002    -0.1580214    0.02416761    0.1434799    0.06571718    -0.008295624    0.04122862    0.08315627    0.005361577    0.03484698    0.01635598    0.05814169    -0.03310655    -0.01584832    -0.03935591    0.1721633    0.2889605    -0.03706128    -0.3210472
-0.4538181    -0.2704573    1    -0.2854063    -0.3209596    0.01723798    0.09127468    0.05529603    -0.1019292    -0.06545556    -0.02440629    0.007736984    0.06994781    -0.04141592    0.134796    0.06349111    0.04401324    0.06612289    -0.01570344    -0.2237214    0.1851766    -0.0386227    -0.05580821    0.008868603    -0.1057828
0.1378426    -0.27668    -0.2854063    1    -0.1334371    0.09636347    -0.2674252    -0.3206827    0.03320412    0.4337361    -0.08704592    -0.1678627    0.177478    0.3227427    -0.1076728    0.000570183    -0.02134611    -0.03704705    0.02728326    -0.08975451    0.2159473    0.2320248    0.05912311    -0.1318994    -0.2643116
0.1167466    0.00682912    -0.3209596    -0.1334371    1    -0.005229442    -0.08668841    -0.07958962    0.07223001    0.0802685    -0.009244832    0.04309966    -0.08042693    -0.07471047    0.1245794    -0.1109753    -0.1030351    -0.01102498    -0.06263437    0.12604    -0.1043738    -0.04284979    0.05636041    -0.1017023    -0.02072733
-0.15265    0.2413778    0.01723798    0.09636347    -0.005229442    1    -0.2854361    -0.7194519    0.06167188    0.2449637    0.1923157    -0.1277178    -0.06022413    0.2325556    -0.05392613    -0.06122721    -0.09138979    0.07604534    -0.05958038    0.04614627    -0.02563653    0.1249556    0.2075403    -0.01203033    -0.2667712
0.06914332    -0.2056002    0.09127468    -0.2674252    -0.08668841    -0.2854361    1    0.2700116    -0.6854755    -0.3287533    -0.1564471    0.02036278    -0.05342712    -0.2206389    0.1810643    0.07480385    0.1650356    -0.0416372    -0.0440296    -0.1010117    0.03705754    -0.324848    -0.3356567    0.2100724    0.3997659
0.09963154    -0.1580214    0.05529603    -0.3206827    -0.07958962    -0.7194519    0.2700116    1    -0.09220107    -0.6530083    -0.1235222    -0.007597243    -0.1133191    -0.2297323    0.1902154    0.06558094    0.05998959    -0.07031928    0.03003441    0.0007729384    -0.0548634    -0.2439189    -0.2248498    0.1459756    0.3703591
0.01934468    0.02416761    -0.1019292    0.03320412    0.07223001    0.06167188    -0.6854755    -0.09220107    1    -0.1518189    0.1709992    -0.07137114    -0.1451603    0.1372384    -0.1398082    -0.009199736    -0.1153242    -0.06727826    -0.05471093    0.2288116    -0.1611782    0.146939    0.1033701    -0.1035057    -0.04915514
-0.04676362    0.1434799    -0.06545556    0.4337361    0.0802685    0.2449637    -0.3287533    -0.6530083    -0.1518189    1    -0.01602895    0.1066901    0.2886973    0.1668357    -0.2142765    -0.05363356    -0.04134208    0.07470473    0.0767138    -0.09840512    0.1873216    0.2677133    0.3123837    -0.1822985    -0.5151916
0.08850889    0.06571718    -0.02440629    -0.08704592    -0.009244832    0.1923157    -0.1564471    -0.1235222    0.1709992    -0.01602895    1    -0.1725068    -0.7027936    0.116493    0.08094118    -0.03623736    -0.1550265    0.01642617    0.1386798    0.01299998    -0.001785365    0.02099902    0.01585515    0.004025675    -0.04429489
0.1599171    -0.008295624    0.007736984    -0.1678627    0.04309966    -0.1277178    0.02036278    -0.007597243    -0.07137114    0.1066901    -0.1725068    1    0.1574847    -0.7513166    0.1351055    -0.06641222    0.08648275    0.1273568    0.01939495    0.01895704    -0.01266924    0.1017366    0.004638792    -0.149716    0.04251783
-0.139472    0.04122862    0.06994781    0.177478    -0.08042693    -0.06022413    -0.05342712    -0.1133191    -0.1451603    0.2886973    -0.7027936    0.1574847    1    -0.1113507    -0.3998048    0.02624866    0.1612939    0.03464716    -0.03805099    -0.1312377    0.1680154    0.064044    0.03127808    -0.09082699    -0.1394175
-0.1522633    0.08315627    -0.04141592    0.3227427    -0.07471047    0.2325556    -0.2206389    -0.2297323    0.1372384    0.1668357    0.116493    -0.7513166    -0.1113507    1    -0.4600299    0.084489    -0.0757453    -0.0773062    0.007495183    -0.06358375    0.008245384    0.0699364    0.1697588    0.08911444    -0.2568212
-0.09902989    0.005361577    0.134796    -0.1076728    0.1245794    -0.05392613    0.1810643    0.1902154    -0.1398082    -0.2142765    0.08094118    0.1351055    -0.3998048    -0.4600299    1    -0.09312886    -0.04033589    0.07251621    -0.0365642    -0.04481793    -0.1067568    -0.03900898    -0.007309094    0.04504776    0.1087956
-0.1434351    0.03484698    0.06349111    0.000570183    -0.1109753    -0.06122721    0.07480385    0.06558094    -0.009199736    -0.05363356    -0.03623736    -0.06641222    0.02624866    0.084489    -0.09312886    1    -0.003613237    -0.7101612    0.05822516    0.0936552    0.1637738    -0.0570624    -0.1472911    0.06134193    0.00942276
-0.09762613    0.01635598    0.04401324    -0.02134611    -0.1030351    -0.09138979    0.1650356    0.05998959    -0.1153242    -0.04134208    -0.1550265    0.08648275    0.1612939    -0.0757453    -0.04033589    -0.003613237    1    0.07505767    -0.6786332    0.0651299    0.1048559    0.002266603    -0.1267125    0.008871614    0.06025744
0.02285019    0.05814169    0.06612289    -0.03704705    -0.01102498    0.07604534    -0.0416372    -0.07031928    -0.06727826    0.07470473    0.01642617    0.1273568    0.03464716    -0.0773062    0.07251621    -0.7101612    0.07505767    1    -0.1214911    -0.4575803    -0.01809152    0.05301706    0.1339183    -0.0507996    -0.08745904
0.192727    -0.03310655    -0.01570344    0.02728326    -0.06263437    -0.05958038    -0.0440296    0.03003441    -0.05471093    0.0767138    0.1386798    0.01939495    -0.03805099    0.007495183    -0.0365642    0.05822516    -0.6786332    -0.1214911    1    -0.4317136    -0.03279056    0.009768056    0.1148023    0.06199193    -0.09542519
0.1209197    -0.01584832    -0.2237214    -0.08975451    0.12604    0.04614627    -0.1010117    0.0007729384    0.2288116    -0.09840512    0.01299998    0.01895704    -0.1312377    -0.06358375    -0.04481793    0.0936552    0.0651299    -0.4575803    -0.4317136    1    -0.1824871    0.002198519    -0.04202662    -0.07152009    0.2227928
-0.2415873    -0.03935591    0.1851766    0.2159473    -0.1043738    -0.02563653    0.03705754    -0.0548634    -0.1611782    0.1873216    -0.001785365    -0.01266924    0.1680154    0.008245384    -0.1067568    0.1637738    0.1048559    -0.01809152    -0.03279056    -0.1824871    1    -0.1695333    -0.5201249    0.02960654    -0.1103101
-0.09278759    0.1721633    -0.0386227    0.2320248    -0.04284979    0.1249556    -0.324848    -0.2439189    0.146939    0.2677133    0.02099902    0.1017366    0.064044    0.0699364    -0.03900898    -0.0570624    0.002266603    0.05301706    0.009768056    0.002198519    -0.1695333    1    0.31856    -0.6899216    -0.2298555
0.0001420806    0.2889605    -0.05580821    0.05912311    0.05636041    0.2075403    -0.3356567    -0.2248498    0.1033701    0.3123837    0.01585515    0.004638792    0.03127808    0.1697588    -0.007309094    -0.1472911    -0.1267125    0.1339183    0.1148023    -0.04202662    -0.5201249    0.31856    1    -0.1292416    -0.6212203
0.1183099    -0.03706128    0.008868603    -0.1318994    -0.1017023    -0.01203033    0.2100724    0.1459756    -0.1035057    -0.1822985    0.004025675    -0.149716    -0.09082699    0.08911444    0.04504776    0.06134193    0.008871614    -0.0507996    0.06199193    -0.07152009    0.02960654    -0.6899216    -0.1292416    1    -0.1871279
0.2459549    -0.3210472    -0.1057828    -0.2643116    -0.02072733    -0.2667712    0.3997659    0.3703591    -0.04915514    -0.5151916    -0.04429489    0.04251783    -0.1394175    -0.2568212    0.1087956    0.00942276    0.06025744    -0.08745904    -0.09542519    0.2227928    -0.1103101    -0.2298555    -0.6212203    -0.1871279    1
