1    -0.4774775    -0.4538181    0.1378426    0.1167466    -0.1255879    0.1398677    0.3760927    0.09852986    -0.3175291    -0.2415873    -0.09278759    0.0001420806    0.1183099    0.2459549
-0.4774775    1    -0.2704573    -0.27668    0.00682912    0.2373048    -0.09874131    -0.4602086    0.06896438    0.1059808    -0.03935591    0.1721633    0.2889605    -0.03706128    -0.3210472
-0.4538181    -0.2704573    1    -0.2854063    -0.3209596    0.0241578    -0.09969337    -0.1724443    -0.07889131    0.2728058    0.1851766    -0.0386227    -0.05580821    0.008868603    -0.1057828
0.1378426    -0.27668    -0.2854063    1    -0.1334371    0.3662069    -0.00952362    -0.1420524    -0.05520087    -0.09013656    0.2159473    0.2320248    0.05912311    -0.1318994    -0.2643116
0.1167466    0.00682912    -0.3209596    -0.1334371    1    -0.03542852    0.1147112    0.114532    -0.1494825    -0.1555497    -0.1043738    -0.04284979    0.05636041    -0.1017023    -0.02072733
-0.1255879    0.2373048    0.0241578    0.3662069    -0.03542852    1    -0.06220697    -0.7892314    -0.1394568    0.06121272    0.01053487    0.4188661    0.4076123    -0.2009165    -0.5137693
0.1398677    -0.09874131    -0.09969337    -0.00952362    0.1147112    -0.06220697    1    -0.09514101    -0.517768    0.1249409    0.01937432    -0.1344757    -0.05706242    0.1003826    0.06306202
0.3760927    -0.4602086    -0.1724443    -0.1420524    0.114532    -0.7892314    -0.09514101    1    0.113711    -0.3384456    -0.06063691    -0.3039652    -0.4065637    0.107524    0.5708711
0.09852986    0.06896438    -0.07889131    -0.05520087    -0.1494825    -0.1394568    -0.517768    0.113711    1    -0.4318813    -0.123196    0.071822    0.05467499    0.04580796    -0.004264685
-0.3175291    0.1059808    0.2728058    -0.09013656    -0.1555497    0.06121272    0.1249409    -0.3384456    -0.4318813    1    0.1560991    -0.1739627    -0.1017459    0.1181678    -0.01912225
-0.2415873    -0.03935591    0.1851766    0.2159473    -0.1043738    0.01053487    0.01937432    -0.06063691    -0.123196    0.1560991    1    -0.1695333    -0.5201249    0.02960654    -0.1103101
-0.09278759    0.1721633    -0.0386227    0.2320248    -0.04284979    0.4188661    -0.1344757    -0.3039652    0.071822    -0.1739627    -0.1695333    1    0.31856    -0.6899216    -0.2298555
0.0001420806    0.2889605    -0.05580821    0.05912311    0.05636041    0.4076123    -0.05706242    -0.4065637    0.05467499    -0.1017459    -0.5201249    0.31856    1    -0.1292416    -0.6212203
0.1183099    -0.03706128    0.008868603    -0.1318994    -0.1017023    -0.2009165    0.1003826    0.107524    0.04580796    0.1181678    0.02960654    -0.6899216    -0.1292416    1    -0.1871279
0.2459549    -0.3210472    -0.1057828    -0.2643116    -0.02072733    -0.5137693    0.06306202    0.5708711    -0.004264685    -0.01912225    -0.1103101    -0.2298555    -0.6212203    -0.1871279    1
