1    -0.01661703    -0.3486004    -0.02664636    -0.09414548    0.1122316    0.01070575    -0.04860245    -0.008335991    -0.03277673    0.1772553    -0.01269037    -0.1540293    0.1018311    -0.02773489    -0.158117    0.128385    0.09685898    -0.02154103    -0.0276634
-0.01661703    1    0.5772542    -0.1250704    -0.5223465    0.389575    -0.2074697    -0.4550958    0.2498975    0.4730564    0.2106953    -0.2061193    -0.1127472    -0.3079101    0.02006789    -0.2272556    -0.303911    -0.2746035    0.2076873    0.4985022
-0.3486004    0.5772542    1    0.2385394    -0.7075003    0.4083858    -0.2463199    -0.4945485    0.2705654    0.5418044    0.1788987    -0.2644411    -0.05162782    -0.3120372    -0.04113903    -0.1280241    -0.3672415    -0.4052039    0.2487577    0.569571
-0.02664636    -0.1250704    0.2385394    1    -0.4755204    0.2041892    -0.05913024    -0.181438    0.04119383    0.1710898    0.2549488    -0.3028676    0.003197846    -0.05416296    -0.05351174    0.03359114    -0.1465127    -0.1868859    0.05863446    0.2627994
-0.09414548    -0.5223465    -0.7075003    -0.4755204    1    -0.4197984    0.1833387    0.4077453    -0.1475891    -0.3885301    -0.4033529    0.3355935    0.2031772    0.1536885    0.03479998    0.230325    0.2127574    0.2474393    -0.2051169    -0.4753427
0.1122316    0.389575    0.4083858    0.2041892    -0.4197984    1    -0.3594829    -0.5702683    0.2343407    0.2264468    -0.02761892    -0.03744236    0.1233234    -0.2056044    -0.2834862    -0.2376624    -0.2271752    -0.1179585    0.3115946    0.3145826
0.01070575    -0.2074697    -0.2463199    -0.05913024    0.1833387    -0.3594829    1    -0.175771    -0.3437631    -0.05963109    0.1763928    -0.03617346    -0.1537612    0.2137411    0.089387    -0.06226729    0.2134715    0.1325317    -0.1829406    -0.04588148
-0.04860245    -0.4550958    -0.4945485    -0.181438    0.4077453    -0.5702683    -0.175771    1    -0.4582405    -0.7041022    0.03816087    0.00252434    -0.1434255    0.3601811    0.2700696    0.1327166    0.2346385    0.2971465    -0.1614077    -0.4609059
-0.008335991    0.2498975    0.2705654    0.04119383    -0.1475891    0.2343407    -0.3437631    -0.4582405    1    0.3417084    -0.2113896    0.123719    0.2497621    -0.3359628    -0.2289712    0.1574053    -0.1013638    -0.2406764    -0.008786362    0.1229631
-0.03277673    0.4730564    0.5418044    0.1710898    -0.3885301    0.2264468    -0.05963109    -0.7041022    0.3417084    1    -0.04710652    -0.09047403    0.1267625    -0.4519641    -0.1094422    -0.03101926    -0.3298072    -0.4084363    0.1097851    0.4650173
0.1772553    0.2106953    0.1788987    0.2549488    -0.4033529    -0.02761892    0.1763928    0.03816087    -0.2113896    -0.04710652    1    -0.4774775    -0.4538181    0.1378426    0.1167466    -0.2415873    -0.09278759    0.0001420806    0.1183099    0.2459549
-0.01269037    -0.2061193    -0.2644411    -0.3028676    0.3355935    -0.03744236    -0.03617346    0.00252434    0.123719    -0.09047403    -0.4774775    1    -0.2704573    -0.27668    0.00682912    -0.03935591    0.1721633    0.2889605    -0.03706128    -0.3210472
-0.1540293    -0.1127472    -0.05162782    0.003197846    0.2031772    0.1233234    -0.1537612    -0.1434255    0.2497621    0.1267625    -0.4538181    -0.2704573    1    -0.2854063    -0.3209596    0.1851766    -0.0386227    -0.05580821    0.008868603    -0.1057828
0.1018311    -0.3079101    -0.3120372    -0.05416296    0.1536885    -0.2056044    0.2137411    0.3601811    -0.3359628    -0.4519641    0.1378426    -0.27668    -0.2854063    1    -0.1334371    0.2159473    0.2320248    0.05912311    -0.1318994    -0.2643116
-0.02773489    0.02006789    -0.04113903    -0.05351174    0.03479998    -0.2834862    0.089387    0.2700696    -0.2289712    -0.1094422    0.1167466    0.00682912    -0.3209596    -0.1334371    1    -0.1043738    -0.04284979    0.05636041    -0.1017023    -0.02072733
-0.158117    -0.2272556    -0.1280241    0.03359114    0.230325    -0.2376624    -0.06226729    0.1327166    0.1574053    -0.03101926    -0.2415873    -0.03935591    0.1851766    0.2159473    -0.1043738    1    -0.1695333    -0.5201249    0.02960654    -0.1103101
0.128385    -0.303911    -0.3672415    -0.1465127    0.2127574    -0.2271752    0.2134715    0.2346385    -0.1013638    -0.3298072    -0.09278759    0.1721633    -0.0386227    0.2320248    -0.04284979    -0.1695333    1    0.31856    -0.6899216    -0.2298555
0.09685898    -0.2746035    -0.4052039    -0.1868859    0.2474393    -0.1179585    0.1325317    0.2971465    -0.2406764    -0.4084363    0.0001420806    0.2889605    -0.05580821    0.05912311    0.05636041    -0.5201249    0.31856    1    -0.1292416    -0.6212203
-0.02154103    0.2076873    0.2487577    0.05863446    -0.2051169    0.3115946    -0.1829406    -0.1614077    -0.008786362    0.1097851    0.1183099    -0.03706128    0.008868603    -0.1318994    -0.1017023    0.02960654    -0.6899216    -0.1292416    1    -0.1871279
-0.0276634    0.4985022    0.569571    0.2627994    -0.4753427    0.3145826    -0.04588148    -0.4609059    0.1229631    0.4650173    0.2459549    -0.3210472    -0.1057828    -0.2643116    -0.02072733    -0.1103101    -0.2298555    -0.6212203    -0.1871279    1
