2.610806e-06    -6.932331e-07    -1.302551e-06    1.299365e-06    -8.407168e-07    -2.885437e-07    -2.231245e-08    1.020056e-07    1.543314e-06    6.2891e-09
-6.932331e-07    1.820546e-06    1.15889e-06    -1.507002e-06    -4.918427e-07    -1.088593e-06    9.338849e-07    9.382297e-07    -1.04828e-06    -5.087263e-08
-1.302551e-06    1.15889e-06    4.416799e-06    1.066789e-09    -2.817883e-06    -1.835882e-06    2.480621e-06    1.907953e-06    -1.051265e-06    -2.631963e-07
1.299365e-06    -1.507002e-06    1.066789e-09    3.692722e-06    -1.906334e-06    -1.115993e-07    1.749989e-06    6.418434e-08    8.313036e-07    -1.097044e-07
-8.407168e-07    -4.918427e-07    -2.817883e-06    -1.906334e-06    4.014613e-06    2.022363e-06    -3.384689e-06    -1.505821e-06    -2.091527e-07    2.880214e-07
-2.885437e-07    -1.088593e-06    -1.835882e-06    -1.115993e-07    2.022363e-06    1.62064e-06    -1.651653e-06    -1.458043e-06    1.938578e-07    1.489974e-07
-2.231245e-08    9.338849e-07    2.480621e-06    1.749989e-06    -3.384689e-06    -1.651653e-06    4.443923e-06    7.937537e-07    -8.431933e-07    -1.561265e-07
1.020056e-07    9.382297e-07    1.907953e-06    6.418434e-08    -1.505821e-06    -1.458043e-06    7.937537e-07    2.179687e-06    -5.967358e-07    -3.02069e-07
1.543314e-06    -1.04828e-06    -1.051265e-06    8.313036e-07    -2.091527e-07    1.938578e-07    -8.431933e-07    -5.967358e-07    2.027902e-06    8.231542e-08
6.2891e-09    -5.087263e-08    -2.631963e-07    -1.097044e-07    2.880214e-07    1.489974e-07    -1.561265e-07    -3.02069e-07    8.231542e-08    1.394023e-07
