3.490078e-06    1.213294e-06    1.097288e-06    2.060172e-07    -4.584124e-06    -3.375045e-07    1.440753e-06    -5.367068e-07    1.157519e-06    2.021589e-07
1.213294e-06    3.784766e-06    2.010427e-06    -1.633096e-06    -2.675437e-06    -1.136563e-07    -2.246769e-07    -1.241739e-07    1.334699e-06    3.177955e-07
1.097288e-06    2.010427e-06    2.951421e-06    -1.846875e-07    -3.412919e-06    5.321536e-07    -5.911725e-07    -1.155038e-06    1.446341e-06    3.448161e-07
2.060172e-07    -1.633096e-06    -1.846875e-07    2.647575e-06    9.443321e-07    9.311968e-07    -1.206007e-06    -8.066357e-07    1.325398e-07    -9.675833e-09
-4.584124e-06    -2.675437e-06    -3.412919e-06    9.443321e-07    1.169766e-05    1.33095e-07    -2.375374e-06    1.450254e-06    -2.750346e-06    -3.568076e-07
-3.375045e-07    -1.136563e-07    5.321536e-07    9.311968e-07    1.33095e-07    1.62064e-06    -1.651653e-06    -1.458043e-06    1.938578e-07    1.489974e-07
1.440753e-06    -2.246769e-07    -5.911725e-07    -1.206007e-06    -2.375374e-06    -1.651653e-06    4.443923e-06    7.937537e-07    -8.431933e-07    -1.561265e-07
-5.367068e-07    -1.241739e-07    -1.155038e-06    -8.066357e-07    1.450254e-06    -1.458043e-06    7.937537e-07    2.179687e-06    -5.967358e-07    -3.02069e-07
1.157519e-06    1.334699e-06    1.446341e-06    1.325398e-07    -2.750346e-06    1.938578e-07    -8.431933e-07    -5.967358e-07    2.027902e-06    8.231542e-08
2.021589e-07    3.177955e-07    3.448161e-07    -9.675833e-09    -3.568076e-07    1.489974e-07    -1.561265e-07    -3.02069e-07    8.231542e-08    1.394023e-07
