2.824795e-06    2.32684e-08    -4.005137e-07    7.244122e-07    -1.687462e-06    -5.218266e-07    2.333762e-06    -1.79366e-07    5.837703e-07    3.802866e-08
2.32684e-08    9.764566e-07    3.793033e-07    -1.450308e-07    -6.205036e-07    -6.849644e-07    7.675961e-07    1.120105e-06    -6.254086e-07    -1.522052e-07
-4.005137e-07    3.793033e-07    1.657109e-06    3.438411e-09    -1.080412e-06    -8.128045e-07    9.510796e-07    8.532108e-07    -5.494954e-07    -2.245486e-07
7.244122e-07    -1.450308e-07    3.438411e-09    1.413583e-06    -1.065945e-06    -7.235842e-07    9.803059e-07    2.836883e-07    8.528593e-07    -6.82194e-08
-1.687462e-06    -6.205036e-07    -1.080412e-06    -1.065945e-06    2.704583e-06    1.554628e-06    -2.725438e-06    -1.158234e-06    -2.854426e-07    2.517892e-07
-5.218266e-07    -6.849644e-07    -8.128045e-07    -7.235842e-07    1.554628e-06    1.62064e-06    -1.651653e-06    -1.458043e-06    1.938578e-07    1.489974e-07
2.333762e-06    7.675961e-07    9.510796e-07    9.803059e-07    -2.725438e-06    -1.651653e-06    4.443923e-06    7.937537e-07    -8.431933e-07    -1.561265e-07
-1.79366e-07    1.120105e-06    8.532108e-07    2.836883e-07    -1.158234e-06    -1.458043e-06    7.937537e-07    2.179687e-06    -5.967358e-07    -3.02069e-07
5.837703e-07    -6.254086e-07    -5.494954e-07    8.528593e-07    -2.854426e-07    1.938578e-07    -8.431933e-07    -5.967358e-07    2.027902e-06    8.231542e-08
3.802866e-08    -1.522052e-07    -2.245486e-07    -6.82194e-08    2.517892e-07    1.489974e-07    -1.561265e-07    -3.02069e-07    8.231542e-08    1.394023e-07
