4.849772e-06    -3.047043e-06    -7.490563e-06    1.542418e-06    1.861612e-06    4.749586e-08    -4.26823e-07    3.942875e-07    -9.643785e-07    -4.611437e-07
-3.047043e-06    7.856725e-06    1.943641e-06    -1.931082e-06    -1.853322e-06    1.094733e-06    -3.367498e-07    -1.008616e-06    1.435467e-06    1.672513e-07
-7.490563e-06    1.943641e-06    2.079375e-05    -5.712522e-06    -7.156094e-06    -1.882823e-07    9.559051e-07    -1.581951e-06    3.526036e-06    9.758886e-07
1.542418e-06    -1.931082e-06    -5.712522e-06    3.202605e-06    2.5928e-06    -8.854028e-07    5.59719e-07    1.425575e-06    -1.639923e-06    -3.019148e-07
1.861612e-06    -1.853322e-06    -7.156094e-06    2.5928e-06    3.888566e-06    4.958749e-08    -9.505501e-07    6.183987e-07    -1.846675e-06    -1.927225e-07
4.749586e-08    1.094733e-06    -1.882823e-07    -8.854028e-07    4.958749e-08    1.62064e-06    -1.651653e-06    -1.458043e-06    1.938578e-07    1.489974e-07
-4.26823e-07    -3.367498e-07    9.559051e-07    5.59719e-07    -9.505501e-07    -1.651653e-06    4.443923e-06    7.937537e-07    -8.431933e-07    -1.561265e-07
3.942875e-07    -1.008616e-06    -1.581951e-06    1.425575e-06    6.183987e-07    -1.458043e-06    7.937537e-07    2.179687e-06    -5.967358e-07    -3.02069e-07
-9.643785e-07    1.435467e-06    3.526036e-06    -1.639923e-06    -1.846675e-06    1.938578e-07    -8.431933e-07    -5.967358e-07    2.027902e-06    8.231542e-08
-4.611437e-07    1.672513e-07    9.758886e-07    -3.019148e-07    -1.927225e-07    1.489974e-07    -1.561265e-07    -3.02069e-07    8.231542e-08    1.394023e-07
