1.895892e-06    2.157595e-06    4.194005e-07    -4.144055e-07    -1.334651e-06    -1.153855e-06    3.592539e-07    3.573073e-07    -4.015303e-07    6.569013e-07    -1.034664e-06    -1.49626e-06    -2.777662e-07    -3.150987e-07    1.367095e-06    -1.723774e-06    3.352767e-06    2.170339e-06    -2.050047e-06    -9.753555e-07    1.003645e-07    -2.31243e-07    1.265517e-07    -8.839982e-07    -1.428729e-07    -2.493476e-06    -7.570565e-07    2.346897e-06    3.720113e-07    4.422067e-07    5.283482e-07    -1.784392e-06    -1.822261e-06    6.426932e-07    9.324382e-07    -2.770753e-07    -4.178785e-07    -6.637093e-07    2.7461e-07    1.450644e-06
2.157595e-06    1.204235e-05    6.41291e-06    -7.662621e-07    -6.450913e-06    -3.81077e-06    -3.183905e-07    7.994876e-07    -2.068014e-06    2.934337e-06    -3.596334e-06    -5.281109e-06    -3.668015e-06    -1.00007e-06    4.995784e-06    -8.381776e-06    1.50652e-05    9.33742e-06    -1.020525e-05    -2.761882e-06    8.170719e-07    -2.27124e-06    -7.905217e-08    -2.959835e-06    -1.931535e-07    -1.315402e-05    5.428462e-07    1.24726e-05    3.0319e-06    -8.096912e-07    1.404469e-06    -7.701816e-06    -6.448709e-06    2.910217e-06    4.015944e-06    -1.344175e-06    -3.608955e-06    -4.649173e-06    2.987626e-06    7.241763e-06
4.194005e-07    6.41291e-06    6.045488e-06    9.926894e-07    -4.932386e-06    -1.730962e-06    -5.680174e-07    -3.361093e-07    -2.297855e-06    2.481947e-06    -1.408667e-06    -1.84463e-06    -2.803652e-06    -1.061525e-06    3.023653e-06    -5.484406e-06    9.305214e-06    6.324797e-06    -5.87727e-06    -1.538787e-06    1.708825e-06    -2.788915e-06    -1.011623e-06    -1.145027e-06    4.273897e-08    -8.442237e-06    2.103794e-06    9.771483e-06    1.602047e-06    -1.794174e-06    8.428094e-07    -5.121735e-06    -4.001417e-06    1.482009e-06    3.093749e-06    -8.56205e-07    -2.435885e-06    -2.733288e-06    2.060559e-06    4.829011e-06
-4.144055e-07    -7.662621e-07    9.926894e-07    3.37897e-06    -1.880869e-06    -3.388829e-07    -5.302545e-07    2.630307e-07    -5.407221e-07    4.878402e-07    8.508565e-07    4.956221e-07    -7.817945e-07    6.433082e-07    -1.470891e-06    4.697929e-08    2.028143e-06    -6.292716e-08    -3.746938e-07    -1.216642e-07    1.259876e-06    -1.594927e-06    -9.730812e-07    8.467758e-07    -2.711312e-08    4.514823e-07    1.11922e-06    1.463433e-06    9.278919e-07    -6.020362e-07    4.117993e-07    -7.312835e-07    -2.724062e-07    1.805709e-07    8.439349e-08    -6.446127e-07    8.448952e-07    2.193612e-07    -3.182862e-07    3.73219e-07
-1.334651e-06    -6.450913e-06    -4.932386e-06    -1.880869e-06    7.032047e-06    2.522637e-06    1.137698e-06    9.679257e-08    1.431405e-06    -2.818977e-06    1.364413e-06    2.296398e-06    2.435183e-06    1.879731e-07    -1.571139e-06    5.67191e-06    -1.141559e-05    -6.307162e-06    6.472871e-06    1.992462e-06    -2.170028e-06    3.401358e-06    1.639862e-06    3.363082e-07    1.033773e-07    6.567607e-06    -1.11607e-06    -9.314577e-06    -2.133729e-06    2.371043e-06    -1.396541e-06    5.657798e-06    4.723423e-06    -1.800694e-06    -2.994842e-06    1.804685e-06    1.377887e-06    2.130121e-06    -1.8185e-06    -4.708337e-06
-1.153855e-06    -3.81077e-06    -1.730962e-06    -3.388829e-07    2.522637e-06    2.824795e-06    2.32684e-08    -4.005137e-07    7.244122e-07    -1.687462e-06    1.910528e-06    1.757433e-06    -2.813382e-08    -8.074431e-08    -8.514131e-07    2.982795e-06    -6.739922e-06    -2.161828e-06    3.357131e-06    7.60921e-07    -5.218266e-07    2.333762e-06    -1.79366e-07    5.837703e-07    3.802866e-08    4.833258e-06    -1.249484e-07    -5.639351e-06    -5.833466e-07    -3.201245e-07    -7.894283e-07    2.587623e-06    2.838606e-06    -8.401316e-07    -1.638008e-06    -3.228049e-07    1.463732e-06    2.485632e-06    -5.664419e-07    -3.179661e-06
3.592539e-07    -3.183905e-07    -5.680174e-07    -5.302545e-07    1.137698e-06    2.32684e-08    9.764566e-07    3.793033e-07    -1.450308e-07    -6.205036e-07    -4.646083e-07    -4.463274e-07    1.295456e-07    -6.458073e-07    1.032528e-06    7.88113e-07    -9.494851e-07    -8.47121e-07    3.772829e-07    1.475542e-07    -6.849644e-07    7.675961e-07    1.120105e-06    -6.254086e-07    -1.522052e-07    -1.314258e-07    -4.291845e-07    -8.395712e-07    -2.669957e-07    1.197252e-06    -3.13774e-07    3.563213e-07    3.217838e-07    -3.340724e-07    1.31282e-07    7.48323e-07    -2.718635e-07    -1.081606e-07    -2.129276e-08    -3.847704e-07
3.573073e-07    7.994876e-07    -3.361093e-07    2.630307e-07    9.679257e-08    -4.005137e-07    3.793033e-07    1.657109e-06    3.438411e-09    -1.080412e-06    -2.713456e-08    -1.102939e-06    -1.140927e-06    2.975529e-07    5.03306e-07    2.280607e-08    1.171741e-06    -4.493576e-07    -6.846162e-07    1.667019e-07    -8.128045e-07    9.510796e-07    8.532108e-07    -5.494954e-07    -2.245486e-07    -3.341071e-09    -2.323063e-07    -1.344305e-06    2.260701e-07    7.948175e-07    -1.471291e-07    -4.824205e-07    3.607956e-07    4.116403e-07    -3.315424e-07    3.07584e-08    2.589467e-07    -1.146989e-07    -2.461636e-07    -6.286566e-08
-4.015303e-07    -2.068014e-06    -2.297855e-06    -5.407221e-07    1.431405e-06    7.244122e-07    -1.450308e-07    3.438411e-09    1.413583e-06    -1.065945e-06    5.64189e-07    5.119489e-07    7.454318e-07    7.694917e-07    -1.12944e-06    1.855713e-06    -3.146833e-06    -2.048398e-06    1.846965e-06    4.432908e-07    -7.235842e-07    9.803059e-07    2.836883e-07    8.528593e-07    -6.82194e-08    3.751115e-06    -9.293544e-07    -4.32913e-06    -5.146782e-07    9.105573e-07    -3.966315e-08    1.6834e-06    1.206219e-06    -2.690225e-07    -1.204324e-06    1.441681e-08    8.564751e-07    1.024696e-06    -3.421059e-07    -1.837077e-06
6.569013e-07    2.934337e-06    2.481947e-06    4.878402e-07    -2.818977e-06    -1.687462e-06    -6.205036e-07    -1.080412e-06    -1.065945e-06    2.704583e-06    -1.333583e-06    -4.975041e-07    6.022211e-07    -1.241746e-07    -6.771665e-08    -2.880455e-06    4.961495e-06    2.950396e-06    -2.517657e-06    -9.089981e-07    1.554628e-06    -2.725438e-06    -1.158234e-06    -2.854426e-07    2.517892e-07    -4.445454e-06    5.184317e-07    6.876839e-06    7.173678e-07    -1.798991e-06    5.572209e-07    -2.087023e-06    -2.453902e-06    4.630599e-07    1.621567e-06    -5.114816e-07    -9.110467e-07    -1.670948e-06    3.118941e-07    3.060813e-06
-1.034664e-06    -3.596334e-06    -1.408667e-06    8.508565e-07    1.364413e-06    1.910528e-06    -4.646083e-07    -2.713456e-08    5.64189e-07    -1.333583e-06    4.065874e-06    1.444463e-06    -1.30919e-06    1.393739e-06    -2.555243e-06    1.538193e-06    -4.713683e-06    -1.145648e-06    2.568358e-06    1.07069e-06    2.145659e-07    1.337031e-06    -1.064876e-06    1.064139e-06    9.549228e-08    4.614136e-06    1.772943e-07    -5.010037e-06    3.287358e-07    -1.359102e-06    -3.968937e-07    1.439748e-06    2.519893e-06    -2.310714e-07    -2.186424e-06    -8.814867e-07    1.772348e-06    2.65046e-06    -5.537307e-07    -3.206422e-06
-1.49626e-06    -5.281109e-06    -1.84463e-06    4.956221e-07    2.296398e-06    1.757433e-06    -4.463274e-07    -1.102939e-06    5.119489e-07    -4.975041e-07    1.444463e-06    3.996512e-06    2.036594e-06    -2.94904e-07    -2.130989e-06    2.797326e-06    -6.089543e-06    -3.727137e-06    4.904763e-06    1.024765e-06    1.304949e-07    -7.76563e-08    -8.001388e-07    1.900346e-06    3.644998e-07    4.4457e-06    5.879131e-07    -3.074392e-06    -1.527171e-06    -9.196018e-07    -1.831464e-07    3.597526e-06    1.974544e-06    -1.458309e-06    -1.207306e-06    9.725274e-07    1.240113e-06    1.640453e-06    -1.245713e-06    -2.917038e-06
-2.777662e-07    -3.668015e-06    -2.803652e-06    -7.817945e-07    2.435183e-06    -2.813382e-08    1.295456e-07    -1.140927e-06    7.454318e-07    6.022211e-07    -1.30919e-06    2.036594e-06    4.786242e-06    -3.044692e-07    -2.243706e-06    2.947775e-06    -4.552985e-06    -4.323515e-06    3.947966e-06    8.626069e-07    -5.30949e-08    -4.418867e-07    1.320975e-07    7.898849e-07    3.097624e-07    3.174428e-06    -5.899562e-07    -1.57907e-06    -1.914988e-06    6.134595e-09    -8.350799e-07    3.570221e-06    1.875452e-06    -1.793361e-06    -6.564204e-07    1.432416e-06    5.917957e-07    4.045883e-07    -1.762689e-06    -1.205564e-06
-3.150987e-07    -1.00007e-06    -1.061525e-06    6.433082e-07    1.879731e-07    -8.074431e-08    -6.458073e-07    2.975529e-07    7.694917e-07    -1.241746e-07    1.393739e-06    -2.94904e-07    -3.044692e-07    2.846093e-06    -3.047384e-06    5.631519e-07    -8.060287e-07    -7.359921e-07    5.497081e-07    7.044683e-07    1.35966e-07    -2.474453e-07    -5.529737e-07    7.056737e-07    1.045813e-07    3.101244e-06    -7.0826e-07    -2.363347e-06    -2.127256e-07    -2.620228e-08    1.509248e-07    2.634379e-07    9.13574e-07    8.186717e-07    -1.783774e-06    -1.318282e-06    1.494338e-06    6.486538e-07    -1.011423e-06    -2.960137e-07
1.367095e-06    4.995784e-06    3.023653e-06    -1.470891e-06    -1.571139e-06    -8.514131e-07    1.032528e-06    5.03306e-07    -1.12944e-06    -6.771665e-08    -2.555243e-06    -2.130989e-06    -2.243706e-06    -3.047384e-06    6.855159e-06    -3.352013e-06    5.565462e-06    4.455393e-06    -4.175931e-06    -1.928153e-06    -7.662568e-07    2.110049e-07    1.388572e-06    -1.540414e-06    -4.011475e-07    -6.993628e-06    5.809647e-07    4.347433e-06    5.782868e-07    2.25476e-06    9.483125e-07    -3.383907e-06    -3.78071e-06    6.481937e-07    3.3052e-06    1.315102e-06    -3.187016e-06    -2.313184e-06    2.754133e-06    2.318822e-06
-1.723774e-06    -8.381776e-06    -5.484406e-06    4.697929e-08    5.67191e-06    2.982795e-06    7.88113e-07    2.280607e-08    1.855713e-06    -2.880455e-06    1.538193e-06    2.797326e-06    2.947775e-06    5.631519e-07    -3.352013e-06    7.716902e-06    -1.213243e-05    -8.158074e-06    7.231402e-06    2.228366e-06    -1.37261e-06    2.895468e-06    1.2318e-06    1.277425e-06    -7.005998e-08    1.014209e-05    -8.988087e-07    -1.072679e-05    -2.163257e-06    1.732226e-06    -1.738228e-06    6.288421e-06    5.846736e-06    -2.296484e-06    -3.272896e-06    9.071482e-07    2.720739e-06    3.244999e-06    -2.304424e-06    -5.140198e-06
3.352767e-06    1.50652e-05    9.305214e-06    2.028143e-06    -1.141559e-05    -6.739922e-06    -9.494851e-07    1.171741e-06    -3.146833e-06    4.961495e-06    -4.713683e-06    -6.089543e-06    -4.552985e-06    -8.060287e-07    5.565462e-06    -1.213243e-05    2.44415e-05    1.208992e-05    -1.38656e-05    -3.893199e-06    2.51376e-06    -6.064602e-06    -1.16752e-06    -2.249609e-06    -2.558177e-07    -1.712755e-05    1.686285e-06    1.924746e-05    3.646246e-06    -9.113424e-07    3.088227e-06    -1.148609e-05    -1.049712e-05    4.065405e-06    6.243866e-06    -1.460335e-06    -4.711882e-06    -6.600165e-06    3.760002e-06    1.051444e-05
2.170339e-06    9.33742e-06    6.324797e-06    -6.292716e-08    -6.307162e-06    -2.161828e-06    -8.47121e-07    -4.493576e-07    -2.048398e-06    2.950396e-06    -1.145648e-06    -3.727137e-06    -4.323515e-06    -7.359921e-07    4.455393e-06    -8.158074e-06    1.208992e-05    1.090864e-05    -8.808035e-06    -3.11613e-06    1.765789e-06    -2.176004e-06    -1.64478e-06    -1.927224e-06    -5.074203e-08    -1.08898e-05    9.208207e-07    1.068321e-05    2.982958e-06    -1.382202e-06    2.036499e-06    -7.473555e-06    -6.481197e-06    2.882059e-06    3.578076e-06    -2.114325e-06    -2.885319e-06    -2.683041e-06    3.398356e-06    5.407097e-06
-2.050047e-06    -1.020525e-05    -5.87727e-06    -3.746938e-07    6.472871e-06    3.357131e-06    3.772829e-07    -6.846162e-07    1.846965e-06    -2.517657e-06    2.568358e-06    4.904763e-06    3.947966e-06    5.497081e-07    -4.175931e-06    7.231402e-06    -1.38656e-05    -8.808035e-06    9.812327e-06    2.518798e-06    -1.305804e-06    2.25017e-06    4.534735e-07    2.429193e-06    2.878615e-07    1.092766e-05    -8.574407e-07    -1.055287e-05    -2.88436e-06    -3.207416e-08    -1.55097e-06    7.511351e-06    5.93141e-06    -2.92545e-06    -3.485948e-06    1.805972e-06    3.263385e-06    3.6206e-06    -3.204842e-06    -6.505065e-06
-9.753555e-07    -2.761882e-06    -1.538787e-06    -1.216642e-07    1.992462e-06    7.60921e-07    1.475542e-07    1.667019e-07    4.432908e-07    -9.089981e-07    1.07069e-06    1.024765e-06    8.626069e-07    7.044683e-07    -1.928153e-06    2.228366e-06    -3.893199e-06    -3.11613e-06    2.518798e-06    1.462973e-06    -3.669867e-07    8.026388e-07    2.460802e-07    4.11634e-07    1.190943e-07    3.592343e-06    2.846888e-08    -3.532396e-06    -1.02879e-06    -1.871529e-07    -9.931309e-07    2.044149e-06    2.628411e-06    -7.19292e-07    -1.508784e-06    2.550483e-07    8.511833e-07    1.10169e-06    -1.076708e-06    -1.635185e-06
1.003645e-07    8.170719e-07    1.708825e-06    1.259876e-06    -2.170028e-06    -5.218266e-07    -6.849644e-07    -8.128045e-07    -7.235842e-07    1.554628e-06    2.145659e-07    1.304949e-07    -5.30949e-08    1.35966e-07    -7.662568e-07    -1.37261e-06    2.51376e-06    1.765789e-06    -1.305804e-06    -3.669867e-07    1.62064e-06    -1.651653e-06    -1.458043e-06    1.938578e-07    1.489974e-07    -1.475304e-06    9.492139e-07    3.443721e-06    5.613304e-07    -1.502926e-06    1.894157e-07    -1.317551e-06    -8.606809e-07    2.628905e-07    6.494984e-07    -8.396344e-07    -1.699835e-07    -2.012826e-07    2.178329e-07    1.464812e-06
-2.31243e-07    -2.27124e-06    -2.788915e-06    -1.594927e-06    3.401358e-06    2.333762e-06    7.675961e-07    9.510796e-07    9.803059e-07    -2.725438e-06    1.337031e-06    -7.76563e-08    -4.418867e-07    -2.474453e-07    2.110049e-07    2.895468e-06    -6.064602e-06    -2.176004e-06    2.25017e-06    8.026388e-07    -1.651653e-06    4.443923e-06    7.937537e-07    -8.431933e-07    -1.561265e-07    4.191164e-06    -1.080597e-06    -7.488805e-06    -3.176973e-07    1.079228e-06    -1.214357e-06    2.183124e-06    3.273452e-06    -4.62933e-07    -2.008655e-06    -2.393853e-07    1.145052e-06    2.491152e-06    -4.925644e-07    -3.361186e-06
1.265517e-07    -7.905217e-08    -1.011623e-06    -9.730812e-07    1.639862e-06    -1.79366e-07    1.120105e-06    8.532108e-07    2.836883e-07    -1.158234e-06    -1.064876e-06    -8.001388e-07    1.320975e-07    -5.529737e-07    1.388572e-06    1.2318e-06    -1.16752e-06    -1.64478e-06    4.534735e-07    2.460802e-07    -1.458043e-06    7.937537e-07    2.179687e-06    -5.967358e-07    -3.02069e-07    2.182158e-08    -6.786923e-07    -1.719542e-06    -4.649942e-07    2.008624e-06    -2.474464e-07    7.42315e-07    3.137003e-07    -3.858603e-07    1.326879e-07    1.265098e-06    -4.773753e-07    -7.230748e-07    1.283577e-07    -3.874088e-07
-8.839982e-07    -2.959835e-06    -1.145027e-06    8.467758e-07    3.363082e-07    5.837703e-07    -6.254086e-07    -5.494954e-07    8.528593e-07    -2.854426e-07    1.064139e-06    1.900346e-06    7.898849e-07    7.056737e-07    -1.540414e-06    1.277425e-06    -2.249609e-06    -1.927224e-06    2.429193e-06    4.11634e-07    1.938578e-07    -8.431933e-07    -5.967358e-07    2.027902e-06    8.231542e-08    3.481402e-06    1.183993e-07    -2.128603e-06    -7.204075e-07    -2.152221e-07    3.697433e-07    1.499291e-06    5.577851e-07    -5.226158e-07    -6.14975e-07    3.627551e-07    9.158956e-07    7.782882e-07    -4.945819e-07    -1.574333e-06
-1.428729e-07    -1.931535e-07    4.273897e-08    -2.711312e-08    1.033773e-07    3.802866e-08    -1.522052e-07    -2.245486e-07    -6.82194e-08    2.517892e-07    9.549228e-08    3.644998e-07    3.097624e-07    1.045813e-07    -4.011475e-07    -7.005998e-08    -2.558177e-07    -5.074203e-08    2.878615e-07    1.190943e-07    1.489974e-07    -1.561265e-07    -3.02069e-07    8.231542e-08    1.394023e-07    9.756733e-08    9.613616e-08    2.545512e-07    -1.678845e-07    -4.339659e-07    -3.654186e-08    1.956457e-07    1.112868e-07    -5.753832e-08    -1.178659e-07    -5.524945e-08    5.726104e-08    9.37059e-08    -1.964604e-07    -3.415367e-08
-2.493476e-06    -1.315402e-05    -8.442237e-06    4.514823e-07    6.567607e-06    4.833258e-06    -1.314258e-07    -3.341071e-09    3.751115e-06    -4.445454e-06    4.614136e-06    4.4457e-06    3.174428e-06    3.101244e-06    -6.993628e-06    1.014209e-05    -1.712755e-05    -1.08898e-05    1.092766e-05    3.592343e-06    -1.475304e-06    4.191164e-06    2.182158e-08    3.481402e-06    9.756733e-08    1.954222e-05    -1.737348e-06    -1.898621e-05    -3.820782e-06    9.159736e-07    -2.014746e-06    8.264064e-06    8.663402e-06    -2.441927e-06    -5.928042e-06    -4.732333e-07    5.405241e-06    6.861535e-06    -3.586702e-06    -9.00764e-06
-7.570565e-07    5.428462e-07    2.103794e-06    1.11922e-06    -1.11607e-06    -1.249484e-07    -4.291845e-07    -2.323063e-07    -9.293544e-07    5.184317e-07    1.772943e-07    5.879131e-07    -5.899562e-07    -7.0826e-07    5.809647e-07    -8.988087e-07    1.686285e-06    9.208207e-07    -8.574407e-07    2.846888e-08    9.492139e-07    -1.080597e-06    -6.786923e-07    1.183993e-07    9.613616e-08    -1.737348e-06    2.328116e-06    2.061881e-06    -2.440185e-07    -3.453083e-07    -5.745007e-08    -8.962553e-07    -2.435023e-07    -1.950855e-08    7.664498e-07    3.634887e-07    -1.100943e-06    -5.873323e-07    7.706128e-07    9.38447e-07
2.346897e-06    1.24726e-05    9.771483e-06    1.463433e-06    -9.314577e-06    -5.639351e-06    -8.395712e-07    -1.344305e-06    -4.32913e-06    6.876839e-06    -5.010037e-06    -3.074392e-06    -1.57907e-06    -2.363347e-06    4.347433e-06    -1.072679e-05    1.924746e-05    1.068321e-05    -1.055287e-05    -3.532396e-06    3.443721e-06    -7.488805e-06    -1.719542e-06    -2.128603e-06    2.545512e-07    -1.898621e-05    2.061881e-06    2.370788e-05    3.645123e-06    -4.239654e-06    2.098279e-06    -8.533865e-06    -9.261205e-06    2.069432e-06    6.548146e-06    -4.696255e-07    -4.374318e-06    -7.026041e-06    2.360565e-06    1.067859e-05
3.720113e-07    3.0319e-06    1.602047e-06    9.278919e-07    -2.133729e-06    -5.833466e-07    -2.669957e-07    2.260701e-07    -5.146782e-07    7.173678e-07    3.287358e-07    -1.527171e-06    -1.914988e-06    -2.127256e-07    5.782868e-07    -2.163257e-06    3.646246e-06    2.982958e-06    -2.88436e-06    -1.02879e-06    5.613304e-07    -3.176973e-07    -4.649942e-07    -7.204075e-07    -1.678845e-07    -3.820782e-06    -2.440185e-07    3.645123e-06    3.125698e-06    -1.676828e-06    3.22197e-07    -2.032187e-06    -1.415145e-06    6.064202e-07    8.09342e-07    -1.099736e-06    -1.20655e-08    -5.869326e-07    7.444184e-07    1.195243e-06
4.422067e-07    -8.096912e-07    -1.794174e-06    -6.020362e-07    2.371043e-06    -3.201245e-07    1.197252e-06    7.948175e-07    9.105573e-07    -1.798991e-06    -1.359102e-06    -9.196018e-07    6.134595e-09    -2.620228e-08    2.25476e-06    1.732226e-06    -9.113424e-07    -1.382202e-06    -3.207416e-08    -1.871529e-07    -1.502926e-06    1.079228e-06    2.008624e-06    -2.152221e-07    -4.339659e-07    9.159736e-07    -3.453083e-07    -4.239654e-06    -1.676828e-06    6.966204e-06    1.087939e-06    3.270478e-07    -1.009066e-06    6.587218e-07    -1.113245e-07    1.611709e-06    -1.48224e-06    -8.4456e-07    1.216983e-06    -4.399733e-07
5.283482e-07    1.404469e-06    8.428094e-07    4.117993e-07    -1.396541e-06    -7.894283e-07    -3.13774e-07    -1.471291e-07    -3.966315e-08    5.572209e-07    -3.968937e-07    -1.831464e-07    -8.350799e-07    1.509248e-07    9.483125e-07    -1.738228e-06    3.088227e-06    2.036499e-06    -1.55097e-06    -9.931309e-07    1.894157e-07    -1.214357e-06    -2.474464e-07    3.697433e-07    -3.654186e-08    -2.014746e-06    -5.745007e-08    2.098279e-06    3.22197e-07    1.087939e-06    1.596467e-06    -1.429157e-06    -2.774452e-06    9.084157e-07    8.853961e-07    8.039563e-09    -7.232441e-07    -9.619061e-07    9.880181e-07    9.448729e-07
-1.784392e-06    -7.701816e-06    -5.121735e-06    -7.312835e-07    5.657798e-06    2.587623e-06    3.563213e-07    -4.824205e-07    1.6834e-06    -2.087023e-06    1.439748e-06    3.597526e-06    3.570221e-06    2.634379e-07    -3.383907e-06    6.288421e-06    -1.148609e-05    -7.473555e-06    7.511351e-06    2.044149e-06    -1.317551e-06    2.183124e-06    7.42315e-07    1.499291e-06    1.956457e-07    8.264064e-06    -8.962553e-07    -8.533865e-06    -2.032187e-06    3.270478e-07    -1.429157e-06    6.479871e-06    4.988231e-06    -2.458281e-06    -2.908665e-06    1.458935e-06    2.35419e-06    2.593749e-06    -2.440178e-06    -4.929883e-06
-1.822261e-06    -6.448709e-06    -4.001417e-06    -2.724062e-07    4.723423e-06    2.838606e-06    3.217838e-07    3.607956e-07    1.206219e-06    -2.453902e-06    2.519893e-06    1.974544e-06    1.875452e-06    9.13574e-07    -3.78071e-06    5.846736e-06    -1.049712e-05    -6.481197e-06    5.93141e-06    2.628411e-06    -8.606809e-07    3.273452e-06    3.137003e-07    5.577851e-07    1.112868e-07    8.663402e-06    -2.435023e-07    -9.261205e-06    -1.415145e-06    -1.009066e-06    -2.774452e-06    4.988231e-06    6.890727e-06    -1.949096e-06    -3.549198e-06    -3.581304e-08    2.784673e-06    3.437876e-06    -2.589172e-06    -4.419195e-06
6.426932e-07    2.910217e-06    1.482009e-06    1.805709e-07    -1.800694e-06    -8.401316e-07    -3.340724e-07    4.116403e-07    -2.690225e-07    4.630599e-07    -2.310714e-07    -1.458309e-06    -1.793361e-06    8.186717e-07    6.481937e-07    -2.296484e-06    4.065405e-06    2.882059e-06    -2.92545e-06    -7.19292e-07    2.628905e-07    -4.62933e-07    -3.858603e-07    -5.226158e-07    -5.753832e-08    -2.441927e-06    -1.950855e-08    2.069432e-06    6.064202e-07    6.587218e-07    9.084157e-07    -2.458281e-06    -1.949096e-06    1.660576e-06    3.2462e-07    -1.070875e-06    -5.219724e-07    -8.7646e-07    7.919642e-07    1.802266e-06
9.324382e-07    4.015944e-06    3.093749e-06    8.439349e-08    -2.994842e-06    -1.638008e-06    1.31282e-07    -3.315424e-07    -1.204324e-06    1.621567e-06    -2.186424e-06    -1.207306e-06    -6.564204e-07    -1.783774e-06    3.3052e-06    -3.272896e-06    6.243866e-06    3.578076e-06    -3.485948e-06    -1.508784e-06    6.494984e-07    -2.008655e-06    1.326879e-07    -6.14975e-07    -1.178659e-07    -5.928042e-06    7.664498e-07    6.548146e-06    8.09342e-07    -1.113245e-07    8.853961e-07    -2.908665e-06    -3.549198e-06    3.2462e-07    2.98175e-06    6.114218e-07    -2.137152e-06    -2.242777e-06    1.656667e-06    2.87581e-06
-2.770753e-07    -1.344175e-06    -8.56205e-07    -6.446127e-07    1.804685e-06    -3.228049e-07    7.48323e-07    3.07584e-08    1.441681e-08    -5.114816e-07    -8.814867e-07    9.725274e-07    1.432416e-06    -1.318282e-06    1.315102e-06    9.071482e-07    -1.460335e-06    -2.114325e-06    1.805972e-06    2.550483e-07    -8.396344e-07    -2.393853e-07    1.265098e-06    3.627551e-07    -5.524945e-08    -4.732333e-07    3.634887e-07    -4.696255e-07    -1.099736e-06    1.611709e-06    8.039563e-09    1.458935e-06    -3.581304e-08    -1.070875e-06    6.114218e-07    2.558072e-06    -1.030405e-06    -9.521974e-07    7.201107e-08    -8.596367e-07
-4.178785e-07    -3.608955e-06    -2.435885e-06    8.448952e-07    1.377887e-06    1.463732e-06    -2.718635e-07    2.589467e-07    8.564751e-07    -9.110467e-07    1.772348e-06    1.240113e-06    5.917957e-07    1.494338e-06    -3.187016e-06    2.720739e-06    -4.711882e-06    -2.885319e-06    3.263385e-06    8.511833e-07    -1.699835e-07    1.145052e-06    -4.773753e-07    9.158956e-07    5.726104e-08    5.405241e-06    -1.100943e-06    -4.374318e-06    -1.20655e-08    -1.48224e-06    -7.232441e-07    2.35419e-06    2.784673e-06    -5.219724e-07    -2.137152e-06    -1.030405e-06    3.057108e-06    2.216349e-06    -2.152236e-06    -2.453138e-06
-6.637093e-07    -4.649173e-06    -2.733288e-06    2.193612e-07    2.130121e-06    2.485632e-06    -1.081606e-07    -1.146989e-07    1.024696e-06    -1.670948e-06    2.65046e-06    1.640453e-06    4.045883e-07    6.486538e-07    -2.313184e-06    3.244999e-06    -6.600165e-06    -2.683041e-06    3.6206e-06    1.10169e-06    -2.012826e-07    2.491152e-06    -7.230748e-07    7.782882e-07    9.37059e-08    6.861535e-06    -5.873323e-07    -7.026041e-06    -5.869326e-07    -8.4456e-07    -9.619061e-07    2.593749e-06    3.437876e-06    -8.7646e-07    -2.242777e-06    -9.521974e-07    2.216349e-06    3.62826e-06    -1.11566e-06    -3.904295e-06
2.7461e-07    2.987626e-06    2.060559e-06    -3.182862e-07    -1.8185e-06    -5.664419e-07    -2.129276e-08    -2.461636e-07    -3.421059e-07    3.118941e-07    -5.537307e-07    -1.245713e-06    -1.762689e-06    -1.011423e-06    2.754133e-06    -2.304424e-06    3.760002e-06    3.398356e-06    -3.204842e-06    -1.076708e-06    2.178329e-07    -4.925644e-07    1.283577e-07    -4.945819e-07    -1.964604e-07    -3.586702e-06    7.706128e-07    2.360565e-06    7.444184e-07    1.216983e-06    9.880181e-07    -2.440178e-06    -2.589172e-06    7.919642e-07    1.656667e-06    7.201107e-08    -2.152236e-06    -1.11566e-06    2.469577e-06    1.343457e-06
1.450644e-06    7.241763e-06    4.829011e-06    3.73219e-07    -4.708337e-06    -3.179661e-06    -3.847704e-07    -6.286566e-08    -1.837077e-06    3.060813e-06    -3.206422e-06    -2.917038e-06    -1.205564e-06    -2.960137e-07    2.318822e-06    -5.140198e-06    1.051444e-05    5.407097e-06    -6.505065e-06    -1.635185e-06    1.464812e-06    -3.361186e-06    -3.874088e-07    -1.574333e-06    -3.415367e-08    -9.00764e-06    9.38447e-07    1.067859e-05    1.195243e-06    -4.399733e-07    9.448729e-07    -4.929883e-06    -4.419195e-06    1.802266e-06    2.87581e-06    -8.596367e-07    -2.453138e-06    -3.904295e-06    1.343457e-06    6.550864e-06
