1.895892e-06    2.157595e-06    4.194005e-07    -4.144055e-07    -1.334651e-06    -1.034664e-06    -1.49626e-06    -2.777662e-07    -3.150987e-07    1.367095e-06    -1.723774e-06    3.352767e-06    2.170339e-06    -2.050047e-06    -9.753555e-07    1.003645e-07    -2.31243e-07    1.265517e-07    -8.839982e-07    -1.428729e-07    5.283482e-07    -1.784392e-06    -1.822261e-06    6.426932e-07    9.324382e-07    -2.770753e-07    -4.178785e-07    -6.637093e-07    2.7461e-07    1.450644e-06
2.157595e-06    1.204235e-05    6.41291e-06    -7.662621e-07    -6.450913e-06    -3.596334e-06    -5.281109e-06    -3.668015e-06    -1.00007e-06    4.995784e-06    -8.381776e-06    1.50652e-05    9.33742e-06    -1.020525e-05    -2.761882e-06    8.170719e-07    -2.27124e-06    -7.905217e-08    -2.959835e-06    -1.931535e-07    1.404469e-06    -7.701816e-06    -6.448709e-06    2.910217e-06    4.015944e-06    -1.344175e-06    -3.608955e-06    -4.649173e-06    2.987626e-06    7.241763e-06
4.194005e-07    6.41291e-06    6.045488e-06    9.926894e-07    -4.932386e-06    -1.408667e-06    -1.84463e-06    -2.803652e-06    -1.061525e-06    3.023653e-06    -5.484406e-06    9.305214e-06    6.324797e-06    -5.87727e-06    -1.538787e-06    1.708825e-06    -2.788915e-06    -1.011623e-06    -1.145027e-06    4.273897e-08    8.428094e-07    -5.121735e-06    -4.001417e-06    1.482009e-06    3.093749e-06    -8.56205e-07    -2.435885e-06    -2.733288e-06    2.060559e-06    4.829011e-06
-4.144055e-07    -7.662621e-07    9.926894e-07    3.37897e-06    -1.880869e-06    8.508565e-07    4.956221e-07    -7.817945e-07    6.433082e-07    -1.470891e-06    4.697929e-08    2.028143e-06    -6.292716e-08    -3.746938e-07    -1.216642e-07    1.259876e-06    -1.594927e-06    -9.730812e-07    8.467758e-07    -2.711312e-08    4.117993e-07    -7.312835e-07    -2.724062e-07    1.805709e-07    8.439349e-08    -6.446127e-07    8.448952e-07    2.193612e-07    -3.182862e-07    3.73219e-07
-1.334651e-06    -6.450913e-06    -4.932386e-06    -1.880869e-06    7.032047e-06    1.364413e-06    2.296398e-06    2.435183e-06    1.879731e-07    -1.571139e-06    5.67191e-06    -1.141559e-05    -6.307162e-06    6.472871e-06    1.992462e-06    -2.170028e-06    3.401358e-06    1.639862e-06    3.363082e-07    1.033773e-07    -1.396541e-06    5.657798e-06    4.723423e-06    -1.800694e-06    -2.994842e-06    1.804685e-06    1.377887e-06    2.130121e-06    -1.8185e-06    -4.708337e-06
-1.034664e-06    -3.596334e-06    -1.408667e-06    8.508565e-07    1.364413e-06    4.065874e-06    1.444463e-06    -1.30919e-06    1.393739e-06    -2.555243e-06    1.538193e-06    -4.713683e-06    -1.145648e-06    2.568358e-06    1.07069e-06    2.145659e-07    1.337031e-06    -1.064876e-06    1.064139e-06    9.549228e-08    -3.968937e-07    1.439748e-06    2.519893e-06    -2.310714e-07    -2.186424e-06    -8.814867e-07    1.772348e-06    2.65046e-06    -5.537307e-07    -3.206422e-06
-1.49626e-06    -5.281109e-06    -1.84463e-06    4.956221e-07    2.296398e-06    1.444463e-06    3.996512e-06    2.036594e-06    -2.94904e-07    -2.130989e-06    2.797326e-06    -6.089543e-06    -3.727137e-06    4.904763e-06    1.024765e-06    1.304949e-07    -7.76563e-08    -8.001388e-07    1.900346e-06    3.644998e-07    -1.831464e-07    3.597526e-06    1.974544e-06    -1.458309e-06    -1.207306e-06    9.725274e-07    1.240113e-06    1.640453e-06    -1.245713e-06    -2.917038e-06
-2.777662e-07    -3.668015e-06    -2.803652e-06    -7.817945e-07    2.435183e-06    -1.30919e-06    2.036594e-06    4.786242e-06    -3.044692e-07    -2.243706e-06    2.947775e-06    -4.552985e-06    -4.323515e-06    3.947966e-06    8.626069e-07    -5.30949e-08    -4.418867e-07    1.320975e-07    7.898849e-07    3.097624e-07    -8.350799e-07    3.570221e-06    1.875452e-06    -1.793361e-06    -6.564204e-07    1.432416e-06    5.917957e-07    4.045883e-07    -1.762689e-06    -1.205564e-06
-3.150987e-07    -1.00007e-06    -1.061525e-06    6.433082e-07    1.879731e-07    1.393739e-06    -2.94904e-07    -3.044692e-07    2.846093e-06    -3.047384e-06    5.631519e-07    -8.060287e-07    -7.359921e-07    5.497081e-07    7.044683e-07    1.35966e-07    -2.474453e-07    -5.529737e-07    7.056737e-07    1.045813e-07    1.509248e-07    2.634379e-07    9.13574e-07    8.186717e-07    -1.783774e-06    -1.318282e-06    1.494338e-06    6.486538e-07    -1.011423e-06    -2.960137e-07
1.367095e-06    4.995784e-06    3.023653e-06    -1.470891e-06    -1.571139e-06    -2.555243e-06    -2.130989e-06    -2.243706e-06    -3.047384e-06    6.855159e-06    -3.352013e-06    5.565462e-06    4.455393e-06    -4.175931e-06    -1.928153e-06    -7.662568e-07    2.110049e-07    1.388572e-06    -1.540414e-06    -4.011475e-07    9.483125e-07    -3.383907e-06    -3.78071e-06    6.481937e-07    3.3052e-06    1.315102e-06    -3.187016e-06    -2.313184e-06    2.754133e-06    2.318822e-06
-1.723774e-06    -8.381776e-06    -5.484406e-06    4.697929e-08    5.67191e-06    1.538193e-06    2.797326e-06    2.947775e-06    5.631519e-07    -3.352013e-06    7.716902e-06    -1.213243e-05    -8.158074e-06    7.231402e-06    2.228366e-06    -1.37261e-06    2.895468e-06    1.2318e-06    1.277425e-06    -7.005998e-08    -1.738228e-06    6.288421e-06    5.846736e-06    -2.296484e-06    -3.272896e-06    9.071482e-07    2.720739e-06    3.244999e-06    -2.304424e-06    -5.140198e-06
3.352767e-06    1.50652e-05    9.305214e-06    2.028143e-06    -1.141559e-05    -4.713683e-06    -6.089543e-06    -4.552985e-06    -8.060287e-07    5.565462e-06    -1.213243e-05    2.44415e-05    1.208992e-05    -1.38656e-05    -3.893199e-06    2.51376e-06    -6.064602e-06    -1.16752e-06    -2.249609e-06    -2.558177e-07    3.088227e-06    -1.148609e-05    -1.049712e-05    4.065405e-06    6.243866e-06    -1.460335e-06    -4.711882e-06    -6.600165e-06    3.760002e-06    1.051444e-05
2.170339e-06    9.33742e-06    6.324797e-06    -6.292716e-08    -6.307162e-06    -1.145648e-06    -3.727137e-06    -4.323515e-06    -7.359921e-07    4.455393e-06    -8.158074e-06    1.208992e-05    1.090864e-05    -8.808035e-06    -3.11613e-06    1.765789e-06    -2.176004e-06    -1.64478e-06    -1.927224e-06    -5.074203e-08    2.036499e-06    -7.473555e-06    -6.481197e-06    2.882059e-06    3.578076e-06    -2.114325e-06    -2.885319e-06    -2.683041e-06    3.398356e-06    5.407097e-06
-2.050047e-06    -1.020525e-05    -5.87727e-06    -3.746938e-07    6.472871e-06    2.568358e-06    4.904763e-06    3.947966e-06    5.497081e-07    -4.175931e-06    7.231402e-06    -1.38656e-05    -8.808035e-06    9.812327e-06    2.518798e-06    -1.305804e-06    2.25017e-06    4.534735e-07    2.429193e-06    2.878615e-07    -1.55097e-06    7.511351e-06    5.93141e-06    -2.92545e-06    -3.485948e-06    1.805972e-06    3.263385e-06    3.6206e-06    -3.204842e-06    -6.505065e-06
-9.753555e-07    -2.761882e-06    -1.538787e-06    -1.216642e-07    1.992462e-06    1.07069e-06    1.024765e-06    8.626069e-07    7.044683e-07    -1.928153e-06    2.228366e-06    -3.893199e-06    -3.11613e-06    2.518798e-06    1.462973e-06    -3.669867e-07    8.026388e-07    2.460802e-07    4.11634e-07    1.190943e-07    -9.931309e-07    2.044149e-06    2.628411e-06    -7.19292e-07    -1.508784e-06    2.550483e-07    8.511833e-07    1.10169e-06    -1.076708e-06    -1.635185e-06
1.003645e-07    8.170719e-07    1.708825e-06    1.259876e-06    -2.170028e-06    2.145659e-07    1.304949e-07    -5.30949e-08    1.35966e-07    -7.662568e-07    -1.37261e-06    2.51376e-06    1.765789e-06    -1.305804e-06    -3.669867e-07    1.62064e-06    -1.651653e-06    -1.458043e-06    1.938578e-07    1.489974e-07    1.894157e-07    -1.317551e-06    -8.606809e-07    2.628905e-07    6.494984e-07    -8.396344e-07    -1.699835e-07    -2.012826e-07    2.178329e-07    1.464812e-06
-2.31243e-07    -2.27124e-06    -2.788915e-06    -1.594927e-06    3.401358e-06    1.337031e-06    -7.76563e-08    -4.418867e-07    -2.474453e-07    2.110049e-07    2.895468e-06    -6.064602e-06    -2.176004e-06    2.25017e-06    8.026388e-07    -1.651653e-06    4.443923e-06    7.937537e-07    -8.431933e-07    -1.561265e-07    -1.214357e-06    2.183124e-06    3.273452e-06    -4.62933e-07    -2.008655e-06    -2.393853e-07    1.145052e-06    2.491152e-06    -4.925644e-07    -3.361186e-06
1.265517e-07    -7.905217e-08    -1.011623e-06    -9.730812e-07    1.639862e-06    -1.064876e-06    -8.001388e-07    1.320975e-07    -5.529737e-07    1.388572e-06    1.2318e-06    -1.16752e-06    -1.64478e-06    4.534735e-07    2.460802e-07    -1.458043e-06    7.937537e-07    2.179687e-06    -5.967358e-07    -3.02069e-07    -2.474464e-07    7.42315e-07    3.137003e-07    -3.858603e-07    1.326879e-07    1.265098e-06    -4.773753e-07    -7.230748e-07    1.283577e-07    -3.874088e-07
-8.839982e-07    -2.959835e-06    -1.145027e-06    8.467758e-07    3.363082e-07    1.064139e-06    1.900346e-06    7.898849e-07    7.056737e-07    -1.540414e-06    1.277425e-06    -2.249609e-06    -1.927224e-06    2.429193e-06    4.11634e-07    1.938578e-07    -8.431933e-07    -5.967358e-07    2.027902e-06    8.231542e-08    3.697433e-07    1.499291e-06    5.577851e-07    -5.226158e-07    -6.14975e-07    3.627551e-07    9.158956e-07    7.782882e-07    -4.945819e-07    -1.574333e-06
-1.428729e-07    -1.931535e-07    4.273897e-08    -2.711312e-08    1.033773e-07    9.549228e-08    3.644998e-07    3.097624e-07    1.045813e-07    -4.011475e-07    -7.005998e-08    -2.558177e-07    -5.074203e-08    2.878615e-07    1.190943e-07    1.489974e-07    -1.561265e-07    -3.02069e-07    8.231542e-08    1.394023e-07    -3.654186e-08    1.956457e-07    1.112868e-07    -5.753832e-08    -1.178659e-07    -5.524945e-08    5.726104e-08    9.37059e-08    -1.964604e-07    -3.415367e-08
5.283482e-07    1.404469e-06    8.428094e-07    4.117993e-07    -1.396541e-06    -3.968937e-07    -1.831464e-07    -8.350799e-07    1.509248e-07    9.483125e-07    -1.738228e-06    3.088227e-06    2.036499e-06    -1.55097e-06    -9.931309e-07    1.894157e-07    -1.214357e-06    -2.474464e-07    3.697433e-07    -3.654186e-08    1.596467e-06    -1.429157e-06    -2.774452e-06    9.084157e-07    8.853961e-07    8.039563e-09    -7.232441e-07    -9.619061e-07    9.880181e-07    9.448729e-07
-1.784392e-06    -7.701816e-06    -5.121735e-06    -7.312835e-07    5.657798e-06    1.439748e-06    3.597526e-06    3.570221e-06    2.634379e-07    -3.383907e-06    6.288421e-06    -1.148609e-05    -7.473555e-06    7.511351e-06    2.044149e-06    -1.317551e-06    2.183124e-06    7.42315e-07    1.499291e-06    1.956457e-07    -1.429157e-06    6.479871e-06    4.988231e-06    -2.458281e-06    -2.908665e-06    1.458935e-06    2.35419e-06    2.593749e-06    -2.440178e-06    -4.929883e-06
-1.822261e-06    -6.448709e-06    -4.001417e-06    -2.724062e-07    4.723423e-06    2.519893e-06    1.974544e-06    1.875452e-06    9.13574e-07    -3.78071e-06    5.846736e-06    -1.049712e-05    -6.481197e-06    5.93141e-06    2.628411e-06    -8.606809e-07    3.273452e-06    3.137003e-07    5.577851e-07    1.112868e-07    -2.774452e-06    4.988231e-06    6.890727e-06    -1.949096e-06    -3.549198e-06    -3.581304e-08    2.784673e-06    3.437876e-06    -2.589172e-06    -4.419195e-06
6.426932e-07    2.910217e-06    1.482009e-06    1.805709e-07    -1.800694e-06    -2.310714e-07    -1.458309e-06    -1.793361e-06    8.186717e-07    6.481937e-07    -2.296484e-06    4.065405e-06    2.882059e-06    -2.92545e-06    -7.19292e-07    2.628905e-07    -4.62933e-07    -3.858603e-07    -5.226158e-07    -5.753832e-08    9.084157e-07    -2.458281e-06    -1.949096e-06    1.660576e-06    3.2462e-07    -1.070875e-06    -5.219724e-07    -8.7646e-07    7.919642e-07    1.802266e-06
9.324382e-07    4.015944e-06    3.093749e-06    8.439349e-08    -2.994842e-06    -2.186424e-06    -1.207306e-06    -6.564204e-07    -1.783774e-06    3.3052e-06    -3.272896e-06    6.243866e-06    3.578076e-06    -3.485948e-06    -1.508784e-06    6.494984e-07    -2.008655e-06    1.326879e-07    -6.14975e-07    -1.178659e-07    8.853961e-07    -2.908665e-06    -3.549198e-06    3.2462e-07    2.98175e-06    6.114218e-07    -2.137152e-06    -2.242777e-06    1.656667e-06    2.87581e-06
-2.770753e-07    -1.344175e-06    -8.56205e-07    -6.446127e-07    1.804685e-06    -8.814867e-07    9.725274e-07    1.432416e-06    -1.318282e-06    1.315102e-06    9.071482e-07    -1.460335e-06    -2.114325e-06    1.805972e-06    2.550483e-07    -8.396344e-07    -2.393853e-07    1.265098e-06    3.627551e-07    -5.524945e-08    8.039563e-09    1.458935e-06    -3.581304e-08    -1.070875e-06    6.114218e-07    2.558072e-06    -1.030405e-06    -9.521974e-07    7.201107e-08    -8.596367e-07
-4.178785e-07    -3.608955e-06    -2.435885e-06    8.448952e-07    1.377887e-06    1.772348e-06    1.240113e-06    5.917957e-07    1.494338e-06    -3.187016e-06    2.720739e-06    -4.711882e-06    -2.885319e-06    3.263385e-06    8.511833e-07    -1.699835e-07    1.145052e-06    -4.773753e-07    9.158956e-07    5.726104e-08    -7.232441e-07    2.35419e-06    2.784673e-06    -5.219724e-07    -2.137152e-06    -1.030405e-06    3.057108e-06    2.216349e-06    -2.152236e-06    -2.453138e-06
-6.637093e-07    -4.649173e-06    -2.733288e-06    2.193612e-07    2.130121e-06    2.65046e-06    1.640453e-06    4.045883e-07    6.486538e-07    -2.313184e-06    3.244999e-06    -6.600165e-06    -2.683041e-06    3.6206e-06    1.10169e-06    -2.012826e-07    2.491152e-06    -7.230748e-07    7.782882e-07    9.37059e-08    -9.619061e-07    2.593749e-06    3.437876e-06    -8.7646e-07    -2.242777e-06    -9.521974e-07    2.216349e-06    3.62826e-06    -1.11566e-06    -3.904295e-06
2.7461e-07    2.987626e-06    2.060559e-06    -3.182862e-07    -1.8185e-06    -5.537307e-07    -1.245713e-06    -1.762689e-06    -1.011423e-06    2.754133e-06    -2.304424e-06    3.760002e-06    3.398356e-06    -3.204842e-06    -1.076708e-06    2.178329e-07    -4.925644e-07    1.283577e-07    -4.945819e-07    -1.964604e-07    9.880181e-07    -2.440178e-06    -2.589172e-06    7.919642e-07    1.656667e-06    7.201107e-08    -2.152236e-06    -1.11566e-06    2.469577e-06    1.343457e-06
1.450644e-06    7.241763e-06    4.829011e-06    3.73219e-07    -4.708337e-06    -3.206422e-06    -2.917038e-06    -1.205564e-06    -2.960137e-07    2.318822e-06    -5.140198e-06    1.051444e-05    5.407097e-06    -6.505065e-06    -1.635185e-06    1.464812e-06    -3.361186e-06    -3.874088e-07    -1.574333e-06    -3.415367e-08    9.448729e-07    -4.929883e-06    -4.419195e-06    1.802266e-06    2.87581e-06    -8.596367e-07    -2.453138e-06    -3.904295e-06    1.343457e-06    6.550864e-06
