1.895892e-06    2.157595e-06    4.194005e-07    -4.144055e-07    -1.334651e-06    -1.034664e-06    -1.49626e-06    -2.777662e-07    -3.150987e-07    1.367095e-06    1.003645e-07    -2.31243e-07    1.265517e-07    -8.839982e-07    -1.428729e-07    -2.111646e-06    2.349378e-06    3.848486e-06    -1.429917e-07    -2.22828e-06
2.157595e-06    1.204235e-05    6.41291e-06    -7.662621e-07    -6.450913e-06    -3.596334e-06    -5.281109e-06    -3.668015e-06    -1.00007e-06    4.995784e-06    8.170719e-07    -2.27124e-06    -7.905217e-08    -2.959835e-06    -1.931535e-07    -3.539071e-06    9.027316e-06    9.86412e-06    -4.661929e-07    -8.013793e-06
4.194005e-07    6.41291e-06    6.045488e-06    9.926894e-07    -4.932386e-06    -1.408667e-06    -1.84463e-06    -2.803652e-06    -1.061525e-06    3.023653e-06    1.708825e-06    -2.788915e-06    -1.011623e-06    -1.145027e-06    4.273897e-08    -1.516444e-06    5.710201e-06    5.160878e-06    -7.615822e-07    -4.297919e-06
-4.144055e-07    -7.662621e-07    9.926894e-07    3.37897e-06    -1.880869e-06    8.508565e-07    4.956221e-07    -7.817945e-07    6.433082e-07    -1.470891e-06    1.259876e-06    -1.594927e-06    -9.730812e-07    8.467758e-07    -2.711312e-08    -5.521801e-07    3.238879e-07    -1.288236e-07    -2.62591e-07    5.48752e-07
-1.334651e-06    -6.450913e-06    -4.932386e-06    -1.880869e-06    7.032047e-06    1.364413e-06    2.296398e-06    2.435183e-06    1.879731e-07    -1.571139e-06    -2.170028e-06    3.401358e-06    1.639862e-06    3.363082e-07    1.033773e-07    3.109793e-06    -5.47213e-06    -6.344017e-06    4.162251e-07    4.312112e-06
-1.034664e-06    -3.596334e-06    -1.408667e-06    8.508565e-07    1.364413e-06    4.065874e-06    1.444463e-06    -1.30919e-06    1.393739e-06    -2.555243e-06    2.145659e-07    1.337031e-06    -1.064876e-06    1.064139e-06    9.549228e-08    2.909418e-06    -5.033262e-06    -4.270324e-06    1.999766e-06    2.908984e-06
-1.49626e-06    -5.281109e-06    -1.84463e-06    4.956221e-07    2.296398e-06    1.444463e-06    3.996512e-06    2.036594e-06    -2.94904e-07    -2.130989e-06    1.304949e-07    -7.76563e-08    -8.001388e-07    1.900346e-06    3.644998e-07    1.083738e-06    -3.662429e-06    -4.946036e-06    -1.155701e-07    4.287063e-06
-2.777662e-07    -3.668015e-06    -2.803652e-06    -7.817945e-07    2.435183e-06    -1.30919e-06    2.036594e-06    4.786242e-06    -3.044692e-07    -2.243706e-06    -5.30949e-08    -4.418867e-07    1.320975e-07    7.898849e-07    3.097624e-07    -1.393614e-06    -2.072241e-06    -1.704333e-06    -5.749962e-07    2.575712e-06
-3.150987e-07    -1.00007e-06    -1.061525e-06    6.433082e-07    1.879731e-07    1.393739e-06    -2.94904e-07    -3.044692e-07    2.846093e-06    -3.047384e-06    1.35966e-07    -2.474453e-07    -5.529737e-07    7.056737e-07    1.045813e-07    1.17258e-06    -3.154399e-06    -2.172748e-06    2.278987e-06    5.361336e-07
1.367095e-06    4.995784e-06    3.023653e-06    -1.470891e-06    -1.571139e-06    -2.555243e-06    -2.130989e-06    -2.243706e-06    -3.047384e-06    6.855159e-06    -7.662568e-07    2.110049e-07    1.388572e-06    -1.540414e-06    -4.011475e-07    -1.193162e-06    6.744829e-06    5.584205e-06    -2.893788e-06    -3.891904e-06
1.003645e-07    8.170719e-07    1.708825e-06    1.259876e-06    -2.170028e-06    2.145659e-07    1.304949e-07    -5.30949e-08    1.35966e-07    -7.662568e-07    1.62064e-06    -1.651653e-06    -1.458043e-06    1.938578e-07    1.489974e-07    -1.064784e-06    6.468179e-07    1.358835e-06    2.05394e-07    -5.695631e-07
-2.31243e-07    -2.27124e-06    -2.788915e-06    -1.594927e-06    3.401358e-06    1.337031e-06    -7.76563e-08    -4.418867e-07    -2.474453e-07    2.110049e-07    -1.651653e-06    4.443923e-06    7.937537e-07    -8.431933e-07    -1.561265e-07    2.536929e-06    -2.670197e-06    -2.833841e-06    1.310868e-07    1.583468e-06
1.265517e-07    -7.905217e-08    -1.011623e-06    -9.730812e-07    1.639862e-06    -1.064876e-06    -8.001388e-07    1.320975e-07    -5.529737e-07    1.388572e-06    -1.458043e-06    7.937537e-07    2.179687e-06    -5.967358e-07    -3.02069e-07    3.91032e-07    9.496866e-07    4.551535e-08    -7.534615e-07    -4.035299e-07
-8.839982e-07    -2.959835e-06    -1.145027e-06    8.467758e-07    3.363082e-07    1.064139e-06    1.900346e-06    7.898849e-07    7.056737e-07    -1.540414e-06    1.938578e-07    -8.431933e-07    -5.967358e-07    2.027902e-06    8.231542e-08    7.344805e-07    -2.43543e-06    -2.717576e-06    1.544913e-07    2.320941e-06
-1.428729e-07    -1.931535e-07    4.273897e-08    -2.711312e-08    1.033773e-07    9.549228e-08    3.644998e-07    3.097624e-07    1.045813e-07    -4.011475e-07    1.489974e-07    -1.561265e-07    -3.02069e-07    8.231542e-08    1.394023e-07    -2.002715e-08    -3.947136e-07    -3.623684e-07    1.96257e-07    2.957093e-07
-2.111646e-06    -3.539071e-06    -1.516444e-06    -5.521801e-07    3.109793e-06    2.909418e-06    1.083738e-06    -1.393614e-06    1.17258e-06    -1.193162e-06    -1.064784e-06    2.536929e-06    3.91032e-07    7.344805e-07    -2.002715e-08    5.343634e-06    -4.80044e-06    -6.384368e-06    1.096752e-06    2.820316e-06
2.349378e-06    9.027316e-06    5.710201e-06    3.238879e-07    -5.47213e-06    -5.033262e-06    -3.662429e-06    -2.072241e-06    -3.154399e-06    6.744829e-06    6.468179e-07    -2.670197e-06    9.496866e-07    -2.43543e-06    -3.947136e-07    -4.80044e-06    1.152969e-05    1.00048e-05    -3.703091e-06    -6.718147e-06
3.848486e-06    9.86412e-06    5.160878e-06    -1.288236e-07    -6.344017e-06    -4.270324e-06    -4.946036e-06    -1.704333e-06    -2.172748e-06    5.584205e-06    1.358835e-06    -2.833841e-06    4.551535e-08    -2.717576e-06    -3.623684e-07    -6.384368e-06    1.00048e-05    1.296327e-05    -1.702172e-06    -7.98713e-06
-1.429917e-07    -4.661929e-07    -7.615822e-07    -2.62591e-07    4.162251e-07    1.999766e-06    -1.155701e-07    -5.749962e-07    2.278987e-06    -2.893788e-06    2.05394e-07    1.310868e-07    -7.534615e-07    1.544913e-07    1.96257e-07    1.096752e-06    -3.703091e-06    -1.702172e-06    3.213827e-06    2.9082e-07
-2.22828e-06    -8.013793e-06    -4.297919e-06    5.48752e-07    4.312112e-06    2.908984e-06    4.287063e-06    2.575712e-06    5.361336e-07    -3.891904e-06    -5.695631e-07    1.583468e-06    -4.035299e-07    2.320941e-06    2.957093e-07    2.820316e-06    -6.718147e-06    -7.98713e-06    2.9082e-07    6.611452e-06
