1    -0.05330177    -0.7076816    -0.05428078    -0.0042453    0.08032097    -0.0002378605    -0.05972602    0.06685467    0.04301244    0.03953787    0.01803296    -0.03444617    -0.00245133    0.01230655
-0.05330177    1    -0.07540401    -0.5736487    0.1523894    0.06374666    -0.05441996    -0.1090446    0.07690529    0.08445171    0.04427399    -0.02454241    -0.06456931    0.01969453    0.02887436
-0.7076816    -0.07540401    1    0.02279707    -0.3127617    -0.003722121    -0.005876551    -0.05839976    -0.004380695    0.03447399    -0.03807851    -0.0233246    0.01719042    -0.005266336    0.03917351
-0.05428078    -0.5736487    0.02279707    1    -0.3869901    0.03397512    0.01160733    -0.01488881    0.02708066    -0.06823769    -0.04755737    0.009178364    0.0478331    -0.002207048    -0.002304873
-0.0042453    0.1523894    -0.3127617    -0.3869901    1    -0.1224166    -0.002272246    0.1467856    -0.07445868    -0.01779984    -0.0001597905    -0.04925163    -0.0207082    0.05939772    -0.05770238
0.08032097    0.06374666    -0.003722121    0.03397512    -0.1224166    1    -0.218888    -0.3308694    0.08306893    -0.09162578    -0.1409734    0.02028686    0.05504397    0.07824208    0.04217838
-0.0002378605    -0.05441996    -0.005876551    0.01160733    -0.002272246    -0.218888    1    -0.5246829    -0.383431    0.2626359    -0.02336418    -0.01071071    0.02764055    -0.01490469    0.08265093
-0.05972602    -0.1090446    -0.05839976    -0.01488881    0.1467856    -0.3308694    -0.5246829    1    -0.1363358    -0.5814342    0.03751466    0.006400481    0.04040486    0.02129473    -0.1184249
0.06685467    0.07690529    -0.004380695    0.02708066    -0.07445868    0.08306893    -0.383431    -0.1363358    1    -0.08966739    0.1388728    0.1385646    -0.05229533    -0.1499688    -0.07583151
0.04301244    0.08445171    0.03447399    -0.06823769    -0.01779984    -0.09162578    0.2626359    -0.5814342    -0.08966739    1    -0.009999257    -0.1220648    -0.04896083    0.01803577    -0.004669578
0.03953787    0.04427399    -0.03807851    -0.04755737    -0.0001597905    -0.1409734    -0.02336418    0.03751466    0.1388728    -0.009999257    1    -0.1376514    -0.6676179    0.09997202    0.0203232
0.01803296    -0.02454241    -0.0233246    0.009178364    -0.04925163    0.02028686    -0.01071071    0.006400481    0.1385646    -0.1220648    -0.1376514    1    0.03542279    -0.676552    0.1943159
-0.03444617    -0.06456931    0.01719042    0.0478331    -0.0207082    0.05504397    0.02764055    0.04040486    -0.05229533    -0.04896083    -0.6676179    0.03542279    1    -0.05155417    -0.452103
-0.00245133    0.01969453    -0.005266336    -0.002207048    0.05939772    0.07824208    -0.01490469    0.02129473    -0.1499688    0.01803577    0.09997202    -0.676552    -0.05155417    1    -0.5967933
0.01230655    0.02887436    0.03917351    -0.002304873    -0.05770238    0.04217838    0.08265093    -0.1184249    -0.07583151    -0.004669578    0.0203232    0.1943159    -0.452103    -0.5967933    1
