1    -0.1750601    -0.4248295    0.2174913    0.002515153    0.1079122    -0.1208308    -0.1016283    0.02446583    0.01695501    0.08290553    0.1420132    -0.1258927    0.1366638    -0.05172256    0.01689402    -0.007827286    0.04156598    0.008776501    -0.0205498    0.06621934    -0.1088972    -0.07793142    0.09708115    0.06477236    -0.0301812    0.03886998    0.01183948    -0.03772405    0.0271299    -0.03868388    0.02683497    0.02435256    -0.03779789    0.01498125    0.002836519    0.01363391    0.0024025    -0.01193846    -0.001633487    0.0009747135    0.03327251    -0.05064715    -0.0215638    0.05025186
-0.1750601    1    -0.01491714    -0.6222392    0.2333305    -0.1610701    -0.05555202    0.06741579    -0.01584294    0.07706995    -0.3353101    0.2167543    0.1456674    -0.3199835    0.06876775    -0.04408736    0.03763997    0.08218417    -0.06613515    -0.01940526    -0.08912375    -0.07692517    0.02483626    0.006941856    0.1031524    0.02743777    -0.01267183    0.01421855    0.04788913    -0.1172447    0.02570057    0.005629873    -0.02206836    0.0267326    -0.01257761    0.005381682    -0.04597173    -0.02789949    0.046215    0.02586177    0.03858535    -0.04293042    -0.03044503    0.020002    0.0008537819
-0.4248295    -0.01491714    1    0.05952327    -0.5232977    -0.1389593    -0.03479942    -0.02128682    -0.001143197    0.1773051    -0.270278    0.006946083    0.3412862    -0.2258945    -0.1337849    -0.08279902    0.02124634    0.09939839    0.008893872    -0.06331844    -0.008892919    -0.07442783    -0.04799066    -0.01705087    0.08121752    0.05713032    -0.03903473    -0.03661051    0.02900273    -0.04906185    0.05941823    -0.02345454    -0.03673244    -0.0009793452    0.0164058    0.004044347    -0.02357825    -0.02591673    0.002354243    0.04440464    0.002771592    -0.05800285    0.03287454    0.02958227    -0.02717925
0.2174913    -0.6222392    0.05952327    1    -0.5990358    0.1374584    -0.1120579    -0.1576606    0.03290222    0.0470667    0.07819892    -0.02426068    0.03566689    0.2725577    -0.2255056    0.003469206    0.009919372    0.006749883    0.03282896    -0.03321681    0.141704    -0.05806259    -0.1313163    0.05721546    0.0411066    0.01915614    -0.005837187    -0.0352114    -0.03927754    0.06889826    0.01295194    -0.007756155    -0.01507274    -0.04536799    0.0123655    0.02568585    -0.003973163    -0.03381053    -0.02059615    0.03206517    0.009905022    0.03889825    -0.01558606    -0.06794439    0.05679076
0.002515153    0.2333305    -0.5232977    -0.5990358    1    0.007183483    0.1960142    0.132439    -0.05088529    -0.1721358    0.1260706    -0.06727067    -0.2627192    0.03812875    0.3118254    0.09331798    0.001268893    -0.1189013    -0.03742274    0.04900445    -0.09934181    0.1484838    0.1417193    -0.04974588    -0.1247196    -0.03576383    -0.004759098    0.0147203    0.04331806    -0.02235641    0.01103227    0.02341695    -0.00105645    0.003877634    -0.02687516    -0.05537177    0.05463602    0.06898852    -0.02461059    -0.03259859    -0.01513226    -0.03677966    0.009636552    0.05131929    -0.06605082
0.1079122    -0.1610701    -0.1389593    0.1374584    0.007183483    1    -0.0653515    -0.7025817    -0.07246449    -0.03990777    0.1132009    -0.006026042    -0.08167544    0.08203517    -0.03408187    0.1397937    0.04546011    -0.12724    0.00356093    0.002178868    0.0459031    -0.04679347    -0.0162912    0.071306    -0.05553205    0.007099553    0.02733702    -0.05443675    0.005809154    0.05036793    -0.05735186    -0.03068268    0.03731908    0.0339948    -0.01774125    0.003559378    -0.02498959    -0.02600084    -0.005075154    0.05068929    -0.0211035    -0.02844851    0.04425556    0.03614543    -0.04129023
-0.1208308    -0.05555202    -0.03479942    -0.1120579    0.1960142    -0.0653515    1    -0.05452125    -0.5470611    0.1192943    0.04383234    -0.05283224    -0.05484159    0.01838671    0.04420704    -0.1038538    0.1521408    0.05349524    -0.1287943    0.002773606    -0.02125433    0.108748    0.04464735    -0.04977563    -0.06059233    0.004822596    -0.01518732    -0.0102655    -0.01851174    0.01752086    -0.02122781    -0.03761231    0.01279158    0.04081183    0.01646836    -0.05550395    0.005910081    0.005554962    -0.03988097    0.08858205    -0.05571547    0.03124489    -0.005263358    0.01292093    0.0196505
-0.1016283    0.06741579    -0.02128682    -0.1576606    0.132439    -0.7025817    -0.05452125    1    0.01906412    -0.3010253    0.007473095    0.003391491    -0.03336696    -0.05440936    0.06469533    -0.0670502    0.02896096    0.1402619    -0.008069335    -0.09550415    -0.02112941    0.05848748    0.03008021    -0.03767364    -0.04752427    -0.004914606    -0.007113497    0.001473684    -0.02597089    0.00983138    -0.007419551    0.04277517    0.002508647    -0.02401571    0.04124434    -0.00775859    0.01552004    0.02701042    0.02794948    -0.02312104    -0.01354869    0.02381293    -0.0120049    -0.0008737186    0.03446948
0.02446583    -0.01584294    -0.001143197    0.03290222    -0.05088529    -0.07246449    -0.5470611    0.01906412    1    -0.3474456    0.02336661    -0.0222154    -0.003442623    0.01212583    0.02691877    0.05444936    -0.08869478    0.03132922    0.1701287    -0.08477084    0.0396367    0.02124012    -0.03615557    -0.01981168    0.01135266    -0.02173738    0.01739484    0.01787867    -3.967328e-05    -0.02967924    0.03306556    0.0692363    0.003159733    -0.07714675    0.03158206    0.02496988    0.02572445    0.02291089    -0.007065343    -0.05405695    0.04149865    0.02677067    -0.03036496    -0.04351334    0.04054505
0.01695501    0.07706995    0.1773051    0.0470667    -0.1721358    -0.03990777    0.1192943    -0.3010253    -0.3474456    1    -0.1020545    0.06568004    0.08950953    -0.02629972    -0.1033925    -0.09497517    -0.02653839    -0.0304213    -0.01264933    0.201747    -0.007595226    -0.02463731    -0.05001719    -0.007893455    0.0855424    0.04141451    0.01632143    -0.01504354    -0.01318981    0.03223727    -0.008806754    -0.03036565    0.009668594    0.0296788    -0.06149167    0.02694881    0.02517039    -0.03170747    -0.06037035    -0.03900595    0.01341937    -0.0240525    0.003897094    -0.01999872    0.009542477
0.08290553    -0.3353101    -0.270278    0.07819892    0.1260706    0.1132009    0.04383234    0.007473095    0.02336661    -0.1020545    1    -0.218888    -0.3308694    0.08306893    -0.09162578    -0.006368971    -0.04329304    -0.08595956    0.02265268    0.08691645    0.002477644    0.1592832    0.09834576    -0.04144671    -0.1770793    -0.1258383    -0.02320729    0.07522568    0.05545163    0.08974795    -0.1774762    -0.05454356    0.1140151    0.1297647    0.04706916    -0.0139257    0.07659465    0.06809344    -0.06066953    -0.06088495    -0.1409734    0.02028686    0.05504397    0.07824208    0.04217838
0.1420132    0.2167543    0.006946083    -0.02426068    -0.06727067    -0.006026042    -0.05283224    0.003391491    -0.0222154    0.06568004    -0.218888    1    -0.5246829    -0.383431    0.2626359    -0.05504183    0.06966226    0.09488769    -0.03314472    -0.07217607    0.05265547    -0.1381343    -0.09816013    0.08690509    0.08077235    -0.01455692    0.06198104    0.03869588    -0.02254292    0.01435585    0.06696661    0.04712166    -0.06605885    -0.04572048    0.09029175    0.01460239    0.004252653    -0.03222128    -0.03056547    0.06349673    -0.02336418    -0.01071071    0.02764055    -0.01490469    0.08265093
-0.1258927    0.1456674    0.3412862    0.03566689    -0.2627192    -0.08167544    -0.05484159    -0.03336696    -0.003442623    0.08950953    -0.3308694    -0.5246829    1    -0.1363358    -0.5814342    0.02478243    -0.01988749    0.008243997    -0.02981386    -0.003308977    0.02485102    -0.1155978    -0.09335984    0.03375198    0.1267012    0.06273874    -0.02058693    0.001870807    0.05382585    -0.1476819    -0.05267561    -0.0229053    0.1202755    0.05595525    -0.1647853    -0.04183772    -0.09273361    -0.0274204    0.05620217    0.05764332    0.03751466    0.006400481    0.04040486    0.02129473    -0.1184249
0.1366638    -0.3199835    -0.2258945    0.2725577    0.03812875    0.08203517    0.01838671    -0.05440936    0.01212583    -0.02629972    0.08306893    -0.383431    -0.1363358    1    -0.08966739    0.02158302    -0.06651151    -0.1126085    0.06137809    0.08885827    0.03924015    0.03536271    0.08319613    0.04957174    -0.149328    0.04279115    0.0654401    -0.000152359    -0.07644511    -0.0834524    0.1065619    0.1623699    -0.0170199    -0.1619242    -0.09662589    0.0109756    0.002509773    0.01024413    0.01306389    -0.06040209    0.1388728    0.1385646    -0.05229533    -0.1499688    -0.07583151
-0.05172256    0.06876775    -0.1337849    -0.2255056    0.3118254    -0.03408187    0.04420704    0.06469533    0.02691877    -0.1033925    -0.09162578    0.2626359    -0.5814342    -0.08966739    1    -0.00816904    0.05112316    0.03152837    0.001816811    -0.06408102    -0.1110342    0.09870528    0.1047374    -0.09683152    -0.04197342    -0.009388509    -0.06429029    -0.03563237    -0.02437464    0.01308207    0.04281121    -0.08357275    -0.1140839    -0.002553311    0.02594094    0.02303773    0.07362351    0.01845056    -0.01573626    -0.03090848    -0.009999257    -0.1220648    -0.04896083    0.01803577    -0.004669578
0.01689402    -0.04408736    -0.08279902    0.003469206    0.09331798    0.1397937    -0.1038538    -0.0670502    0.05444936    -0.09497517    -0.006368971    -0.05504183    0.02478243    0.02158302    -0.00816904    1    0.002486199    -0.6084731    0.05587275    -0.03522792    0.1149426    -0.0589456    -0.09550394    0.07625471    0.001662376    0.1447479    -0.04553799    -0.07674763    0.09607306    -0.04886029    -0.002494613    0.1473763    0.07965342    -0.05909678    -0.1031635    -0.1403092    -0.1537993    0.09859517    0.2540009    -0.05083952    0.09095607    -0.06859168    -0.009341701    0.1407293    -0.161299
-0.007827286    0.03763997    0.02124634    0.009919372    0.001268893    0.04546011    0.1521408    0.02896096    -0.08869478    -0.02653839    -0.04329304    0.06966226    -0.01988749    -0.06651151    0.05112316    0.002486199    1    -0.2610428    -0.5998652    0.2709889    -0.07644966    0.01126107    0.07024319    -0.0426883    -0.02098678    -0.1236232    0.000114648    -0.006513708    -0.09005178    0.1196153    -0.01219274    0.003850291    0.008210433    0.02755608    0.001810504    -0.1459785    0.03524693    0.1463833    0.03726333    -0.03151572    -0.1110361    -0.06292476    -0.006989258    -0.06792301    0.16369
0.04156598    0.08218417    0.09939839    0.006749883    -0.1189013    -0.12724    0.05349524    0.1402619    0.03132922    -0.0304213    -0.08595956    0.09488769    0.008243997    -0.1126085    0.03152837    -0.6084731    -0.2610428    1    0.02869043    -0.4800809    -0.04870022    0.001686748    -0.007503488    -0.03716285    0.07579419    -0.06438429    -0.04157133    -0.04093826    -0.06524263    0.1294866    0.02284956    -0.0518164    -0.04664825    -0.0009187674    0.07461777    0.03233552    0.1907375    0.09185373    -0.07703353    -0.1215191    -0.05352539    0.01811998    -0.1078386    -0.09816858    0.2236656
0.008776501    -0.06613515    0.008893872    0.03282896    -0.03742274    0.00356093    -0.1287943    -0.008069335    0.1701287    -0.01264933    0.02265268    -0.03314472    -0.02981386    0.06137809    0.001816811    0.05587275    -0.5998652    0.02869043    1    -0.3962035    0.09349131    -0.05260123    -0.104891    0.05230453    0.04410629    0.1749332    -0.1078615    -0.09376391    0.1101873    -0.04169983    0.01919973    0.006986546    0.03169457    -0.02355308    -0.02725899    0.3303664    0.1271854    -0.1577562    -0.1435505    -0.1113097    0.06787055    -0.03876995    -0.0425336    0.112223    -0.1113637
-0.0205498    -0.01940526    -0.06331844    -0.03321681    0.04900445    0.002178868    0.002773606    -0.09550415    -0.08477084    0.201747    0.08691645    -0.07217607    -0.003308977    0.08885827    -0.06408102    -0.03522792    0.2709889    -0.4800809    -0.3962035    1    -0.05443419    0.07590883    0.09468889    -0.04219496    -0.09250409    -0.1087933    0.1261587    0.1227214    -0.02150489    -0.07458666    -0.04528239    -0.02101901    -0.01250928    0.01996117    0.005007388    -0.1321209    -0.2144391    -0.02250504    0.03366274    -0.06404811    0.02353699    0.09098666    0.06354639    -0.07686904    -0.0244858
0.06621934    -0.08912375    -0.008892919    0.141704    -0.09934181    0.0459031    -0.02125433    -0.02112941    0.0396367    -0.007595226    0.002477644    0.05265547    0.02485102    0.03924015    -0.1110342    0.1149426    -0.07644966    -0.04870022    0.09349131    -0.05443419    1    -0.02954475    -0.6886428    -0.02435365    0.001571975    0.01563207    0.03944733    -0.04878728    0.01403903    0.008049107    -0.09162924    0.03798744    0.1165212    -0.007314125    -0.06510241    -0.01974928    -0.0450938    -0.0111496    0.05431569    0.004275106    0.1248173    -0.1155325    -0.1105805    0.1767402    -0.05914807
-0.1088972    -0.07692517    -0.07442783    -0.05806259    0.1484838    -0.04679347    0.108748    0.05848748    0.02124012    -0.02463731    0.1592832    -0.1381343    -0.1155978    0.03536271    0.09870528    -0.0589456    0.01126107    0.001686748    -0.05260123    0.07590883    -0.02954475    1    -0.230843    -0.6910545    0.2013255    -0.05954499    0.03417341    0.0154458    -0.03931256    0.03904448    -0.04920301    -0.05762246    0.02099966    0.04462724    0.03819855    -0.01488605    -0.02772038    0.009062081    -0.003238605    0.01676849    -0.102223    -0.01980947    -0.01923039    -0.07527398    0.1578336
-0.07793142    0.02483626    -0.04799066    -0.1313163    0.1417193    -0.0162912    0.04464735    0.03008021    -0.03615557    -0.05001719    0.09834576    -0.09816013    -0.09335984    0.08319613    0.1047374    -0.09550394    0.07024319    -0.007503488    -0.104891    0.09468889    -0.6886428    -0.230843    1    -0.006458427    -0.3909671    -0.03895372    0.00825929    0.0700736    -0.02627683    -0.0203351    0.09372042    -0.006732673    -0.09861772    0.0295    0.01024666    -0.008943889    0.02905328    0.00760434    -0.04076948    0.009084699    -0.09236206    0.009773263    0.02511242    -0.1310994    0.1178758
0.09708115    0.006941856    -0.01705087    0.05721546    -0.04974588    0.071306    -0.04977563    -0.03767364    -0.01981168    -0.007893455    -0.04144671    0.08690509    0.03375198    0.04957174    -0.09683152    0.07625471    -0.0426883    -0.03716285    0.05230453    -0.04219496    -0.02435365    -0.6910545    -0.006458427    1    -0.3307153    0.07530365    -0.03014948    -0.01112012    0.05435111    -0.06637589    0.01519089    0.08854756    0.03698186    -0.04423118    -0.05474142    0.01236187    -0.01212275    -0.02643032    0.01071135    0.02681798    0.06959323    -0.06669911    -0.02460443    0.11518    -0.08923101
0.06477236    0.1031524    0.08121752    0.0411066    -0.1247196    -0.05553205    -0.06059233    -0.04752427    0.01135266    0.0855424    -0.1770793    0.08077235    0.1267012    -0.149328    -0.04197342    0.001662376    -0.02098678    0.07579419    0.04410629    -0.09250409    0.001571975    0.2013255    -0.3909671    -0.3307153    1    -0.01274756    -0.03079329    0.005564181    -0.01992162    0.03004776    -0.01244836    -0.04533453    -0.0184135    -0.01921662    0.05064297    0.02912173    0.03996227    -0.002435103    -0.005665167    -0.02650488    0.01616435    0.1203652    0.0702878    -0.007335686    -0.1173098
-0.0301812    0.02743777    0.05713032    0.01915614    -0.03576383    0.007099553    0.004822596    -0.004914606    -0.02173738    0.04141451    -0.1258383    -0.01455692    0.06273874    0.04279115    -0.009388509    0.1447479    -0.1236232    -0.06438429    0.1749332    -0.1087933    0.01563207    -0.05954499    -0.03895372    0.07530365    -0.01274756    1    -0.2296069    -0.743259    0.1712309    0.09838464    -0.09466229    -0.0715232    0.1254426    0.1020719    -0.09814372    0.1051061    -0.01603187    -0.1155286    -0.008342915    0.110979    0.0856522    -0.04523471    -0.01801394    0.04003625    -0.04664262
0.03886998    -0.01267183    -0.03903473    -0.005837187    -0.004759098    0.02733702    -0.01518732    -0.007113497    0.01739484    0.01632143    -0.02320729    0.06198104    -0.02058693    0.0654401    -0.06429029    -0.04553799    0.000114648    -0.04157133    -0.1078615    0.1261587    0.03944733    0.03417341    0.00825929    -0.03014948    -0.03079329    -0.2296069    1    0.1247282    -0.7481843    0.2853823    -0.1264362    0.005904659    0.1259589    0.04967899    -0.06030593    0.00817875    -0.02660369    -0.005970477    -0.02638697    0.07244344    -0.005273077    0.02508515    0.01570861    -0.03861038    0.02998282
0.01183948    0.01421855    -0.03661051    -0.0352114    0.0147203    -0.05443675    -0.0102655    0.001473684    0.01787867    -0.01504354    0.07522568    0.03869588    0.001870807    -0.000152359    -0.03563237    -0.07674763    -0.006513708    -0.04093826    -0.09376391    0.1227214    -0.04878728    0.0154458    0.0700736    -0.01112012    0.005564181    -0.743259    0.1247282    1    -0.1546872    -0.4145793    0.07838862    0.07185313    -0.08737956    -0.05895017    0.04098928    -0.08499256    -0.006214699    0.05946295    0.02308044    -0.04613091    -0.04089768    0.01373279    0.02227346    -0.03342417    0.01561103
-0.03772405    0.04788913    0.02900273    -0.03927754    0.04331806    0.005809154    -0.01851174    -0.02597089    -3.967328e-05    -0.01318981    0.05545163    -0.02254292    0.05382585    -0.07644511    -0.02437464    0.09607306    -0.09005178    -0.06524263    0.1101873    -0.02150489    0.01403903    -0.03931256    -0.02627683    0.05435111    -0.01992162    0.1712309    -0.7481843    -0.1546872    1    -0.613247    0.1565662    0.04850491    -0.0843628    -0.09004409    0.01908044    -0.06662042    -0.06653936    0.03696274    0.08788496    -0.09759891    0.02113682    -0.02903033    0.01013477    0.07918532    -0.08067909
0.0271299    -0.1172447    -0.04906185    0.06889826    -0.02235641    0.05036793    0.01752086    0.00983138    -0.02967924    0.03223727    0.08974795    0.01435585    -0.1476819    -0.0834524    0.01308207    -0.04886029    0.1196153    0.1294866    -0.04169983    -0.07458666    0.008049107    0.03904448    -0.0203351    -0.06637589    0.03004776    0.09838464    0.2853823    -0.4145793    -0.613247    1    -0.1061007    -0.07601201    0.05149282    0.0668769    -0.05802803    0.1404045    0.130937    -0.03308092    -0.1340622    -0.05248125    -0.03872268    0.03142138    -0.01628364    -0.03578866    0.07470589
-0.03868388    0.02570057    0.05941823    0.01295194    0.01103227    -0.05735186    -0.02122781    -0.007419551    0.03306556    -0.008806754    -0.1774762    0.06696661    -0.05267561    0.1065619    0.04281121    -0.002494613    -0.01219274    0.02284956    0.01919973    -0.04528239    -0.09162924    -0.04920301    0.09372042    0.01519089    -0.01244836    -0.09466229    -0.1264362    0.07838862    0.1565662    -0.1061007    1    0.05016715    -0.7652618    -0.2164396    0.2527462    0.1495125    0.08707635    -0.1434157    -0.08240074    0.04450037    0.1757093    -0.01902461    -0.08365833    -0.06035079    0.02954738
0.02683497    0.005629873    -0.02345454    -0.007756155    0.02341695    -0.03068268    -0.03761231    0.04277517    0.0692363    -0.03036565    -0.05454356    0.04712166    -0.0229053    0.1623699    -0.08357275    0.1473763    0.003850291    -0.0518164    0.006986546    -0.02101901    0.03798744    -0.05762246    -0.006732673    0.08854756    -0.04533453    -0.0715232    0.005904659    0.07185313    0.04850491    -0.07601201    0.05016715    1    0.07725506    -0.7808682    0.1179414    -0.03005893    0.08024812    0.07208694    -0.02074152    -0.07479444    0.04511379    0.1572304    -0.01627114    -0.09815471    -0.01748515
0.02435256    -0.02206836    -0.03673244    -0.01507274    -0.00105645    0.03731908    0.01279158    0.002508647    0.003159733    0.009668594    0.1140151    -0.06605885    0.1202755    -0.0170199    -0.1140839    0.07965342    0.008210433    -0.04664825    0.03169457    -0.01250928    0.1165212    0.02099966    -0.09861772    0.03698186    -0.0184135    0.1254426    0.1259589    -0.08737956    -0.0843628    0.05149282    -0.7652618    0.07725506    1    0.210168    -0.6410685    -0.1105205    -0.05156559    0.1896591    0.1046267    -0.1577436    -0.1032741    0.05570676    0.1396427    0.0561913    -0.1408994
-0.03779789    0.0267326    -0.0009793452    -0.04536799    0.003877634    0.0339948    0.04081183    -0.02401571    -0.07714675    0.0296788    0.1297647    -0.04572048    0.05595525    -0.1619242    -0.002553311    -0.05909678    0.02755608    -0.0009187674    -0.02355308    0.01996117    -0.007314125    0.04462724    0.0295    -0.04423118    -0.01921662    0.1020719    0.04967899    -0.05895017    -0.09004409    0.0668769    -0.2164396    -0.7808682    0.210168    1    -0.5415401    -0.02192436    -0.0895329    0.01045819    0.1159688    -0.02632562    -0.02245147    -0.0877916    0.04534361    0.128129    -0.06091721
0.01498125    -0.01257761    0.0164058    0.0123655    -0.02687516    -0.01774125    0.01646836    0.04124434    0.03158206    -0.06149167    0.04706916    0.09029175    -0.1647853    -0.09662589    0.02594094    -0.1031635    0.001810504    0.07461777    -0.02725899    0.005007388    -0.06510241    0.03819855    0.01024666    -0.05474142    0.05064297    -0.09814372    -0.06030593    0.04098928    0.01908044    -0.05802803    0.2527462    0.1179414    -0.6410685    -0.5415401    1    0.0227643    0.0395724    -0.1223407    -0.1368913    0.2730884    -0.06040446    -0.04292855    -0.09685357    -0.04914318    0.253015
0.002836519    0.005381682    0.004044347    0.02568585    -0.05537177    0.003559378    -0.05550395    -0.00775859    0.02496988    0.02694881    -0.0139257    0.01460239    -0.04183772    0.0109756    0.02303773    -0.1403092    -0.1459785    0.03233552    0.3303664    -0.1321209    -0.01974928    -0.01488605    -0.008943889    0.01236187    0.02912173    0.1051061    0.00817875    -0.08499256    -0.06662042    0.1404045    0.1495125    -0.03005893    -0.1105205    -0.02192436    0.0227643    1    -0.01208665    -0.7751805    -0.07643994    0.1642374    -0.009373055    -0.01509577    0.03224401    0.03383987    -0.09029222
0.01363391    -0.04597173    -0.02357825    -0.003973163    0.05463602    -0.02498959    0.005910081    0.01552004    0.02572445    0.02517039    0.07659465    0.004252653    -0.09273361    0.002509773    0.07362351    -0.1537993    0.03524693    0.1907375    0.1271854    -0.2144391    -0.0450938    -0.02772038    0.02905328    -0.01212275    0.03996227    -0.01603187    -0.02660369    -0.006214699    -0.06653936    0.130937    0.08707635    0.08024812    -0.05156559    -0.0895329    0.0395724    -0.01208665    1    0.1663351    -0.7695498    0.07538156    -0.08040596    0.01265609    -0.02910225    0.01985668    0.01507886
0.0024025    -0.02789949    -0.02591673    -0.03381053    0.06898852    -0.02600084    0.005554962    0.02701042    0.02291089    -0.03170747    0.06809344    -0.03222128    -0.0274204    0.01024413    0.01845056    0.09859517    0.1463833    0.09185373    -0.1577562    -0.02250504    -0.0111496    0.009062081    0.00760434    -0.02643032    -0.002435103    -0.1155286    -0.005970477    0.05946295    0.03696274    -0.03308092    -0.1434157    0.07208694    0.1896591    0.01045819    -0.1223407    -0.7751805    0.1663351    1    0.03349777    -0.5361289    -0.04407242    0.0121205    -0.01012586    -0.02725932    0.05512654
-0.01193846    0.046215    0.002354243    -0.02059615    -0.02461059    -0.005075154    -0.03988097    0.02794948    -0.007065343    -0.06037035    -0.06066953    -0.03056547    0.05620217    0.01306389    -0.01573626    0.2540009    0.03726333    -0.07703353    -0.1435505    0.03366274    0.05431569    -0.003238605    -0.04076948    0.01071135    -0.005665167    -0.008342915    -0.02638697    0.02308044    0.08788496    -0.1340622    -0.08240074    -0.02074152    0.1046267    0.1159688    -0.1368913    -0.07643994    -0.7695498    0.03349777    1    -0.4759833    0.1151806    0.006940934    -0.05450186    -0.01843987    0.04088486
-0.001633487    0.02586177    0.04440464    0.03206517    -0.03259859    0.05068929    0.08858205    -0.02312104    -0.05405695    -0.03900595    -0.06088495    0.06349673    0.05764332    -0.06040209    -0.03090848    -0.05083952    -0.03151572    -0.1215191    -0.1113097    -0.06404811    0.004275106    0.01676849    0.009084699    0.02681798    -0.02650488    0.110979    0.07244344    -0.04613091    -0.09759891    -0.05248125    0.04450037    -0.07479444    -0.1577436    -0.02632562    0.2730884    0.1642374    0.07538156    -0.5361289    -0.4759833    1    -0.102393    -0.0620109    0.09590239    0.07637262    0.01052134
0.0009747135    0.03858535    0.002771592    0.009905022    -0.01513226    -0.0211035    -0.05571547    -0.01354869    0.04149865    0.01341937    -0.1409734    -0.02336418    0.03751466    0.1388728    -0.009999257    0.09095607    -0.1110361    -0.05352539    0.06787055    0.02353699    0.1248173    -0.102223    -0.09236206    0.06959323    0.01616435    0.0856522    -0.005273077    -0.04089768    0.02113682    -0.03872268    0.1757093    0.04511379    -0.1032741    -0.02245147    -0.06040446    -0.009373055    -0.08040596    -0.04407242    0.1151806    -0.102393    1    -0.1376514    -0.6676179    0.09997202    0.0203232
0.03327251    -0.04293042    -0.05800285    0.03889825    -0.03677966    -0.02844851    0.03124489    0.02381293    0.02677067    -0.0240525    0.02028686    -0.01071071    0.006400481    0.1385646    -0.1220648    -0.06859168    -0.06292476    0.01811998    -0.03876995    0.09098666    -0.1155325    -0.01980947    0.009773263    -0.06669911    0.1203652    -0.04523471    0.02508515    0.01373279    -0.02903033    0.03142138    -0.01902461    0.1572304    0.05570676    -0.0877916    -0.04292855    -0.01509577    0.01265609    0.0121205    0.006940934    -0.0620109    -0.1376514    1    0.03542279    -0.676552    0.1943159
-0.05064715    -0.03044503    0.03287454    -0.01558606    0.009636552    0.04425556    -0.005263358    -0.0120049    -0.03036496    0.003897094    0.05504397    0.02764055    0.04040486    -0.05229533    -0.04896083    -0.009341701    -0.006989258    -0.1078386    -0.0425336    0.06354639    -0.1105805    -0.01923039    0.02511242    -0.02460443    0.0702878    -0.01801394    0.01570861    0.02227346    0.01013477    -0.01628364    -0.08365833    -0.01627114    0.1396427    0.04534361    -0.09685357    0.03224401    -0.02910225    -0.01012586    -0.05450186    0.09590239    -0.6676179    0.03542279    1    -0.05155417    -0.452103
-0.0215638    0.020002    0.02958227    -0.06794439    0.05131929    0.03614543    0.01292093    -0.0008737186    -0.04351334    -0.01999872    0.07824208    -0.01490469    0.02129473    -0.1499688    0.01803577    0.1407293    -0.06792301    -0.09816858    0.112223    -0.07686904    0.1767402    -0.07527398    -0.1310994    0.11518    -0.007335686    0.04003625    -0.03861038    -0.03342417    0.07918532    -0.03578866    -0.06035079    -0.09815471    0.0561913    0.128129    -0.04914318    0.03383987    0.01985668    -0.02725932    -0.01843987    0.07637262    0.09997202    -0.676552    -0.05155417    1    -0.5967933
0.05025186    0.0008537819    -0.02717925    0.05679076    -0.06605082    -0.04129023    0.0196505    0.03446948    0.04054505    0.009542477    0.04217838    0.08265093    -0.1184249    -0.07583151    -0.004669578    -0.161299    0.16369    0.2236656    -0.1113637    -0.0244858    -0.05914807    0.1578336    0.1178758    -0.08923101    -0.1173098    -0.04664262    0.02998282    0.01561103    -0.08067909    0.07470589    0.02954738    -0.01748515    -0.1408994    -0.06091721    0.253015    -0.09029222    0.01507886    0.05512654    0.04088486    0.01052134    0.0203232    0.1943159    -0.452103    -0.5967933    1
