1    -0.1750601    -0.4248295    0.2174913    0.002515153    -0.03238841    0.04783724    -0.02160848    -0.001132487    0.004781861    0.1079122    -0.1208308    -0.1016283    0.02446583    0.01695501    -0.02704097    0.02649808    -0.01492897    -0.02350755    0.01867777    0.1062739    -0.04173183    -0.06669368    0.0707084    0.03126267    -0.02445343    -0.00728827    0.02983422    0.02248903    -0.04256319    0.06960626    -0.05946263    0.01124724    0.06525906    -0.0422528    0.002905021    0.03272517    0.008693927    -0.02659994    0.01414417    -0.03868388    0.02683497    0.02435256    -0.03779789    0.01498125    -0.0324485    0.03713678    -0.01089743    -0.0252368    0.02411072    0.0009747135    0.03327251    -0.05064715    -0.0215638    0.05025186
-0.1750601    1    -0.01491714    -0.6222392    0.2333305    -0.01114538    -0.056802    0.04319913    0.04859191    -0.01306501    -0.1610701    -0.05555202    0.06741579    -0.01584294    0.07706995    -0.03742454    0.05308068    0.02446545    -0.01794528    0.007860983    -0.01884409    0.02837125    -0.05689195    -0.01663733    0.04394241    -0.05551138    0.07994208    0.03391737    -0.06721558    0.03860115    0.05904949    -0.003635176    -0.07226143    0.02426811    0.06971675    0.04193282    0.02093695    -0.02057569    0.004493113    0.02352604    0.02570057    0.005629873    -0.02206836    0.0267326    -0.01257761    0.06517634    -0.02067189    -0.0349201    0.02311271    -0.007536412    0.03858535    -0.04293042    -0.03044503    0.020002    0.0008537819
-0.4248295    -0.01491714    1    0.05952327    -0.5232977    -0.02410398    -0.02140263    0.002887439    -0.02615133    0.04397876    -0.1389593    -0.03479942    -0.02128682    -0.001143197    0.1773051    -0.02309141    -0.02516572    0.05528584    0.06182433    -0.06535056    0.0492766    -0.06421367    -0.03536227    0.01248344    0.06460526    -0.007382865    0.1051694    0.01888647    -0.1032105    0.01341977    -0.03717377    -0.0524544    -0.01608579    0.07371991    0.07790413    -0.01153259    -0.006906097    0.003604717    0.03455539    0.03086523    0.05941823    -0.02345454    -0.03673244    -0.0009793452    0.0164058    0.07469758    -0.07160698    -0.04301916    0.03843172    -0.007932219    0.002771592    -0.05800285    0.03287454    0.02958227    -0.02717925
0.2174913    -0.6222392    0.05952327    1    -0.5990358    -0.004350109    0.04695518    0.007053844    -0.04386999    -0.0358891    0.1374584    -0.1120579    -0.1576606    0.03290222    0.0470667    0.007989553    -0.03876592    -0.01755944    0.02966799    0.01332508    0.1399626    -0.08823668    -0.08628976    0.1332735    0.0390444    0.04355567    -0.03030949    0.0303423    0.01397458    -0.0790857    0.03295568    -0.03238618    -0.03195911    0.05777876    0.04540745    -0.03466217    -0.04016591    -0.007508813    0.03359659    0.05462672    0.01295194    -0.007756155    -0.01507274    -0.04536799    0.0123655    -0.01060321    0.00331427    -0.004962427    -0.03767499    0.01569491    0.009905022    0.03889825    -0.01558606    -0.06794439    0.05679076
0.002515153    0.2333305    -0.5232977    -0.5990358    1    0.02357466    -0.006217423    0.004515984    0.02179571    -0.03559496    0.007183483    0.1960142    0.132439    -0.05088529    -0.1721358    0.01251816    0.03036345    -0.04140801    -0.0420534    0.05631704    -0.171295    0.116167    0.1020139    -0.1270012    -0.03871811    -0.01461965    -0.07896462    -0.04492463    0.07609251    0.04925242    -0.05598918    0.07469587    0.06070256    -0.1086727    -0.1021506    -0.01757743    0.01064569    0.03089056    -0.03496396    -0.04189368    0.01103227    0.02341695    -0.00105645    0.003877634    -0.02687516    -0.0139021    0.006085149    0.01554656    0.001828074    -0.0170674    -0.01513226    -0.03677966    0.009636552    0.05131929    -0.06605082
-0.03238841    -0.01114538    -0.02410398    -0.004350109    0.02357466    1    -0.1946423    -0.4709472    0.235111    -0.02529814    0.04999516    0.06208021    -0.01995253    -0.06661765    -0.0323891    0.09385781    -0.08776051    -0.1242036    0.03258501    0.0502754    0.08580155    -0.05242631    -0.007107087    0.01171587    0.01553355    0.01580902    -0.04429785    0.01512312    0.04417408    -0.02605909    0.04370249    -0.02391211    -0.02552311    0.04000411    0.01861263    0.01165382    -0.01953328    -0.0062315    0.005046346    -0.01143562    -0.05441887    0.03259111    0.042098    -0.01144002    0.01634724    -0.05806814    -0.01905838    0.03358171    0.01492308    0.01209968    -0.09196398    0.007111502    0.01919093    -0.0115296    0.03615598
0.04783724    -0.056802    -0.02140263    0.04695518    -0.006217423    -0.1946423    1    0.005353657    -0.6506694    0.2672641    -0.01674512    -0.01851354    0.03069296    -0.02914187    0.00799477    -0.1390567    0.05639625    0.068539    -0.1577087    0.1101471    -0.0895111    -0.03176213    0.03980186    -0.02105809    0.09505249    -0.05991311    -0.0005669999    0.03145227    0.01238109    -0.01437138    0.02430503    -0.06125764    -0.01451888    0.02676009    0.06309214    -0.008077062    -0.007483896    0.03566922    0.05549236    -0.04671823    0.04852323    -0.04285439    0.004806626    0.01411818    -0.07562327    0.04425848    -0.0529086    0.01351094    0.04822084    -0.08463976    -0.01949221    -0.04198734    0.02874585    0.03525049    -0.04166531
-0.02160848    0.04319913    0.002887439    0.007053844    0.004515984    -0.4709472    0.005353657    1    0.06514224    -0.5083593    -0.02042022    0.01288188    0.01544832    -0.007161473    0.0140519    -0.1177488    -0.0588366    -0.038929    -0.06430305    0.1876393    0.04746799    -0.0488372    -0.09953043    0.0787147    0.094424    -0.08382258    0.1084163    0.1165131    -0.07260895    -0.05519722    0.05158124    -0.0245993    -0.06011067    0.01643522    0.0675262    -0.01555761    -0.0006513207    -0.01489961    0.006143999    0.06532508    0.004058885    -0.009180644    -0.03947601    -0.03934062    0.04766085    -0.01245327    0.03746201    0.001815271    -0.07141561    0.04733052    0.02641534    -0.02992343    0.002548544    -0.05080884    0.04667453
-0.001132487    0.04859191    -0.02615133    -0.04386999    0.02179571    0.235111    -0.6506694    0.06514224    1    -0.6078586    0.006334508    0.01858058    -0.0336703    0.001419121    0.03690263    0.1166931    -0.1987784    -0.2100947    0.158768    0.09811559    0.1789869    -0.07188884    -0.08701485    0.116042    -0.03253994    0.06193581    0.06285861    -0.005116542    -0.02456669    -0.01243414    0.04406171    -0.03355917    -0.03772896    0.08385934    0.003023485    0.03309106    -0.0007959545    -0.0509    -0.04873637    0.08804173    -0.06069623    0.03151801    0.03092303    -0.04632147    0.05767631    -0.03970691    0.02975632    0.01790455    -0.05704641    0.04815327    0.0144666    0.05111462    -0.03096351    -0.06306929    0.04605624
0.004781861    -0.01306501    0.04397876    -0.0358891    -0.03559496    -0.02529814    0.2672641    -0.5083593    -0.6078586    1    -0.03704632    -0.06396964    0.01999468    0.05012336    0.00133042    -0.04899594    0.2044164    0.2562508    -0.05158134    -0.2554506    -0.1952854    0.1296703    0.1450552    -0.1804671    -0.05279449    -0.04092893    -0.1104018    -0.06480707    0.02008828    0.103033    -0.06877164    0.03305229    0.08397911    -0.07236744    -0.0665572    -0.01608065    0.04638846    0.06175519    0.007692531    -0.0809541    0.03167666    0.02441669    0.004928975    0.02656286    -0.09268848    0.04737169    -0.02647088    -0.03644412    0.05826634    -0.06837055    0.01933827    -0.02711124    0.02084406    0.05430986    -0.08850135
0.1079122    -0.1610701    -0.1389593    0.1374584    0.007183483    0.04999516    -0.01674512    -0.02042022    0.006334508    -0.03704632    1    -0.0653515    -0.7025817    -0.07246449    -0.03990777    0.03780605    -0.01481273    -0.02226548    -0.007613043    0.02113233    0.1239674    -0.07089753    -0.02619431    0.07643802    0.01880399    0.05211451    0.009299387    -0.02888361    0.01442485    -0.01573111    0.1119487    -0.0306998    -0.02404761    0.1615659    -0.1017869    -0.01877491    -0.002536726    -0.0001194373    0.00907822    -0.0308177    -0.05735186    -0.03068268    0.03731908    0.0339948    -0.01774125    -0.04656379    -0.02450968    0.06832775    0.05737959    -0.08723703    -0.0211035    -0.02844851    0.04425556    0.03614543    -0.04129023
-0.1208308    -0.05555202    -0.03479942    -0.1120579    0.1960142    0.06208021    -0.01851354    0.01288188    0.01858058    -0.06396964    -0.0653515    1    -0.05452125    -0.5470611    0.1192943    0.02888135    0.07290454    -0.04967516    -0.08799917    0.0392869    0.006670565    -0.02209787    -0.03278482    -0.01332771    0.05799486    -0.04534223    0.07319618    0.08971217    -0.05421474    -0.0446723    -0.2691293    0.1216071    0.1612525    -0.2220394    -0.02468432    0.03781276    -0.01044606    -0.07934641    -0.05251811    0.1051894    -0.02122781    -0.03761231    0.01279158    0.04081183    0.01646836    -0.02305848    0.02032462    -0.02303756    -0.008309708    0.05213728    -0.05571547    0.03124489    -0.005263358    0.01292093    0.0196505
-0.1016283    0.06741579    -0.02128682    -0.1576606    0.132439    -0.01995253    0.03069296    0.01544832    -0.0336703    0.01999468    -0.7025817    -0.05452125    1    0.01906412    -0.3010253    -0.03859815    -0.02588103    0.01661437    0.009023877    0.02334298    -0.02040162    0.03300264    -0.05692963    -0.0295625    0.04139035    -0.05258699    0.04400704    0.09208606    -0.0190226    -0.07340155    -0.2112911    0.149687    0.1137867    -0.2744241    -0.01365065    0.007331623    -0.04689646    -0.01242739    0.03791118    0.01096669    -0.007419551    0.04277517    0.002508647    -0.02401571    0.04124434    -0.01388494    0.03191903    -0.02555524    -0.01929723    0.07371488    -0.01354869    0.02381293    -0.0120049    -0.0008737186    0.03446948
0.02446583    -0.01584294    -0.001143197    0.03290222    -0.05088529    -0.06661765    -0.02914187    -0.007161473    0.001419121    0.05012336    -0.07246449    -0.5470611    0.01906412    1    -0.3474456    -0.009850831    -0.08751963    0.02895423    0.09793057    -0.03073621    0.1331762    -0.04061764    -0.05768512    0.08323573    -0.03061974    0.01476753    -0.02460982    -0.002387155    0.1069574    -0.07361818    0.1036328    -0.005337062    -0.02918636    0.1222977    -0.1364391    -0.02203795    -0.010997    0.0235814    0.02303624    -0.01444551    0.03306556    0.0692363    0.003159733    -0.07714675    0.03158206    0.04312793    0.03024446    -0.006829902    -0.03666107    0.01409886    0.04149865    0.02677067    -0.03036496    -0.04351334    0.04054505
0.01695501    0.07706995    0.1773051    0.0470667    -0.1721358    -0.0323891    0.00799477    0.0140519    0.03690263    0.00133042    -0.03990777    0.1192943    -0.3010253    -0.3474456    1    -0.0127539    0.04102012    -0.0123815    -0.006952481    0.0208314    -0.07219191    0.04413709    0.05102562    -0.04480811    -0.005025426    0.0216993    -0.01832746    -0.09935673    -0.0606602    0.1937975    0.1045796    -0.102774    -0.1068129    0.08444076    0.1738623    0.03428278    0.05677509    0.0132068    -0.02251943    -0.03082946    -0.008806754    -0.03036565    0.009668594    0.0296788    -0.06149167    -0.007968931    -0.04523761    0.01878411    0.007284937    -0.02672611    0.01341937    -0.0240525    0.003897094    -0.01999872    0.009542477
-0.02704097    -0.03742454    -0.02309141    0.007989553    0.01251816    0.09385781    -0.1390567    -0.1177488    0.1166931    -0.04899594    0.03780605    0.02888135    -0.03859815    -0.009850831    -0.0127539    1    -0.06179415    -0.5939001    -0.1180336    0.02355674    0.1634554    0.003167241    -0.0895068    0.1761761    -0.1818439    0.09717232    -0.08722816    -0.08667009    0.1380336    -0.01523424    0.08197752    -0.001425257    -0.03697838    0.03881304    -0.05002561    0.01634699    0.00380016    -0.004393445    0.008885326    -0.01188798    -0.03065267    -0.01769961    0.05009034    0.0559951    -0.06036414    0.01295838    -0.05850945    -0.01582909    0.09730831    -0.05142728    0.01695272    -0.01407648    -0.03416736    0.06627287    -0.04323028
0.02649808    0.05308068    -0.02516572    -0.03876592    0.03036345    -0.08776051    0.05639625    -0.0588366    -0.1987784    0.2044164    -0.01481273    0.07290454    -0.02588103    -0.08751963    0.04102012    -0.06179415    1    -0.1008464    -0.6099681    0.04573424    -0.3052673    0.1793267    0.1450969    -0.2185411    -0.07608191    -0.03067778    -0.06843121    -0.0343644    -0.03209805    0.1146362    0.001560001    -0.07429014    0.02348987    -0.01501669    0.07973867    0.0537893    0.005927495    -0.01351157    0.01667249    -0.05022251    0.0311435    0.02083692    -0.01284636    5.780415e-05    -0.009904912    0.0268858    0.04548053    -0.01269761    -0.01923355    -0.01348765    0.05017908    0.03859853    0.0003286684    0.003572982    -0.05133569
-0.01492897    0.02446545    0.05528584    -0.01755944    -0.04140801    -0.1242036    0.068539    -0.038929    -0.2100947    0.2562508    -0.02226548    -0.04967516    0.01661437    0.02895423    -0.0123815    -0.5939001    -0.1008464    1    -0.06423964    -0.3811407    -0.2913777    0.1082349    0.1933872    -0.2592305    0.04835366    -0.05156854    0.009508551    -0.07544323    -0.1066749    0.1357757    0.01210735    -0.02341492    -0.03505125    0.02170153    0.03176039    -0.0203523    0.0371417    0.02756475    -0.02537533    -0.0297098    0.02020352    0.04184439    -0.005928774    -0.01366671    -0.04291455    -0.02649808    0.0549    0.02127432    -0.02359991    -0.0332647    -0.02512137    0.03133349    0.05872744    -0.01318928    -0.05255804
-0.02350755    -0.01794528    0.06182433    0.02966799    -0.0420534    0.03258501    -0.1577087    -0.06430305    0.158768    -0.05158134    -0.007613043    -0.08799917    0.009023877    0.09793057    -0.006952481    -0.1180336    -0.6099681    -0.06423964    1    -0.2719001    0.2042444    -0.1049033    -0.03284362    0.1353615    -0.02617771    0.08828579    -0.01406343    -0.08150698    0.04104409    -0.007125094    0.02191401    -0.0185645    -0.04593798    0.1056719    0.0109211    -0.01292824    0.008092942    0.002764414    -0.0248288    -0.0006085312    -0.03616802    0.003565345    0.0312197    -0.02646607    0.004106452    -0.02478192    0.005719094    0.04061504    -0.02626131    -0.01754155    -0.002344669    -0.02653181    -0.01451307    -0.00431456    0.01790585
0.01867777    0.007860983    -0.06535056    0.01332508    0.05631704    0.0502754    0.1101471    0.1876393    0.09811559    -0.2554506    0.02113233    0.0392869    0.02334298    -0.03073621    0.0208314    0.02355674    0.04573424    -0.3811407    -0.2719001    1    0.1571348    -0.07809915    -0.1983519    0.1494826    0.1391772    -0.04240613    0.08882602    0.1915411    -0.01750514    -0.1416398    -0.09784893    0.06749055    0.06676996    -0.0523314    -0.06221906    -0.01217325    -0.02460629    -0.009801652    0.01471605    0.04585703    0.006714172    -0.0517316    -0.02779441    0.009652567    0.05573689    0.03305312    -0.05874306    -0.01440025    0.004651166    0.0413756    -0.01086225    -0.01229876    0.01213007    -0.03356012    0.0535438
0.1062739    -0.01884409    0.0492766    0.1399626    -0.171295    0.08580155    -0.0895111    0.04746799    0.1789869    -0.1952854    0.1239674    0.006670565    -0.02040162    0.1331762    -0.07219191    0.1634554    -0.3052673    -0.2913777    0.2042444    0.1571348    1    -0.3425514    -0.24755    0.1688995    0.007790085    0.02656314    0.05578644    0.1539805    0.0386632    -0.2203005    -0.07208635    0.1296411    0.0257668    -0.06267589    -0.06859719    -0.117645    -0.1217612    0.0457179    0.1928327    0.04987837    -0.1767803    -0.06666218    0.1860952    0.1281455    -0.04795744    -0.1263499    -0.07152569    0.1316732    0.1212015    -0.037562    -0.08447945    -0.07770937    0.05651413    0.1102664    0.02200722
-0.04173183    0.02837125    -0.06421367    -0.08823668    0.116167    -0.05242631    -0.03176213    -0.0488372    -0.07188884    0.1296703    -0.07089753    -0.02209787    0.03300264    -0.04061764    0.04413709    0.003167241    0.1793267    0.1082349    -0.1049033    -0.07809915    -0.3425514    1    -0.6241456    -0.2792986    0.1218277    0.01189034    -0.1099098    -0.06119945    0.06726883    0.08203335    -0.01221896    -0.09842613    0.05058382    0.03587219    0.01075131    0.04582932    0.08810562    0.02508876    -0.02999201    0.007230208    0.0457438    0.02730782    -0.02652208    -0.009126031    0.04985198    0.002706932    0.02306117    0.00103875    -0.007419912    0.03841537    -0.01779192    0.02507684    0.01382804    0.01303361    0.01928556
-0.06669368    -0.05689195    -0.03536227    -0.08628976    0.1020139    -0.007107087    0.03980186    -0.09953043    -0.08701485    0.1450552    -0.02619431    -0.03278482    -0.05692963    -0.05768512    0.05102562    -0.0895068    0.1450969    0.1933872    -0.03284362    -0.1983519    -0.24755    -0.6241456    1    -0.2963397    -0.2330515    0.04877607    -0.05211566    -0.1575486    -0.02371983    0.1280792    0.1405388    -0.0142625    -0.1410526    0.04865965    0.06522706    -0.03037874    -0.006663493    0.05013394    0.003559211    -0.1217067    -0.03524317    -0.001486236    0.04598123    0.02887792    -0.1117265    -0.04358652    0.031866    0.05279601    -0.001865628    -0.08638982    -0.01887102    0.02595673    0.07922218    0.0074203    -0.1310156
0.0707084    -0.01663733    0.01248344    0.1332735    -0.1270012    0.01171587    -0.02105809    0.0787147    0.116042    -0.1804671    0.07643802    -0.01332771    -0.0295625    0.08323573    -0.04480811    0.1761761    -0.2185411    -0.2592305    0.1353615    0.1494826    0.1688995    -0.2792986    -0.2963397    1    -0.3314129    0.01751401    0.05822751    0.07922929    0.05887532    -0.1383074    -0.01920492    0.0355328    0.05907627    -0.03329079    -0.07680343    0.09585971    0.07331181    -0.06738785    -0.1041663    -0.04926138    0.1556508    0.1312641    -0.06975276    -0.125634    -0.06005435    0.1993922    0.08101921    -0.1072662    -0.07815568    -0.06487866    0.2354998    0.07558538    -0.1578722    -0.08792805    -0.01408765
0.03126267    0.04394241    0.06460526    0.0390444    -0.03871811    0.01553355    0.09505249    0.094424    -0.03253994    -0.05279449    0.01880399    0.05799486    0.04139035    -0.03061974    -0.005025426    -0.1818439    -0.07608191    0.04835366    -0.02617771    0.1391772    0.007790085    0.1218277    -0.2330515    -0.3314129    1    -0.09773678    0.09706521    0.1241814    -0.1282615    -0.006289234    -0.1315544    0.0147975    0.05810587    -0.009235673    0.02932604    -0.05840315    -0.1398412    -0.02974762    0.02582762    -0.01406774    -0.05886408    -0.1385741    -0.03817062    0.003018188    0.03084064    -0.04278369    -0.1147302    -0.008738951    0.003373388    -0.0197679    -0.1188029    -0.1060314    0.02790666    -0.02140475    -0.006324006
-0.02445343    -0.05551138    -0.007382865    0.04355567    -0.01461965    0.01580902    -0.05991311    -0.08382258    0.06193581    -0.04092893    0.05211451    -0.04534223    -0.05258699    0.01476753    0.0216993    0.09717232    -0.03067778    -0.05156854    0.08828579    -0.04240613    0.02656314    0.01189034    0.04877607    0.01751401    -0.09773678    1    0.1175183    -0.6888881    -0.007499106    0.04592695    0.003247247    -0.009592399    -0.01904375    0.0007578802    0.03226231    0.09522771    -0.09204214    -0.07977132    0.1170341    -0.07538418    0.05779381    -0.1090101    0.009181866    0.1207891    -0.1029446    0.03706809    -0.02777498    -0.0009125502    0.04669799    -0.06501368    0.03811379    0.0649115    -0.01489147    -0.01745127    -0.04125743
-0.00728827    0.07994208    0.1051694    -0.03030949    -0.07896462    -0.04429785    -0.0005669999    0.1084163    0.06285861    -0.1104018    0.009299387    0.07319618    0.04400704    -0.02460982    -0.01832746    -0.08722816    -0.06843121    0.009508551    -0.01406343    0.08882602    0.05578644    -0.1099098    -0.05211566    0.05822751    0.09706521    0.1175183    1    -0.2907878    -0.6958708    0.2802592    -0.07782294    0.01018996    0.02807792    -0.03670038    0.04059141    -0.04105729    -0.03431518    -0.09020196    -0.08061953    0.2086654    -0.02805541    -0.08229511    -0.08719055    -0.05946678    0.1862357    0.008134685    -0.05955376    -0.06734158    -0.001248415    0.0888398    0.003563782    -0.03867463    -0.0274839    0.0240722    0.01749138
0.02983422    0.03391737    0.01888647    0.0303423    -0.04492463    0.01512312    0.03145227    0.1165131    -0.005116542    -0.06480707    -0.02888361    0.08971217    0.09208606    -0.002387155    -0.09935673    -0.08667009    -0.0343644    -0.07544323    -0.08150698    0.1915411    0.1539805    -0.06119945    -0.1575486    0.07922929    0.1241814    -0.6888881    -0.2907878    1    0.09759804    -0.538035    -0.09255916    0.06569828    0.05244081    -0.1052417    0.002946527    -0.083692    -0.09252621    -0.03048099    -0.02866181    0.1496614    -0.07832443    0.01206705    -0.05838536    -0.0788725    0.1861061    -0.04862106    0.0101111    -0.02845086    -0.05266294    0.1308193    -0.04921008    -0.006044469    0.01836305    -0.003917189    0.04829828
0.02248903    -0.06721558    -0.1032105    0.01397458    0.07609251    0.04417408    0.01238109    -0.07260895    -0.02456669    0.02008828    0.01442485    -0.05421474    -0.0190226    0.1069574    -0.0606602    0.1380336    -0.03209805    -0.1066749    0.04104409    -0.01750514    0.0386632    0.06726883    -0.02371983    0.05887532    -0.1282615    -0.007499106    -0.6958708    0.09759804    1    -0.4298296    0.009908147    0.02584176    -0.01165603    0.00215075    0.002114588    0.09174029    -0.02010248    -0.02645048    0.08885645    -0.1217763    0.06681686    -0.06112158    0.008848863    0.1275067    -0.121465    0.03795101    -0.0132637    0.01598057    0.05548065    -0.07454921    0.02671605    0.07705192    0.02414094    -0.006282117    -0.04155574
-0.04256319    0.03860115    0.01341977    -0.0790857    0.04925242    -0.02605909    -0.01437138    -0.05519722    -0.01243414    0.103033    -0.01573111    -0.0446723    -0.07340155    -0.07361818    0.1937975    -0.01523424    0.1146362    0.1357757    -0.007125094    -0.1416398    -0.2203005    0.08203335    0.1280792    -0.1383074    -0.006289234    0.04592695    0.2802592    -0.538035    -0.4298296    1    0.08729528    -0.1167188    -0.0003244897    0.1339029    -0.04678849    0.01070133    0.1767705    0.1080461    -0.04915973    -0.1121769    0.03392326    0.1139882    0.06910205    -0.03286044    -0.1417786    0.001941615    0.01869545    0.05218478    0.02072014    -0.1223152    -0.02745773    -0.07163876    0.009207482    0.04189701    -0.04891097
0.06960626    0.05904949    -0.03717377    0.03295568    -0.05598918    0.04370249    0.02430503    0.05158124    0.04406171    -0.06877164    0.1119487    -0.2691293    -0.2112911    0.1036328    0.1045796    0.08197752    0.001560001    0.01210735    0.02191401    -0.09784893    -0.07208635    -0.01221896    0.1405388    -0.01920492    -0.1315544    0.003247247    -0.07782294    -0.09255916    0.009908147    0.08729528    1    0.1802937    -0.5691702    -0.2002636    -0.1141258    0.002717913    0.0726633    0.06331795    -0.005620966    -0.1002672    -0.03518199    0.04406992    0.08748384    -0.006565689    -0.09400843    -0.1603644    0.01298608    0.1604654    0.08648642    -0.03671642    0.02973779    0.05498523    0.07407697    -0.01060514    -0.09392598
-0.05946263    -0.003635176    -0.0524544    -0.03238618    0.07469587    -0.02391211    -0.06125764    -0.0245993    -0.03355917    0.03305229    -0.0306998    0.1216071    0.149687    -0.005337062    -0.102774    -0.001425257    -0.07429014    -0.02341492    -0.0185645    0.06749055    0.1296411    -0.09842613    -0.0142625    0.0355328    0.0147975    -0.009592399    0.01018996    0.06569828    0.02584176    -0.1167188    0.1802937    1    -0.712963    -0.5634511    0.2419349    -0.0122599    -0.0384917    0.02345501    0.04279476    -0.03082947    -0.004117329    -0.05887365    0.02810096    0.07208845    -0.01944009    -0.02048981    -0.04206599    -0.01845305    0.05780439    0.1025666    -0.00674628    0.01408197    0.04352533    0.03240485    -0.03614079
0.01124724    -0.07226143    -0.01608579    -0.03195911    0.06070256    -0.02552311    -0.01451888    -0.06011067    -0.03772896    0.08397911    -0.02404761    0.1612525    0.1137867    -0.02918636    -0.1068129    -0.03697838    0.02348987    -0.03505125    -0.04593798    0.06676996    0.0257668    0.05058382    -0.1410526    0.05907627    0.05810587    -0.01904375    0.02807792    0.05244081    -0.01165603    -0.0003244897    -0.5691702    -0.712963    1    0.1600804    -0.4300399    0.0150739    0.04611262    -0.02538076    -0.04408451    0.03886084    0.004094961    0.08498085    -0.01357486    -0.04992367    0.03569054    0.04503312    0.06082599    -0.01556947    -0.04923939    -0.05356981    0.008916974    0.02095433    -0.05981778    -0.02081737    0.05972902
0.06525906    0.02426811    0.07371991    0.05777876    -0.1086727    0.04000411    0.02676009    0.01643522    0.08385934    -0.07236744    0.1615659    -0.2220394    -0.2744241    0.1222977    0.08444076    0.03881304    -0.01501669    0.02170153    0.1056719    -0.0523314    -0.06267589    0.03587219    0.04865965    -0.03329079    -0.009235673    0.0007578802    -0.03670038    -0.1052417    0.00215075    0.1339029    -0.2002636    -0.5634511    0.1600804    1    -0.04550196    -0.009568574    -0.007907858    0.02902816    0.0393455    -0.03276983    0.04088292    0.03016526    -0.01105948    -0.05378308    -0.03262829    0.1436854    0.03978726    -0.04075165    -0.09282286    -0.1352477    0.006911928    -0.03437708    0.01492334    0.008254262    -0.02685137
-0.0422528    0.06971675    0.07790413    0.04540745    -0.1021506    0.01861263    0.06309214    0.0675262    0.003023485    -0.0665572    -0.1017869    -0.02468432    -0.01365065    -0.1364391    0.1738623    -0.05002561    0.07973867    0.03176039    0.0109211    -0.06221906    -0.06859719    0.01075131    0.06522706    -0.07680343    0.02932604    0.03226231    0.04059141    0.002946527    0.002114588    -0.04678849    -0.1141258    0.2419349    -0.4300399    -0.04550196    1    -0.007593216    -0.1337202    -0.07027574    0.03494076    0.07880389    -0.01434644    -0.1607475    -0.08457745    0.04869665    0.08412436    -0.04299442    -0.1391635    -0.0326559    0.01498628    -0.005949784    -0.05358654    -0.09921473    -0.02379207    -0.006139206    0.05736875
0.002905021    0.04193282    -0.01153259    -0.03466217    -0.01757743    0.01165382    -0.008077062    -0.01555761    0.03309106    -0.01608065    -0.01877491    0.03781276    0.007331623    -0.02203795    0.03428278    0.01634699    0.0537893    -0.0203523    -0.01292824    -0.01217325    -0.117645    0.04582932    -0.03037874    0.09585971    -0.05840315    0.09522771    -0.04105729    -0.083692    0.09174029    0.01070133    0.002717913    -0.0122599    0.0150739    -0.009568574    -0.007593216    1    0.1400241    -0.8017412    -0.2016428    0.2533022    0.0008403928    -0.01221599    0.01055408    0.02234292    -0.00882542    0.09917797    -0.0004770041    -0.03215939    0.02419644    -0.03339536    0.1505055    0.01463641    -0.08259465    -0.009590243    0.007012099
0.03272517    0.02093695    -0.006906097    -0.04016591    0.01064569    -0.01953328    -0.007483896    -0.0006513207    -0.0007959545    0.04638846    -0.002536726    -0.01044606    -0.04689646    -0.010997    0.05677509    0.00380016    0.005927495    0.0371417    0.008092942    -0.02460629    -0.1217612    0.08810562    -0.006663493    0.07331181    -0.1398412    -0.09204214    -0.03431518    -0.09252621    -0.02010248    0.1767705    0.0726633    -0.0384917    0.04611262    -0.007907858    -0.1337202    0.1400241    1    0.1472722    -0.7823827    0.08175681    -0.0144742    -0.0267208    0.02725611    0.03695603    -0.05146004    0.009252947    0.06049921    0.007082927    -0.004300034    -0.03968139    0.05029851    0.1195945    -0.03536964    -0.07018548    0.003337377
0.008693927    -0.02057569    0.003604717    -0.007508813    0.03089056    -0.0062315    0.03566922    -0.01489961    -0.0509    0.06175519    -0.0001194373    -0.07934641    -0.01242739    0.0235814    0.0132068    -0.004393445    -0.01351157    0.02756475    0.002764414    -0.009801652    0.0457179    0.02508876    0.05013394    -0.06738785    -0.02974762    -0.07977132    -0.09020196    -0.03048099    -0.02645048    0.1080461    0.06331795    0.02345501    -0.02538076    0.02902816    -0.07027574    -0.8017412    0.1472722    1    0.08810614    -0.5706687    0.007046621    0.0597377    -0.00615597    -0.03773207    -0.0142018    -0.08294533    0.05896118    0.05926745    -0.04423949    -0.01418326    -0.1021701    0.0291711    0.1122944    -0.001305928    -0.07595497
-0.02659994    0.004493113    0.03455539    0.03359659    -0.03496396    0.005046346    0.05549236    0.006143999    -0.04873637    0.007692531    0.00907822    -0.05251811    0.03791118    0.02303624    -0.02251943    0.008885326    0.01667249    -0.02537533    -0.0248288    0.01471605    0.1928327    -0.02999201    0.003559211    -0.1041663    0.02582762    0.1170341    -0.08061953    -0.02866181    0.08885645    -0.04915973    -0.005620966    0.04279476    -0.04408451    0.0393455    0.03494076    -0.2016428    -0.7823827    0.08810614    1    -0.4619127    0.05042576    0.06165633    -0.006232039    -0.07090873    0.006224635    -0.002607824    -0.02090071    0.02891476    -0.001386931    -0.008936635    -0.05785682    -0.09681303    0.07878019    0.09896317    -0.05325679
0.01414417    0.02352604    0.03086523    0.05462672    -0.04189368    -0.01143562    -0.04671823    0.06532508    0.08804173    -0.0809541    -0.0308177    0.1051894    0.01096669    -0.01444551    -0.03082946    -0.01188798    -0.05022251    -0.0297098    -0.0006085312    0.04585703    0.04987837    0.007230208    -0.1217067    -0.04926138    -0.01406774    -0.07538418    0.2086654    0.1496614    -0.1217763    -0.1121769    -0.1002672    -0.03082947    0.03886084    -0.03276983    0.07880389    0.2533022    0.08175681    -0.5706687    -0.4619127    1    -0.01820343    -0.08595736    -0.0116641    0.04677631    0.008166156    0.01775322    -0.06725439    -0.0746332    0.02306802    0.09500857    -0.004920112    -0.03197663    -0.09976217    -0.03825894    0.2072811
-0.03868388    0.02570057    0.05941823    0.01295194    0.01103227    -0.05441887    0.04852323    0.004058885    -0.06069623    0.03167666    -0.05735186    -0.02122781    -0.007419551    0.03306556    -0.008806754    -0.03065267    0.0311435    0.02020352    -0.03616802    0.006714172    -0.1767803    0.0457438    -0.03524317    0.1556508    -0.05886408    0.05779381    -0.02805541    -0.07832443    0.06681686    0.03392326    -0.03518199    -0.004117329    0.004094961    0.04088292    -0.01434644    0.0008403928    -0.0144742    0.007046621    0.05042576    -0.01820343    1    0.05016715    -0.7652618    -0.2164396    0.2527462    0.5959399    0.008867918    -0.4352198    -0.1327181    0.1665932    0.1757093    -0.01902461    -0.08365833    -0.06035079    0.02954738
0.02683497    0.005629873    -0.02345454    -0.007756155    0.02341695    0.03259111    -0.04285439    -0.009180644    0.03151801    0.02441669    -0.03068268    -0.03761231    0.04277517    0.0692363    -0.03036565    -0.01769961    0.02083692    0.04184439    0.003565345    -0.0517316    -0.06666218    0.02730782    -0.001486236    0.1312641    -0.1385741    -0.1090101    -0.08229511    0.01206705    -0.06112158    0.1139882    0.04406992    -0.05887365    0.08498085    0.03016526    -0.1607475    -0.01221599    -0.0267208    0.0597377    0.06165633    -0.08595736    0.05016715    1    0.07725506    -0.7808682    0.1179414    0.03727942    0.5768487    0.003365721    -0.4236526    0.06463427    0.04511379    0.1572304    -0.01627114    -0.09815471    -0.01748515
0.02435256    -0.02206836    -0.03673244    -0.01507274    -0.00105645    0.042098    0.004806626    -0.03947601    0.03092303    0.004928975    0.03731908    0.01279158    0.002508647    0.003159733    0.009668594    0.05009034    -0.01284636    -0.005928774    0.0312197    -0.02779441    0.1860952    -0.02652208    0.04598123    -0.06975276    -0.03817062    0.009181866    -0.08719055    -0.05838536    0.008848863    0.06910205    0.08748384    0.02810096    -0.01357486    -0.01105948    -0.08457745    0.01055408    0.02725611    -0.00615597    -0.006232039    -0.0116641    -0.7652618    0.07725506    1    0.210168    -0.6410685    -0.4368008    0.05310049    0.5855373    0.1218832    -0.4151067    -0.1032741    0.05570676    0.1396427    0.0561913    -0.1408994
-0.03779789    0.0267326    -0.0009793452    -0.04536799    0.003877634    -0.01144002    0.01411818    -0.03934062    -0.04632147    0.02656286    0.0339948    0.04081183    -0.02401571    -0.07714675    0.0296788    0.0559951    5.780415e-05    -0.01366671    -0.02646607    0.009652567    0.1281455    -0.009126031    0.02887792    -0.125634    0.003018188    0.1207891    -0.05946678    -0.0788725    0.1275067    -0.03286044    -0.006565689    0.07208845    -0.04992367    -0.05378308    0.04869665    0.02234292    0.03695603    -0.03773207    -0.07090873    0.04677631    -0.2164396    -0.7808682    0.210168    1    -0.5415401    -0.1096388    -0.43125    0.1203527    0.5588632    -0.3183744    -0.02245147    -0.0877916    0.04534361    0.128129    -0.06091721
0.01498125    -0.01257761    0.0164058    0.0123655    -0.02687516    0.01634724    -0.07562327    0.04766085    0.05767631    -0.09268848    -0.01774125    0.01646836    0.04124434    0.03158206    -0.06149167    -0.06036414    -0.009904912    -0.04291455    0.004106452    0.05573689    -0.04795744    0.04985198    -0.1117265    -0.06005435    0.03084064    -0.1029446    0.1862357    0.1861061    -0.121465    -0.1417786    -0.09400843    -0.01944009    0.03569054    -0.03262829    0.08412436    -0.00882542    -0.05146004    -0.0142018    0.006224635    0.008166156    0.2527462    0.1179414    -0.6410685    -0.5415401    1    0.08022032    0.03772683    -0.3454525    -0.2947401    0.6483583    -0.06040446    -0.04292855    -0.09685357    -0.04914318    0.253015
-0.0324485    0.06517634    0.07469758    -0.01060321    -0.0139021    -0.05806814    0.04425848    -0.01245327    -0.03970691    0.04737169    -0.04656379    -0.02305848    -0.01388494    0.04312793    -0.007968931    0.01295838    0.0268858    -0.02649808    -0.02478192    0.03305312    -0.1263499    0.002706932    -0.04358652    0.1993922    -0.04278369    0.03706809    0.008134685    -0.04862106    0.03795101    0.001941615    -0.1603644    -0.02048981    0.04503312    0.1436854    -0.04299442    0.09917797    0.009252947    -0.08294533    -0.002607824    0.01775322    0.5959399    0.03727942    -0.4368008    -0.1096388    0.08022032    1    -0.07100112    -0.728322    -0.04729772    0.1596486    0.5977577    -0.08046202    -0.3984988    0.0001008383    0.04818253
0.03713678    -0.02067189    -0.07160698    0.00331427    0.006085149    -0.01905838    -0.0529086    0.03746201    0.02975632    -0.02647088    -0.02450968    0.02032462    0.03191903    0.03024446    -0.04523761    -0.05850945    0.04548053    0.0549    0.005719094    -0.05874306    -0.07152569    0.02306117    0.031866    0.08101921    -0.1147302    -0.02777498    -0.05955376    0.0101111    -0.0132637    0.01869545    0.01298608    -0.04206599    0.06082599    0.03978726    -0.1391635    -0.0004770041    0.06049921    0.05896118    -0.02090071    -0.06725439    0.008867918    0.5768487    0.05310049    -0.43125    0.03772683    -0.07100112    1    0.0881019    -0.7726396    0.1730508    -0.02102613    0.5589629    0.01665341    -0.4008157    0.09564381
-0.01089743    -0.0349201    -0.04301916    -0.004962427    0.01554656    0.03358171    0.01351094    0.001815271    0.01790455    -0.03644412    0.06832775    -0.02303756    -0.02555524    -0.006829902    0.01878411    -0.01582909    -0.01269761    0.02127432    0.04061504    -0.01440025    0.1316732    0.00103875    0.05279601    -0.1072662    -0.008738951    -0.0009125502    -0.06734158    -0.02845086    0.01598057    0.05218478    0.1604654    -0.01845305    -0.01556947    -0.04075165    -0.0326559    -0.03215939    0.007082927    0.05926745    0.02891476    -0.0746332    -0.4352198    0.003365721    0.5855373    0.1203527    -0.3454525    -0.728322    0.0881019    1    0.04617607    -0.5515985    -0.4168925    0.06428404    0.5812836    0.01412991    -0.3068639
-0.0252368    0.02311271    0.03843172    -0.03767499    0.001828074    0.01492308    0.04822084    -0.07141561    -0.05704641    0.05826634    0.05737959    -0.008309708    -0.01929723    -0.03666107    0.007284937    0.09730831    -0.01923355    -0.02359991    -0.02626131    0.004651166    0.1212015    -0.007419912    -0.001865628    -0.07815568    0.003373388    0.04669799    -0.001248415    -0.05266294    0.05548065    0.02072014    0.08648642    0.05780439    -0.04923939    -0.09282286    0.01498628    0.02419644    -0.004300034    -0.04423949    -0.001386931    0.02306802    -0.1327181    -0.4236526    0.1218832    0.5588632    -0.2947401    -0.04729772    -0.7726396    0.04617607    1    -0.5459898    0.007878584    -0.412785    0.01791493    0.5618735    -0.3169163
0.02411072    -0.007536412    -0.007932219    0.01569491    -0.0170674    0.01209968    -0.08463976    0.04733052    0.04815327    -0.06837055    -0.08723703    0.05213728    0.07371488    0.01409886    -0.02672611    -0.05142728    -0.01348765    -0.0332647    -0.01754155    0.0413756    -0.037562    0.03841537    -0.08638982    -0.06487866    -0.0197679    -0.06501368    0.0888398    0.1308193    -0.07454921    -0.1223152    -0.03671642    0.1025666    -0.05356981    -0.1352477    -0.005949784    -0.03339536    -0.03968139    -0.01418326    -0.008936635    0.09500857    0.1665932    0.06463427    -0.4151067    -0.3183744    0.6483583    0.1596486    0.1730508    -0.5515985    -0.5459898    1    0.0122435    0.08702397    -0.3026942    -0.3122294    0.6186472
0.0009747135    0.03858535    0.002771592    0.009905022    -0.01513226    -0.09196398    -0.01949221    0.02641534    0.0144666    0.01933827    -0.0211035    -0.05571547    -0.01354869    0.04149865    0.01341937    0.01695272    0.05017908    -0.02512137    -0.002344669    -0.01086225    -0.08447945    -0.01779192    -0.01887102    0.2354998    -0.1188029    0.03811379    0.003563782    -0.04921008    0.02671605    -0.02745773    0.02973779    -0.00674628    0.008916974    0.006911928    -0.05358654    0.1505055    0.05029851    -0.1021701    -0.05785682    -0.004920112    0.1757093    0.04511379    -0.1032741    -0.02245147    -0.06040446    0.5977577    -0.02102613    -0.4168925    0.007878584    0.0122435    1    -0.1376514    -0.6676179    0.09997202    0.0203232
