1    0.0416845    -0.7534453    -0.07856249    0.08736875    0.00842127    0.02994683    0.02517646    -0.01692716    -0.01852224
0.0416845    1    -0.220745    -0.7680268    0.1760315    -0.004542744    -0.03163716    -0.008899058    0.06320033    -0.0249436
-0.7534453    -0.220745    1    0.05457984    -0.4539195    -0.03623932    0.04263955    0.0264194    -0.01795736    -0.004440584
-0.07856249    -0.7680268    0.05457984    1    -0.3206691    0.01918204    0.03027521    0.01889109    -0.03680868    -0.008244375
0.08736875    0.1760315    -0.4539195    -0.3206691    1    0.03400765    -0.08088546    -0.04279001    0.01694961    0.01981231
0.00842127    -0.004542744    -0.03623932    0.01918204    0.03400765    1    -0.1376514    -0.6676179    0.09997202    0.0203232
0.02994683    -0.03163716    0.04263955    0.03027521    -0.08088546    -0.1376514    1    0.03542279    -0.676552    0.1943159
0.02517646    -0.008899058    0.0264194    0.01889109    -0.04279001    -0.6676179    0.03542279    1    -0.05155417    -0.452103
-0.01692716    0.06320033    -0.01795736    -0.03680868    0.01694961    0.09997202    -0.676552    -0.05155417    1    -0.5967933
-0.01852224    -0.0249436    -0.004440584    -0.008244375    0.01981231    0.0203232    0.1943159    -0.452103    -0.5967933    1
