1    -0.218888    -0.3308694    0.08306893    -0.09162578    -0.1049821    0.04015974    0.104218    -0.03950954    -0.04726554    -0.0139257    0.07659465    0.06809344    -0.06066953    -0.06088495    -0.1409734    0.02028686    0.05504397    0.07824208    0.04217838
-0.218888    1    -0.5246829    -0.383431    0.2626359    0.05045737    -0.0203223    -0.03395516    0.004558426    -0.005977304    0.01460239    0.004252653    -0.03222128    -0.03056547    0.06349673    -0.02336418    -0.01071071    0.02764055    -0.01490469    0.08265093
-0.3308694    -0.5246829    1    -0.1363358    -0.5814342    0.1406627    -0.08642263    -0.1135213    0.1214367    0.08041019    -0.04183772    -0.09273361    -0.0274204    0.05620217    0.05764332    0.03751466    0.006400481    0.04040486    0.02129473    -0.1184249
0.08306893    -0.383431    -0.1363358    1    -0.08966739    -0.05806156    0.05845928    0.06046609    -0.05341199    -0.05546652    0.0109756    0.002509773    0.01024413    0.01306389    -0.06040209    0.1388728    0.1385646    -0.05229533    -0.1499688    -0.07583151
-0.09162578    0.2626359    -0.5814342    -0.08966739    1    -0.0929307    0.08294817    0.02574217    -0.08581093    -0.0110944    0.02303773    0.07362351    0.01845056    -0.01573626    -0.03090848    -0.009999257    -0.1220648    -0.04896083    0.01803577    -0.004669578
-0.1049821    0.05045737    0.1406627    -0.05806156    -0.0929307    1    0.009148284    -0.5227716    -0.02662411    -0.09164891    0.009958584    -0.01855465    0.001048079    0.02651015    -0.04221713    -0.100262    -0.05876979    0.1153365    0.08746204    -0.01207187
0.04015974    -0.0203223    -0.08642263    0.05845928    0.08294817    0.009148284    1    -0.6390093    -0.4031495    0.1813855    -0.01769647    -0.01577872    -0.01748958    0.01069618    0.03755191    -0.00643592    0.007629718    -0.04101519    -0.002514353    0.101324
0.104218    -0.03395516    -0.1135213    0.06046609    0.02574217    -0.5227716    -0.6390093    1    -0.06712646    -0.3321347    -0.003801953    -0.01626889    0.01207049    0.009705242    0.01396077    0.008517349    0.02727629    0.02599453    0.01829302    -0.0881724
-0.03950954    0.004558426    0.1214367    -0.05341199    -0.08581093    -0.02662411    -0.4031495    -0.06712646    1    -0.130076    0.01837402    -0.01615723    -0.03614271    -0.0360189    0.0375783    0.1530265    0.0912724    -0.0306517    -0.1043167    -0.1119837
-0.04726554    -0.005977304    0.08041019    -0.05546652    -0.0110944    -0.09164891    0.1813855    -0.3321347    -0.130076    1    0.01457464    0.05059889    0.01769066    -0.01764498    -0.04266305    -0.01698752    -0.09226233    -0.04700224    -0.01030879    -0.02343041
-0.0139257    0.01460239    -0.04183772    0.0109756    0.02303773    0.009958584    -0.01769647    -0.003801953    0.01837402    0.01457464    1    -0.01208665    -0.7751805    -0.07643994    0.1642374    -0.009373055    -0.01509577    0.03224401    0.03383987    -0.09029222
0.07659465    0.004252653    -0.09273361    0.002509773    0.07362351    -0.01855465    -0.01577872    -0.01626889    -0.01615723    0.05059889    -0.01208665    1    0.1663351    -0.7695498    0.07538156    -0.08040596    0.01265609    -0.02910225    0.01985668    0.01507886
0.06809344    -0.03222128    -0.0274204    0.01024413    0.01845056    0.001048079    -0.01748958    0.01207049    -0.03614271    0.01769066    -0.7751805    0.1663351    1    0.03349777    -0.5361289    -0.04407242    0.0121205    -0.01012586    -0.02725932    0.05512654
-0.06066953    -0.03056547    0.05620217    0.01306389    -0.01573626    0.02651015    0.01069618    0.009705242    -0.0360189    -0.01764498    -0.07643994    -0.7695498    0.03349777    1    -0.4759833    0.1151806    0.006940934    -0.05450186    -0.01843987    0.04088486
-0.06088495    0.06349673    0.05764332    -0.06040209    -0.03090848    -0.04221713    0.03755191    0.01396077    0.0375783    -0.04266305    0.1642374    0.07538156    -0.5361289    -0.4759833    1    -0.102393    -0.0620109    0.09590239    0.07637262    0.01052134
-0.1409734    -0.02336418    0.03751466    0.1388728    -0.009999257    -0.100262    -0.00643592    0.008517349    0.1530265    -0.01698752    -0.009373055    -0.08040596    -0.04407242    0.1151806    -0.102393    1    -0.1376514    -0.6676179    0.09997202    0.0203232
0.02028686    -0.01071071    0.006400481    0.1385646    -0.1220648    -0.05876979    0.007629718    0.02727629    0.0912724    -0.09226233    -0.01509577    0.01265609    0.0121205    0.006940934    -0.0620109    -0.1376514    1    0.03542279    -0.676552    0.1943159
0.05504397    0.02764055    0.04040486    -0.05229533    -0.04896083    0.1153365    -0.04101519    0.02599453    -0.0306517    -0.04700224    0.03224401    -0.02910225    -0.01012586    -0.05450186    0.09590239    -0.6676179    0.03542279    1    -0.05155417    -0.452103
0.07824208    -0.01490469    0.02129473    -0.1499688    0.01803577    0.08746204    -0.002514353    0.01829302    -0.1043167    -0.01030879    0.03383987    0.01985668    -0.02725932    -0.01843987    0.07637262    0.09997202    -0.676552    -0.05155417    1    -0.5967933
0.04217838    0.08265093    -0.1184249    -0.07583151    -0.004669578    -0.01207187    0.101324    -0.0881724    -0.1119837    -0.02343041    -0.09029222    0.01507886    0.05512654    0.04088486    0.01052134    0.0203232    0.1943159    -0.452103    -0.5967933    1
