1    -0.04959194    -0.3653458    -0.1231477    -0.235414    -0.02862622    0.008955436    0.09073879    -0.06501339    -0.09447889    0.01666408    0.05693432    -0.0006484418    -0.04199493    0.005914286    -0.009136779    0.01059224    -0.008654176    0.01641797    -0.01315003    -0.01040112    0.06133382    0.01911049    0.01675741    -0.06221591
-0.04959194    1    -0.6263962    -0.3809867    0.2643759    0.09542287    -0.05329368    -0.0703135    0.04889042    0.07020334    0.01350773    0.02125024    0.0173065    -0.02122322    -0.04818402    -0.00372597    -0.0032623    0.04163321    0.00351536    -0.05522946    -0.01894117    0.006198445    0.07756309    -0.008251203    -0.05519194
-0.3653458    -0.6263962    1    -0.04479658    -0.5652813    0.04048802    -0.03210165    -0.04785495    0.07808669    0.03893889    0.01486091    0.01783109    0.03012459    0.01105537    -0.03527674    0.05830373    0.03183936    0.009057584    -0.00370616    -0.03802861    0.05545266    0.005284587    -0.02549082    -0.004592954    0.01060062
-0.1231477    -0.3809867    -0.04479658    1    0.1156272    -0.08727965    0.05419702    0.07491683    -0.05713886    -0.08470179    -0.05895    0.0442306    0.05582072    0.002050091    -0.008719888    -0.07425488    0.08680586    0.06399375    -0.06517439    0.01595199    -0.000464846    0.07262736    -0.02296771    -0.08316854    0.07031703
-0.235414    0.2643759    -0.5652813    0.1156272    1    -0.08042156    0.05047742    0.02358717    -0.09094592    0.01972786    -0.05329875    -0.1104846    -0.04987427    0.04384095    0.08359652    -0.06741344    -0.08952706    -0.0383147    0.009030861    0.1118037    -0.05747459    -0.1235436    -0.007489111    0.04218325    0.04934349
-0.02862622    0.09542287    0.04048802    -0.08727965    -0.08042156    1    0.1802937    -0.5691702    -0.2002636    -0.1141258    -0.03518199    0.04406992    0.08748384    -0.006565689    -0.09400843    -0.1603644    0.01298608    0.1604654    0.08648642    -0.03671642    0.02973779    0.05498523    0.07407697    -0.01060514    -0.09392598
0.008955436    -0.05329368    -0.03210165    0.05419702    0.05047742    0.1802937    1    -0.712963    -0.5634511    0.2419349    -0.004117329    -0.05887365    0.02810096    0.07208845    -0.01944009    -0.02048981    -0.04206599    -0.01845305    0.05780439    0.1025666    -0.00674628    0.01408197    0.04352533    0.03240485    -0.03614079
0.09073879    -0.0703135    -0.04785495    0.07491683    0.02358717    -0.5691702    -0.712963    1    0.1600804    -0.4300399    0.004094961    0.08498085    -0.01357486    -0.04992367    0.03569054    0.04503312    0.06082599    -0.01556947    -0.04923939    -0.05356981    0.008916974    0.02095433    -0.05981778    -0.02081737    0.05972902
-0.06501339    0.04889042    0.07808669    -0.05713886    -0.09094592    -0.2002636    -0.5634511    0.1600804    1    -0.04550196    0.04088292    0.03016526    -0.01105948    -0.05378308    -0.03262829    0.1436854    0.03978726    -0.04075165    -0.09282286    -0.1352477    0.006911928    -0.03437708    0.01492334    0.008254262    -0.02685137
-0.09447889    0.07020334    0.03893889    -0.08470179    0.01972786    -0.1141258    0.2419349    -0.4300399    -0.04550196    1    -0.01434644    -0.1607475    -0.08457745    0.04869665    0.08412436    -0.04299442    -0.1391635    -0.0326559    0.01498628    -0.005949784    -0.05358654    -0.09921473    -0.02379207    -0.006139206    0.05736875
0.01666408    0.01350773    0.01486091    -0.05895    -0.05329875    -0.03518199    -0.004117329    0.004094961    0.04088292    -0.01434644    1    0.05016715    -0.7652618    -0.2164396    0.2527462    0.5959399    0.008867918    -0.4352198    -0.1327181    0.1665932    0.1757093    -0.01902461    -0.08365833    -0.06035079    0.02954738
0.05693432    0.02125024    0.01783109    0.0442306    -0.1104846    0.04406992    -0.05887365    0.08498085    0.03016526    -0.1607475    0.05016715    1    0.07725506    -0.7808682    0.1179414    0.03727942    0.5768487    0.003365721    -0.4236526    0.06463427    0.04511379    0.1572304    -0.01627114    -0.09815471    -0.01748515
-0.0006484418    0.0173065    0.03012459    0.05582072    -0.04987427    0.08748384    0.02810096    -0.01357486    -0.01105948    -0.08457745    -0.7652618    0.07725506    1    0.210168    -0.6410685    -0.4368008    0.05310049    0.5855373    0.1218832    -0.4151067    -0.1032741    0.05570676    0.1396427    0.0561913    -0.1408994
-0.04199493    -0.02122322    0.01105537    0.002050091    0.04384095    -0.006565689    0.07208845    -0.04992367    -0.05378308    0.04869665    -0.2164396    -0.7808682    0.210168    1    -0.5415401    -0.1096388    -0.43125    0.1203527    0.5588632    -0.3183744    -0.02245147    -0.0877916    0.04534361    0.128129    -0.06091721
0.005914286    -0.04818402    -0.03527674    -0.008719888    0.08359652    -0.09400843    -0.01944009    0.03569054    -0.03262829    0.08412436    0.2527462    0.1179414    -0.6410685    -0.5415401    1    0.08022032    0.03772683    -0.3454525    -0.2947401    0.6483583    -0.06040446    -0.04292855    -0.09685357    -0.04914318    0.253015
-0.009136779    -0.00372597    0.05830373    -0.07425488    -0.06741344    -0.1603644    -0.02048981    0.04503312    0.1436854    -0.04299442    0.5959399    0.03727942    -0.4368008    -0.1096388    0.08022032    1    -0.07100112    -0.728322    -0.04729772    0.1596486    0.5977577    -0.08046202    -0.3984988    0.0001008383    0.04818253
0.01059224    -0.0032623    0.03183936    0.08680586    -0.08952706    0.01298608    -0.04206599    0.06082599    0.03978726    -0.1391635    0.008867918    0.5768487    0.05310049    -0.43125    0.03772683    -0.07100112    1    0.0881019    -0.7726396    0.1730508    -0.02102613    0.5589629    0.01665341    -0.4008157    0.09564381
-0.008654176    0.04163321    0.009057584    0.06399375    -0.0383147    0.1604654    -0.01845305    -0.01556947    -0.04075165    -0.0326559    -0.4352198    0.003365721    0.5855373    0.1203527    -0.3454525    -0.728322    0.0881019    1    0.04617607    -0.5515985    -0.4168925    0.06428404    0.5812836    0.01412991    -0.3068639
0.01641797    0.00351536    -0.00370616    -0.06517439    0.009030861    0.08648642    0.05780439    -0.04923939    -0.09282286    0.01498628    -0.1327181    -0.4236526    0.1218832    0.5588632    -0.2947401    -0.04729772    -0.7726396    0.04617607    1    -0.5459898    0.007878584    -0.412785    0.01791493    0.5618735    -0.3169163
-0.01315003    -0.05522946    -0.03802861    0.01595199    0.1118037    -0.03671642    0.1025666    -0.05356981    -0.1352477    -0.005949784    0.1665932    0.06463427    -0.4151067    -0.3183744    0.6483583    0.1596486    0.1730508    -0.5515985    -0.5459898    1    0.0122435    0.08702397    -0.3026942    -0.3122294    0.6186472
-0.01040112    -0.01894117    0.05545266    -0.000464846    -0.05747459    0.02973779    -0.00674628    0.008916974    0.006911928    -0.05358654    0.1757093    0.04511379    -0.1032741    -0.02245147    -0.06040446    0.5977577    -0.02102613    -0.4168925    0.007878584    0.0122435    1    -0.1376514    -0.6676179    0.09997202    0.0203232
0.06133382    0.006198445    0.005284587    0.07262736    -0.1235436    0.05498523    0.01408197    0.02095433    -0.03437708    -0.09921473    -0.01902461    0.1572304    0.05570676    -0.0877916    -0.04292855    -0.08046202    0.5589629    0.06428404    -0.412785    0.08702397    -0.1376514    1    0.03542279    -0.676552    0.1943159
0.01911049    0.07756309    -0.02549082    -0.02296771    -0.007489111    0.07407697    0.04352533    -0.05981778    0.01492334    -0.02379207    -0.08365833    -0.01627114    0.1396427    0.04534361    -0.09685357    -0.3984988    0.01665341    0.5812836    0.01791493    -0.3026942    -0.6676179    0.03542279    1    -0.05155417    -0.452103
0.01675741    -0.008251203    -0.004592954    -0.08316854    0.04218325    -0.01060514    0.03240485    -0.02081737    0.008254262    -0.006139206    -0.06035079    -0.09815471    0.0561913    0.128129    -0.04914318    0.0001008383    -0.4008157    0.01412991    0.5618735    -0.3122294    0.09997202    -0.676552    -0.05155417    1    -0.5967933
-0.06221591    -0.05519194    0.01060062    0.07031703    0.04934349    -0.09392598    -0.03614079    0.05972902    -0.02685137    0.05736875    0.02954738    -0.01748515    -0.1408994    -0.06091721    0.253015    0.04818253    0.09564381    -0.3068639    -0.3169163    0.6186472    0.0203232    0.1943159    -0.452103    -0.5967933    1
