1    0.1802937    -0.5691702    -0.2002636    -0.1141258    0.002717913    0.0726633    0.06331795    -0.005620966    -0.1002672    -0.1603644    0.01298608    0.1604654    0.08648642    -0.03671642    0.02973779    0.05498523    0.07407697    -0.01060514    -0.09392598
0.1802937    1    -0.712963    -0.5634511    0.2419349    -0.0122599    -0.0384917    0.02345501    0.04279476    -0.03082947    -0.02048981    -0.04206599    -0.01845305    0.05780439    0.1025666    -0.00674628    0.01408197    0.04352533    0.03240485    -0.03614079
-0.5691702    -0.712963    1    0.1600804    -0.4300399    0.0150739    0.04611262    -0.02538076    -0.04408451    0.03886084    0.04503312    0.06082599    -0.01556947    -0.04923939    -0.05356981    0.008916974    0.02095433    -0.05981778    -0.02081737    0.05972902
-0.2002636    -0.5634511    0.1600804    1    -0.04550196    -0.009568574    -0.007907858    0.02902816    0.0393455    -0.03276983    0.1436854    0.03978726    -0.04075165    -0.09282286    -0.1352477    0.006911928    -0.03437708    0.01492334    0.008254262    -0.02685137
-0.1141258    0.2419349    -0.4300399    -0.04550196    1    -0.007593216    -0.1337202    -0.07027574    0.03494076    0.07880389    -0.04299442    -0.1391635    -0.0326559    0.01498628    -0.005949784    -0.05358654    -0.09921473    -0.02379207    -0.006139206    0.05736875
0.002717913    -0.0122599    0.0150739    -0.009568574    -0.007593216    1    0.1400241    -0.8017412    -0.2016428    0.2533022    0.09917797    -0.0004770041    -0.03215939    0.02419644    -0.03339536    0.1505055    0.01463641    -0.08259465    -0.009590243    0.007012099
0.0726633    -0.0384917    0.04611262    -0.007907858    -0.1337202    0.1400241    1    0.1472722    -0.7823827    0.08175681    0.009252947    0.06049921    0.007082927    -0.004300034    -0.03968139    0.05029851    0.1195945    -0.03536964    -0.07018548    0.003337377
0.06331795    0.02345501    -0.02538076    0.02902816    -0.07027574    -0.8017412    0.1472722    1    0.08810614    -0.5706687    -0.08294533    0.05896118    0.05926745    -0.04423949    -0.01418326    -0.1021701    0.0291711    0.1122944    -0.001305928    -0.07595497
-0.005620966    0.04279476    -0.04408451    0.0393455    0.03494076    -0.2016428    -0.7823827    0.08810614    1    -0.4619127    -0.002607824    -0.02090071    0.02891476    -0.001386931    -0.008936635    -0.05785682    -0.09681303    0.07878019    0.09896317    -0.05325679
-0.1002672    -0.03082947    0.03886084    -0.03276983    0.07880389    0.2533022    0.08175681    -0.5706687    -0.4619127    1    0.01775322    -0.06725439    -0.0746332    0.02306802    0.09500857    -0.004920112    -0.03197663    -0.09976217    -0.03825894    0.2072811
-0.1603644    -0.02048981    0.04503312    0.1436854    -0.04299442    0.09917797    0.009252947    -0.08294533    -0.002607824    0.01775322    1    -0.07100112    -0.728322    -0.04729772    0.1596486    0.5977577    -0.08046202    -0.3984988    0.0001008383    0.04818253
0.01298608    -0.04206599    0.06082599    0.03978726    -0.1391635    -0.0004770041    0.06049921    0.05896118    -0.02090071    -0.06725439    -0.07100112    1    0.0881019    -0.7726396    0.1730508    -0.02102613    0.5589629    0.01665341    -0.4008157    0.09564381
0.1604654    -0.01845305    -0.01556947    -0.04075165    -0.0326559    -0.03215939    0.007082927    0.05926745    0.02891476    -0.0746332    -0.728322    0.0881019    1    0.04617607    -0.5515985    -0.4168925    0.06428404    0.5812836    0.01412991    -0.3068639
0.08648642    0.05780439    -0.04923939    -0.09282286    0.01498628    0.02419644    -0.004300034    -0.04423949    -0.001386931    0.02306802    -0.04729772    -0.7726396    0.04617607    1    -0.5459898    0.007878584    -0.412785    0.01791493    0.5618735    -0.3169163
-0.03671642    0.1025666    -0.05356981    -0.1352477    -0.005949784    -0.03339536    -0.03968139    -0.01418326    -0.008936635    0.09500857    0.1596486    0.1730508    -0.5515985    -0.5459898    1    0.0122435    0.08702397    -0.3026942    -0.3122294    0.6186472
0.02973779    -0.00674628    0.008916974    0.006911928    -0.05358654    0.1505055    0.05029851    -0.1021701    -0.05785682    -0.004920112    0.5977577    -0.02102613    -0.4168925    0.007878584    0.0122435    1    -0.1376514    -0.6676179    0.09997202    0.0203232
0.05498523    0.01408197    0.02095433    -0.03437708    -0.09921473    0.01463641    0.1195945    0.0291711    -0.09681303    -0.03197663    -0.08046202    0.5589629    0.06428404    -0.412785    0.08702397    -0.1376514    1    0.03542279    -0.676552    0.1943159
0.07407697    0.04352533    -0.05981778    0.01492334    -0.02379207    -0.08259465    -0.03536964    0.1122944    0.07878019    -0.09976217    -0.3984988    0.01665341    0.5812836    0.01791493    -0.3026942    -0.6676179    0.03542279    1    -0.05155417    -0.452103
-0.01060514    0.03240485    -0.02081737    0.008254262    -0.006139206    -0.009590243    -0.07018548    -0.001305928    0.09896317    -0.03825894    0.0001008383    -0.4008157    0.01412991    0.5618735    -0.3122294    0.09997202    -0.676552    -0.05155417    1    -0.5967933
-0.09392598    -0.03614079    0.05972902    -0.02685137    0.05736875    0.007012099    0.003337377    -0.07595497    -0.05325679    0.2072811    0.04818253    0.09564381    -0.3068639    -0.3169163    0.6186472    0.0203232    0.1943159    -0.452103    -0.5967933    1
