1    -0.0653515    -0.7025817    -0.07246449    -0.03990777    0.1132009    -0.006026042    -0.08167544    0.08203517    -0.03408187    0.05211451    0.009299387    -0.02888361    0.01442485    -0.01573111    -0.04538115    0.007239789    0.05762384    -0.03795125    -0.005082973    -0.0211035    -0.02844851    0.04425556    0.03614543    -0.04129023
-0.0653515    1    -0.05452125    -0.5470611    0.1192943    0.04383234    -0.05283224    -0.05484159    0.01838671    0.04420704    -0.04534223    0.07319618    0.08971217    -0.05421474    -0.0446723    -0.03236139    -0.02749777    -0.0002919384    0.02072212    0.02997351    -0.05571547    0.03124489    -0.005263358    0.01292093    0.0196505
-0.7025817    -0.05452125    1    0.01906412    -0.3010253    0.007473095    0.003391491    -0.03336696    -0.05440936    0.06469533    -0.05258699    0.04400704    0.09208606    -0.0190226    -0.07340155    0.03702329    0.01478587    -0.0471459    0.0235767    0.03450347    -0.01354869    0.02381293    -0.0120049    -0.0008737186    0.03446948
-0.07246449    -0.5470611    0.01906412    1    -0.3474456    0.02336661    -0.0222154    -0.003442623    0.01212583    0.02691877    0.01476753    -0.02460982    -0.002387155    0.1069574    -0.07361818    0.0451509    0.04610146    -0.0164992    -0.02344864    0.002177915    0.04149865    0.02677067    -0.03036496    -0.04351334    0.04054505
-0.03990777    0.1192943    -0.3010253    -0.3474456    1    -0.1020545    0.06568004    0.08950953    -0.02629972    -0.1033925    0.0216993    -0.01832746    -0.09935673    -0.0606602    0.1937975    -0.02805334    -0.07359731    -0.008538113    0.04679589    -0.05780668    0.01341937    -0.0240525    0.003897094    -0.01999872    0.009542477
0.1132009    0.04383234    0.007473095    0.02336661    -0.1020545    1    -0.218888    -0.3308694    0.08306893    -0.09162578    0.04442717    -0.08378651    -0.08012579    0.0740386    0.03115873    0.02879211    0.05879974    0.005755298    -0.05404761    -0.0129772    -0.1409734    0.02028686    0.05504397    0.07824208    0.04217838
-0.006026042    -0.05283224    0.003391491    -0.0222154    0.06568004    -0.218888    1    -0.5246829    -0.383431    0.2626359    -0.03844186    0.03924879    0.06687638    -0.009079785    -0.06990387    -0.05456168    -0.02548276    0.02715219    0.03680484    -0.0107734    -0.02336418    -0.01071071    0.02764055    -0.01490469    0.08265093
-0.08167544    -0.05484159    -0.03336696    -0.003442623    0.08950953    -0.3308694    -0.5246829    1    -0.1363358    -0.5814342    -0.029307    0.03718132    0.01236598    -0.03433463    0.04014523    0.004097723    -0.09662301    -0.03263222    0.02233212    0.04831779    0.03751466    0.006400481    0.04040486    0.02129473    -0.1184249
0.08203517    0.01838671    -0.05440936    0.01212583    -0.02629972    0.08306893    -0.383431    -0.1363358    1    -0.08966739    0.04506263    -0.09650101    -0.09709368    0.02375383    0.08929247    -0.003521026    -0.002227745    -0.0295787    0.005798343    0.004181365    0.1388728    0.1385646    -0.05229533    -0.1499688    -0.07583151
-0.03408187    0.04420704    0.06469533    0.02691877    -0.1033925    -0.09162578    0.2626359    -0.5814342    -0.08966739    1    0.02572939    0.05939543    -0.004673176    -0.03393417    -0.00785499    0.02540195    0.07666948    0.03243086    0.008883128    -0.07207009    -0.009999257    -0.1220648    -0.04896083    0.01803577    -0.004669578
0.05211451    -0.04534223    -0.05258699    0.01476753    0.0216993    0.04442717    -0.03844186    -0.029307    0.04506263    0.02572939    1    0.1175183    -0.6888881    -0.007499106    0.04592695    -0.03074076    -0.1534545    0.03252606    0.2421991    -0.08383779    0.03811379    0.0649115    -0.01489147    -0.01745127    -0.04125743
0.009299387    0.07319618    0.04400704    -0.02460982    -0.01832746    -0.08378651    0.03924879    0.03718132    -0.09650101    0.05939543    0.1175183    1    -0.2907878    -0.6958708    0.2802592    -0.1408195    -0.01074188    0.1327525    0.07629765    -0.04877948    0.003563782    -0.03867463    -0.0274839    0.0240722    0.01749138
-0.02888361    0.08971217    0.09208606    -0.002387155    -0.09935673    -0.08012579    0.06687638    0.01236598    -0.09709368    -0.004673176    -0.6888881    -0.2907878    1    0.09759804    -0.538035    0.007736935    0.217624    0.1011528    -0.1098523    -0.07043524    -0.04921008    -0.006044469    0.01836305    -0.003917189    0.04829828
0.01442485    -0.05421474    -0.0190226    0.1069574    -0.0606602    0.0740386    -0.009079785    -0.03433463    0.02375383    -0.03393417    -0.007499106    -0.6958708    0.09759804    1    -0.4298296    0.313211    0.114386    -0.1471817    -0.1197788    -0.07146114    0.02671605    0.07705192    0.02414094    -0.006282117    -0.04155574
-0.01573111    -0.0446723    -0.07340155    -0.07361818    0.1937975    0.03115873    -0.06990387    0.04014523    0.08929247    -0.00785499    0.04592695    0.2802592    -0.538035    -0.4298296    1    -0.1620442    -0.1976653    -0.05621843    -0.0005857989    -0.01027154    -0.02745773    -0.07163876    0.009207482    0.04189701    -0.04891097
-0.04538115    -0.03236139    0.03702329    0.0451509    -0.02805334    0.02879211    -0.05456168    0.004097723    -0.003521026    0.02540195    -0.03074076    -0.1408195    0.007736935    0.313211    -0.1620442    1    -0.1169316    -0.7228295    0.1430365    0.1130299    0.1757378    0.02504304    -0.105211    -0.008841889    -0.02511926
0.007239789    -0.02749777    0.01478587    0.04610146    -0.07359731    0.05879974    -0.02548276    -0.09662301    -0.002227745    0.07666948    -0.1534545    -0.01074188    0.217624    0.114386    -0.1976653    -0.1169316    1    0.1225456    -0.708288    0.1717449    0.03620365    0.0936842    -0.0119282    -0.0254776    -0.01258437
0.05762384    -0.0002919384    -0.0471459    -0.0164992    -0.008538113    0.005755298    0.02715219    -0.03263222    -0.0295787    0.03243086    0.03252606    0.1327525    0.1011528    -0.1471817    -0.05621843    -0.7228295    0.1225456    1    -0.1843117    -0.4438617    -0.113282    0.04960023    0.1477838    -0.01328394    -0.06908165
-0.03795125    0.02072212    0.0235767    -0.02344864    0.04679589    -0.05404761    0.03680484    0.02233212    0.005798343    0.008883128    0.2421991    0.07629765    -0.1098523    -0.1197788    -0.0005857989    0.1430365    -0.708288    -0.1843117    1    -0.5048047    -0.05155008    -0.09524614    0.06263443    0.1308298    -0.08923405
-0.005082973    0.02997351    0.03450347    0.002177915    -0.05780668    -0.0129772    -0.0107734    0.04831779    0.004181365    -0.07207009    -0.08383779    -0.04877948    -0.07043524    -0.07146114    -0.01027154    0.1130299    0.1717449    -0.4438617    -0.5048047    1    0.02834152    -0.01744921    -0.1629022    -0.1021666    0.3065855
-0.0211035    -0.05571547    -0.01354869    0.04149865    0.01341937    -0.1409734    -0.02336418    0.03751466    0.1388728    -0.009999257    0.03811379    0.003563782    -0.04921008    0.02671605    -0.02745773    0.1757378    0.03620365    -0.113282    -0.05155008    0.02834152    1    -0.1376514    -0.6676179    0.09997202    0.0203232
-0.02844851    0.03124489    0.02381293    0.02677067    -0.0240525    0.02028686    -0.01071071    0.006400481    0.1385646    -0.1220648    0.0649115    -0.03867463    -0.006044469    0.07705192    -0.07163876    0.02504304    0.0936842    0.04960023    -0.09524614    -0.01744921    -0.1376514    1    0.03542279    -0.676552    0.1943159
0.04425556    -0.005263358    -0.0120049    -0.03036496    0.003897094    0.05504397    0.02764055    0.04040486    -0.05229533    -0.04896083    -0.01489147    -0.0274839    0.01836305    0.02414094    0.009207482    -0.105211    -0.0119282    0.1477838    0.06263443    -0.1629022    -0.6676179    0.03542279    1    -0.05155417    -0.452103
0.03614543    0.01292093    -0.0008737186    -0.04351334    -0.01999872    0.07824208    -0.01490469    0.02129473    -0.1499688    0.01803577    -0.01745127    0.0240722    -0.003917189    -0.006282117    0.04189701    -0.008841889    -0.0254776    -0.01328394    0.1308298    -0.1021666    0.09997202    -0.676552    -0.05155417    1    -0.5967933
-0.04129023    0.0196505    0.03446948    0.04054505    0.009542477    0.04217838    0.08265093    -0.1184249    -0.07583151    -0.004669578    -0.04125743    0.01749138    0.04829828    -0.04155574    -0.04891097    -0.02511926    -0.01258437    -0.06908165    -0.08923405    0.3065855    0.0203232    0.1943159    -0.452103    -0.5967933    1
