1    -0.1750601    -0.4248295    0.2174913    0.002515153    0.1079122    -0.1208308    -0.1016283    0.02446583    0.01695501    0.08290553    0.1420132    -0.1258927    0.1366638    -0.05172256    0.06960626    -0.05946263    0.01124724    0.06525906    -0.0422528    -0.03868388    0.02683497    0.02435256    -0.03779789    0.01498125    -0.0324485    0.03713678    -0.01089743    -0.0252368    0.02411072    0.0009747135    0.03327251    -0.05064715    -0.0215638    0.05025186
-0.1750601    1    -0.01491714    -0.6222392    0.2333305    -0.1610701    -0.05555202    0.06741579    -0.01584294    0.07706995    -0.3353101    0.2167543    0.1456674    -0.3199835    0.06876775    0.05904949    -0.003635176    -0.07226143    0.02426811    0.06971675    0.02570057    0.005629873    -0.02206836    0.0267326    -0.01257761    0.06517634    -0.02067189    -0.0349201    0.02311271    -0.007536412    0.03858535    -0.04293042    -0.03044503    0.020002    0.0008537819
-0.4248295    -0.01491714    1    0.05952327    -0.5232977    -0.1389593    -0.03479942    -0.02128682    -0.001143197    0.1773051    -0.270278    0.006946083    0.3412862    -0.2258945    -0.1337849    -0.03717377    -0.0524544    -0.01608579    0.07371991    0.07790413    0.05941823    -0.02345454    -0.03673244    -0.0009793452    0.0164058    0.07469758    -0.07160698    -0.04301916    0.03843172    -0.007932219    0.002771592    -0.05800285    0.03287454    0.02958227    -0.02717925
0.2174913    -0.6222392    0.05952327    1    -0.5990358    0.1374584    -0.1120579    -0.1576606    0.03290222    0.0470667    0.07819892    -0.02426068    0.03566689    0.2725577    -0.2255056    0.03295568    -0.03238618    -0.03195911    0.05777876    0.04540745    0.01295194    -0.007756155    -0.01507274    -0.04536799    0.0123655    -0.01060321    0.00331427    -0.004962427    -0.03767499    0.01569491    0.009905022    0.03889825    -0.01558606    -0.06794439    0.05679076
0.002515153    0.2333305    -0.5232977    -0.5990358    1    0.007183483    0.1960142    0.132439    -0.05088529    -0.1721358    0.1260706    -0.06727067    -0.2627192    0.03812875    0.3118254    -0.05598918    0.07469587    0.06070256    -0.1086727    -0.1021506    0.01103227    0.02341695    -0.00105645    0.003877634    -0.02687516    -0.0139021    0.006085149    0.01554656    0.001828074    -0.0170674    -0.01513226    -0.03677966    0.009636552    0.05131929    -0.06605082
0.1079122    -0.1610701    -0.1389593    0.1374584    0.007183483    1    -0.0653515    -0.7025817    -0.07246449    -0.03990777    0.1132009    -0.006026042    -0.08167544    0.08203517    -0.03408187    0.1119487    -0.0306998    -0.02404761    0.1615659    -0.1017869    -0.05735186    -0.03068268    0.03731908    0.0339948    -0.01774125    -0.04656379    -0.02450968    0.06832775    0.05737959    -0.08723703    -0.0211035    -0.02844851    0.04425556    0.03614543    -0.04129023
-0.1208308    -0.05555202    -0.03479942    -0.1120579    0.1960142    -0.0653515    1    -0.05452125    -0.5470611    0.1192943    0.04383234    -0.05283224    -0.05484159    0.01838671    0.04420704    -0.2691293    0.1216071    0.1612525    -0.2220394    -0.02468432    -0.02122781    -0.03761231    0.01279158    0.04081183    0.01646836    -0.02305848    0.02032462    -0.02303756    -0.008309708    0.05213728    -0.05571547    0.03124489    -0.005263358    0.01292093    0.0196505
-0.1016283    0.06741579    -0.02128682    -0.1576606    0.132439    -0.7025817    -0.05452125    1    0.01906412    -0.3010253    0.007473095    0.003391491    -0.03336696    -0.05440936    0.06469533    -0.2112911    0.149687    0.1137867    -0.2744241    -0.01365065    -0.007419551    0.04277517    0.002508647    -0.02401571    0.04124434    -0.01388494    0.03191903    -0.02555524    -0.01929723    0.07371488    -0.01354869    0.02381293    -0.0120049    -0.0008737186    0.03446948
0.02446583    -0.01584294    -0.001143197    0.03290222    -0.05088529    -0.07246449    -0.5470611    0.01906412    1    -0.3474456    0.02336661    -0.0222154    -0.003442623    0.01212583    0.02691877    0.1036328    -0.005337062    -0.02918636    0.1222977    -0.1364391    0.03306556    0.0692363    0.003159733    -0.07714675    0.03158206    0.04312793    0.03024446    -0.006829902    -0.03666107    0.01409886    0.04149865    0.02677067    -0.03036496    -0.04351334    0.04054505
0.01695501    0.07706995    0.1773051    0.0470667    -0.1721358    -0.03990777    0.1192943    -0.3010253    -0.3474456    1    -0.1020545    0.06568004    0.08950953    -0.02629972    -0.1033925    0.1045796    -0.102774    -0.1068129    0.08444076    0.1738623    -0.008806754    -0.03036565    0.009668594    0.0296788    -0.06149167    -0.007968931    -0.04523761    0.01878411    0.007284937    -0.02672611    0.01341937    -0.0240525    0.003897094    -0.01999872    0.009542477
0.08290553    -0.3353101    -0.270278    0.07819892    0.1260706    0.1132009    0.04383234    0.007473095    0.02336661    -0.1020545    1    -0.218888    -0.3308694    0.08306893    -0.09162578    -0.0445336    0.05752026    0.06783418    -0.08612158    -0.1023918    -0.1774762    -0.05454356    0.1140151    0.1297647    0.04706916    -0.1962985    -0.04209818    0.1111254    0.1173346    0.03826283    -0.1409734    0.02028686    0.05504397    0.07824208    0.04217838
0.1420132    0.2167543    0.006946083    -0.02426068    -0.06727067    -0.006026042    -0.05283224    0.003391491    -0.0222154    0.06568004    -0.218888    1    -0.5246829    -0.383431    0.2626359    0.04384772    -0.04590393    0.0002410609    0.006628475    0.02946979    0.06696661    0.04712166    -0.06605885    -0.04572048    0.09029175    0.03257044    0.02592098    -0.0158206    -0.02799969    0.07701366    -0.02336418    -0.01071071    0.02764055    -0.01490469    0.08265093
-0.1258927    0.1456674    0.3412862    0.03566689    -0.2627192    -0.08167544    -0.05484159    -0.03336696    -0.003442623    0.08950953    -0.3308694    -0.5246829    1    -0.1363358    -0.5814342    0.1107507    -0.04759448    -0.1321042    0.1279014    0.09266522    -0.05267561    -0.0229053    0.1202755    0.05595525    -0.1647853    0.007189006    -0.01355433    0.07855651    0.05097429    -0.1653934    0.03751466    0.006400481    0.04040486    0.02129473    -0.1184249
0.1366638    -0.3199835    -0.2258945    0.2725577    0.03812875    0.08203517    0.01838671    -0.05440936    0.01212583    -0.02629972    0.08306893    -0.383431    -0.1363358    1    -0.08966739    -0.07242644    0.01542558    0.08955626    -0.02862585    -0.08447858    0.1065619    0.1623699    -0.0170199    -0.1619242    -0.09662589    0.09597606    0.152567    -0.03032789    -0.1665496    -0.07782455    0.1388728    0.1385646    -0.05229533    -0.1499688    -0.07583151
-0.05172256    0.06876775    -0.1337849    -0.2255056    0.3118254    -0.03408187    0.04420704    0.06469533    0.02691877    -0.1033925    -0.09162578    0.2626359    -0.5814342    -0.08966739    1    -0.08978556    0.03028669    0.06820338    -0.07600104    -0.02399047    0.04281121    -0.08357275    -0.1140839    -0.002553311    0.02594094    0.04662617    -0.08612634    -0.1244351    -0.006223119    0.05145314    -0.009999257    -0.1220648    -0.04896083    0.01803577    -0.004669578
0.06960626    0.05904949    -0.03717377    0.03295568    -0.05598918    0.1119487    -0.2691293    -0.2112911    0.1036328    0.1045796    -0.0445336    0.04384772    0.1107507    -0.07242644    -0.08978556    1    0.1802937    -0.5691702    -0.2002636    -0.1141258    -0.03518199    0.04406992    0.08748384    -0.006565689    -0.09400843    -0.1603644    0.01298608    0.1604654    0.08648642    -0.03671642    0.02973779    0.05498523    0.07407697    -0.01060514    -0.09392598
-0.05946263    -0.003635176    -0.0524544    -0.03238618    0.07469587    -0.0306998    0.1216071    0.149687    -0.005337062    -0.102774    0.05752026    -0.04590393    -0.04759448    0.01542558    0.03028669    0.1802937    1    -0.712963    -0.5634511    0.2419349    -0.004117329    -0.05887365    0.02810096    0.07208845    -0.01944009    -0.02048981    -0.04206599    -0.01845305    0.05780439    0.1025666    -0.00674628    0.01408197    0.04352533    0.03240485    -0.03614079
0.01124724    -0.07226143    -0.01608579    -0.03195911    0.06070256    -0.02404761    0.1612525    0.1137867    -0.02918636    -0.1068129    0.06783418    0.0002410609    -0.1321042    0.08955626    0.06820338    -0.5691702    -0.712963    1    0.1600804    -0.4300399    0.004094961    0.08498085    -0.01357486    -0.04992367    0.03569054    0.04503312    0.06082599    -0.01556947    -0.04923939    -0.05356981    0.008916974    0.02095433    -0.05981778    -0.02081737    0.05972902
0.06525906    0.02426811    0.07371991    0.05777876    -0.1086727    0.1615659    -0.2220394    -0.2744241    0.1222977    0.08444076    -0.08612158    0.006628475    0.1279014    -0.02862585    -0.07600104    -0.2002636    -0.5634511    0.1600804    1    -0.04550196    0.04088292    0.03016526    -0.01105948    -0.05378308    -0.03262829    0.1436854    0.03978726    -0.04075165    -0.09282286    -0.1352477    0.006911928    -0.03437708    0.01492334    0.008254262    -0.02685137
-0.0422528    0.06971675    0.07790413    0.04540745    -0.1021506    -0.1017869    -0.02468432    -0.01365065    -0.1364391    0.1738623    -0.1023918    0.02946979    0.09266522    -0.08447858    -0.02399047    -0.1141258    0.2419349    -0.4300399    -0.04550196    1    -0.01434644    -0.1607475    -0.08457745    0.04869665    0.08412436    -0.04299442    -0.1391635    -0.0326559    0.01498628    -0.005949784    -0.05358654    -0.09921473    -0.02379207    -0.006139206    0.05736875
-0.03868388    0.02570057    0.05941823    0.01295194    0.01103227    -0.05735186    -0.02122781    -0.007419551    0.03306556    -0.008806754    -0.1774762    0.06696661    -0.05267561    0.1065619    0.04281121    -0.03518199    -0.004117329    0.004094961    0.04088292    -0.01434644    1    0.05016715    -0.7652618    -0.2164396    0.2527462    0.5959399    0.008867918    -0.4352198    -0.1327181    0.1665932    0.1757093    -0.01902461    -0.08365833    -0.06035079    0.02954738
0.02683497    0.005629873    -0.02345454    -0.007756155    0.02341695    -0.03068268    -0.03761231    0.04277517    0.0692363    -0.03036565    -0.05454356    0.04712166    -0.0229053    0.1623699    -0.08357275    0.04406992    -0.05887365    0.08498085    0.03016526    -0.1607475    0.05016715    1    0.07725506    -0.7808682    0.1179414    0.03727942    0.5768487    0.003365721    -0.4236526    0.06463427    0.04511379    0.1572304    -0.01627114    -0.09815471    -0.01748515
0.02435256    -0.02206836    -0.03673244    -0.01507274    -0.00105645    0.03731908    0.01279158    0.002508647    0.003159733    0.009668594    0.1140151    -0.06605885    0.1202755    -0.0170199    -0.1140839    0.08748384    0.02810096    -0.01357486    -0.01105948    -0.08457745    -0.7652618    0.07725506    1    0.210168    -0.6410685    -0.4368008    0.05310049    0.5855373    0.1218832    -0.4151067    -0.1032741    0.05570676    0.1396427    0.0561913    -0.1408994
-0.03779789    0.0267326    -0.0009793452    -0.04536799    0.003877634    0.0339948    0.04081183    -0.02401571    -0.07714675    0.0296788    0.1297647    -0.04572048    0.05595525    -0.1619242    -0.002553311    -0.006565689    0.07208845    -0.04992367    -0.05378308    0.04869665    -0.2164396    -0.7808682    0.210168    1    -0.5415401    -0.1096388    -0.43125    0.1203527    0.5588632    -0.3183744    -0.02245147    -0.0877916    0.04534361    0.128129    -0.06091721
0.01498125    -0.01257761    0.0164058    0.0123655    -0.02687516    -0.01774125    0.01646836    0.04124434    0.03158206    -0.06149167    0.04706916    0.09029175    -0.1647853    -0.09662589    0.02594094    -0.09400843    -0.01944009    0.03569054    -0.03262829    0.08412436    0.2527462    0.1179414    -0.6410685    -0.5415401    1    0.08022032    0.03772683    -0.3454525    -0.2947401    0.6483583    -0.06040446    -0.04292855    -0.09685357    -0.04914318    0.253015
-0.0324485    0.06517634    0.07469758    -0.01060321    -0.0139021    -0.04656379    -0.02305848    -0.01388494    0.04312793    -0.007968931    -0.1962985    0.03257044    0.007189006    0.09597606    0.04662617    -0.1603644    -0.02048981    0.04503312    0.1436854    -0.04299442    0.5959399    0.03727942    -0.4368008    -0.1096388    0.08022032    1    -0.07100112    -0.728322    -0.04729772    0.1596486    0.5977577    -0.08046202    -0.3984988    0.0001008383    0.04818253
0.03713678    -0.02067189    -0.07160698    0.00331427    0.006085149    -0.02450968    0.02032462    0.03191903    0.03024446    -0.04523761    -0.04209818    0.02592098    -0.01355433    0.152567    -0.08612634    0.01298608    -0.04206599    0.06082599    0.03978726    -0.1391635    0.008867918    0.5768487    0.05310049    -0.43125    0.03772683    -0.07100112    1    0.0881019    -0.7726396    0.1730508    -0.02102613    0.5589629    0.01665341    -0.4008157    0.09564381
-0.01089743    -0.0349201    -0.04301916    -0.004962427    0.01554656    0.06832775    -0.02303756    -0.02555524    -0.006829902    0.01878411    0.1111254    -0.0158206    0.07855651    -0.03032789    -0.1244351    0.1604654    -0.01845305    -0.01556947    -0.04075165    -0.0326559    -0.4352198    0.003365721    0.5855373    0.1203527    -0.3454525    -0.728322    0.0881019    1    0.04617607    -0.5515985    -0.4168925    0.06428404    0.5812836    0.01412991    -0.3068639
-0.0252368    0.02311271    0.03843172    -0.03767499    0.001828074    0.05737959    -0.008309708    -0.01929723    -0.03666107    0.007284937    0.1173346    -0.02799969    0.05097429    -0.1665496    -0.006223119    0.08648642    0.05780439    -0.04923939    -0.09282286    0.01498628    -0.1327181    -0.4236526    0.1218832    0.5588632    -0.2947401    -0.04729772    -0.7726396    0.04617607    1    -0.5459898    0.007878584    -0.412785    0.01791493    0.5618735    -0.3169163
0.02411072    -0.007536412    -0.007932219    0.01569491    -0.0170674    -0.08723703    0.05213728    0.07371488    0.01409886    -0.02672611    0.03826283    0.07701366    -0.1653934    -0.07782455    0.05145314    -0.03671642    0.1025666    -0.05356981    -0.1352477    -0.005949784    0.1665932    0.06463427    -0.4151067    -0.3183744    0.6483583    0.1596486    0.1730508    -0.5515985    -0.5459898    1    0.0122435    0.08702397    -0.3026942    -0.3122294    0.6186472
0.0009747135    0.03858535    0.002771592    0.009905022    -0.01513226    -0.0211035    -0.05571547    -0.01354869    0.04149865    0.01341937    -0.1409734    -0.02336418    0.03751466    0.1388728    -0.009999257    0.02973779    -0.00674628    0.008916974    0.006911928    -0.05358654    0.1757093    0.04511379    -0.1032741    -0.02245147    -0.06040446    0.5977577    -0.02102613    -0.4168925    0.007878584    0.0122435    1    -0.1376514    -0.6676179    0.09997202    0.0203232
0.03327251    -0.04293042    -0.05800285    0.03889825    -0.03677966    -0.02844851    0.03124489    0.02381293    0.02677067    -0.0240525    0.02028686    -0.01071071    0.006400481    0.1385646    -0.1220648    0.05498523    0.01408197    0.02095433    -0.03437708    -0.09921473    -0.01902461    0.1572304    0.05570676    -0.0877916    -0.04292855    -0.08046202    0.5589629    0.06428404    -0.412785    0.08702397    -0.1376514    1    0.03542279    -0.676552    0.1943159
-0.05064715    -0.03044503    0.03287454    -0.01558606    0.009636552    0.04425556    -0.005263358    -0.0120049    -0.03036496    0.003897094    0.05504397    0.02764055    0.04040486    -0.05229533    -0.04896083    0.07407697    0.04352533    -0.05981778    0.01492334    -0.02379207    -0.08365833    -0.01627114    0.1396427    0.04534361    -0.09685357    -0.3984988    0.01665341    0.5812836    0.01791493    -0.3026942    -0.6676179    0.03542279    1    -0.05155417    -0.452103
-0.0215638    0.020002    0.02958227    -0.06794439    0.05131929    0.03614543    0.01292093    -0.0008737186    -0.04351334    -0.01999872    0.07824208    -0.01490469    0.02129473    -0.1499688    0.01803577    -0.01060514    0.03240485    -0.02081737    0.008254262    -0.006139206    -0.06035079    -0.09815471    0.0561913    0.128129    -0.04914318    0.0001008383    -0.4008157    0.01412991    0.5618735    -0.3122294    0.09997202    -0.676552    -0.05155417    1    -0.5967933
0.05025186    0.0008537819    -0.02717925    0.05679076    -0.06605082    -0.04129023    0.0196505    0.03446948    0.04054505    0.009542477    0.04217838    0.08265093    -0.1184249    -0.07583151    -0.004669578    -0.09392598    -0.03614079    0.05972902    -0.02685137    0.05736875    0.02954738    -0.01748515    -0.1408994    -0.06091721    0.253015    0.04818253    0.09564381    -0.3068639    -0.3169163    0.6186472    0.0203232    0.1943159    -0.452103    -0.5967933    1
