1    -0.218888    -0.3308694    0.08306893    -0.09162578    0.04442717    -0.08378651    -0.08012579    0.0740386    0.03115873    -0.04313522    0.1662597    0.1203848    -0.03794289    -0.1928003    0.02879211    0.05879974    0.005755298    -0.05404761    -0.0129772    -0.1409734    0.02028686    0.05504397    0.07824208    0.04217838
-0.218888    1    -0.5246829    -0.383431    0.2626359    -0.03844186    0.03924879    0.06687638    -0.009079785    -0.06990387    0.1252952    -0.05203166    -0.1582999    0.0107946    0.1174107    -0.05456168    -0.02548276    0.02715219    0.03680484    -0.0107734    -0.02336418    -0.01071071    0.02764055    -0.01490469    0.08265093
-0.3308694    -0.5246829    1    -0.1363358    -0.5814342    -0.029307    0.03718132    0.01236598    -0.03433463    0.04014523    0.0157406    -0.1661017    -0.08651686    0.07833916    0.134241    0.004097723    -0.09662301    -0.03263222    0.02233212    0.04831779    0.03751466    0.006400481    0.04040486    0.02129473    -0.1184249
0.08306893    -0.383431    -0.1363358    1    -0.08966739    0.04506263    -0.09650101    -0.09709368    0.02375383    0.08929247    0.008212394    0.02065512    0.09736063    0.06262095    -0.1820714    -0.003521026    -0.002227745    -0.0295787    0.005798343    0.004181365    0.1388728    0.1385646    -0.05229533    -0.1499688    -0.07583151
-0.09162578    0.2626359    -0.5814342    -0.08966739    1    0.02572939    0.05939543    -0.004673176    -0.03393417    -0.00785499    -0.1018866    0.1288453    0.08142952    -0.1207571    0.01467783    0.02540195    0.07666948    0.03243086    0.008883128    -0.07207009    -0.009999257    -0.1220648    -0.04896083    0.01803577    -0.004669578
0.04442717    -0.03844186    -0.029307    0.04506263    0.02572939    1    0.1175183    -0.6888881    -0.007499106    0.04592695    0.07530593    -0.09911951    -0.05450466    0.08854944    0.001793736    -0.03074076    -0.1534545    0.03252606    0.2421991    -0.08383779    0.03811379    0.0649115    -0.01489147    -0.01745127    -0.04125743
-0.08378651    0.03924879    0.03718132    -0.09650101    0.05939543    0.1175183    1    -0.2907878    -0.6958708    0.2802592    0.02601059    0.002748583    -0.005547259    -0.05506806    0.0009061352    -0.1408195    -0.01074188    0.1327525    0.07629765    -0.04877948    0.003563782    -0.03867463    -0.0274839    0.0240722    0.01749138
-0.08012579    0.06687638    0.01236598    -0.09709368    -0.004673176    -0.6888881    -0.2907878    1    0.09759804    -0.538035    -0.1067592    0.04687425    0.04460494    -0.07631419    0.07226158    0.007736935    0.217624    0.1011528    -0.1098523    -0.07043524    -0.04921008    -0.006044469    0.01836305    -0.003917189    0.04829828
0.0740386    -0.009079785    -0.03433463    0.02375383    -0.03393417    -0.007499106    -0.6958708    0.09759804    1    -0.4298296    0.05559526    -0.00999543    -0.06186129    0.02685509    0.04823863    0.313211    0.114386    -0.1471817    -0.1197788    -0.07146114    0.02671605    0.07705192    0.02414094    -0.006282117    -0.04155574
0.03115873    -0.06990387    0.04014523    0.08929247    -0.00785499    0.04592695    0.2802592    -0.538035    -0.4298296    1    0.041267    0.03269712    -0.001319649    0.01384881    -0.08246837    -0.1620442    -0.1976653    -0.05621843    -0.0005857989    -0.01027154    -0.02745773    -0.07163876    0.009207482    0.04189701    -0.04891097
-0.04313522    0.1252952    0.0157406    0.008212394    -0.1018866    0.07530593    0.02601059    -0.1067592    0.05559526    0.041267    1    0.0416845    -0.7534453    -0.07856249    0.08736875    -0.05177473    0.05461916    0.06003788    -0.08702741    0.006315448    0.00842127    0.02994683    0.02517646    -0.01692716    -0.01852224
0.1662597    -0.05203166    -0.1661017    0.02065512    0.1288453    -0.09911951    0.002748583    0.04687425    -0.00999543    0.03269712    0.0416845    1    -0.220745    -0.7680268    0.1760315    0.02511369    0.005624782    -0.05718768    -0.001663749    0.01418953    -0.004542744    -0.03163716    -0.008899058    0.06320033    -0.0249436
0.1203848    -0.1582999    -0.08651686    0.09736063    0.08142952    -0.05450466    -0.005547259    0.04460494    -0.06186129    -0.001319649    -0.7534453    -0.220745    1    0.05457984    -0.4539195    0.004264574    -0.05156442    -0.0315813    0.0519582    0.02593943    -0.03623932    0.04263955    0.0264194    -0.01795736    -0.004440584
-0.03794289    0.0107946    0.07833916    0.06262095    -0.1207571    0.08854944    -0.05506806    -0.07631419    0.02685509    0.01384881    -0.07856249    -0.7680268    0.05457984    1    -0.3206691    0.004658442    -0.02091384    0.01562603    -0.0200147    0.02952589    0.01918204    0.03027521    0.01889109    -0.03680868    -0.008244375
-0.1928003    0.1174107    0.134241    -0.1820714    0.01467783    0.001793736    0.0009061352    0.07226158    0.04823863    -0.08246837    0.08736875    0.1760315    -0.4539195    -0.3206691    1    0.02339877    0.03194548    0.005291748    0.04755608    -0.09723854    0.03400765    -0.08088546    -0.04279001    0.01694961    0.01981231
0.02879211    -0.05456168    0.004097723    -0.003521026    0.02540195    -0.03074076    -0.1408195    0.007736935    0.313211    -0.1620442    -0.05177473    0.02511369    0.004264574    0.004658442    0.02339877    1    -0.1169316    -0.7228295    0.1430365    0.1130299    0.1757378    0.02504304    -0.105211    -0.008841889    -0.02511926
0.05879974    -0.02548276    -0.09662301    -0.002227745    0.07666948    -0.1534545    -0.01074188    0.217624    0.114386    -0.1976653    0.05461916    0.005624782    -0.05156442    -0.02091384    0.03194548    -0.1169316    1    0.1225456    -0.708288    0.1717449    0.03620365    0.0936842    -0.0119282    -0.0254776    -0.01258437
0.005755298    0.02715219    -0.03263222    -0.0295787    0.03243086    0.03252606    0.1327525    0.1011528    -0.1471817    -0.05621843    0.06003788    -0.05718768    -0.0315813    0.01562603    0.005291748    -0.7228295    0.1225456    1    -0.1843117    -0.4438617    -0.113282    0.04960023    0.1477838    -0.01328394    -0.06908165
-0.05404761    0.03680484    0.02233212    0.005798343    0.008883128    0.2421991    0.07629765    -0.1098523    -0.1197788    -0.0005857989    -0.08702741    -0.001663749    0.0519582    -0.0200147    0.04755608    0.1430365    -0.708288    -0.1843117    1    -0.5048047    -0.05155008    -0.09524614    0.06263443    0.1308298    -0.08923405
-0.0129772    -0.0107734    0.04831779    0.004181365    -0.07207009    -0.08383779    -0.04877948    -0.07043524    -0.07146114    -0.01027154    0.006315448    0.01418953    0.02593943    0.02952589    -0.09723854    0.1130299    0.1717449    -0.4438617    -0.5048047    1    0.02834152    -0.01744921    -0.1629022    -0.1021666    0.3065855
-0.1409734    -0.02336418    0.03751466    0.1388728    -0.009999257    0.03811379    0.003563782    -0.04921008    0.02671605    -0.02745773    0.00842127    -0.004542744    -0.03623932    0.01918204    0.03400765    0.1757378    0.03620365    -0.113282    -0.05155008    0.02834152    1    -0.1376514    -0.6676179    0.09997202    0.0203232
0.02028686    -0.01071071    0.006400481    0.1385646    -0.1220648    0.0649115    -0.03867463    -0.006044469    0.07705192    -0.07163876    0.02994683    -0.03163716    0.04263955    0.03027521    -0.08088546    0.02504304    0.0936842    0.04960023    -0.09524614    -0.01744921    -0.1376514    1    0.03542279    -0.676552    0.1943159
0.05504397    0.02764055    0.04040486    -0.05229533    -0.04896083    -0.01489147    -0.0274839    0.01836305    0.02414094    0.009207482    0.02517646    -0.008899058    0.0264194    0.01889109    -0.04279001    -0.105211    -0.0119282    0.1477838    0.06263443    -0.1629022    -0.6676179    0.03542279    1    -0.05155417    -0.452103
0.07824208    -0.01490469    0.02129473    -0.1499688    0.01803577    -0.01745127    0.0240722    -0.003917189    -0.006282117    0.04189701    -0.01692716    0.06320033    -0.01795736    -0.03680868    0.01694961    -0.008841889    -0.0254776    -0.01328394    0.1308298    -0.1021666    0.09997202    -0.676552    -0.05155417    1    -0.5967933
0.04217838    0.08265093    -0.1184249    -0.07583151    -0.004669578    -0.04125743    0.01749138    0.04829828    -0.04155574    -0.04891097    -0.01852224    -0.0249436    -0.004440584    -0.008244375    0.01981231    -0.02511926    -0.01258437    -0.06908165    -0.08923405    0.3065855    0.0203232    0.1943159    -0.452103    -0.5967933    1
