1    -0.218888    -0.3308694    0.08306893    -0.09162578    -0.006368971    -0.04329304    -0.08595956    0.02265268    0.08691645    -0.1409734    0.02028686    0.05504397    0.07824208    0.04217838
-0.218888    1    -0.5246829    -0.383431    0.2626359    -0.05504183    0.06966226    0.09488769    -0.03314472    -0.07217607    -0.02336418    -0.01071071    0.02764055    -0.01490469    0.08265093
-0.3308694    -0.5246829    1    -0.1363358    -0.5814342    0.02478243    -0.01988749    0.008243997    -0.02981386    -0.003308977    0.03751466    0.006400481    0.04040486    0.02129473    -0.1184249
0.08306893    -0.383431    -0.1363358    1    -0.08966739    0.02158302    -0.06651151    -0.1126085    0.06137809    0.08885827    0.1388728    0.1385646    -0.05229533    -0.1499688    -0.07583151
-0.09162578    0.2626359    -0.5814342    -0.08966739    1    -0.00816904    0.05112316    0.03152837    0.001816811    -0.06408102    -0.009999257    -0.1220648    -0.04896083    0.01803577    -0.004669578
-0.006368971    -0.05504183    0.02478243    0.02158302    -0.00816904    1    0.002486199    -0.6084731    0.05587275    -0.03522792    0.09095607    -0.06859168    -0.009341701    0.1407293    -0.161299
-0.04329304    0.06966226    -0.01988749    -0.06651151    0.05112316    0.002486199    1    -0.2610428    -0.5998652    0.2709889    -0.1110361    -0.06292476    -0.006989258    -0.06792301    0.16369
-0.08595956    0.09488769    0.008243997    -0.1126085    0.03152837    -0.6084731    -0.2610428    1    0.02869043    -0.4800809    -0.05352539    0.01811998    -0.1078386    -0.09816858    0.2236656
0.02265268    -0.03314472    -0.02981386    0.06137809    0.001816811    0.05587275    -0.5998652    0.02869043    1    -0.3962035    0.06787055    -0.03876995    -0.0425336    0.112223    -0.1113637
0.08691645    -0.07217607    -0.003308977    0.08885827    -0.06408102    -0.03522792    0.2709889    -0.4800809    -0.3962035    1    0.02353699    0.09098666    0.06354639    -0.07686904    -0.0244858
-0.1409734    -0.02336418    0.03751466    0.1388728    -0.009999257    0.09095607    -0.1110361    -0.05352539    0.06787055    0.02353699    1    -0.1376514    -0.6676179    0.09997202    0.0203232
0.02028686    -0.01071071    0.006400481    0.1385646    -0.1220648    -0.06859168    -0.06292476    0.01811998    -0.03876995    0.09098666    -0.1376514    1    0.03542279    -0.676552    0.1943159
0.05504397    0.02764055    0.04040486    -0.05229533    -0.04896083    -0.009341701    -0.006989258    -0.1078386    -0.0425336    0.06354639    -0.6676179    0.03542279    1    -0.05155417    -0.452103
0.07824208    -0.01490469    0.02129473    -0.1499688    0.01803577    0.1407293    -0.06792301    -0.09816858    0.112223    -0.07686904    0.09997202    -0.676552    -0.05155417    1    -0.5967933
0.04217838    0.08265093    -0.1184249    -0.07583151    -0.004669578    -0.161299    0.16369    0.2236656    -0.1113637    -0.0244858    0.0203232    0.1943159    -0.452103    -0.5967933    1
