1    -0.07097652    -0.6286305    -0.03675972    0.02730792    0.07133116    0.0009880514    -0.08331216    0.0666371    0.03308407    0.0689343    0.007783313    -0.0212918    0.07752301    -0.06880227    0.01827518    0.02150875    0.005065345    0.01308025    -0.03167484    -0.008896891    0.009869074    0.003122145    -0.009680778    0.02362222
-0.07097652    1    -0.0791724    -0.5835572    0.1192374    0.07350226    -0.03731959    -0.0562935    0.005618738    0.04166083    -0.02575429    0.08160993    0.09425702    -0.03981627    -0.07526258    -0.01001438    0.006265898    0.006030559    0.03277967    -0.0166033    -0.06359591    0.008297618    0.01793905    0.005015956    0.02436472
-0.6286305    -0.0791724    1    -0.02143606    -0.3763256    -0.005433263    -0.01529972    -0.04156744    -0.03103105    0.06343927    -0.05758539    0.04204721    0.08289322    -0.04544069    -0.04537007    0.00341023    -0.02123698    -0.03866463    0.01209045    0.07484762    -0.01497102    0.03701657    -0.02526247    0.02080239    0.01459992
-0.03675972    -0.5835572    -0.02143606    1    -0.4130093    0.06806232    -0.02288523    -0.005968933    0.0244222    -0.04194133    -0.008007704    -0.0271273    -0.008622669    0.0471318    -0.0192737    -0.01569869    0.03418259    0.03296633    -0.08125725    0.03610128    0.03168262    -0.01068729    0.01469403    0.002564623    -0.02624095
0.02730792    0.1192374    -0.3763256    -0.4130093    1    -0.1138256    0.05415237    0.07514607    -0.04304432    -0.0297231    -0.02454855    -0.02518229    -0.05908019    -0.0291618    0.1029901    -0.01445364    0.02203589    0.01168567    -0.0003590643    -0.06113567    0.007275371    -0.05941935    -0.0005473347    -0.009962569    -0.004733897
0.07133116    0.07350226    -0.005433263    0.06806232    -0.1138256    1    -0.218888    -0.3308694    0.08306893    -0.09162578    0.04442717    -0.08378651    -0.08012579    0.0740386    0.03115873    0.02879211    0.05879974    0.005755298    -0.05404761    -0.0129772    -0.1409734    0.02028686    0.05504397    0.07824208    0.04217838
0.0009880514    -0.03731959    -0.01529972    -0.02288523    0.05415237    -0.218888    1    -0.5246829    -0.383431    0.2626359    -0.03844186    0.03924879    0.06687638    -0.009079785    -0.06990387    -0.05456168    -0.02548276    0.02715219    0.03680484    -0.0107734    -0.02336418    -0.01071071    0.02764055    -0.01490469    0.08265093
-0.08331216    -0.0562935    -0.04156744    -0.005968933    0.07514607    -0.3308694    -0.5246829    1    -0.1363358    -0.5814342    -0.029307    0.03718132    0.01236598    -0.03433463    0.04014523    0.004097723    -0.09662301    -0.03263222    0.02233212    0.04831779    0.03751466    0.006400481    0.04040486    0.02129473    -0.1184249
0.0666371    0.005618738    -0.03103105    0.0244222    -0.04304432    0.08306893    -0.383431    -0.1363358    1    -0.08966739    0.04506263    -0.09650101    -0.09709368    0.02375383    0.08929247    -0.003521026    -0.002227745    -0.0295787    0.005798343    0.004181365    0.1388728    0.1385646    -0.05229533    -0.1499688    -0.07583151
0.03308407    0.04166083    0.06343927    -0.04194133    -0.0297231    -0.09162578    0.2626359    -0.5814342    -0.08966739    1    0.02572939    0.05939543    -0.004673176    -0.03393417    -0.00785499    0.02540195    0.07666948    0.03243086    0.008883128    -0.07207009    -0.009999257    -0.1220648    -0.04896083    0.01803577    -0.004669578
0.0689343    -0.02575429    -0.05758539    -0.008007704    -0.02454855    0.04442717    -0.03844186    -0.029307    0.04506263    0.02572939    1    0.1175183    -0.6888881    -0.007499106    0.04592695    -0.03074076    -0.1534545    0.03252606    0.2421991    -0.08383779    0.03811379    0.0649115    -0.01489147    -0.01745127    -0.04125743
0.007783313    0.08160993    0.04204721    -0.0271273    -0.02518229    -0.08378651    0.03924879    0.03718132    -0.09650101    0.05939543    0.1175183    1    -0.2907878    -0.6958708    0.2802592    -0.1408195    -0.01074188    0.1327525    0.07629765    -0.04877948    0.003563782    -0.03867463    -0.0274839    0.0240722    0.01749138
-0.0212918    0.09425702    0.08289322    -0.008622669    -0.05908019    -0.08012579    0.06687638    0.01236598    -0.09709368    -0.004673176    -0.6888881    -0.2907878    1    0.09759804    -0.538035    0.007736935    0.217624    0.1011528    -0.1098523    -0.07043524    -0.04921008    -0.006044469    0.01836305    -0.003917189    0.04829828
0.07752301    -0.03981627    -0.04544069    0.0471318    -0.0291618    0.0740386    -0.009079785    -0.03433463    0.02375383    -0.03393417    -0.007499106    -0.6958708    0.09759804    1    -0.4298296    0.313211    0.114386    -0.1471817    -0.1197788    -0.07146114    0.02671605    0.07705192    0.02414094    -0.006282117    -0.04155574
-0.06880227    -0.07526258    -0.04537007    -0.0192737    0.1029901    0.03115873    -0.06990387    0.04014523    0.08929247    -0.00785499    0.04592695    0.2802592    -0.538035    -0.4298296    1    -0.1620442    -0.1976653    -0.05621843    -0.0005857989    -0.01027154    -0.02745773    -0.07163876    0.009207482    0.04189701    -0.04891097
0.01827518    -0.01001438    0.00341023    -0.01569869    -0.01445364    0.02879211    -0.05456168    0.004097723    -0.003521026    0.02540195    -0.03074076    -0.1408195    0.007736935    0.313211    -0.1620442    1    -0.1169316    -0.7228295    0.1430365    0.1130299    0.1757378    0.02504304    -0.105211    -0.008841889    -0.02511926
0.02150875    0.006265898    -0.02123698    0.03418259    0.02203589    0.05879974    -0.02548276    -0.09662301    -0.002227745    0.07666948    -0.1534545    -0.01074188    0.217624    0.114386    -0.1976653    -0.1169316    1    0.1225456    -0.708288    0.1717449    0.03620365    0.0936842    -0.0119282    -0.0254776    -0.01258437
0.005065345    0.006030559    -0.03866463    0.03296633    0.01168567    0.005755298    0.02715219    -0.03263222    -0.0295787    0.03243086    0.03252606    0.1327525    0.1011528    -0.1471817    -0.05621843    -0.7228295    0.1225456    1    -0.1843117    -0.4438617    -0.113282    0.04960023    0.1477838    -0.01328394    -0.06908165
0.01308025    0.03277967    0.01209045    -0.08125725    -0.0003590643    -0.05404761    0.03680484    0.02233212    0.005798343    0.008883128    0.2421991    0.07629765    -0.1098523    -0.1197788    -0.0005857989    0.1430365    -0.708288    -0.1843117    1    -0.5048047    -0.05155008    -0.09524614    0.06263443    0.1308298    -0.08923405
-0.03167484    -0.0166033    0.07484762    0.03610128    -0.06113567    -0.0129772    -0.0107734    0.04831779    0.004181365    -0.07207009    -0.08383779    -0.04877948    -0.07043524    -0.07146114    -0.01027154    0.1130299    0.1717449    -0.4438617    -0.5048047    1    0.02834152    -0.01744921    -0.1629022    -0.1021666    0.3065855
-0.008896891    -0.06359591    -0.01497102    0.03168262    0.007275371    -0.1409734    -0.02336418    0.03751466    0.1388728    -0.009999257    0.03811379    0.003563782    -0.04921008    0.02671605    -0.02745773    0.1757378    0.03620365    -0.113282    -0.05155008    0.02834152    1    -0.1376514    -0.6676179    0.09997202    0.0203232
0.009869074    0.008297618    0.03701657    -0.01068729    -0.05941935    0.02028686    -0.01071071    0.006400481    0.1385646    -0.1220648    0.0649115    -0.03867463    -0.006044469    0.07705192    -0.07163876    0.02504304    0.0936842    0.04960023    -0.09524614    -0.01744921    -0.1376514    1    0.03542279    -0.676552    0.1943159
0.003122145    0.01793905    -0.02526247    0.01469403    -0.0005473347    0.05504397    0.02764055    0.04040486    -0.05229533    -0.04896083    -0.01489147    -0.0274839    0.01836305    0.02414094    0.009207482    -0.105211    -0.0119282    0.1477838    0.06263443    -0.1629022    -0.6676179    0.03542279    1    -0.05155417    -0.452103
-0.009680778    0.005015956    0.02080239    0.002564623    -0.009962569    0.07824208    -0.01490469    0.02129473    -0.1499688    0.01803577    -0.01745127    0.0240722    -0.003917189    -0.006282117    0.04189701    -0.008841889    -0.0254776    -0.01328394    0.1308298    -0.1021666    0.09997202    -0.676552    -0.05155417    1    -0.5967933
0.02362222    0.02436472    0.01459992    -0.02624095    -0.004733897    0.04217838    0.08265093    -0.1184249    -0.07583151    -0.004669578    -0.04125743    0.01749138    0.04829828    -0.04155574    -0.04891097    -0.02511926    -0.01258437    -0.06908165    -0.08923405    0.3065855    0.0203232    0.1943159    -0.452103    -0.5967933    1
