1    -0.218888    -0.3308694    0.08306893    -0.09162578    0.116546    0.07369322    -0.06692659    -0.137418    -0.1397809    -0.1409734    0.02028686    0.05504397    0.07824208    0.04217838
-0.218888    1    -0.5246829    -0.383431    0.2626359    -0.002405848    0.02517151    0.07966656    0.04464812    -0.1429145    -0.02336418    -0.01071071    0.02764055    -0.01490469    0.08265093
-0.3308694    -0.5246829    1    -0.1363358    -0.5814342    0.04747675    0.03678069    -0.04122174    -0.007058313    0.1017846    0.03751466    0.006400481    0.04040486    0.02129473    -0.1184249
0.08306893    -0.383431    -0.1363358    1    -0.08966739    -0.09506395    0.004591667    0.08724918    0.07022003    0.04324774    0.1388728    0.1385646    -0.05229533    -0.1499688    -0.07583151
-0.09162578    0.2626359    -0.5814342    -0.08966739    1    -0.03573198    -0.04869228    -0.04965424    -0.009240701    0.1870871    -0.009999257    -0.1220648    -0.04896083    0.01803577    -0.004669578
0.116546    -0.002405848    0.04747675    -0.09506395    -0.03573198    1    0.1400241    -0.8017412    -0.2016428    0.2533022    0.1505055    0.01463641    -0.08259465    -0.009590243    0.007012099
0.07369322    0.02517151    0.03678069    0.004591667    -0.04869228    0.1400241    1    0.1472722    -0.7823827    0.08175681    0.05029851    0.1195945    -0.03536964    -0.07018548    0.003337377
-0.06692659    0.07966656    -0.04122174    0.08724918    -0.04965424    -0.8017412    0.1472722    1    0.08810614    -0.5706687    -0.1021701    0.0291711    0.1122944    -0.001305928    -0.07595497
-0.137418    0.04464812    -0.007058313    0.07022003    -0.009240701    -0.2016428    -0.7823827    0.08810614    1    -0.4619127    -0.05785682    -0.09681303    0.07878019    0.09896317    -0.05325679
-0.1397809    -0.1429145    0.1017846    0.04324774    0.1870871    0.2533022    0.08175681    -0.5706687    -0.4619127    1    -0.004920112    -0.03197663    -0.09976217    -0.03825894    0.2072811
-0.1409734    -0.02336418    0.03751466    0.1388728    -0.009999257    0.1505055    0.05029851    -0.1021701    -0.05785682    -0.004920112    1    -0.1376514    -0.6676179    0.09997202    0.0203232
0.02028686    -0.01071071    0.006400481    0.1385646    -0.1220648    0.01463641    0.1195945    0.0291711    -0.09681303    -0.03197663    -0.1376514    1    0.03542279    -0.676552    0.1943159
0.05504397    0.02764055    0.04040486    -0.05229533    -0.04896083    -0.08259465    -0.03536964    0.1122944    0.07878019    -0.09976217    -0.6676179    0.03542279    1    -0.05155417    -0.452103
0.07824208    -0.01490469    0.02129473    -0.1499688    0.01803577    -0.009590243    -0.07018548    -0.001305928    0.09896317    -0.03825894    0.09997202    -0.676552    -0.05155417    1    -0.5967933
0.04217838    0.08265093    -0.1184249    -0.07583151    -0.004669578    0.007012099    0.003337377    -0.07595497    -0.05325679    0.2072811    0.0203232    0.1943159    -0.452103    -0.5967933    1
