1    -0.06409369    -0.6033327    -0.117936    0.005767962    0.04843194    -0.01957106    -0.02747747    0.02529899    0.003684517    0.001315428    0.0384244    -0.01446077    -0.00429657    -0.0346426    0.02304323    -0.005218953    -0.01366843    0.0039977    -0.01342778
-0.06409369    1    -0.09900662    -0.5676348    0.03544622    0.0573867    -0.06832908    -0.01568841    -0.01892123    0.07607413    0.001640238    0.0453152    0.01507534    -0.05097111    -0.01701819    0.005991629    0.01629427    0.008106591    -0.01540845    -0.02872888
-0.6033327    -0.09900662    1    -0.06336199    -0.3576137    0.003734577    -0.04983977    -0.03398431    0.02861582    0.06303425    0.04685193    -0.02144581    -9.279386e-05    -0.008801986    -0.02712854    -0.0349048    -0.02486632    0.08516028    0.01497621    -0.08319
-0.117936    -0.5676348    -0.06336199    1    -0.2964738    0.09387393    -0.04064565    -0.08973677    0.1115495    -0.006582809    0.02250812    0.009965586    -0.02100766    0.006577363    -0.0143077    0.01134116    -0.008842299    -0.03169866    0.004983702    0.03282264
0.005767962    0.03544622    -0.3576137    -0.2964738    1    -0.1140779    0.1330583    0.08068067    -0.1034987    -0.04228813    -0.07560601    -0.0106553    0.03240347    0.01286369    0.07626942    0.0281875    0.01514631    -0.04976897    -0.01577846    0.07491813
0.04843194    0.0573867    0.003734577    0.09387393    -0.1140779    1    -0.218888    -0.3308694    0.08306893    -0.09162578    0.02879211    0.05879974    0.005755298    -0.05404761    -0.0129772    -0.1409734    0.02028686    0.05504397    0.07824208    0.04217838
-0.01957106    -0.06832908    -0.04983977    -0.04064565    0.1330583    -0.218888    1    -0.5246829    -0.383431    0.2626359    -0.05456168    -0.02548276    0.02715219    0.03680484    -0.0107734    -0.02336418    -0.01071071    0.02764055    -0.01490469    0.08265093
-0.02747747    -0.01568841    -0.03398431    -0.08973677    0.08068067    -0.3308694    -0.5246829    1    -0.1363358    -0.5814342    0.004097723    -0.09662301    -0.03263222    0.02233212    0.04831779    0.03751466    0.006400481    0.04040486    0.02129473    -0.1184249
0.02529899    -0.01892123    0.02861582    0.1115495    -0.1034987    0.08306893    -0.383431    -0.1363358    1    -0.08966739    -0.003521026    -0.002227745    -0.0295787    0.005798343    0.004181365    0.1388728    0.1385646    -0.05229533    -0.1499688    -0.07583151
0.003684517    0.07607413    0.06303425    -0.006582809    -0.04228813    -0.09162578    0.2626359    -0.5814342    -0.08966739    1    0.02540195    0.07666948    0.03243086    0.008883128    -0.07207009    -0.009999257    -0.1220648    -0.04896083    0.01803577    -0.004669578
0.001315428    0.001640238    0.04685193    0.02250812    -0.07560601    0.02879211    -0.05456168    0.004097723    -0.003521026    0.02540195    1    -0.1169316    -0.7228295    0.1430365    0.1130299    0.1757378    0.02504304    -0.105211    -0.008841889    -0.02511926
0.0384244    0.0453152    -0.02144581    0.009965586    -0.0106553    0.05879974    -0.02548276    -0.09662301    -0.002227745    0.07666948    -0.1169316    1    0.1225456    -0.708288    0.1717449    0.03620365    0.0936842    -0.0119282    -0.0254776    -0.01258437
-0.01446077    0.01507534    -9.279386e-05    -0.02100766    0.03240347    0.005755298    0.02715219    -0.03263222    -0.0295787    0.03243086    -0.7228295    0.1225456    1    -0.1843117    -0.4438617    -0.113282    0.04960023    0.1477838    -0.01328394    -0.06908165
-0.00429657    -0.05097111    -0.008801986    0.006577363    0.01286369    -0.05404761    0.03680484    0.02233212    0.005798343    0.008883128    0.1430365    -0.708288    -0.1843117    1    -0.5048047    -0.05155008    -0.09524614    0.06263443    0.1308298    -0.08923405
-0.0346426    -0.01701819    -0.02712854    -0.0143077    0.07626942    -0.0129772    -0.0107734    0.04831779    0.004181365    -0.07207009    0.1130299    0.1717449    -0.4438617    -0.5048047    1    0.02834152    -0.01744921    -0.1629022    -0.1021666    0.3065855
0.02304323    0.005991629    -0.0349048    0.01134116    0.0281875    -0.1409734    -0.02336418    0.03751466    0.1388728    -0.009999257    0.1757378    0.03620365    -0.113282    -0.05155008    0.02834152    1    -0.1376514    -0.6676179    0.09997202    0.0203232
-0.005218953    0.01629427    -0.02486632    -0.008842299    0.01514631    0.02028686    -0.01071071    0.006400481    0.1385646    -0.1220648    0.02504304    0.0936842    0.04960023    -0.09524614    -0.01744921    -0.1376514    1    0.03542279    -0.676552    0.1943159
-0.01366843    0.008106591    0.08516028    -0.03169866    -0.04976897    0.05504397    0.02764055    0.04040486    -0.05229533    -0.04896083    -0.105211    -0.0119282    0.1477838    0.06263443    -0.1629022    -0.6676179    0.03542279    1    -0.05155417    -0.452103
0.0039977    -0.01540845    0.01497621    0.004983702    -0.01577846    0.07824208    -0.01490469    0.02129473    -0.1499688    0.01803577    -0.008841889    -0.0254776    -0.01328394    0.1308298    -0.1021666    0.09997202    -0.676552    -0.05155417    1    -0.5967933
-0.01342778    -0.02872888    -0.08319    0.03282264    0.07491813    0.04217838    0.08265093    -0.1184249    -0.07583151    -0.004669578    -0.02511926    -0.01258437    -0.06908165    -0.08923405    0.3065855    0.0203232    0.1943159    -0.452103    -0.5967933    1
