1    0.1802937    -0.5691702    -0.2002636    -0.1141258    0.02973779    0.05498523    0.07407697    -0.01060514    -0.09392598
0.1802937    1    -0.712963    -0.5634511    0.2419349    -0.00674628    0.01408197    0.04352533    0.03240485    -0.03614079
-0.5691702    -0.712963    1    0.1600804    -0.4300399    0.008916974    0.02095433    -0.05981778    -0.02081737    0.05972902
-0.2002636    -0.5634511    0.1600804    1    -0.04550196    0.006911928    -0.03437708    0.01492334    0.008254262    -0.02685137
-0.1141258    0.2419349    -0.4300399    -0.04550196    1    -0.05358654    -0.09921473    -0.02379207    -0.006139206    0.05736875
0.02973779    -0.00674628    0.008916974    0.006911928    -0.05358654    1    -0.1376514    -0.6676179    0.09997202    0.0203232
0.05498523    0.01408197    0.02095433    -0.03437708    -0.09921473    -0.1376514    1    0.03542279    -0.676552    0.1943159
0.07407697    0.04352533    -0.05981778    0.01492334    -0.02379207    -0.6676179    0.03542279    1    -0.05155417    -0.452103
-0.01060514    0.03240485    -0.02081737    0.008254262    -0.006139206    0.09997202    -0.676552    -0.05155417    1    -0.5967933
-0.09392598    -0.03614079    0.05972902    -0.02685137    0.05736875    0.0203232    0.1943159    -0.452103    -0.5967933    1
