1    -0.1946423    -0.4709472    0.235111    -0.02529814    0.09385781    -0.08776051    -0.1242036    0.03258501    0.0502754    -0.03402786    0.01615191    0.04375832    0.0177145    -0.05348501    0.1905081    0.05805054    -0.0849397    0.1405373    -0.1113575    0.01165382    -0.01953328    -0.0062315    0.005046346    -0.01143562    -0.01781836    -0.02368612    0.00461458    0.04979796    -0.04224183    -0.09196398    0.007111502    0.01919093    -0.0115296    0.03615598
-0.1946423    1    0.005353657    -0.6506694    0.2672641    -0.1390567    0.05639625    0.068539    -0.1577087    0.1101471    -0.05235081    -0.02692965    0.03687401    0.01014877    0.08388266    -0.3011684    0.1858754    0.1408033    -0.2889913    0.04265037    -0.008077062    -0.007483896    0.03566922    0.05549236    -0.04671823    -0.03531918    0.01062843    0.05356697    -0.02541026    0.02140643    -0.01949221    -0.04198734    0.02874585    0.03525049    -0.04166531
-0.4709472    0.005353657    1    0.06514224    -0.5083593    -0.1177488    -0.0588366    -0.038929    -0.06430305    0.1876393    -0.04594803    0.005109896    0.01969329    0.01949729    -0.02142297    -0.3443431    0.0793444    0.3050037    -0.286987    -0.07075013    -0.01555761    -0.0006513207    -0.01489961    0.006143999    0.06532508    0.03386027    -0.0004621494    -0.03279189    -0.001560802    -0.01401005    0.02641534    -0.02992343    0.002548544    -0.05080884    0.04667453
0.235111    -0.6506694    0.06514224    1    -0.6078586    0.1166931    -0.1987784    -0.2100947    0.158768    0.09811559    0.03154265    0.04646957    -0.05828302    -0.02929902    -0.02493193    0.08408126    -0.0411414    0.04453072    0.2060878    -0.1905402    0.03309106    -0.0007959545    -0.0509    -0.04873637    0.08804173    0.02705909    0.007856075    -0.02453987    -0.01218786    -0.03118708    0.0144666    0.05111462    -0.03096351    -0.06306929    0.04605624
-0.02529814    0.2672641    -0.5083593    -0.6078586    1    -0.04899594    0.2044164    0.2562508    -0.05158134    -0.2554506    0.00943302    -0.05730638    -0.002408001    0.00987881    0.03771453    0.1313482    -0.1075655    -0.2165976    0.1146056    0.2692149    -0.01608065    0.04638846    0.06175519    0.007692531    -0.0809541    -0.008631472    -0.01190274    0.01777446    0.02409849    -0.009563393    0.01933827    -0.02711124    0.02084406    0.05430986    -0.08850135
0.09385781    -0.1390567    -0.1177488    0.1166931    -0.04899594    1    -0.06179415    -0.5939001    -0.1180336    0.02355674    0.03778674    -0.005553675    0.002071574    -0.01161905    -0.02875373    0.1162531    -0.1139267    0.00128487    0.1293206    -0.05547518    0.01634699    0.00380016    -0.004393445    0.008885326    -0.01188798    -0.04035273    0.0431109    0.07112415    -0.02322071    -0.04646692    0.01695272    -0.01407648    -0.03416736    0.06627287    -0.04323028
-0.08776051    0.05639625    -0.0588366    -0.1987784    0.2044164    -0.06179415    1    -0.1008464    -0.6099681    0.04573424    -0.1096057    -0.0344562    0.07934024    0.01081083    0.01388016    -0.001550482    -0.01378769    -0.05543593    0.009300404    0.06775517    0.0537893    0.005927495    -0.01351157    0.01667249    -0.05022251    0.04956068    -0.05752618    -0.01767491    0.07328264    -0.0597043    0.05017908    0.03859853    0.0003286684    0.003572982    -0.05133569
-0.1242036    0.068539    -0.038929    -0.2100947    0.2562508    -0.5939001    -0.1008464    1    -0.06423964    -0.3811407    -0.01944893    -0.05171702    0.01285704    0.02854312    0.01525333    -0.01950941    -0.01188849    -0.02186892    -0.05353666    0.09461715    -0.0203523    0.0371417    0.02756475    -0.02537533    -0.0297098    0.003278509    0.0249634    -0.01292407    -0.001454679    0.0291588    -0.02512137    0.03133349    0.05872744    -0.01318928    -0.05255804
0.03258501    -0.1577087    -0.06430305    0.158768    -0.05158134    -0.1180336    -0.6099681    -0.06423964    1    -0.2719001    0.09477362    0.0265755    -0.1105379    -0.007460088    0.01657019    0.09659845    -0.05081481    -0.007237194    0.04845973    -0.02623888    -0.01292824    0.008092942    0.002764414    -0.0248288    -0.0006085312    0.009487315    -0.008269734    -0.01730028    -0.01782193    0.05507071    -0.002344669    -0.02653181    -0.01451307    -0.00431456    0.01790585
0.0502754    0.1101471    0.1876393    0.09811559    -0.2554506    0.02355674    0.04573424    -0.3811407    -0.2719001    1    -0.02075961    0.03412797    0.03032551    0.01628158    -0.04739361    -0.1325456    0.1167388    0.05831755    -0.07513279    -0.06290769    -0.01217325    -0.02460629    -0.009801652    0.01471605    0.04585703    -0.02001439    -0.02539951    -0.01385478    0.001364644    2.791224e-05    -0.01086225    -0.01229876    0.01213007    -0.03356012    0.0535438
-0.03402786    -0.05235081    -0.04594803    0.03154265    0.00943302    0.03778674    -0.1096057    -0.01944893    0.09477362    -0.02075961    1    -0.07097652    -0.6286305    -0.03675972    0.02730792    0.07133116    0.0009880514    -0.08331216    0.0666371    0.03308407    -0.02728783    -0.03765196    -0.009063143    0.02389594    0.02791286    -0.0001778912    0.03485399    -0.04682846    -0.0205392    0.052222    -0.008896891    0.009869074    0.003122145    -0.009680778    0.02362222
0.01615191    -0.02692965    0.005109896    0.04646957    -0.05730638    -0.005553675    -0.0344562    -0.05171702    0.0265755    0.03412797    -0.07097652    1    -0.0791724    -0.5835572    0.1192374    0.07350226    -0.03731959    -0.0562935    0.005618738    0.04166083    0.02629894    -0.06592303    -0.08086873    -0.02031981    0.09905445    -0.0297375    0.0212651    0.02143002    -0.04773472    0.03189508    -0.06359591    0.008297618    0.01793905    0.005015956    0.02436472
0.04375832    0.03687401    0.01969329    -0.05828302    -0.002408001    0.002071574    0.07934024    0.01285704    -0.1105379    0.03032551    -0.6286305    -0.0791724    1    -0.02143606    -0.3763256    -0.005433263    -0.01529972    -0.04156744    -0.03103105    0.06343927    0.01645754    0.002476394    -0.01432922    0.006328358    0.01636737    0.02424674    -0.04180286    -0.03202843    0.006847346    -0.000289067    -0.01497102    0.03701657    -0.02526247    0.02080239    0.01459992
0.0177145    0.01014877    0.01949729    -0.02929902    0.00987881    -0.01161905    0.01081083    0.02854312    -0.007460088    0.01628158    -0.03675972    -0.5835572    -0.02143606    1    -0.4130093    0.06806232    -0.02288523    -0.005968933    0.0244222    -0.04194133    -0.0161732    0.0254502    0.03847716    0.0145307    -0.08453703    -0.007913027    0.008569663    0.001776515    0.02708178    -0.02673067    0.03168262    -0.01068729    0.01469403    0.002564623    -0.02624095
-0.05348501    0.08388266    -0.02142297    -0.02493193    0.03771453    -0.02875373    0.01388016    0.01525333    0.01657019    -0.04739361    0.02730792    0.1192374    -0.3763256    -0.4130093    1    -0.1138256    0.05415237    0.07514607    -0.04304432    -0.0297231    0.006587987    0.02238162    0.005637427    -0.01770216    -0.007600626    -0.005038099    0.01763022    0.05757757    -0.01868662    -0.007047298    0.007275371    -0.05941935    -0.0005473347    -0.009962569    -0.004733897
0.1905081    -0.3011684    -0.3443431    0.08408126    0.1313482    0.1162531    -0.001550482    -0.01950941    0.09659845    -0.1325456    0.07133116    0.07350226    -0.005433263    0.06806232    -0.1138256    1    -0.218888    -0.3308694    0.08306893    -0.09162578    0.116546    0.07369322    -0.06692659    -0.137418    -0.1397809    -0.1258383    -0.02320729    0.07522568    0.05545163    0.08974795    -0.1409734    0.02028686    0.05504397    0.07824208    0.04217838
0.05805054    0.1858754    0.0793444    -0.0411414    -0.1075655    -0.1139267    -0.01378769    -0.01188849    -0.05081481    0.1167388    0.0009880514    -0.03731959    -0.01529972    -0.02288523    0.05415237    -0.218888    1    -0.5246829    -0.383431    0.2626359    -0.002405848    0.02517151    0.07966656    0.04464812    -0.1429145    -0.01455692    0.06198104    0.03869588    -0.02254292    0.01435585    -0.02336418    -0.01071071    0.02764055    -0.01490469    0.08265093
-0.0849397    0.1408033    0.3050037    0.04453072    -0.2165976    0.00128487    -0.05543593    -0.02186892    -0.007237194    0.05831755    -0.08331216    -0.0562935    -0.04156744    -0.005968933    0.07514607    -0.3308694    -0.5246829    1    -0.1363358    -0.5814342    0.04747675    0.03678069    -0.04122174    -0.007058313    0.1017846    0.06273874    -0.02058693    0.001870807    0.05382585    -0.1476819    0.03751466    0.006400481    0.04040486    0.02129473    -0.1184249
0.1405373    -0.2889913    -0.286987    0.2060878    0.1146056    0.1293206    0.009300404    -0.05353666    0.04845973    -0.07513279    0.0666371    0.005618738    -0.03103105    0.0244222    -0.04304432    0.08306893    -0.383431    -0.1363358    1    -0.08966739    -0.09506395    0.004591667    0.08724918    0.07022003    0.04324774    0.04279115    0.0654401    -0.000152359    -0.07644511    -0.0834524    0.1388728    0.1385646    -0.05229533    -0.1499688    -0.07583151
-0.1113575    0.04265037    -0.07075013    -0.1905402    0.2692149    -0.05547518    0.06775517    0.09461715    -0.02623888    -0.06290769    0.03308407    0.04166083    0.06343927    -0.04194133    -0.0297231    -0.09162578    0.2626359    -0.5814342    -0.08966739    1    -0.03573198    -0.04869228    -0.04965424    -0.009240701    0.1870871    -0.009388509    -0.06429029    -0.03563237    -0.02437464    0.01308207    -0.009999257    -0.1220648    -0.04896083    0.01803577    -0.004669578
0.01165382    -0.008077062    -0.01555761    0.03309106    -0.01608065    0.01634699    0.0537893    -0.0203523    -0.01292824    -0.01217325    -0.02728783    0.02629894    0.01645754    -0.0161732    0.006587987    0.116546    -0.002405848    0.04747675    -0.09506395    -0.03573198    1    0.1400241    -0.8017412    -0.2016428    0.2533022    -0.002012322    -0.1455306    0.0351826    0.1631883    -0.1104582    0.1505055    0.01463641    -0.08259465    -0.009590243    0.007012099
-0.01953328    -0.007483896    -0.0006513207    -0.0007959545    0.04638846    0.00380016    0.005927495    0.0371417    0.008092942    -0.02460629    -0.03765196    -0.06592303    0.002476394    0.0254502    0.02238162    0.07369322    0.02517151    0.03678069    0.004591667    -0.04869228    0.1400241    1    0.1472722    -0.7823827    0.08175681    -0.1231913    0.04655819    0.1624754    -0.01432585    -0.08539354    0.05029851    0.1195945    -0.03536964    -0.07018548    0.003337377
-0.0062315    0.03566922    -0.01489961    -0.0509    0.06175519    -0.004393445    -0.01351157    0.02756475    0.002764414    -0.009801652    -0.009063143    -0.08086873    -0.01432922    0.03847716    0.005637427    -0.06692659    0.07966656    -0.04122174    0.08724918    -0.04965424    -0.8017412    0.1472722    1    0.08810614    -0.5706687    -0.002359715    0.1793472    0.01841461    -0.1215831    0.03523815    -0.1021701    0.0291711    0.1122944    -0.001305928    -0.07595497
0.005046346    0.05549236    0.006143999    -0.04873637    0.007692531    0.008885326    0.01667249    -0.02537533    -0.0248288    0.01471605    0.02389594    -0.02031981    0.006328358    0.0145307    -0.01770216    -0.137418    0.04464812    -0.007058313    0.07022003    -0.009240701    -0.2016428    -0.7823827    0.08810614    1    -0.4619127    0.1990772    -0.02414758    -0.1173412    0.02879723    -0.02383739    -0.05785682    -0.09681303    0.07878019    0.09896317    -0.05325679
-0.01143562    -0.04671823    0.06532508    0.08804173    -0.0809541    -0.01188798    -0.05022251    -0.0297098    -0.0006085312    0.04585703    0.02791286    0.09905445    0.01636737    -0.08453703    -0.007600626    -0.1397809    -0.1429145    0.1017846    0.04324774    0.1870871    0.2533022    0.08175681    -0.5706687    -0.4619127    1    -0.07612706    -0.05157777    -0.01153986    -0.02988817    -0.03977894    -0.004920112    -0.03197663    -0.09976217    -0.03825894    0.2072811
-0.01781836    -0.03531918    0.03386027    0.02705909    -0.008631472    -0.04035273    0.04956068    0.003278509    0.009487315    -0.02001439    -0.0001778912    -0.0297375    0.02424674    -0.007913027    -0.005038099    -0.1258383    -0.01455692    0.06273874    0.04279115    -0.009388509    -0.002012322    -0.1231913    -0.002359715    0.1990772    -0.07612706    1    -0.2296069    -0.743259    0.1712309    0.09838464    0.0856522    -0.04523471    -0.01801394    0.04003625    -0.04664262
-0.02368612    0.01062843    -0.0004621494    0.007856075    -0.01190274    0.0431109    -0.05752618    0.0249634    -0.008269734    -0.02539951    0.03485399    0.0212651    -0.04180286    0.008569663    0.01763022    -0.02320729    0.06198104    -0.02058693    0.0654401    -0.06429029    -0.1455306    0.04655819    0.1793472    -0.02414758    -0.05157777    -0.2296069    1    0.1247282    -0.7481843    0.2853823    -0.005273077    0.02508515    0.01570861    -0.03861038    0.02998282
0.00461458    0.05356697    -0.03279189    -0.02453987    0.01777446    0.07112415    -0.01767491    -0.01292407    -0.01730028    -0.01385478    -0.04682846    0.02143002    -0.03202843    0.001776515    0.05757757    0.07522568    0.03869588    0.001870807    -0.000152359    -0.03563237    0.0351826    0.1624754    0.01841461    -0.1173412    -0.01153986    -0.743259    0.1247282    1    -0.1546872    -0.4145793    -0.04089768    0.01373279    0.02227346    -0.03342417    0.01561103
0.04979796    -0.02541026    -0.001560802    -0.01218786    0.02409849    -0.02322071    0.07328264    -0.001454679    -0.01782193    0.001364644    -0.0205392    -0.04773472    0.006847346    0.02708178    -0.01868662    0.05545163    -0.02254292    0.05382585    -0.07644511    -0.02437464    0.1631883    -0.01432585    -0.1215831    0.02879723    -0.02988817    0.1712309    -0.7481843    -0.1546872    1    -0.613247    0.02113682    -0.02903033    0.01013477    0.07918532    -0.08067909
-0.04224183    0.02140643    -0.01401005    -0.03118708    -0.009563393    -0.04646692    -0.0597043    0.0291588    0.05507071    2.791224e-05    0.052222    0.03189508    -0.000289067    -0.02673067    -0.007047298    0.08974795    0.01435585    -0.1476819    -0.0834524    0.01308207    -0.1104582    -0.08539354    0.03523815    -0.02383739    -0.03977894    0.09838464    0.2853823    -0.4145793    -0.613247    1    -0.03872268    0.03142138    -0.01628364    -0.03578866    0.07470589
-0.09196398    -0.01949221    0.02641534    0.0144666    0.01933827    0.01695272    0.05017908    -0.02512137    -0.002344669    -0.01086225    -0.008896891    -0.06359591    -0.01497102    0.03168262    0.007275371    -0.1409734    -0.02336418    0.03751466    0.1388728    -0.009999257    0.1505055    0.05029851    -0.1021701    -0.05785682    -0.004920112    0.0856522    -0.005273077    -0.04089768    0.02113682    -0.03872268    1    -0.1376514    -0.6676179    0.09997202    0.0203232
0.007111502    -0.04198734    -0.02992343    0.05111462    -0.02711124    -0.01407648    0.03859853    0.03133349    -0.02653181    -0.01229876    0.009869074    0.008297618    0.03701657    -0.01068729    -0.05941935    0.02028686    -0.01071071    0.006400481    0.1385646    -0.1220648    0.01463641    0.1195945    0.0291711    -0.09681303    -0.03197663    -0.04523471    0.02508515    0.01373279    -0.02903033    0.03142138    -0.1376514    1    0.03542279    -0.676552    0.1943159
0.01919093    0.02874585    0.002548544    -0.03096351    0.02084406    -0.03416736    0.0003286684    0.05872744    -0.01451307    0.01213007    0.003122145    0.01793905    -0.02526247    0.01469403    -0.0005473347    0.05504397    0.02764055    0.04040486    -0.05229533    -0.04896083    -0.08259465    -0.03536964    0.1122944    0.07878019    -0.09976217    -0.01801394    0.01570861    0.02227346    0.01013477    -0.01628364    -0.6676179    0.03542279    1    -0.05155417    -0.452103
-0.0115296    0.03525049    -0.05080884    -0.06306929    0.05430986    0.06627287    0.003572982    -0.01318928    -0.00431456    -0.03356012    -0.009680778    0.005015956    0.02080239    0.002564623    -0.009962569    0.07824208    -0.01490469    0.02129473    -0.1499688    0.01803577    -0.009590243    -0.07018548    -0.001305928    0.09896317    -0.03825894    0.04003625    -0.03861038    -0.03342417    0.07918532    -0.03578866    0.09997202    -0.676552    -0.05155417    1    -0.5967933
0.03615598    -0.04166531    0.04667453    0.04605624    -0.08850135    -0.04323028    -0.05133569    -0.05255804    0.01790585    0.0535438    0.02362222    0.02436472    0.01459992    -0.02624095    -0.004733897    0.04217838    0.08265093    -0.1184249    -0.07583151    -0.004669578    0.007012099    0.003337377    -0.07595497    -0.05325679    0.2072811    -0.04664262    0.02998282    0.01561103    -0.08067909    0.07470589    0.0203232    0.1943159    -0.452103    -0.5967933    1
