1    -0.1750601    -0.4248295    0.2174913    0.002515153    -0.03238841    0.04783724    -0.02160848    -0.001132487    0.004781861    0.1079122    -0.1208308    -0.1016283    0.02446583    0.01695501    -0.02704097    0.02649808    -0.01492897    -0.02350755    0.01867777    0.01689402    -0.007827286    0.04156598    0.008776501    -0.0205498    0.06960626    -0.05946263    0.01124724    0.06525906    -0.0422528    -0.03868388    0.02683497    0.02435256    -0.03779789    0.01498125    -0.0324485    0.03713678    -0.01089743    -0.0252368    0.02411072    0.0009747135    0.03327251    -0.05064715    -0.0215638    0.05025186
-0.1750601    1    -0.01491714    -0.6222392    0.2333305    -0.01114538    -0.056802    0.04319913    0.04859191    -0.01306501    -0.1610701    -0.05555202    0.06741579    -0.01584294    0.07706995    -0.03742454    0.05308068    0.02446545    -0.01794528    0.007860983    -0.04408736    0.03763997    0.08218417    -0.06613515    -0.01940526    0.05904949    -0.003635176    -0.07226143    0.02426811    0.06971675    0.02570057    0.005629873    -0.02206836    0.0267326    -0.01257761    0.06517634    -0.02067189    -0.0349201    0.02311271    -0.007536412    0.03858535    -0.04293042    -0.03044503    0.020002    0.0008537819
-0.4248295    -0.01491714    1    0.05952327    -0.5232977    -0.02410398    -0.02140263    0.002887439    -0.02615133    0.04397876    -0.1389593    -0.03479942    -0.02128682    -0.001143197    0.1773051    -0.02309141    -0.02516572    0.05528584    0.06182433    -0.06535056    -0.08279902    0.02124634    0.09939839    0.008893872    -0.06331844    -0.03717377    -0.0524544    -0.01608579    0.07371991    0.07790413    0.05941823    -0.02345454    -0.03673244    -0.0009793452    0.0164058    0.07469758    -0.07160698    -0.04301916    0.03843172    -0.007932219    0.002771592    -0.05800285    0.03287454    0.02958227    -0.02717925
0.2174913    -0.6222392    0.05952327    1    -0.5990358    -0.004350109    0.04695518    0.007053844    -0.04386999    -0.0358891    0.1374584    -0.1120579    -0.1576606    0.03290222    0.0470667    0.007989553    -0.03876592    -0.01755944    0.02966799    0.01332508    0.003469206    0.009919372    0.006749883    0.03282896    -0.03321681    0.03295568    -0.03238618    -0.03195911    0.05777876    0.04540745    0.01295194    -0.007756155    -0.01507274    -0.04536799    0.0123655    -0.01060321    0.00331427    -0.004962427    -0.03767499    0.01569491    0.009905022    0.03889825    -0.01558606    -0.06794439    0.05679076
0.002515153    0.2333305    -0.5232977    -0.5990358    1    0.02357466    -0.006217423    0.004515984    0.02179571    -0.03559496    0.007183483    0.1960142    0.132439    -0.05088529    -0.1721358    0.01251816    0.03036345    -0.04140801    -0.0420534    0.05631704    0.09331798    0.001268893    -0.1189013    -0.03742274    0.04900445    -0.05598918    0.07469587    0.06070256    -0.1086727    -0.1021506    0.01103227    0.02341695    -0.00105645    0.003877634    -0.02687516    -0.0139021    0.006085149    0.01554656    0.001828074    -0.0170674    -0.01513226    -0.03677966    0.009636552    0.05131929    -0.06605082
-0.03238841    -0.01114538    -0.02410398    -0.004350109    0.02357466    1    -0.1946423    -0.4709472    0.235111    -0.02529814    0.04999516    0.06208021    -0.01995253    -0.06661765    -0.0323891    0.09385781    -0.08776051    -0.1242036    0.03258501    0.0502754    0.01215092    0.02744832    0.001489062    0.01955558    -0.02809272    0.04370249    -0.02391211    -0.02552311    0.04000411    0.01861263    -0.05441887    0.03259111    0.042098    -0.01144002    0.01634724    -0.05806814    -0.01905838    0.03358171    0.01492308    0.01209968    -0.09196398    0.007111502    0.01919093    -0.0115296    0.03615598
0.04783724    -0.056802    -0.02140263    0.04695518    -0.006217423    -0.1946423    1    0.005353657    -0.6506694    0.2672641    -0.01674512    -0.01851354    0.03069296    -0.02914187    0.00799477    -0.1390567    0.05639625    0.068539    -0.1577087    0.1101471    -0.007567942    0.06293068    0.02211944    -0.05201462    -0.01847086    0.02430503    -0.06125764    -0.01451888    0.02676009    0.06309214    0.04852323    -0.04285439    0.004806626    0.01411818    -0.07562327    0.04425848    -0.0529086    0.01351094    0.04822084    -0.08463976    -0.01949221    -0.04198734    0.02874585    0.03525049    -0.04166531
-0.02160848    0.04319913    0.002887439    0.007053844    0.004515984    -0.4709472    0.005353657    1    0.06514224    -0.5083593    -0.02042022    0.01288188    0.01544832    -0.007161473    0.0140519    -0.1177488    -0.0588366    -0.038929    -0.06430305    0.1876393    -0.06726309    0.09942476    0.101867    -0.09660469    -0.04082691    0.05158124    -0.0245993    -0.06011067    0.01643522    0.0675262    0.004058885    -0.009180644    -0.03947601    -0.03934062    0.04766085    -0.01245327    0.03746201    0.001815271    -0.07141561    0.04733052    0.02641534    -0.02992343    0.002548544    -0.05080884    0.04667453
-0.001132487    0.04859191    -0.02615133    -0.04386999    0.02179571    0.235111    -0.6506694    0.06514224    1    -0.6078586    0.006334508    0.01858058    -0.0336703    0.001419121    0.03690263    0.1166931    -0.1987784    -0.2100947    0.158768    0.09811559    0.02897244    -0.02056982    0.02207482    0.03593319    -0.05619152    0.04406171    -0.03355917    -0.03772896    0.08385934    0.003023485    -0.06069623    0.03151801    0.03092303    -0.04632147    0.05767631    -0.03970691    0.02975632    0.01790455    -0.05704641    0.04815327    0.0144666    0.05111462    -0.03096351    -0.06306929    0.04605624
0.004781861    -0.01306501    0.04397876    -0.0358891    -0.03559496    -0.02529814    0.2672641    -0.5083593    -0.6078586    1    -0.03704632    -0.06396964    0.01999468    0.05012336    0.00133042    -0.04899594    0.2044164    0.2562508    -0.05158134    -0.2554506    -0.01613452    -0.07280861    -0.07414618    0.0332482    0.09921452    -0.06877164    0.03305229    0.08397911    -0.07236744    -0.0665572    0.03167666    0.02441669    0.004928975    0.02656286    -0.09268848    0.04737169    -0.02647088    -0.03644412    0.05826634    -0.06837055    0.01933827    -0.02711124    0.02084406    0.05430986    -0.08850135
0.1079122    -0.1610701    -0.1389593    0.1374584    0.007183483    0.04999516    -0.01674512    -0.02042022    0.006334508    -0.03704632    1    -0.0653515    -0.7025817    -0.07246449    -0.03990777    0.03780605    -0.01481273    -0.02226548    -0.007613043    0.02113233    0.1397937    0.04546011    -0.12724    0.00356093    0.002178868    0.1119487    -0.0306998    -0.02404761    0.1615659    -0.1017869    -0.05735186    -0.03068268    0.03731908    0.0339948    -0.01774125    -0.04656379    -0.02450968    0.06832775    0.05737959    -0.08723703    -0.0211035    -0.02844851    0.04425556    0.03614543    -0.04129023
-0.1208308    -0.05555202    -0.03479942    -0.1120579    0.1960142    0.06208021    -0.01851354    0.01288188    0.01858058    -0.06396964    -0.0653515    1    -0.05452125    -0.5470611    0.1192943    0.02888135    0.07290454    -0.04967516    -0.08799917    0.0392869    -0.1038538    0.1521408    0.05349524    -0.1287943    0.002773606    -0.2691293    0.1216071    0.1612525    -0.2220394    -0.02468432    -0.02122781    -0.03761231    0.01279158    0.04081183    0.01646836    -0.02305848    0.02032462    -0.02303756    -0.008309708    0.05213728    -0.05571547    0.03124489    -0.005263358    0.01292093    0.0196505
-0.1016283    0.06741579    -0.02128682    -0.1576606    0.132439    -0.01995253    0.03069296    0.01544832    -0.0336703    0.01999468    -0.7025817    -0.05452125    1    0.01906412    -0.3010253    -0.03859815    -0.02588103    0.01661437    0.009023877    0.02334298    -0.0670502    0.02896096    0.1402619    -0.008069335    -0.09550415    -0.2112911    0.149687    0.1137867    -0.2744241    -0.01365065    -0.007419551    0.04277517    0.002508647    -0.02401571    0.04124434    -0.01388494    0.03191903    -0.02555524    -0.01929723    0.07371488    -0.01354869    0.02381293    -0.0120049    -0.0008737186    0.03446948
0.02446583    -0.01584294    -0.001143197    0.03290222    -0.05088529    -0.06661765    -0.02914187    -0.007161473    0.001419121    0.05012336    -0.07246449    -0.5470611    0.01906412    1    -0.3474456    -0.009850831    -0.08751963    0.02895423    0.09793057    -0.03073621    0.05444936    -0.08869478    0.03132922    0.1701287    -0.08477084    0.1036328    -0.005337062    -0.02918636    0.1222977    -0.1364391    0.03306556    0.0692363    0.003159733    -0.07714675    0.03158206    0.04312793    0.03024446    -0.006829902    -0.03666107    0.01409886    0.04149865    0.02677067    -0.03036496    -0.04351334    0.04054505
0.01695501    0.07706995    0.1773051    0.0470667    -0.1721358    -0.0323891    0.00799477    0.0140519    0.03690263    0.00133042    -0.03990777    0.1192943    -0.3010253    -0.3474456    1    -0.0127539    0.04102012    -0.0123815    -0.006952481    0.0208314    -0.09497517    -0.02653839    -0.0304213    -0.01264933    0.201747    0.1045796    -0.102774    -0.1068129    0.08444076    0.1738623    -0.008806754    -0.03036565    0.009668594    0.0296788    -0.06149167    -0.007968931    -0.04523761    0.01878411    0.007284937    -0.02672611    0.01341937    -0.0240525    0.003897094    -0.01999872    0.009542477
-0.02704097    -0.03742454    -0.02309141    0.007989553    0.01251816    0.09385781    -0.1390567    -0.1177488    0.1166931    -0.04899594    0.03780605    0.02888135    -0.03859815    -0.009850831    -0.0127539    1    -0.06179415    -0.5939001    -0.1180336    0.02355674    0.1346409    -0.0959808    -0.1152543    0.1536712    -0.04056245    0.08197752    -0.001425257    -0.03697838    0.03881304    -0.05002561    -0.03065267    -0.01769961    0.05009034    0.0559951    -0.06036414    0.01295838    -0.05850945    -0.01582909    0.09730831    -0.05142728    0.01695272    -0.01407648    -0.03416736    0.06627287    -0.04323028
0.02649808    0.05308068    -0.02516572    -0.03876592    0.03036345    -0.08776051    0.05639625    -0.0588366    -0.1987784    0.2044164    -0.01481273    0.07290454    -0.02588103    -0.08751963    0.04102012    -0.06179415    1    -0.1008464    -0.6099681    0.04573424    -0.02973766    -0.03796035    -0.04657636    -0.1149377    0.1441106    0.001560001    -0.07429014    0.02348987    -0.01501669    0.07973867    0.0311435    0.02083692    -0.01284636    5.780415e-05    -0.009904912    0.0268858    0.04548053    -0.01269761    -0.01923355    -0.01348765    0.05017908    0.03859853    0.0003286684    0.003572982    -0.05133569
-0.01492897    0.02446545    0.05528584    -0.01755944    -0.04140801    -0.1242036    0.068539    -0.038929    -0.2100947    0.2562508    -0.02226548    -0.04967516    0.01661437    0.02895423    -0.0123815    -0.5939001    -0.1008464    1    -0.06423964    -0.3811407    -0.1137064    -0.04030266    -0.02418527    -0.07823854    0.1311809    0.01210735    -0.02341492    -0.03505125    0.02170153    0.03176039    0.02020352    0.04184439    -0.005928774    -0.01366671    -0.04291455    -0.02649808    0.0549    0.02127432    -0.02359991    -0.0332647    -0.02512137    0.03133349    0.05872744    -0.01318928    -0.05255804
-0.02350755    -0.01794528    0.06182433    0.02966799    -0.0420534    0.03258501    -0.1577087    -0.06430305    0.158768    -0.05158134    -0.007613043    -0.08799917    0.009023877    0.09793057    -0.006952481    -0.1180336    -0.6099681    -0.06423964    1    -0.2719001    0.08024534    -0.08699944    -0.04061098    0.1525324    -0.06874055    0.02191401    -0.0185645    -0.04593798    0.1056719    0.0109211    -0.03616802    0.003565345    0.0312197    -0.02646607    0.004106452    -0.02478192    0.005719094    0.04061504    -0.02626131    -0.01754155    -0.002344669    -0.02653181    -0.01451307    -0.00431456    0.01790585
0.01867777    0.007860983    -0.06535056    0.01332508    0.05631704    0.0502754    0.1101471    0.1876393    0.09811559    -0.2554506    0.02113233    0.0392869    0.02334298    -0.03073621    0.0208314    0.02355674    0.04573424    -0.3811407    -0.2719001    1    -0.05607654    0.1839513    0.1528062    -0.07115589    -0.1054066    -0.09784893    0.06749055    0.06676996    -0.0523314    -0.06221906    0.006714172    -0.0517316    -0.02779441    0.009652567    0.05573689    0.03305312    -0.05874306    -0.01440025    0.004651166    0.0413756    -0.01086225    -0.01229876    0.01213007    -0.03356012    0.0535438
0.01689402    -0.04408736    -0.08279902    0.003469206    0.09331798    0.01215092    -0.007567942    -0.06726309    0.02897244    -0.01613452    0.1397937    -0.1038538    -0.0670502    0.05444936    -0.09497517    0.1346409    -0.02973766    -0.1137064    0.08024534    -0.05607654    1    0.002486199    -0.6084731    0.05587275    -0.03522792    0.01594462    0.02042783    -0.01847228    0.02094347    -0.02424602    -0.002494613    0.1473763    0.07965342    -0.05909678    -0.1031635    0.04095794    0.06883209    0.01744654    0.009609315    -0.1069397    0.09095607    -0.06859168    -0.009341701    0.1407293    -0.161299
-0.007827286    0.03763997    0.02124634    0.009919372    0.001268893    0.02744832    0.06293068    0.09942476    -0.02056982    -0.07280861    0.04546011    0.1521408    0.02896096    -0.08869478    -0.02653839    -0.0959808    -0.03796035    -0.04030266    -0.08699944    0.1839513    0.002486199    1    -0.2610428    -0.5998652    0.2709889    -0.1062123    0.06204149    0.0582886    -0.1076767    0.01662779    -0.01219274    0.003850291    0.008210433    0.02755608    0.001810504    -0.06917442    -0.02796333    0.002808347    -0.005379614    0.07112555    -0.1110361    -0.06292476    -0.006989258    -0.06792301    0.16369
0.04156598    0.08218417    0.09939839    0.006749883    -0.1189013    0.001489062    0.02211944    0.101867    0.02207482    -0.07414618    -0.12724    0.05349524    0.1402619    0.03132922    -0.0304213    -0.1152543    -0.04657636    -0.02418527    -0.04061098    0.1528062    -0.6084731    -0.2610428    1    0.02869043    -0.4800809    -0.06799667    0.03434319    0.02334767    -0.0748681    0.03048375    0.02284956    -0.0518164    -0.04664825    -0.0009187674    0.07461777    0.01975102    -0.0409682    -0.08349606    -0.01345054    0.1266676    -0.05352539    0.01811998    -0.1078386    -0.09816858    0.2236656
0.008776501    -0.06613515    0.008893872    0.03282896    -0.03742274    0.01955558    -0.05201462    -0.09660469    0.03593319    0.0332482    0.00356093    -0.1287943    -0.008069335    0.1701287    -0.01264933    0.1536712    -0.1149377    -0.07823854    0.1525324    -0.07115589    0.05587275    -0.5998652    0.02869043    1    -0.3962035    -0.03272617    -0.02841551    0.01181701    0.05539545    0.004998971    0.01919973    0.006986546    0.03169457    -0.02355308    -0.02725899    0.07128375    -0.01742053    -0.01491799    0.02926597    -0.06563859    0.06787055    -0.03876995    -0.0425336    0.112223    -0.1113637
-0.0205498    -0.01940526    -0.06331844    -0.03321681    0.04900445    -0.02809272    -0.01847086    -0.04082691    -0.05619152    0.09921452    0.002178868    0.002773606    -0.09550415    -0.08477084    0.201747    -0.04056245    0.1441106    0.1311809    -0.06874055    -0.1054066    -0.03522792    0.2709889    -0.4800809    -0.3962035    1    0.09086385    -0.04481681    -0.0270837    0.04514848    -0.006758461    -0.04528239    -0.02101901    -0.01250928    0.01996117    0.005007388    -0.06054012    0.02207982    0.05011104    -0.03826331    0.003831922    0.02353699    0.09098666    0.06354639    -0.07686904    -0.0244858
0.06960626    0.05904949    -0.03717377    0.03295568    -0.05598918    0.04370249    0.02430503    0.05158124    0.04406171    -0.06877164    0.1119487    -0.2691293    -0.2112911    0.1036328    0.1045796    0.08197752    0.001560001    0.01210735    0.02191401    -0.09784893    0.01594462    -0.1062123    -0.06799667    -0.03272617    0.09086385    1    0.1802937    -0.5691702    -0.2002636    -0.1141258    -0.03518199    0.04406992    0.08748384    -0.006565689    -0.09400843    -0.1603644    0.01298608    0.1604654    0.08648642    -0.03671642    0.02973779    0.05498523    0.07407697    -0.01060514    -0.09392598
-0.05946263    -0.003635176    -0.0524544    -0.03238618    0.07469587    -0.02391211    -0.06125764    -0.0245993    -0.03355917    0.03305229    -0.0306998    0.1216071    0.149687    -0.005337062    -0.102774    -0.001425257    -0.07429014    -0.02341492    -0.0185645    0.06749055    0.02042783    0.06204149    0.03434319    -0.02841551    -0.04481681    0.1802937    1    -0.712963    -0.5634511    0.2419349    -0.004117329    -0.05887365    0.02810096    0.07208845    -0.01944009    -0.02048981    -0.04206599    -0.01845305    0.05780439    0.1025666    -0.00674628    0.01408197    0.04352533    0.03240485    -0.03614079
0.01124724    -0.07226143    -0.01608579    -0.03195911    0.06070256    -0.02552311    -0.01451888    -0.06011067    -0.03772896    0.08397911    -0.02404761    0.1612525    0.1137867    -0.02918636    -0.1068129    -0.03697838    0.02348987    -0.03505125    -0.04593798    0.06676996    -0.01847228    0.0582886    0.02334767    0.01181701    -0.0270837    -0.5691702    -0.712963    1    0.1600804    -0.4300399    0.004094961    0.08498085    -0.01357486    -0.04992367    0.03569054    0.04503312    0.06082599    -0.01556947    -0.04923939    -0.05356981    0.008916974    0.02095433    -0.05981778    -0.02081737    0.05972902
0.06525906    0.02426811    0.07371991    0.05777876    -0.1086727    0.04000411    0.02676009    0.01643522    0.08385934    -0.07236744    0.1615659    -0.2220394    -0.2744241    0.1222977    0.08444076    0.03881304    -0.01501669    0.02170153    0.1056719    -0.0523314    0.02094347    -0.1076767    -0.0748681    0.05539545    0.04514848    -0.2002636    -0.5634511    0.1600804    1    -0.04550196    0.04088292    0.03016526    -0.01105948    -0.05378308    -0.03262829    0.1436854    0.03978726    -0.04075165    -0.09282286    -0.1352477    0.006911928    -0.03437708    0.01492334    0.008254262    -0.02685137
-0.0422528    0.06971675    0.07790413    0.04540745    -0.1021506    0.01861263    0.06309214    0.0675262    0.003023485    -0.0665572    -0.1017869    -0.02468432    -0.01365065    -0.1364391    0.1738623    -0.05002561    0.07973867    0.03176039    0.0109211    -0.06221906    -0.02424602    0.01662779    0.03048375    0.004998971    -0.006758461    -0.1141258    0.2419349    -0.4300399    -0.04550196    1    -0.01434644    -0.1607475    -0.08457745    0.04869665    0.08412436    -0.04299442    -0.1391635    -0.0326559    0.01498628    -0.005949784    -0.05358654    -0.09921473    -0.02379207    -0.006139206    0.05736875
-0.03868388    0.02570057    0.05941823    0.01295194    0.01103227    -0.05441887    0.04852323    0.004058885    -0.06069623    0.03167666    -0.05735186    -0.02122781    -0.007419551    0.03306556    -0.008806754    -0.03065267    0.0311435    0.02020352    -0.03616802    0.006714172    -0.002494613    -0.01219274    0.02284956    0.01919973    -0.04528239    -0.03518199    -0.004117329    0.004094961    0.04088292    -0.01434644    1    0.05016715    -0.7652618    -0.2164396    0.2527462    0.5959399    0.008867918    -0.4352198    -0.1327181    0.1665932    0.1757093    -0.01902461    -0.08365833    -0.06035079    0.02954738
0.02683497    0.005629873    -0.02345454    -0.007756155    0.02341695    0.03259111    -0.04285439    -0.009180644    0.03151801    0.02441669    -0.03068268    -0.03761231    0.04277517    0.0692363    -0.03036565    -0.01769961    0.02083692    0.04184439    0.003565345    -0.0517316    0.1473763    0.003850291    -0.0518164    0.006986546    -0.02101901    0.04406992    -0.05887365    0.08498085    0.03016526    -0.1607475    0.05016715    1    0.07725506    -0.7808682    0.1179414    0.03727942    0.5768487    0.003365721    -0.4236526    0.06463427    0.04511379    0.1572304    -0.01627114    -0.09815471    -0.01748515
0.02435256    -0.02206836    -0.03673244    -0.01507274    -0.00105645    0.042098    0.004806626    -0.03947601    0.03092303    0.004928975    0.03731908    0.01279158    0.002508647    0.003159733    0.009668594    0.05009034    -0.01284636    -0.005928774    0.0312197    -0.02779441    0.07965342    0.008210433    -0.04664825    0.03169457    -0.01250928    0.08748384    0.02810096    -0.01357486    -0.01105948    -0.08457745    -0.7652618    0.07725506    1    0.210168    -0.6410685    -0.4368008    0.05310049    0.5855373    0.1218832    -0.4151067    -0.1032741    0.05570676    0.1396427    0.0561913    -0.1408994
-0.03779789    0.0267326    -0.0009793452    -0.04536799    0.003877634    -0.01144002    0.01411818    -0.03934062    -0.04632147    0.02656286    0.0339948    0.04081183    -0.02401571    -0.07714675    0.0296788    0.0559951    5.780415e-05    -0.01366671    -0.02646607    0.009652567    -0.05909678    0.02755608    -0.0009187674    -0.02355308    0.01996117    -0.006565689    0.07208845    -0.04992367    -0.05378308    0.04869665    -0.2164396    -0.7808682    0.210168    1    -0.5415401    -0.1096388    -0.43125    0.1203527    0.5588632    -0.3183744    -0.02245147    -0.0877916    0.04534361    0.128129    -0.06091721
0.01498125    -0.01257761    0.0164058    0.0123655    -0.02687516    0.01634724    -0.07562327    0.04766085    0.05767631    -0.09268848    -0.01774125    0.01646836    0.04124434    0.03158206    -0.06149167    -0.06036414    -0.009904912    -0.04291455    0.004106452    0.05573689    -0.1031635    0.001810504    0.07461777    -0.02725899    0.005007388    -0.09400843    -0.01944009    0.03569054    -0.03262829    0.08412436    0.2527462    0.1179414    -0.6410685    -0.5415401    1    0.08022032    0.03772683    -0.3454525    -0.2947401    0.6483583    -0.06040446    -0.04292855    -0.09685357    -0.04914318    0.253015
-0.0324485    0.06517634    0.07469758    -0.01060321    -0.0139021    -0.05806814    0.04425848    -0.01245327    -0.03970691    0.04737169    -0.04656379    -0.02305848    -0.01388494    0.04312793    -0.007968931    0.01295838    0.0268858    -0.02649808    -0.02478192    0.03305312    0.04095794    -0.06917442    0.01975102    0.07128375    -0.06054012    -0.1603644    -0.02048981    0.04503312    0.1436854    -0.04299442    0.5959399    0.03727942    -0.4368008    -0.1096388    0.08022032    1    -0.07100112    -0.728322    -0.04729772    0.1596486    0.5977577    -0.08046202    -0.3984988    0.0001008383    0.04818253
0.03713678    -0.02067189    -0.07160698    0.00331427    0.006085149    -0.01905838    -0.0529086    0.03746201    0.02975632    -0.02647088    -0.02450968    0.02032462    0.03191903    0.03024446    -0.04523761    -0.05850945    0.04548053    0.0549    0.005719094    -0.05874306    0.06883209    -0.02796333    -0.0409682    -0.01742053    0.02207982    0.01298608    -0.04206599    0.06082599    0.03978726    -0.1391635    0.008867918    0.5768487    0.05310049    -0.43125    0.03772683    -0.07100112    1    0.0881019    -0.7726396    0.1730508    -0.02102613    0.5589629    0.01665341    -0.4008157    0.09564381
-0.01089743    -0.0349201    -0.04301916    -0.004962427    0.01554656    0.03358171    0.01351094    0.001815271    0.01790455    -0.03644412    0.06832775    -0.02303756    -0.02555524    -0.006829902    0.01878411    -0.01582909    -0.01269761    0.02127432    0.04061504    -0.01440025    0.01744654    0.002808347    -0.08349606    -0.01491799    0.05011104    0.1604654    -0.01845305    -0.01556947    -0.04075165    -0.0326559    -0.4352198    0.003365721    0.5855373    0.1203527    -0.3454525    -0.728322    0.0881019    1    0.04617607    -0.5515985    -0.4168925    0.06428404    0.5812836    0.01412991    -0.3068639
-0.0252368    0.02311271    0.03843172    -0.03767499    0.001828074    0.01492308    0.04822084    -0.07141561    -0.05704641    0.05826634    0.05737959    -0.008309708    -0.01929723    -0.03666107    0.007284937    0.09730831    -0.01923355    -0.02359991    -0.02626131    0.004651166    0.009609315    -0.005379614    -0.01345054    0.02926597    -0.03826331    0.08648642    0.05780439    -0.04923939    -0.09282286    0.01498628    -0.1327181    -0.4236526    0.1218832    0.5588632    -0.2947401    -0.04729772    -0.7726396    0.04617607    1    -0.5459898    0.007878584    -0.412785    0.01791493    0.5618735    -0.3169163
0.02411072    -0.007536412    -0.007932219    0.01569491    -0.0170674    0.01209968    -0.08463976    0.04733052    0.04815327    -0.06837055    -0.08723703    0.05213728    0.07371488    0.01409886    -0.02672611    -0.05142728    -0.01348765    -0.0332647    -0.01754155    0.0413756    -0.1069397    0.07112555    0.1266676    -0.06563859    0.003831922    -0.03671642    0.1025666    -0.05356981    -0.1352477    -0.005949784    0.1665932    0.06463427    -0.4151067    -0.3183744    0.6483583    0.1596486    0.1730508    -0.5515985    -0.5459898    1    0.0122435    0.08702397    -0.3026942    -0.3122294    0.6186472
0.0009747135    0.03858535    0.002771592    0.009905022    -0.01513226    -0.09196398    -0.01949221    0.02641534    0.0144666    0.01933827    -0.0211035    -0.05571547    -0.01354869    0.04149865    0.01341937    0.01695272    0.05017908    -0.02512137    -0.002344669    -0.01086225    0.09095607    -0.1110361    -0.05352539    0.06787055    0.02353699    0.02973779    -0.00674628    0.008916974    0.006911928    -0.05358654    0.1757093    0.04511379    -0.1032741    -0.02245147    -0.06040446    0.5977577    -0.02102613    -0.4168925    0.007878584    0.0122435    1    -0.1376514    -0.6676179    0.09997202    0.0203232
0.03327251    -0.04293042    -0.05800285    0.03889825    -0.03677966    0.007111502    -0.04198734    -0.02992343    0.05111462    -0.02711124    -0.02844851    0.03124489    0.02381293    0.02677067    -0.0240525    -0.01407648    0.03859853    0.03133349    -0.02653181    -0.01229876    -0.06859168    -0.06292476    0.01811998    -0.03876995    0.09098666    0.05498523    0.01408197    0.02095433    -0.03437708    -0.09921473    -0.01902461    0.1572304    0.05570676    -0.0877916    -0.04292855    -0.08046202    0.5589629    0.06428404    -0.412785    0.08702397    -0.1376514    1    0.03542279    -0.676552    0.1943159
-0.05064715    -0.03044503    0.03287454    -0.01558606    0.009636552    0.01919093    0.02874585    0.002548544    -0.03096351    0.02084406    0.04425556    -0.005263358    -0.0120049    -0.03036496    0.003897094    -0.03416736    0.0003286684    0.05872744    -0.01451307    0.01213007    -0.009341701    -0.006989258    -0.1078386    -0.0425336    0.06354639    0.07407697    0.04352533    -0.05981778    0.01492334    -0.02379207    -0.08365833    -0.01627114    0.1396427    0.04534361    -0.09685357    -0.3984988    0.01665341    0.5812836    0.01791493    -0.3026942    -0.6676179    0.03542279    1    -0.05155417    -0.452103
-0.0215638    0.020002    0.02958227    -0.06794439    0.05131929    -0.0115296    0.03525049    -0.05080884    -0.06306929    0.05430986    0.03614543    0.01292093    -0.0008737186    -0.04351334    -0.01999872    0.06627287    0.003572982    -0.01318928    -0.00431456    -0.03356012    0.1407293    -0.06792301    -0.09816858    0.112223    -0.07686904    -0.01060514    0.03240485    -0.02081737    0.008254262    -0.006139206    -0.06035079    -0.09815471    0.0561913    0.128129    -0.04914318    0.0001008383    -0.4008157    0.01412991    0.5618735    -0.3122294    0.09997202    -0.676552    -0.05155417    1    -0.5967933
0.05025186    0.0008537819    -0.02717925    0.05679076    -0.06605082    0.03615598    -0.04166531    0.04667453    0.04605624    -0.08850135    -0.04129023    0.0196505    0.03446948    0.04054505    0.009542477    -0.04323028    -0.05133569    -0.05255804    0.01790585    0.0535438    -0.161299    0.16369    0.2236656    -0.1113637    -0.0244858    -0.09392598    -0.03614079    0.05972902    -0.02685137    0.05736875    0.02954738    -0.01748515    -0.1408994    -0.06091721    0.253015    0.04818253    0.09564381    -0.3068639    -0.3169163    0.6186472    0.0203232    0.1943159    -0.452103    -0.5967933    1
