1    -0.001034051    -0.579239    -0.05867098    -0.04234761    0.07354539    -0.008575781    -0.05902127    0.08323714    0.01459316    0.04788554    0.01352129    -0.04467303    0.02231296    -0.001721639    0.1382248    -0.1010063    -0.1181271    0.1294664    -0.007491122    -0.03499571    -0.02210699    -0.01705372    0.01056814    0.03756697    0.03893228    0.02095926    -0.0142347    -0.002759561    -0.01237588    -0.01823968    0.02058904    0.04376419    -0.01302688    -0.01683618
-0.001034051    1    -0.09055389    -0.6628608    0.215994    0.02378905    -0.0221861    -0.1024    0.05054563    0.08444961    -0.08707434    0.09998931    0.07989309    -0.07846019    0.03452133    -0.06989538    -0.0192651    -0.02870464    -0.05331268    0.1613306    -0.01041792    0.02778498    0.02516187    -0.004270938    -0.05003262    -0.01637655    -0.04991467    -0.003572865    0.003644087    -0.01400153    0.01433906    -0.02425017    -0.009726631    -0.0009839155    0.01028365
-0.579239    -0.09055389    1    -0.07619338    -0.3353676    0.04728267    -0.03767908    -0.07335286    0.02165834    0.04995297    -0.07442291    0.0581552    0.1236783    -0.01740772    -0.05334363    -0.04637593    -0.01327594    -0.01216512    -0.1050565    0.1012851    0.0291913    0.004906501    0.006155151    0.0153602    -0.02071986    -0.01458018    -0.03904788    -0.01586466    0.02239175    0.03786679    0.003970722    -0.01708219    -0.04912191    0.0106584    0.06532427
-0.05867098    -0.6628608    -0.07619338    1    -0.4102918    0.03129561    0.02281272    -0.01043238    0.005845264    -0.03977381    0.09478275    -0.02827084    -0.04236291    0.06501604    -0.07337275    0.08484749    -0.06856461    -0.05318095    0.08221421    -0.06570621    0.02391945    -0.05518199    -0.01740412    0.04286226    0.01814029    0.02502791    0.0184127    -0.03004902    -0.01615896    0.05792802    0.005283524    0.005098237    -0.02368206    0.00837236    0.02465908
-0.04234761    0.215994    -0.3353676    -0.4102918    1    -0.1178277    0.02025104    0.1232354    -0.1176118    0.01634134    -0.01371178    -0.07122969    -0.02631264    0.007825152    0.07061295    -0.07821168    0.1329422    0.1285754    -0.0516458    -0.09295207    -0.02039004    0.0556996    0.03311863    -0.04721398    -0.02427176    -0.01159456    0.01683046    0.03064792    0.01899144    -0.0498277    -0.004897566    0.0112552    0.02133209    -0.01363519    -0.02280288
0.07354539    0.02378905    0.04728267    0.03129561    -0.1178277    1    -0.218888    -0.3308694    0.08306893    -0.09162578    -0.006368971    -0.04329304    -0.08595956    0.02265268    0.08691645    -0.01487135    -0.09777879    -0.05599654    -0.008942401    0.1123749    -0.0139257    0.07659465    0.06809344    -0.06066953    -0.06088495    0.000772366    -0.02915694    -0.05180105    -0.02429164    0.05671439    -0.1409734    0.02028686    0.05504397    0.07824208    0.04217838
-0.008575781    -0.0221861    -0.03767908    0.02281272    0.02025104    -0.218888    1    -0.5246829    -0.383431    0.2626359    -0.05504183    0.06966226    0.09488769    -0.03314472    -0.07217607    0.03930743    -0.02002097    -0.04105359    -0.03198024    0.03712836    0.01460239    0.004252653    -0.03222128    -0.03056547    0.06349673    -0.03115448    -0.05437448    -0.01827569    0.007428058    0.08126789    -0.02336418    -0.01071071    0.02764055    -0.01490469    0.08265093
-0.05902127    -0.1024    -0.07335286    -0.01043238    0.1232354    -0.3308694    -0.5246829    1    -0.1363358    -0.5814342    0.02478243    -0.01988749    0.008243997    -0.02981386    -0.003308977    -0.03355247    0.10267    0.07438356    -0.01390722    -0.1102942    -0.04183772    -0.09273361    -0.0274204    0.05620217    0.05764332    -0.04401784    0.06262593    0.06774478    -0.01926834    -0.03455619    0.03751466    0.006400481    0.04040486    0.02129473    -0.1184249
0.08323714    0.05054563    0.02165834    0.005845264    -0.1176118    0.08306893    -0.383431    -0.1363358    1    -0.08966739    0.02158302    -0.06651151    -0.1126085    0.06137809    0.08885827    0.003465684    -0.07301213    -0.05702039    0.05272359    0.08738964    0.0109756    0.002509773    0.01024413    0.01306389    -0.06040209    0.04990897    0.008179364    -0.07080094    -0.03651238    0.01984207    0.1388728    0.1385646    -0.05229533    -0.1499688    -0.07583151
0.01459316    0.08444961    0.04995297    -0.03977381    0.01634134    -0.09162578    0.2626359    -0.5814342    -0.08966739    1    -0.00816904    0.05112316    0.03152837    0.001816811    -0.06408102    0.004365981    -0.002929524    0.02389306    0.02698715    -0.02434373    0.02303773    0.07362351    0.01845056    -0.01573626    -0.03090848    0.04034749    -0.0129474    0.01082853    0.05598858    -0.08272262    -0.009999257    -0.1220648    -0.04896083    0.01803577    -0.004669578
0.04788554    -0.08707434    -0.07442291    0.09478275    -0.01371178    -0.006368971    -0.05504183    0.02478243    0.02158302    -0.00816904    1    0.002486199    -0.6084731    0.05587275    -0.03522792    0.1460304    -0.05911062    -0.1322263    0.08981674    -0.008308768    -0.1403092    -0.1537993    0.09859517    0.2540009    -0.05083952    0.02354366    -0.0831819    -0.05109222    0.08887405    -0.003009004    0.09095607    -0.06859168    -0.009341701    0.1407293    -0.161299
0.01352129    0.09998931    0.0581552    -0.02827084    -0.07122969    -0.04329304    0.06966226    -0.01988749    -0.06651151    0.05112316    0.002486199    1    -0.2610428    -0.5998652    0.2709889    -0.04575408    0.06855313    -0.01296644    -0.1176168    0.06456155    -0.1459785    0.03524693    0.1463833    0.03726333    -0.03151572    -0.01961274    0.03182518    0.007025521    -0.06892219    0.08436301    -0.1110361    -0.06292476    -0.006989258    -0.06792301    0.16369
-0.04467303    0.07989309    0.1236783    -0.04236291    -0.02631264    -0.08595956    0.09488769    0.008243997    -0.1126085    0.03152837    -0.6084731    -0.2610428    1    0.02869043    -0.4800809    -0.06364184    0.002453178    0.03698599    -0.05899813    0.07916448    0.03233552    0.1907375    0.09185373    -0.07703353    -0.1215191    -0.05431528    0.006978044    0.02865815    -0.03263844    0.01732734    -0.05352539    0.01811998    -0.1078386    -0.09816858    0.2236656
0.02231296    -0.07846019    -0.01740772    0.06501604    0.007825152    0.02265268    -0.03314472    -0.02981386    0.06137809    0.001816811    0.05587275    -0.5998652    0.02869043    1    -0.3962035    0.01953137    -0.08335626    -0.05517177    0.08651817    0.03543737    0.3303664    0.1271854    -0.1577562    -0.1435505    -0.1113097    0.005326752    -0.07455766    -0.04383044    0.03366387    0.001369671    0.06787055    -0.03876995    -0.0425336    0.112223    -0.1113637
-0.001721639    0.03452133    -0.05334363    -0.07337275    0.07061295    0.08691645    -0.07217607    -0.003308977    0.08885827    -0.06408102    -0.03522792    0.2709889    -0.4800809    -0.3962035    1    -0.03166268    0.06765827    0.05404733    0.0005133851    -0.1086329    -0.1321209    -0.2144391    -0.02250504    0.03366274    -0.06404811    0.04998715    0.08075949    0.01236239    -0.04215891    -0.003206776    0.02353699    0.09098666    0.06354639    -0.07686904    -0.0244858
0.1382248    -0.06989538    -0.04637593    0.08484749    -0.07821168    -0.01487135    0.03930743    -0.03355247    0.003465684    0.004365981    0.1460304    -0.04575408    -0.06364184    0.01953137    -0.03166268    1    0.08307113    -0.7420018    -0.008477842    0.04639755    0.002753555    -0.03097108    -0.03154261    0.05380934    0.01753799    -0.1634702    -0.3542519    0.1084682    0.4980067    -0.112996    0.03702293    0.01894004    0.01478901    -0.02684936    0.007427948
-0.1010063    -0.0192651    -0.01327594    -0.06856461    0.1329422    -0.09777879    -0.02002097    0.10267    -0.07301213    -0.002929524    -0.05911062    0.06855313    0.002453178    -0.08335626    0.06765827    0.08307113    1    -0.2725877    -0.7281742    0.2765941    -0.03995966    0.02772979    0.01743712    -0.02601324    0.006062834    -0.3479478    -0.0331988    0.4372959    0.2273031    -0.2782187    -0.011938    0.04129766    -0.00896556    -0.04354344    0.03127142
-0.1181271    -0.02870464    -0.01216512    -0.05318095    0.1285754    -0.05599654    -0.04105359    0.07438356    -0.05702039    0.02389306    -0.1322263    -0.01296644    0.03698599    -0.05517177    0.05404733    -0.7420018    -0.2725877    1    0.04992343    -0.4475786    0.01983093    -0.02331522    -0.03256113    -0.03847427    0.03751029    0.1665235    0.4377699    -0.01943281    -0.3678474    0.01640472    -0.01394031    0.009203816    0.005555138    0.001726641    -0.03577412
0.1294664    -0.05331268    -0.1050565    0.08221421    -0.0516458    -0.008942401    -0.03198024    -0.01390722    0.05272359    0.02698715    0.08981674    -0.1176168    -0.05899813    0.08651817    0.0005133851    -0.008477842    -0.7281742    0.04992343    1    -0.415051    0.03847784    -0.06677104    -0.07645898    0.01498782    0.07100696    0.4982059    0.1380366    -0.372432    -0.2208138    0.02981694    0.04123565    -0.0266158    0.03505491    0.05981547    -0.09640243
-0.007491122    0.1613306    0.1012851    -0.06570621    -0.09295207    0.1123749    0.03712836    -0.1102942    0.08738964    -0.02434373    -0.008308768    0.06456155    0.07916448    0.03543737    -0.1086329    0.04639755    0.2765941    -0.4475786    -0.415051    1    -0.0469808    0.09494873    0.1278174    0.009866623    -0.1198703    -0.2684327    -0.3418638    0.04225816    0.1055823    -0.1150963    -0.04188392    0.006214583    -0.04278525    -0.03052041    0.09912822
-0.03499571    -0.01041792    0.0291913    0.02391945    -0.02039004    -0.0139257    0.01460239    -0.04183772    0.0109756    0.02303773    -0.1403092    -0.1459785    0.03233552    0.3303664    -0.1321209    0.002753555    -0.03995966    0.01983093    0.03847784    -0.0469808    1    -0.01208665    -0.7751805    -0.07643994    0.1642374    -0.06374869    -0.06111635    0.06095885    0.08144994    -0.06487302    -0.009373055    -0.01509577    0.03224401    0.03383987    -0.09029222
-0.02210699    0.02778498    0.004906501    -0.05518199    0.0556996    0.07659465    0.004252653    -0.09273361    0.002509773    0.07362351    -0.1537993    0.03524693    0.1907375    0.1271854    -0.2144391    -0.03097108    0.02772979    -0.02331522    -0.06677104    0.09494873    -0.01208665    1    0.1663351    -0.7695498    0.07538156    -0.08376976    -0.1029627    0.01355829    0.0293152    0.03565497    -0.08040596    0.01265609    -0.02910225    0.01985668    0.01507886
-0.01705372    0.02516187    0.006155151    -0.01740412    0.03311863    0.06809344    -0.03222128    -0.0274204    0.01024413    0.01845056    0.09859517    0.1463833    0.09185373    -0.1577562    -0.02250504    -0.03154261    0.01743712    -0.03256113    -0.07645898    0.1278174    -0.7751805    0.1663351    1    0.03349777    -0.5361289    0.03097782    -0.02284643    -0.09320724    -0.06279076    0.1168027    -0.04407242    0.0121205    -0.01012586    -0.02725932    0.05512654
0.01056814    -0.004270938    0.0153602    0.04286226    -0.04721398    -0.06066953    -0.03056547    0.05620217    0.01306389    -0.01573626    0.2540009    0.03726333    -0.07703353    -0.1435505    0.03366274    0.05380934    -0.02601324    -0.03847427    0.01498782    0.009866623    -0.07643994    -0.7695498    0.03349777    1    -0.4759833    0.06023333    0.01394071    -0.07430565    -0.01199964    0.04866327    0.1151806    0.006940934    -0.05450186    -0.01843987    0.04088486
0.03756697    -0.05003262    -0.02071986    0.01814029    -0.02427176    -0.06088495    0.06349673    0.05764332    -0.06040209    -0.03090848    -0.05083952    -0.03151572    -0.1215191    -0.1113097    -0.06404811    0.01753799    0.006062834    0.03751029    0.07100696    -0.1198703    0.1642374    0.07538156    -0.5361289    -0.4759833    1    -0.0342073    0.05582732    0.1329493    0.05119407    -0.1656847    -0.102393    -0.0620109    0.09590239    0.07637262    0.01052134
0.03893228    -0.01637655    -0.01458018    0.02502791    -0.01159456    0.000772366    -0.03115448    -0.04401784    0.04990897    0.04034749    0.02354366    -0.01961274    -0.05431528    0.005326752    0.04998715    -0.1634702    -0.3479478    0.1665235    0.4982059    -0.2684327    -0.06374869    -0.08376976    0.03097782    0.06023333    -0.0342073    1    0.2292549    -0.7925327    -0.3398313    0.2443113    0.1378754    0.01430813    -0.07594447    -0.006305397    -0.04839362
0.02095926    -0.04991467    -0.03904788    0.0184127    0.01683046    -0.02915694    -0.05437448    0.06262593    0.008179364    -0.0129474    -0.0831819    0.03182518    0.006978044    -0.07455766    0.08075949    -0.3542519    -0.0331988    0.4377699    0.1380366    -0.3418638    -0.06111635    -0.1029627    -0.02284643    0.01394071    0.05582732    0.2292549    1    0.0582692    -0.7753216    0.1000554    0.005578518    0.157625    0.004036359    -0.09551998    -0.01131214
-0.0142347    -0.003572865    -0.01586466    -0.03004902    0.03064792    -0.05180105    -0.01827569    0.06774478    -0.07080094    0.01082853    -0.05109222    0.007025521    0.02865815    -0.04383044    0.01236239    0.1084682    0.4372959    -0.01943281    -0.372432    0.04225816    0.06095885    0.01355829    -0.09320724    -0.07430565    0.1329493    -0.7925327    0.0582692    1    0.2852451    -0.6086443    -0.116667    0.05693531    0.1096152    -0.03011969    -0.0003704035
-0.002759561    0.003644087    0.02239175    -0.01615896    0.01899144    -0.02429164    0.007428058    -0.01926834    -0.03651238    0.05598858    0.08887405    -0.06892219    -0.03263844    0.03366387    -0.04215891    0.4980067    0.2273031    -0.3678474    -0.2208138    0.1055823    0.08144994    0.0293152    -0.06279076    -0.01199964    0.05119407    -0.3398313    -0.7753216    0.2852451    1    -0.503745    0.007558403    -0.1073676    0.0242853    0.09828785    -0.02716121
-0.01237588    -0.01400153    0.03786679    0.05792802    -0.0498277    0.05671439    0.08126789    -0.03455619    0.01984207    -0.08272262    -0.003009004    0.08436301    0.01732734    0.001369671    -0.003206776    -0.112996    -0.2782187    0.01640472    0.02981694    -0.1150963    -0.06487302    0.03565497    0.1168027    0.04866327    -0.1656847    0.2443113    0.1000554    -0.6086443    -0.503745    1    -0.01359294    -0.03985826    -0.05819444    -0.004065534    0.1113071
-0.01823968    0.01433906    0.003970722    0.005283524    -0.004897566    -0.1409734    -0.02336418    0.03751466    0.1388728    -0.009999257    0.09095607    -0.1110361    -0.05352539    0.06787055    0.02353699    0.03702293    -0.011938    -0.01394031    0.04123565    -0.04188392    -0.009373055    -0.08040596    -0.04407242    0.1151806    -0.102393    0.1378754    0.005578518    -0.116667    0.007558403    -0.01359294    1    -0.1376514    -0.6676179    0.09997202    0.0203232
0.02058904    -0.02425017    -0.01708219    0.005098237    0.0112552    0.02028686    -0.01071071    0.006400481    0.1385646    -0.1220648    -0.06859168    -0.06292476    0.01811998    -0.03876995    0.09098666    0.01894004    0.04129766    0.009203816    -0.0266158    0.006214583    -0.01509577    0.01265609    0.0121205    0.006940934    -0.0620109    0.01430813    0.157625    0.05693531    -0.1073676    -0.03985826    -0.1376514    1    0.03542279    -0.676552    0.1943159
0.04376419    -0.009726631    -0.04912191    -0.02368206    0.02133209    0.05504397    0.02764055    0.04040486    -0.05229533    -0.04896083    -0.009341701    -0.006989258    -0.1078386    -0.0425336    0.06354639    0.01478901    -0.00896556    0.005555138    0.03505491    -0.04278525    0.03224401    -0.02910225    -0.01012586    -0.05450186    0.09590239    -0.07594447    0.004036359    0.1096152    0.0242853    -0.05819444    -0.6676179    0.03542279    1    -0.05155417    -0.452103
-0.01302688    -0.0009839155    0.0106584    0.00837236    -0.01363519    0.07824208    -0.01490469    0.02129473    -0.1499688    0.01803577    0.1407293    -0.06792301    -0.09816858    0.112223    -0.07686904    -0.02684936    -0.04354344    0.001726641    0.05981547    -0.03052041    0.03383987    0.01985668    -0.02725932    -0.01843987    0.07637262    -0.006305397    -0.09551998    -0.03011969    0.09828785    -0.004065534    0.09997202    -0.676552    -0.05155417    1    -0.5967933
-0.01683618    0.01028365    0.06532427    0.02465908    -0.02280288    0.04217838    0.08265093    -0.1184249    -0.07583151    -0.004669578    -0.161299    0.16369    0.2236656    -0.1113637    -0.0244858    0.007427948    0.03127142    -0.03577412    -0.09640243    0.09912822    -0.09029222    0.01507886    0.05512654    0.04088486    0.01052134    -0.04839362    -0.01131214    -0.0003704035    -0.02716121    0.1113071    0.0203232    0.1943159    -0.452103    -0.5967933    1
