1    -0.0653515    -0.7025817    -0.07246449    -0.03990777    0.1119487    -0.0306998    -0.02404761    0.1615659    -0.1017869    -0.01877491    -0.002536726    -0.0001194373    0.00907822    -0.0308177    -0.05735186    -0.03068268    0.03731908    0.0339948    -0.01774125    -0.04656379    -0.02450968    0.06832775    0.05737959    -0.08723703    -0.0211035    -0.02844851    0.04425556    0.03614543    -0.04129023
-0.0653515    1    -0.05452125    -0.5470611    0.1192943    -0.2691293    0.1216071    0.1612525    -0.2220394    -0.02468432    0.03781276    -0.01044606    -0.07934641    -0.05251811    0.1051894    -0.02122781    -0.03761231    0.01279158    0.04081183    0.01646836    -0.02305848    0.02032462    -0.02303756    -0.008309708    0.05213728    -0.05571547    0.03124489    -0.005263358    0.01292093    0.0196505
-0.7025817    -0.05452125    1    0.01906412    -0.3010253    -0.2112911    0.149687    0.1137867    -0.2744241    -0.01365065    0.007331623    -0.04689646    -0.01242739    0.03791118    0.01096669    -0.007419551    0.04277517    0.002508647    -0.02401571    0.04124434    -0.01388494    0.03191903    -0.02555524    -0.01929723    0.07371488    -0.01354869    0.02381293    -0.0120049    -0.0008737186    0.03446948
-0.07246449    -0.5470611    0.01906412    1    -0.3474456    0.1036328    -0.005337062    -0.02918636    0.1222977    -0.1364391    -0.02203795    -0.010997    0.0235814    0.02303624    -0.01444551    0.03306556    0.0692363    0.003159733    -0.07714675    0.03158206    0.04312793    0.03024446    -0.006829902    -0.03666107    0.01409886    0.04149865    0.02677067    -0.03036496    -0.04351334    0.04054505
-0.03990777    0.1192943    -0.3010253    -0.3474456    1    0.1045796    -0.102774    -0.1068129    0.08444076    0.1738623    0.03428278    0.05677509    0.0132068    -0.02251943    -0.03082946    -0.008806754    -0.03036565    0.009668594    0.0296788    -0.06149167    -0.007968931    -0.04523761    0.01878411    0.007284937    -0.02672611    0.01341937    -0.0240525    0.003897094    -0.01999872    0.009542477
0.1119487    -0.2691293    -0.2112911    0.1036328    0.1045796    1    0.1802937    -0.5691702    -0.2002636    -0.1141258    0.002717913    0.0726633    0.06331795    -0.005620966    -0.1002672    -0.03518199    0.04406992    0.08748384    -0.006565689    -0.09400843    -0.1603644    0.01298608    0.1604654    0.08648642    -0.03671642    0.02973779    0.05498523    0.07407697    -0.01060514    -0.09392598
-0.0306998    0.1216071    0.149687    -0.005337062    -0.102774    0.1802937    1    -0.712963    -0.5634511    0.2419349    -0.0122599    -0.0384917    0.02345501    0.04279476    -0.03082947    -0.004117329    -0.05887365    0.02810096    0.07208845    -0.01944009    -0.02048981    -0.04206599    -0.01845305    0.05780439    0.1025666    -0.00674628    0.01408197    0.04352533    0.03240485    -0.03614079
-0.02404761    0.1612525    0.1137867    -0.02918636    -0.1068129    -0.5691702    -0.712963    1    0.1600804    -0.4300399    0.0150739    0.04611262    -0.02538076    -0.04408451    0.03886084    0.004094961    0.08498085    -0.01357486    -0.04992367    0.03569054    0.04503312    0.06082599    -0.01556947    -0.04923939    -0.05356981    0.008916974    0.02095433    -0.05981778    -0.02081737    0.05972902
0.1615659    -0.2220394    -0.2744241    0.1222977    0.08444076    -0.2002636    -0.5634511    0.1600804    1    -0.04550196    -0.009568574    -0.007907858    0.02902816    0.0393455    -0.03276983    0.04088292    0.03016526    -0.01105948    -0.05378308    -0.03262829    0.1436854    0.03978726    -0.04075165    -0.09282286    -0.1352477    0.006911928    -0.03437708    0.01492334    0.008254262    -0.02685137
-0.1017869    -0.02468432    -0.01365065    -0.1364391    0.1738623    -0.1141258    0.2419349    -0.4300399    -0.04550196    1    -0.007593216    -0.1337202    -0.07027574    0.03494076    0.07880389    -0.01434644    -0.1607475    -0.08457745    0.04869665    0.08412436    -0.04299442    -0.1391635    -0.0326559    0.01498628    -0.005949784    -0.05358654    -0.09921473    -0.02379207    -0.006139206    0.05736875
-0.01877491    0.03781276    0.007331623    -0.02203795    0.03428278    0.002717913    -0.0122599    0.0150739    -0.009568574    -0.007593216    1    0.1400241    -0.8017412    -0.2016428    0.2533022    0.0008403928    -0.01221599    0.01055408    0.02234292    -0.00882542    0.09917797    -0.0004770041    -0.03215939    0.02419644    -0.03339536    0.1505055    0.01463641    -0.08259465    -0.009590243    0.007012099
-0.002536726    -0.01044606    -0.04689646    -0.010997    0.05677509    0.0726633    -0.0384917    0.04611262    -0.007907858    -0.1337202    0.1400241    1    0.1472722    -0.7823827    0.08175681    -0.0144742    -0.0267208    0.02725611    0.03695603    -0.05146004    0.009252947    0.06049921    0.007082927    -0.004300034    -0.03968139    0.05029851    0.1195945    -0.03536964    -0.07018548    0.003337377
-0.0001194373    -0.07934641    -0.01242739    0.0235814    0.0132068    0.06331795    0.02345501    -0.02538076    0.02902816    -0.07027574    -0.8017412    0.1472722    1    0.08810614    -0.5706687    0.007046621    0.0597377    -0.00615597    -0.03773207    -0.0142018    -0.08294533    0.05896118    0.05926745    -0.04423949    -0.01418326    -0.1021701    0.0291711    0.1122944    -0.001305928    -0.07595497
0.00907822    -0.05251811    0.03791118    0.02303624    -0.02251943    -0.005620966    0.04279476    -0.04408451    0.0393455    0.03494076    -0.2016428    -0.7823827    0.08810614    1    -0.4619127    0.05042576    0.06165633    -0.006232039    -0.07090873    0.006224635    -0.002607824    -0.02090071    0.02891476    -0.001386931    -0.008936635    -0.05785682    -0.09681303    0.07878019    0.09896317    -0.05325679
-0.0308177    0.1051894    0.01096669    -0.01444551    -0.03082946    -0.1002672    -0.03082947    0.03886084    -0.03276983    0.07880389    0.2533022    0.08175681    -0.5706687    -0.4619127    1    -0.01820343    -0.08595736    -0.0116641    0.04677631    0.008166156    0.01775322    -0.06725439    -0.0746332    0.02306802    0.09500857    -0.004920112    -0.03197663    -0.09976217    -0.03825894    0.2072811
-0.05735186    -0.02122781    -0.007419551    0.03306556    -0.008806754    -0.03518199    -0.004117329    0.004094961    0.04088292    -0.01434644    0.0008403928    -0.0144742    0.007046621    0.05042576    -0.01820343    1    0.05016715    -0.7652618    -0.2164396    0.2527462    0.5959399    0.008867918    -0.4352198    -0.1327181    0.1665932    0.1757093    -0.01902461    -0.08365833    -0.06035079    0.02954738
-0.03068268    -0.03761231    0.04277517    0.0692363    -0.03036565    0.04406992    -0.05887365    0.08498085    0.03016526    -0.1607475    -0.01221599    -0.0267208    0.0597377    0.06165633    -0.08595736    0.05016715    1    0.07725506    -0.7808682    0.1179414    0.03727942    0.5768487    0.003365721    -0.4236526    0.06463427    0.04511379    0.1572304    -0.01627114    -0.09815471    -0.01748515
0.03731908    0.01279158    0.002508647    0.003159733    0.009668594    0.08748384    0.02810096    -0.01357486    -0.01105948    -0.08457745    0.01055408    0.02725611    -0.00615597    -0.006232039    -0.0116641    -0.7652618    0.07725506    1    0.210168    -0.6410685    -0.4368008    0.05310049    0.5855373    0.1218832    -0.4151067    -0.1032741    0.05570676    0.1396427    0.0561913    -0.1408994
0.0339948    0.04081183    -0.02401571    -0.07714675    0.0296788    -0.006565689    0.07208845    -0.04992367    -0.05378308    0.04869665    0.02234292    0.03695603    -0.03773207    -0.07090873    0.04677631    -0.2164396    -0.7808682    0.210168    1    -0.5415401    -0.1096388    -0.43125    0.1203527    0.5588632    -0.3183744    -0.02245147    -0.0877916    0.04534361    0.128129    -0.06091721
-0.01774125    0.01646836    0.04124434    0.03158206    -0.06149167    -0.09400843    -0.01944009    0.03569054    -0.03262829    0.08412436    -0.00882542    -0.05146004    -0.0142018    0.006224635    0.008166156    0.2527462    0.1179414    -0.6410685    -0.5415401    1    0.08022032    0.03772683    -0.3454525    -0.2947401    0.6483583    -0.06040446    -0.04292855    -0.09685357    -0.04914318    0.253015
-0.04656379    -0.02305848    -0.01388494    0.04312793    -0.007968931    -0.1603644    -0.02048981    0.04503312    0.1436854    -0.04299442    0.09917797    0.009252947    -0.08294533    -0.002607824    0.01775322    0.5959399    0.03727942    -0.4368008    -0.1096388    0.08022032    1    -0.07100112    -0.728322    -0.04729772    0.1596486    0.5977577    -0.08046202    -0.3984988    0.0001008383    0.04818253
-0.02450968    0.02032462    0.03191903    0.03024446    -0.04523761    0.01298608    -0.04206599    0.06082599    0.03978726    -0.1391635    -0.0004770041    0.06049921    0.05896118    -0.02090071    -0.06725439    0.008867918    0.5768487    0.05310049    -0.43125    0.03772683    -0.07100112    1    0.0881019    -0.7726396    0.1730508    -0.02102613    0.5589629    0.01665341    -0.4008157    0.09564381
0.06832775    -0.02303756    -0.02555524    -0.006829902    0.01878411    0.1604654    -0.01845305    -0.01556947    -0.04075165    -0.0326559    -0.03215939    0.007082927    0.05926745    0.02891476    -0.0746332    -0.4352198    0.003365721    0.5855373    0.1203527    -0.3454525    -0.728322    0.0881019    1    0.04617607    -0.5515985    -0.4168925    0.06428404    0.5812836    0.01412991    -0.3068639
0.05737959    -0.008309708    -0.01929723    -0.03666107    0.007284937    0.08648642    0.05780439    -0.04923939    -0.09282286    0.01498628    0.02419644    -0.004300034    -0.04423949    -0.001386931    0.02306802    -0.1327181    -0.4236526    0.1218832    0.5588632    -0.2947401    -0.04729772    -0.7726396    0.04617607    1    -0.5459898    0.007878584    -0.412785    0.01791493    0.5618735    -0.3169163
-0.08723703    0.05213728    0.07371488    0.01409886    -0.02672611    -0.03671642    0.1025666    -0.05356981    -0.1352477    -0.005949784    -0.03339536    -0.03968139    -0.01418326    -0.008936635    0.09500857    0.1665932    0.06463427    -0.4151067    -0.3183744    0.6483583    0.1596486    0.1730508    -0.5515985    -0.5459898    1    0.0122435    0.08702397    -0.3026942    -0.3122294    0.6186472
-0.0211035    -0.05571547    -0.01354869    0.04149865    0.01341937    0.02973779    -0.00674628    0.008916974    0.006911928    -0.05358654    0.1505055    0.05029851    -0.1021701    -0.05785682    -0.004920112    0.1757093    0.04511379    -0.1032741    -0.02245147    -0.06040446    0.5977577    -0.02102613    -0.4168925    0.007878584    0.0122435    1    -0.1376514    -0.6676179    0.09997202    0.0203232
-0.02844851    0.03124489    0.02381293    0.02677067    -0.0240525    0.05498523    0.01408197    0.02095433    -0.03437708    -0.09921473    0.01463641    0.1195945    0.0291711    -0.09681303    -0.03197663    -0.01902461    0.1572304    0.05570676    -0.0877916    -0.04292855    -0.08046202    0.5589629    0.06428404    -0.412785    0.08702397    -0.1376514    1    0.03542279    -0.676552    0.1943159
0.04425556    -0.005263358    -0.0120049    -0.03036496    0.003897094    0.07407697    0.04352533    -0.05981778    0.01492334    -0.02379207    -0.08259465    -0.03536964    0.1122944    0.07878019    -0.09976217    -0.08365833    -0.01627114    0.1396427    0.04534361    -0.09685357    -0.3984988    0.01665341    0.5812836    0.01791493    -0.3026942    -0.6676179    0.03542279    1    -0.05155417    -0.452103
0.03614543    0.01292093    -0.0008737186    -0.04351334    -0.01999872    -0.01060514    0.03240485    -0.02081737    0.008254262    -0.006139206    -0.009590243    -0.07018548    -0.001305928    0.09896317    -0.03825894    -0.06035079    -0.09815471    0.0561913    0.128129    -0.04914318    0.0001008383    -0.4008157    0.01412991    0.5618735    -0.3122294    0.09997202    -0.676552    -0.05155417    1    -0.5967933
-0.04129023    0.0196505    0.03446948    0.04054505    0.009542477    -0.09392598    -0.03614079    0.05972902    -0.02685137    0.05736875    0.007012099    0.003337377    -0.07595497    -0.05325679    0.2072811    0.02954738    -0.01748515    -0.1408994    -0.06091721    0.253015    0.04818253    0.09564381    -0.3068639    -0.3169163    0.6186472    0.0203232    0.1943159    -0.452103    -0.5967933    1
