1    -0.001034051    -0.579239    -0.05867098    -0.04234761    0.07354539    -0.008575781    -0.05902127    0.08323714    0.01459316    -0.01823968    0.02058904    0.04376419    -0.01302688    -0.01683618
-0.001034051    1    -0.09055389    -0.6628608    0.215994    0.02378905    -0.0221861    -0.1024    0.05054563    0.08444961    0.01433906    -0.02425017    -0.009726631    -0.0009839155    0.01028365
-0.579239    -0.09055389    1    -0.07619338    -0.3353676    0.04728267    -0.03767908    -0.07335286    0.02165834    0.04995297    0.003970722    -0.01708219    -0.04912191    0.0106584    0.06532427
-0.05867098    -0.6628608    -0.07619338    1    -0.4102918    0.03129561    0.02281272    -0.01043238    0.005845264    -0.03977381    0.005283524    0.005098237    -0.02368206    0.00837236    0.02465908
-0.04234761    0.215994    -0.3353676    -0.4102918    1    -0.1178277    0.02025104    0.1232354    -0.1176118    0.01634134    -0.004897566    0.0112552    0.02133209    -0.01363519    -0.02280288
0.07354539    0.02378905    0.04728267    0.03129561    -0.1178277    1    -0.218888    -0.3308694    0.08306893    -0.09162578    -0.1409734    0.02028686    0.05504397    0.07824208    0.04217838
-0.008575781    -0.0221861    -0.03767908    0.02281272    0.02025104    -0.218888    1    -0.5246829    -0.383431    0.2626359    -0.02336418    -0.01071071    0.02764055    -0.01490469    0.08265093
-0.05902127    -0.1024    -0.07335286    -0.01043238    0.1232354    -0.3308694    -0.5246829    1    -0.1363358    -0.5814342    0.03751466    0.006400481    0.04040486    0.02129473    -0.1184249
0.08323714    0.05054563    0.02165834    0.005845264    -0.1176118    0.08306893    -0.383431    -0.1363358    1    -0.08966739    0.1388728    0.1385646    -0.05229533    -0.1499688    -0.07583151
0.01459316    0.08444961    0.04995297    -0.03977381    0.01634134    -0.09162578    0.2626359    -0.5814342    -0.08966739    1    -0.009999257    -0.1220648    -0.04896083    0.01803577    -0.004669578
-0.01823968    0.01433906    0.003970722    0.005283524    -0.004897566    -0.1409734    -0.02336418    0.03751466    0.1388728    -0.009999257    1    -0.1376514    -0.6676179    0.09997202    0.0203232
0.02058904    -0.02425017    -0.01708219    0.005098237    0.0112552    0.02028686    -0.01071071    0.006400481    0.1385646    -0.1220648    -0.1376514    1    0.03542279    -0.676552    0.1943159
0.04376419    -0.009726631    -0.04912191    -0.02368206    0.02133209    0.05504397    0.02764055    0.04040486    -0.05229533    -0.04896083    -0.6676179    0.03542279    1    -0.05155417    -0.452103
-0.01302688    -0.0009839155    0.0106584    0.00837236    -0.01363519    0.07824208    -0.01490469    0.02129473    -0.1499688    0.01803577    0.09997202    -0.676552    -0.05155417    1    -0.5967933
-0.01683618    0.01028365    0.06532427    0.02465908    -0.02280288    0.04217838    0.08265093    -0.1184249    -0.07583151    -0.004669578    0.0203232    0.1943159    -0.452103    -0.5967933    1
