1    -0.218888    -0.3308694    0.08306893    -0.09162578    0.04442717    -0.08378651    -0.08012579    0.0740386    0.03115873    0.02879211    0.05879974    0.005755298    -0.05404761    -0.0129772    0.000772366    -0.02915694    -0.05180105    -0.02429164    0.05671439    -0.1409734    0.02028686    0.05504397    0.07824208    0.04217838
-0.218888    1    -0.5246829    -0.383431    0.2626359    -0.03844186    0.03924879    0.06687638    -0.009079785    -0.06990387    -0.05456168    -0.02548276    0.02715219    0.03680484    -0.0107734    -0.03115448    -0.05437448    -0.01827569    0.007428058    0.08126789    -0.02336418    -0.01071071    0.02764055    -0.01490469    0.08265093
-0.3308694    -0.5246829    1    -0.1363358    -0.5814342    -0.029307    0.03718132    0.01236598    -0.03433463    0.04014523    0.004097723    -0.09662301    -0.03263222    0.02233212    0.04831779    -0.04401784    0.06262593    0.06774478    -0.01926834    -0.03455619    0.03751466    0.006400481    0.04040486    0.02129473    -0.1184249
0.08306893    -0.383431    -0.1363358    1    -0.08966739    0.04506263    -0.09650101    -0.09709368    0.02375383    0.08929247    -0.003521026    -0.002227745    -0.0295787    0.005798343    0.004181365    0.04990897    0.008179364    -0.07080094    -0.03651238    0.01984207    0.1388728    0.1385646    -0.05229533    -0.1499688    -0.07583151
-0.09162578    0.2626359    -0.5814342    -0.08966739    1    0.02572939    0.05939543    -0.004673176    -0.03393417    -0.00785499    0.02540195    0.07666948    0.03243086    0.008883128    -0.07207009    0.04034749    -0.0129474    0.01082853    0.05598858    -0.08272262    -0.009999257    -0.1220648    -0.04896083    0.01803577    -0.004669578
0.04442717    -0.03844186    -0.029307    0.04506263    0.02572939    1    0.1175183    -0.6888881    -0.007499106    0.04592695    -0.03074076    -0.1534545    0.03252606    0.2421991    -0.08383779    0.105054    0.02556331    -0.1144393    -0.05624636    0.05673564    0.03811379    0.0649115    -0.01489147    -0.01745127    -0.04125743
-0.08378651    0.03924879    0.03718132    -0.09650101    0.05939543    0.1175183    1    -0.2907878    -0.6958708    0.2802592    -0.1408195    -0.01074188    0.1327525    0.07629765    -0.04877948    -0.0260729    -0.05994205    0.009600527    0.06156277    -0.04081809    0.003563782    -0.03867463    -0.0274839    0.0240722    0.01749138
-0.08012579    0.06687638    0.01236598    -0.09709368    -0.004673176    -0.6888881    -0.2907878    1    0.09759804    -0.538035    0.007736935    0.217624    0.1011528    -0.1098523    -0.07043524    -0.09414703    -0.05031649    0.04611685    0.005022218    0.02445067    -0.04921008    -0.006044469    0.01836305    -0.003917189    0.04829828
0.0740386    -0.009079785    -0.03433463    0.02375383    -0.03393417    -0.007499106    -0.6958708    0.09759804    1    -0.4298296    0.313211    0.114386    -0.1471817    -0.1197788    -0.07146114    0.01938912    0.02896676    -0.06556923    -0.07617464    0.1128743    0.02671605    0.07705192    0.02414094    -0.006282117    -0.04155574
0.03115873    -0.06990387    0.04014523    0.08929247    -0.00785499    0.04592695    0.2802592    -0.538035    -0.4298296    1    -0.1620442    -0.1976653    -0.05621843    -0.0005857989    -0.01027154    0.02204073    0.03465393    0.06587695    0.0615801    -0.120212    -0.02745773    -0.07163876    0.009207482    0.04189701    -0.04891097
0.02879211    -0.05456168    0.004097723    -0.003521026    0.02540195    -0.03074076    -0.1408195    0.007736935    0.313211    -0.1620442    1    -0.1169316    -0.7228295    0.1430365    0.1130299    0.08642682    0.06780278    -0.08190055    -0.1225905    0.09567054    0.1757378    0.02504304    -0.105211    -0.008841889    -0.02511926
0.05879974    -0.02548276    -0.09662301    -0.002227745    0.07666948    -0.1534545    -0.01074188    0.217624    0.114386    -0.1976653    -0.1169316    1    0.1225456    -0.708288    0.1717449    0.0110113    0.02091034    -0.05142963    -0.08651967    0.09382207    0.03620365    0.0936842    -0.0119282    -0.0254776    -0.01258437
0.005755298    0.02715219    -0.03263222    -0.0295787    0.03243086    0.03252606    0.1327525    0.1011528    -0.1471817    -0.05621843    -0.7228295    0.1225456    1    -0.1843117    -0.4438617    -0.03714581    -0.09165247    -0.02167908    0.08032211    -0.02407182    -0.113282    0.04960023    0.1477838    -0.01328394    -0.06908165
-0.05404761    0.03680484    0.02233212    0.005798343    0.008883128    0.2421991    0.07629765    -0.1098523    -0.1197788    -0.0005857989    0.1430365    -0.708288    -0.1843117    1    -0.5048047    -0.04486151    -0.1355852    0.004970857    0.1155393    -0.03759316    -0.05155008    -0.09524614    0.06263443    0.1308298    -0.08923405
-0.0129772    -0.0107734    0.04831779    0.004181365    -0.07207009    -0.08383779    -0.04877948    -0.07043524    -0.07146114    -0.01027154    0.1130299    0.1717449    -0.4438617    -0.5048047    1    0.04424657    0.1792586    0.07210112    -0.1047661    -0.03396666    0.02834152    -0.01744921    -0.1629022    -0.1021666    0.3065855
0.000772366    -0.03115448    -0.04401784    0.04990897    0.04034749    0.105054    -0.0260729    -0.09414703    0.01938912    0.02204073    0.08642682    0.0110113    -0.03714581    -0.04486151    0.04424657    1    0.2292549    -0.7925327    -0.3398313    0.2443113    0.1378754    0.01430813    -0.07594447    -0.006305397    -0.04839362
-0.02915694    -0.05437448    0.06262593    0.008179364    -0.0129474    0.02556331    -0.05994205    -0.05031649    0.02896676    0.03465393    0.06780278    0.02091034    -0.09165247    -0.1355852    0.1792586    0.2292549    1    0.0582692    -0.7753216    0.1000554    0.005578518    0.157625    0.004036359    -0.09551998    -0.01131214
-0.05180105    -0.01827569    0.06774478    -0.07080094    0.01082853    -0.1144393    0.009600527    0.04611685    -0.06556923    0.06587695    -0.08190055    -0.05142963    -0.02167908    0.004970857    0.07210112    -0.7925327    0.0582692    1    0.2852451    -0.6086443    -0.116667    0.05693531    0.1096152    -0.03011969    -0.0003704035
-0.02429164    0.007428058    -0.01926834    -0.03651238    0.05598858    -0.05624636    0.06156277    0.005022218    -0.07617464    0.0615801    -0.1225905    -0.08651967    0.08032211    0.1155393    -0.1047661    -0.3398313    -0.7753216    0.2852451    1    -0.503745    0.007558403    -0.1073676    0.0242853    0.09828785    -0.02716121
0.05671439    0.08126789    -0.03455619    0.01984207    -0.08272262    0.05673564    -0.04081809    0.02445067    0.1128743    -0.120212    0.09567054    0.09382207    -0.02407182    -0.03759316    -0.03396666    0.2443113    0.1000554    -0.6086443    -0.503745    1    -0.01359294    -0.03985826    -0.05819444    -0.004065534    0.1113071
-0.1409734    -0.02336418    0.03751466    0.1388728    -0.009999257    0.03811379    0.003563782    -0.04921008    0.02671605    -0.02745773    0.1757378    0.03620365    -0.113282    -0.05155008    0.02834152    0.1378754    0.005578518    -0.116667    0.007558403    -0.01359294    1    -0.1376514    -0.6676179    0.09997202    0.0203232
0.02028686    -0.01071071    0.006400481    0.1385646    -0.1220648    0.0649115    -0.03867463    -0.006044469    0.07705192    -0.07163876    0.02504304    0.0936842    0.04960023    -0.09524614    -0.01744921    0.01430813    0.157625    0.05693531    -0.1073676    -0.03985826    -0.1376514    1    0.03542279    -0.676552    0.1943159
0.05504397    0.02764055    0.04040486    -0.05229533    -0.04896083    -0.01489147    -0.0274839    0.01836305    0.02414094    0.009207482    -0.105211    -0.0119282    0.1477838    0.06263443    -0.1629022    -0.07594447    0.004036359    0.1096152    0.0242853    -0.05819444    -0.6676179    0.03542279    1    -0.05155417    -0.452103
0.07824208    -0.01490469    0.02129473    -0.1499688    0.01803577    -0.01745127    0.0240722    -0.003917189    -0.006282117    0.04189701    -0.008841889    -0.0254776    -0.01328394    0.1308298    -0.1021666    -0.006305397    -0.09551998    -0.03011969    0.09828785    -0.004065534    0.09997202    -0.676552    -0.05155417    1    -0.5967933
0.04217838    0.08265093    -0.1184249    -0.07583151    -0.004669578    -0.04125743    0.01749138    0.04829828    -0.04155574    -0.04891097    -0.02511926    -0.01258437    -0.06908165    -0.08923405    0.3065855    -0.04839362    -0.01131214    -0.0003704035    -0.02716121    0.1113071    0.0203232    0.1943159    -0.452103    -0.5967933    1
