1    -0.07097652    -0.6286305    -0.03675972    0.02730792    0.07133116    0.0009880514    -0.08331216    0.0666371    0.03308407    -0.008896891    0.009869074    0.003122145    -0.009680778    0.02362222
-0.07097652    1    -0.0791724    -0.5835572    0.1192374    0.07350226    -0.03731959    -0.0562935    0.005618738    0.04166083    -0.06359591    0.008297618    0.01793905    0.005015956    0.02436472
-0.6286305    -0.0791724    1    -0.02143606    -0.3763256    -0.005433263    -0.01529972    -0.04156744    -0.03103105    0.06343927    -0.01497102    0.03701657    -0.02526247    0.02080239    0.01459992
-0.03675972    -0.5835572    -0.02143606    1    -0.4130093    0.06806232    -0.02288523    -0.005968933    0.0244222    -0.04194133    0.03168262    -0.01068729    0.01469403    0.002564623    -0.02624095
0.02730792    0.1192374    -0.3763256    -0.4130093    1    -0.1138256    0.05415237    0.07514607    -0.04304432    -0.0297231    0.007275371    -0.05941935    -0.0005473347    -0.009962569    -0.004733897
0.07133116    0.07350226    -0.005433263    0.06806232    -0.1138256    1    -0.218888    -0.3308694    0.08306893    -0.09162578    -0.1409734    0.02028686    0.05504397    0.07824208    0.04217838
0.0009880514    -0.03731959    -0.01529972    -0.02288523    0.05415237    -0.218888    1    -0.5246829    -0.383431    0.2626359    -0.02336418    -0.01071071    0.02764055    -0.01490469    0.08265093
-0.08331216    -0.0562935    -0.04156744    -0.005968933    0.07514607    -0.3308694    -0.5246829    1    -0.1363358    -0.5814342    0.03751466    0.006400481    0.04040486    0.02129473    -0.1184249
0.0666371    0.005618738    -0.03103105    0.0244222    -0.04304432    0.08306893    -0.383431    -0.1363358    1    -0.08966739    0.1388728    0.1385646    -0.05229533    -0.1499688    -0.07583151
0.03308407    0.04166083    0.06343927    -0.04194133    -0.0297231    -0.09162578    0.2626359    -0.5814342    -0.08966739    1    -0.009999257    -0.1220648    -0.04896083    0.01803577    -0.004669578
-0.008896891    -0.06359591    -0.01497102    0.03168262    0.007275371    -0.1409734    -0.02336418    0.03751466    0.1388728    -0.009999257    1    -0.1376514    -0.6676179    0.09997202    0.0203232
0.009869074    0.008297618    0.03701657    -0.01068729    -0.05941935    0.02028686    -0.01071071    0.006400481    0.1385646    -0.1220648    -0.1376514    1    0.03542279    -0.676552    0.1943159
0.003122145    0.01793905    -0.02526247    0.01469403    -0.0005473347    0.05504397    0.02764055    0.04040486    -0.05229533    -0.04896083    -0.6676179    0.03542279    1    -0.05155417    -0.452103
-0.009680778    0.005015956    0.02080239    0.002564623    -0.009962569    0.07824208    -0.01490469    0.02129473    -0.1499688    0.01803577    0.09997202    -0.676552    -0.05155417    1    -0.5967933
0.02362222    0.02436472    0.01459992    -0.02624095    -0.004733897    0.04217838    0.08265093    -0.1184249    -0.07583151    -0.004669578    0.0203232    0.1943159    -0.452103    -0.5967933    1
