2.3341e-05    -1.2215e-05    -2.372402e-06    -1.803316e-06    -3.888673e-06    1.66778e-06    3.716188e-06    3.198244e-06    -1.731795e-06    -5.644773e-06    -3.854408e-06    1.470396e-06    3.385498e-06    1.748731e-07    1.108398e-06    -8.634716e-07    8.629951e-06    -9.969261e-07    -8.733334e-06    1.002667e-06
-1.2215e-05    2.075145e-05    4.880158e-06    -6.581996e-06    -3.302117e-06    1.063759e-06    -1.456121e-06    -7.837746e-06    3.889751e-06    3.522818e-06    2.590293e-06    -4.797549e-06    2.186653e-06    -6.57017e-08    -8.3141e-07    -8.510795e-07    -4.532055e-06    -1.749969e-06    4.928836e-06    2.384288e-07
-2.372402e-06    4.880158e-06    2.817455e-05    -1.078662e-06    -1.533863e-05    1.547183e-06    -6.897887e-06    -1.238495e-05    9.198665e-06    4.046028e-06    2.159577e-06    -1.82917e-06    2.032039e-06    -2.392121e-07    -8.341656e-07    -6.40086e-07    8.108514e-07    -3.600063e-06    4.074533e-06    -3.039879e-06
-1.803316e-06    -6.581996e-06    -1.078662e-06    1.324602e-05    -4.406476e-06    -1.660801e-07    -1.539883e-06    -4.862398e-07    1.983309e-07    5.552347e-07    5.435509e-08    4.17862e-07    -2.035364e-06    1.720006e-08    1.841284e-07    -1.269207e-07    8.977097e-08    9.661027e-07    -1.004413e-07    5.470276e-07
-3.888673e-06    -3.302117e-06    -1.533863e-05    -4.406476e-06    2.309981e-05    -4.167956e-06    5.955933e-06    1.246713e-05    -7.302031e-06    -1.636732e-06    -9.669927e-07    2.177445e-06    -1.901442e-06    5.09147e-07    2.32166e-08    2.344432e-06    -4.203808e-06    5.565446e-06    2.134766e-06    -3.729467e-06
1.66778e-06    1.063759e-06    1.547183e-06    -1.660801e-07    -4.167956e-06    1.348732e-05    -1.299043e-05    -5.953587e-06    -5.314317e-07    2.806078e-07    -9.459816e-07    1.035853e-06    8.555758e-06    -2.214818e-06    -1.137422e-06    -1.886515e-06    2.480164e-06    -3.471651e-06    -5.282927e-06    7.784282e-06
3.716188e-06    -1.456121e-06    -6.897887e-06    -1.539883e-06    5.955933e-06    -1.299043e-05    3.68852e-05    1.25743e-06    -8.570541e-06    -5.425619e-06    2.756185e-07    -5.800195e-06    -1.076486e-05    5.102397e-06    3.379953e-06    -6.817353e-07    -1.710177e-06    1.562817e-06    1.889906e-06    -1.794707e-06
3.198244e-06    -7.837746e-06    -1.238495e-05    -4.862398e-07    1.246713e-05    -5.953587e-06    1.25743e-06    4.497732e-05    -1.61474e-05    -8.8874e-06    2.900581e-06    -5.796908e-06    -1.283313e-05    6.460759e-06    1.841352e-06    4.356038e-06    -3.239683e-06    2.843399e-06    -6.442366e-07    -1.440788e-07
-1.731795e-06    3.889751e-06    9.198665e-06    1.983309e-07    -7.302031e-06    -5.314317e-07    -8.570541e-06    -1.61474e-05    1.763543e-05    3.727902e-06    -1.200704e-06    2.798848e-06    6.470888e-06    -3.796978e-06    -1.330881e-06    -5.179888e-07    3.241731e-06    -2.118709e-06    1.067012e-07    -4.34296e-06
-5.644773e-06    3.522818e-06    4.046028e-06    5.552347e-07    -1.636732e-06    2.806078e-07    -5.425619e-06    -8.8874e-06    3.727902e-06    9.178453e-06    5.426837e-07    2.803989e-06    2.436852e-06    -2.619914e-06    -1.45582e-06    1.672981e-06    -2.440057e-06    3.437532e-07    2.601009e-06    -2.516455e-06
-3.854408e-06    2.590293e-06    2.159577e-06    5.435509e-08    -9.669927e-07    -9.459816e-07    2.756185e-07    2.900581e-06    -1.200704e-06    5.426837e-07    3.008569e-06    -3.198272e-06    -1.682439e-06    9.003562e-07    -2.026824e-07    4.511689e-07    -2.127056e-06    -1.465934e-06    1.302899e-06    2.176728e-06
1.470396e-06    -4.797549e-06    -1.82917e-06    4.17862e-07    2.177445e-06    1.035853e-06    -5.800195e-06    -5.796908e-06    2.798848e-06    2.803989e-06    -3.198272e-06    1.728269e-05    -5.141741e-06    -5.637279e-06    -8.519676e-08    -4.315983e-07    1.558869e-06    2.244824e-06    1.192044e-07    -1.942478e-06
3.385498e-06    2.186653e-06    2.032039e-06    -2.035364e-06    -1.901442e-06    8.555758e-06    -1.076486e-05    -1.283313e-05    6.470888e-06    2.436852e-06    -1.682439e-06    -5.141741e-06    2.462378e-05    -4.172478e-06    -3.080496e-06    -1.754472e-06    5.296692e-06    -1.128493e-06    -4.872399e-06    1.667979e-07
1.748731e-07    -6.57017e-08    -2.392121e-07    1.720006e-08    5.09147e-07    -2.214818e-06    5.102397e-06    6.460759e-06    -3.796978e-06    -2.619914e-06    9.003562e-07    -5.637279e-06    -4.172478e-06    5.562988e-06    5.669675e-07    6.647811e-07    -1.028269e-06    -1.409246e-07    2.98486e-07    -2.642503e-07
1.108398e-06    -8.3141e-07    -8.341656e-07    1.841284e-07    2.32166e-08    -1.137422e-06    3.379953e-06    1.841352e-06    -1.330881e-06    -1.45582e-06    -2.026824e-07    -8.519676e-08    -3.080496e-06    5.669675e-07    1.488419e-06    2.918241e-07    1.69703e-07    -2.682206e-07    -5.226106e-07    3.451136e-07
-8.634716e-07    -8.510795e-07    -6.40086e-07    -1.269207e-07    2.344432e-06    -1.886515e-06    -6.817353e-07    4.356038e-06    -5.179888e-07    1.672981e-06    4.511689e-07    -4.315983e-07    -1.754472e-06    6.647811e-07    2.918241e-07    4.388345e-06    -3.306989e-06    1.414802e-06    1.432495e-06    -2.279374e-06
8.629951e-06    -4.532055e-06    8.108514e-07    8.977097e-08    -4.203808e-06    2.480164e-06    -1.710177e-06    -3.239683e-06    3.241731e-06    -2.440057e-06    -2.127056e-06    1.558869e-06    5.296692e-06    -1.028269e-06    1.69703e-07    -3.306989e-06    1.737629e-05    -1.747925e-06    -1.656885e-05    4.732096e-06
-9.969261e-07    -1.749969e-06    -3.600063e-06    9.661027e-07    5.565446e-06    -3.471651e-06    1.562817e-06    2.843399e-06    -2.118709e-06    3.437532e-07    -1.465934e-06    2.244824e-06    -1.128493e-06    -1.409246e-07    -2.682206e-07    1.414802e-06    -1.747925e-06    1.524153e-05    4.04591e-06    -1.183994e-05
-8.733334e-06    4.928836e-06    4.074533e-06    -1.004413e-07    2.134766e-06    -5.282927e-06    1.889906e-06    -6.442366e-07    1.067012e-07    2.601009e-06    1.302899e-06    1.192044e-07    -4.872399e-06    2.98486e-07    -5.226106e-07    1.432495e-06    -1.656885e-05    4.04591e-06    2.879327e-05    -1.730203e-05
1.002667e-06    2.384288e-07    -3.039879e-06    5.470276e-07    -3.729467e-06    7.784282e-06    -1.794707e-06    -1.440788e-07    -4.34296e-06    -2.516455e-06    2.176728e-06    -1.942478e-06    1.667979e-07    -2.642503e-07    3.451136e-07    -2.279374e-06    4.732096e-06    -1.183994e-05    -1.730203e-05    2.566073e-05
