2.912695e-05    -1.515249e-05    -6.23638e-06    -2.311671e-06    -4.645204e-07    7.282442e-06    -8.088172e-06    -1.189343e-05    7.704233e-07    7.961582e-06    1.900432e-06    -8.492814e-07    1.247269e-05    -7.95083e-06    -2.208961e-06    1.348074e-06    1.469768e-06    4.279629e-06    -4.111199e-06    -1.083583e-06
-1.515249e-05    2.478492e-05    3.626963e-06    -8.109596e-06    -5.530563e-06    -8.613349e-06    8.30253e-06    9.771125e-06    4.71358e-07    -5.432082e-06    -1.829552e-07    -3.74784e-06    -1.227137e-05    7.493197e-06    4.971536e-06    -9.331901e-07    -4.218442e-06    -4.465391e-07    8.496116e-06    -4.431757e-06
-6.23638e-06    3.626963e-06    1.763613e-05    2.287932e-06    -4.49608e-06    -3.083334e-06    5.179472e-06    3.062695e-06    2.945365e-07    -4.313925e-06    3.677787e-07    1.628196e-06    -4.376608e-06    2.43871e-06    3.013363e-07    -9.787305e-07    -1.431823e-06    -3.362483e-06    2.224834e-07    3.795771e-06
-2.311671e-06    -8.109596e-06    2.287932e-06    1.373002e-05    -1.263122e-06    -1.085234e-06    1.048713e-06    1.283771e-06    1.50759e-07    -1.181241e-06    -1.958407e-06    3.38031e-06    2.690314e-06    -1.370447e-06    -9.237847e-07    7.706842e-07    -1.546844e-06    -4.253997e-07    3.956711e-07    1.221456e-06
-4.645204e-07    -5.530563e-06    -4.49608e-06    -1.263122e-06    1.378863e-05    4.346282e-06    -4.132848e-06    -6.189027e-06    -1.574657e-06    5.314106e-06    -2.281991e-06    5.707768e-06    1.02146e-05    -5.08491e-06    -3.434055e-06    1.099514e-06    2.3903e-06    5.734182e-07    -4.458464e-06    9.631042e-07
7.282442e-06    -8.613349e-06    -3.083334e-06    -1.085234e-06    4.346282e-06    2.3341e-05    -1.2215e-05    -2.372402e-06    -1.803316e-06    -3.888673e-06    1.66778e-06    3.716188e-06    3.198244e-06    -1.731795e-06    -5.644773e-06    -8.634716e-07    8.629951e-06    -9.969261e-07    -8.733334e-06    1.002667e-06
-8.088172e-06    8.30253e-06    5.179472e-06    1.048713e-06    -4.132848e-06    -1.2215e-05    2.075145e-05    4.880158e-06    -6.581996e-06    -3.302117e-06    1.063759e-06    -1.456121e-06    -7.837746e-06    3.889751e-06    3.522818e-06    -8.510795e-07    -4.532055e-06    -1.749969e-06    4.928836e-06    2.384288e-07
-1.189343e-05    9.771125e-06    3.062695e-06    1.283771e-06    -6.189027e-06    -2.372402e-06    4.880158e-06    2.817455e-05    -1.078662e-06    -1.533863e-05    1.547183e-06    -6.897887e-06    -1.238495e-05    9.198665e-06    4.046028e-06    -6.40086e-07    8.108514e-07    -3.600063e-06    4.074533e-06    -3.039879e-06
7.704233e-07    4.71358e-07    2.945365e-07    1.50759e-07    -1.574657e-06    -1.803316e-06    -6.581996e-06    -1.078662e-06    1.324602e-05    -4.406476e-06    -1.660801e-07    -1.539883e-06    -4.862398e-07    1.983309e-07    5.552347e-07    -1.269207e-07    8.977097e-08    9.661027e-07    -1.004413e-07    5.470276e-07
7.961582e-06    -5.432082e-06    -4.313925e-06    -1.181241e-06    5.314106e-06    -3.888673e-06    -3.302117e-06    -1.533863e-05    -4.406476e-06    2.309981e-05    -4.167956e-06    5.955933e-06    1.246713e-05    -7.302031e-06    -1.636732e-06    2.344432e-06    -4.203808e-06    5.565446e-06    2.134766e-06    -3.729467e-06
1.900432e-06    -1.829552e-07    3.677787e-07    -1.958407e-06    -2.281991e-06    1.66778e-06    1.063759e-06    1.547183e-06    -1.660801e-07    -4.167956e-06    1.348732e-05    -1.299043e-05    -5.953587e-06    -5.314317e-07    2.806078e-07    -1.886515e-06    2.480164e-06    -3.471651e-06    -5.282927e-06    7.784282e-06
-8.492814e-07    -3.74784e-06    1.628196e-06    3.38031e-06    5.707768e-06    3.716188e-06    -1.456121e-06    -6.897887e-06    -1.539883e-06    5.955933e-06    -1.299043e-05    3.68852e-05    1.25743e-06    -8.570541e-06    -5.425619e-06    -6.817353e-07    -1.710177e-06    1.562817e-06    1.889906e-06    -1.794707e-06
1.247269e-05    -1.227137e-05    -4.376608e-06    2.690314e-06    1.02146e-05    3.198244e-06    -7.837746e-06    -1.238495e-05    -4.862398e-07    1.246713e-05    -5.953587e-06    1.25743e-06    4.497732e-05    -1.61474e-05    -8.8874e-06    4.356038e-06    -3.239683e-06    2.843399e-06    -6.442366e-07    -1.440788e-07
-7.95083e-06    7.493197e-06    2.43871e-06    -1.370447e-06    -5.08491e-06    -1.731795e-06    3.889751e-06    9.198665e-06    1.983309e-07    -7.302031e-06    -5.314317e-07    -8.570541e-06    -1.61474e-05    1.763543e-05    3.727902e-06    -5.179888e-07    3.241731e-06    -2.118709e-06    1.067012e-07    -4.34296e-06
-2.208961e-06    4.971536e-06    3.013363e-07    -9.237847e-07    -3.434055e-06    -5.644773e-06    3.522818e-06    4.046028e-06    5.552347e-07    -1.636732e-06    2.806078e-07    -5.425619e-06    -8.8874e-06    3.727902e-06    9.178453e-06    1.672981e-06    -2.440057e-06    3.437532e-07    2.601009e-06    -2.516455e-06
1.348074e-06    -9.331901e-07    -9.787305e-07    7.706842e-07    1.099514e-06    -8.634716e-07    -8.510795e-07    -6.40086e-07    -1.269207e-07    2.344432e-06    -1.886515e-06    -6.817353e-07    4.356038e-06    -5.179888e-07    1.672981e-06    4.388345e-06    -3.306989e-06    1.414802e-06    1.432495e-06    -2.279374e-06
1.469768e-06    -4.218442e-06    -1.431823e-06    -1.546844e-06    2.3903e-06    8.629951e-06    -4.532055e-06    8.108514e-07    8.977097e-08    -4.203808e-06    2.480164e-06    -1.710177e-06    -3.239683e-06    3.241731e-06    -2.440057e-06    -3.306989e-06    1.737629e-05    -1.747925e-06    -1.656885e-05    4.732096e-06
4.279629e-06    -4.465391e-07    -3.362483e-06    -4.253997e-07    5.734182e-07    -9.969261e-07    -1.749969e-06    -3.600063e-06    9.661027e-07    5.565446e-06    -3.471651e-06    1.562817e-06    2.843399e-06    -2.118709e-06    3.437532e-07    1.414802e-06    -1.747925e-06    1.524153e-05    4.04591e-06    -1.183994e-05
-4.111199e-06    8.496116e-06    2.224834e-07    3.956711e-07    -4.458464e-06    -8.733334e-06    4.928836e-06    4.074533e-06    -1.004413e-07    2.134766e-06    -5.282927e-06    1.889906e-06    -6.442366e-07    1.067012e-07    2.601009e-06    1.432495e-06    -1.656885e-05    4.04591e-06    2.879327e-05    -1.730203e-05
-1.083583e-06    -4.431757e-06    3.795771e-06    1.221456e-06    9.631042e-07    1.002667e-06    2.384288e-07    -3.039879e-06    5.470276e-07    -3.729467e-06    7.784282e-06    -1.794707e-06    -1.440788e-07    -4.34296e-06    -2.516455e-06    -2.279374e-06    4.732096e-06    -1.183994e-05    -1.730203e-05    2.566073e-05
