1.014931e-05    -8.251448e-06    -1.210603e-06    -7.393693e-07    2.859014e-06    -3.887733e-06    3.620154e-07    -1.088856e-06    9.33733e-07    3.122813e-06    -5.425592e-06    6.817354e-06    8.384313e-06    -4.133271e-06    -1.152147e-06    -9.359469e-07    2.122661e-07    7.650682e-06    8.306274e-07    -5.23038e-06    1.265732e-06    -4.294472e-06    2.100265e-06    3.827524e-06    -1.381748e-06
-8.251448e-06    2.182694e-05    -4.260427e-08    -1.086813e-05    -3.942554e-06    -4.44821e-07    2.228327e-06    -2.465332e-06    -1.271215e-06    1.014298e-07    7.090226e-06    -1.008377e-05    -4.245091e-06    2.076445e-06    3.1249e-06    2.221241e-06    2.676122e-06    -2.72908e-06    -3.051279e-06    3.109699e-06    -3.427973e-07    1.835284e-06    -3.378034e-06    -4.84182e-06    5.59019e-06
-1.210603e-06    -4.260427e-08    2.208708e-05    -6.845649e-07    -1.043992e-05    6.899787e-08    -7.038194e-07    -2.039215e-06    2.86443e-06    -6.417709e-07    4.606411e-06    -5.857783e-06    -5.425519e-06    1.534895e-06    2.201218e-06    5.32809e-06    -8.407651e-06    1.71044e-07    1.966791e-06    3.409527e-06    -6.963122e-07    3.656051e-06    2.878075e-06    -5.667998e-06    4.710384e-07
-7.393693e-07    -1.086813e-05    -6.845649e-07    1.72111e-05    -1.05772e-06    5.28954e-06    -1.86075e-06    2.629362e-06    -1.295371e-06    -1.476778e-06    -1.730357e-06    4.47853e-06    -5.682886e-06    2.508973e-06    -2.147863e-06    -1.633979e-06    -4.823742e-06    -5.309423e-06    3.857635e-06    2.538066e-06    -1.265093e-06    3.306375e-06    2.460661e-06    1.112452e-06    -6.291675e-06
2.859014e-06    -3.942554e-06    -1.043992e-05    -1.05772e-06    1.487681e-05    -3.630557e-06    3.821487e-06    3.052318e-06    -1.462641e-06    -4.262473e-07    -5.896006e-06    1.007804e-05    4.217574e-06    -8.54677e-07    -2.099612e-06    -5.319124e-06    6.974474e-06    5.413477e-06    -1.081435e-07    -6.144908e-06    2.202812e-07    -3.795697e-06    -2.718212e-06    3.959152e-06    8.623718e-07
-3.887733e-06    -4.44821e-07    6.899787e-08    5.28954e-06    -3.630557e-06    2.3341e-05    -1.2215e-05    -2.372402e-06    -1.803316e-06    -3.888673e-06    1.66778e-06    3.716188e-06    3.198244e-06    -1.731795e-06    -5.644773e-06    -1.520534e-06    -1.187632e-06    -7.201215e-06    7.959124e-07    3.133322e-06    -8.634716e-07    8.629951e-06    -9.969261e-07    -8.733334e-06    1.002667e-06
3.620154e-07    2.228327e-06    -7.038194e-07    -1.86075e-06    3.821487e-06    -1.2215e-05    2.075145e-05    4.880158e-06    -6.581996e-06    -3.302117e-06    1.063759e-06    -1.456121e-06    -7.837746e-06    3.889751e-06    3.522818e-06    -8.697192e-07    3.298561e-06    7.046774e-06    -2.262791e-06    -1.926637e-06    -8.510795e-07    -4.532055e-06    -1.749969e-06    4.928836e-06    2.384288e-07
-1.088856e-06    -2.465332e-06    -2.039215e-06    2.629362e-06    3.052318e-06    -2.372402e-06    4.880158e-06    2.817455e-05    -1.078662e-06    -1.533863e-05    1.547183e-06    -6.897887e-06    -1.238495e-05    9.198665e-06    4.046028e-06    -3.751187e-06    7.387538e-06    -1.61724e-06    -4.05325e-06    7.07965e-07    -6.40086e-07    8.108514e-07    -3.600063e-06    4.074533e-06    -3.039879e-06
9.33733e-07    -1.271215e-06    2.86443e-06    -1.295371e-06    -1.462641e-06    -1.803316e-06    -6.581996e-06    -1.078662e-06    1.324602e-05    -4.406476e-06    -1.660801e-07    -1.539883e-06    -4.862398e-07    1.983309e-07    5.552347e-07    2.331596e-07    -1.800272e-06    7.175828e-07    1.955509e-06    -3.91089e-07    -1.269207e-07    8.977097e-08    9.661027e-07    -1.004413e-07    5.470276e-07
3.122813e-06    1.014298e-07    -6.417709e-07    -1.476778e-06    -4.262473e-07    -3.888673e-06    -3.302117e-06    -1.533863e-05    -4.406476e-06    2.309981e-05    -4.167956e-06    5.955933e-06    1.246713e-05    -7.302031e-06    -1.636732e-06    3.671321e-06    -6.211199e-06    -1.304719e-08    2.492353e-06    7.600924e-07    2.344432e-06    -4.203808e-06    5.565446e-06    2.134766e-06    -3.729467e-06
-5.425592e-06    7.090226e-06    4.606411e-06    -1.730357e-06    -5.896006e-06    1.66778e-06    1.063759e-06    1.547183e-06    -1.660801e-07    -4.167956e-06    1.348732e-05    -1.299043e-05    -5.953587e-06    -5.314317e-07    2.806078e-07    3.430893e-07    3.655135e-06    -3.974224e-06    -2.652399e-06    1.922517e-06    -1.886515e-06    2.480164e-06    -3.471651e-06    -5.282927e-06    7.784282e-06
6.817354e-06    -1.008377e-05    -5.857783e-06    4.47853e-06    1.007804e-05    3.716188e-06    -1.456121e-06    -6.897887e-06    -1.539883e-06    5.955933e-06    -1.299043e-05    3.68852e-05    1.25743e-06    -8.570541e-06    -5.425619e-06    -3.629776e-06    -1.952106e-06    7.272606e-06    4.181073e-06    -5.094425e-06    -6.817353e-07    -1.710177e-06    1.562817e-06    1.889906e-06    -1.794707e-06
8.384313e-06    -4.245091e-06    -5.425519e-06    -5.682886e-06    4.217574e-06    3.198244e-06    -7.837746e-06    -1.238495e-05    -4.862398e-07    1.246713e-05    -5.953587e-06    1.25743e-06    4.497732e-05    -1.61474e-05    -8.8874e-06    -3.183331e-06    2.35056e-06    7.713551e-06    8.839511e-07    -7.660288e-06    4.356038e-06    -3.239683e-06    2.843399e-06    -6.442366e-07    -1.440788e-07
-4.133271e-06    2.076445e-06    1.534895e-06    2.508973e-06    -8.54677e-07    -1.731795e-06    3.889751e-06    9.198665e-06    1.983309e-07    -7.302031e-06    -5.314317e-07    -8.570541e-06    -1.61474e-05    1.763543e-05    3.727902e-06    1.66293e-06    -2.100729e-06    -3.978931e-06    5.099391e-07    4.244331e-06    -5.179888e-07    3.241731e-06    -2.118709e-06    1.067012e-07    -4.34296e-06
-1.152147e-06    3.1249e-06    2.201218e-06    -2.147863e-06    -2.099612e-06    -5.644773e-06    3.522818e-06    4.046028e-06    5.552347e-07    -1.636732e-06    2.806078e-07    -5.425619e-06    -8.8874e-06    3.727902e-06    9.178453e-06    1.783607e-06    -5.770602e-07    -9.169067e-07    -1.048332e-06    1.058936e-06    1.672981e-06    -2.440057e-06    3.437532e-07    2.601009e-06    -2.516455e-06
-9.359469e-07    2.221241e-06    5.32809e-06    -1.633979e-06    -5.319124e-06    -1.520534e-06    -8.697192e-07    -3.751187e-06    2.331596e-07    3.671321e-06    3.430893e-07    -3.629776e-06    -3.183331e-06    1.66293e-06    1.783607e-06    1.572115e-05    -1.205723e-05    4.229865e-06    1.775237e-07    -6.386267e-07    -5.83719e-07    -4.974087e-08    2.860025e-06    4.860825e-07    -1.788392e-06
2.122661e-07    2.676122e-06    -8.407651e-06    -4.823742e-06    6.974474e-06    -1.187632e-06    3.298561e-06    7.387538e-06    -1.800272e-06    -6.211199e-06    3.655135e-06    -1.952106e-06    2.35056e-06    -2.100729e-06    -5.770602e-07    -1.205723e-05    3.373232e-05    -8.50683e-06    -1.368597e-05    -2.433164e-06    6.330848e-07    -8.692639e-07    -7.976652e-06    -4.965786e-06    1.185563e-05
7.650682e-06    -2.72908e-06    1.71044e-07    -5.309423e-06    5.413477e-06    -7.201215e-06    7.046774e-06    -1.61724e-06    7.175828e-07    -1.304719e-08    -3.974224e-06    7.272606e-06    7.713551e-06    -3.978931e-06    -9.169067e-07    4.229865e-06    -8.50683e-06    3.511354e-05    1.794307e-06    -1.376931e-05    9.382147e-07    -4.540022e-06    -4.526075e-07    1.49162e-06    4.107021e-06
8.306274e-07    -3.051279e-06    1.966791e-06    3.857635e-06    -1.081435e-07    7.959124e-07    -2.262791e-06    -4.05325e-06    1.955509e-06    2.492353e-06    -2.652399e-06    4.181073e-06    8.839511e-07    5.099391e-07    -1.048332e-06    1.775237e-07    -1.368597e-05    1.794307e-06    1.726034e-05    -4.107802e-06    -2.284663e-08    -3.411461e-07    2.911818e-06    2.267131e-06    -5.245228e-06
-5.23038e-06    3.109699e-06    3.409527e-06    2.538066e-06    -6.144908e-06    3.133322e-06    -1.926637e-06    7.07965e-07    -3.91089e-07    7.600924e-07    1.922517e-06    -5.094425e-06    -7.660288e-06    4.244331e-06    1.058936e-06    -6.386267e-07    -2.433164e-06    -1.376931e-05    -4.107802e-06    1.919122e-05    -1.385461e-06    3.866515e-06    3.230296e-06    1.027861e-06    -6.268657e-06
1.265732e-06    -3.427973e-07    -6.963122e-07    -1.265093e-06    2.202812e-07    -8.634716e-07    -8.510795e-07    -6.40086e-07    -1.269207e-07    2.344432e-06    -1.886515e-06    -6.817353e-07    4.356038e-06    -5.179888e-07    1.672981e-06    -5.83719e-07    6.330848e-07    9.382147e-07    -2.284663e-08    -1.385461e-06    4.388345e-06    -3.306989e-06    1.414802e-06    1.432495e-06    -2.279374e-06
-4.294472e-06    1.835284e-06    3.656051e-06    3.306375e-06    -3.795697e-06    8.629951e-06    -4.532055e-06    8.108514e-07    8.977097e-08    -4.203808e-06    2.480164e-06    -1.710177e-06    -3.239683e-06    3.241731e-06    -2.440057e-06    -4.974087e-08    -8.692639e-07    -4.540022e-06    -3.411461e-07    3.866515e-06    -3.306989e-06    1.737629e-05    -1.747925e-06    -1.656885e-05    4.732096e-06
2.100265e-06    -3.378034e-06    2.878075e-06    2.460661e-06    -2.718212e-06    -9.969261e-07    -1.749969e-06    -3.600063e-06    9.661027e-07    5.565446e-06    -3.471651e-06    1.562817e-06    2.843399e-06    -2.118709e-06    3.437532e-07    2.860025e-06    -7.976652e-06    -4.526075e-07    2.911818e-06    3.230296e-06    1.414802e-06    -1.747925e-06    1.524153e-05    4.04591e-06    -1.183994e-05
3.827524e-06    -4.84182e-06    -5.667998e-06    1.112452e-06    3.959152e-06    -8.733334e-06    4.928836e-06    4.074533e-06    -1.004413e-07    2.134766e-06    -5.282927e-06    1.889906e-06    -6.442366e-07    1.067012e-07    2.601009e-06    4.860825e-07    -4.965786e-06    1.49162e-06    2.267131e-06    1.027861e-06    1.432495e-06    -1.656885e-05    4.04591e-06    2.879327e-05    -1.730203e-05
-1.381748e-06    5.59019e-06    4.710384e-07    -6.291675e-06    8.623718e-07    1.002667e-06    2.384288e-07    -3.039879e-06    5.470276e-07    -3.729467e-06    7.784282e-06    -1.794707e-06    -1.440788e-07    -4.34296e-06    -2.516455e-06    -1.788392e-06    1.185563e-05    4.107021e-06    -5.245228e-06    -6.268657e-06    -2.279374e-06    4.732096e-06    -1.183994e-05    -1.730203e-05    2.566073e-05
