3.367431e-05    -1.362392e-05    -7.074907e-06    -5.493155e-06    4.592239e-06    -3.54026e-06    4.597182e-06    5.813514e-06    1.719242e-07    -4.560868e-06    1.024017e-05    -1.382416e-05    -2.130776e-05    8.427598e-06    4.778781e-06    -3.107563e-06    3.662199e-06    -1.473897e-06    -3.505511e-06    3.135328e-06
-1.362392e-05    1.656792e-05    3.690371e-06    -5.420753e-06    -4.947667e-06    -4.125319e-07    -1.461856e-06    -5.158451e-06    1.397454e-06    2.352529e-06    -3.1179e-06    7.071985e-06    1.31611e-05    -7.651674e-06    -2.795964e-06    1.280244e-06    -2.635129e-06    3.313899e-07    8.445085e-07    1.435061e-06
-7.074907e-06    3.690371e-06    2.272262e-05    1.488018e-06    -1.329436e-05    -1.413447e-06    -1.499945e-06    -1.215004e-05    -1.472096e-06    1.059818e-05    -3.208319e-06    8.294226e-06    1.717635e-05    -1.086289e-05    -2.342873e-06    1.825261e-06    -3.15824e-06    2.10408e-06    -1.814395e-06    3.151713e-06
-5.493155e-06    -5.420753e-06    1.488018e-06    2.054268e-05    -1.257602e-05    2.794366e-06    -1.595767e-06    9.421459e-07    -1.443536e-06    2.165112e-06    -7.189664e-06    1.088431e-05    3.668263e-06    9.842237e-08    -4.579083e-06    8.228274e-09    -2.488934e-07    1.620049e-06    3.739552e-06    -5.275842e-06
4.592239e-06    -4.947667e-06    -1.329436e-05    -1.257602e-05    3.290981e-05    1.060549e-06    4.639299e-06    9.40838e-06    -1.899036e-08    -1.271227e-05    9.129515e-06    -1.678593e-05    -1.754571e-05    1.028179e-05    6.653324e-06    -1.35292e-06    3.291926e-06    -5.40213e-06    -2.451967e-06    3.313667e-06
-3.54026e-06    -4.125319e-07    -1.413447e-06    2.794366e-06    1.060549e-06    2.3341e-05    -1.2215e-05    -2.372402e-06    -1.803316e-06    -3.888673e-06    1.66778e-06    3.716188e-06    3.198244e-06    -1.731795e-06    -5.644773e-06    -8.634716e-07    8.629951e-06    -9.969261e-07    -8.733334e-06    1.002667e-06
4.597182e-06    -1.461856e-06    -1.499945e-06    -1.595767e-06    4.639299e-06    -1.2215e-05    2.075145e-05    4.880158e-06    -6.581996e-06    -3.302117e-06    1.063759e-06    -1.456121e-06    -7.837746e-06    3.889751e-06    3.522818e-06    -8.510795e-07    -4.532055e-06    -1.749969e-06    4.928836e-06    2.384288e-07
5.813514e-06    -5.158451e-06    -1.215004e-05    9.421459e-07    9.40838e-06    -2.372402e-06    4.880158e-06    2.817455e-05    -1.078662e-06    -1.533863e-05    1.547183e-06    -6.897887e-06    -1.238495e-05    9.198665e-06    4.046028e-06    -6.40086e-07    8.108514e-07    -3.600063e-06    4.074533e-06    -3.039879e-06
1.719242e-07    1.397454e-06    -1.472096e-06    -1.443536e-06    -1.899036e-08    -1.803316e-06    -6.581996e-06    -1.078662e-06    1.324602e-05    -4.406476e-06    -1.660801e-07    -1.539883e-06    -4.862398e-07    1.983309e-07    5.552347e-07    -1.269207e-07    8.977097e-08    9.661027e-07    -1.004413e-07    5.470276e-07
-4.560868e-06    2.352529e-06    1.059818e-05    2.165112e-06    -1.271227e-05    -3.888673e-06    -3.302117e-06    -1.533863e-05    -4.406476e-06    2.309981e-05    -4.167956e-06    5.955933e-06    1.246713e-05    -7.302031e-06    -1.636732e-06    2.344432e-06    -4.203808e-06    5.565446e-06    2.134766e-06    -3.729467e-06
1.024017e-05    -3.1179e-06    -3.208319e-06    -7.189664e-06    9.129515e-06    1.66778e-06    1.063759e-06    1.547183e-06    -1.660801e-07    -4.167956e-06    1.348732e-05    -1.299043e-05    -5.953587e-06    -5.314317e-07    2.806078e-07    -1.886515e-06    2.480164e-06    -3.471651e-06    -5.282927e-06    7.784282e-06
-1.382416e-05    7.071985e-06    8.294226e-06    1.088431e-05    -1.678593e-05    3.716188e-06    -1.456121e-06    -6.897887e-06    -1.539883e-06    5.955933e-06    -1.299043e-05    3.68852e-05    1.25743e-06    -8.570541e-06    -5.425619e-06    -6.817353e-07    -1.710177e-06    1.562817e-06    1.889906e-06    -1.794707e-06
-2.130776e-05    1.31611e-05    1.717635e-05    3.668263e-06    -1.754571e-05    3.198244e-06    -7.837746e-06    -1.238495e-05    -4.862398e-07    1.246713e-05    -5.953587e-06    1.25743e-06    4.497732e-05    -1.61474e-05    -8.8874e-06    4.356038e-06    -3.239683e-06    2.843399e-06    -6.442366e-07    -1.440788e-07
8.427598e-06    -7.651674e-06    -1.086289e-05    9.842237e-08    1.028179e-05    -1.731795e-06    3.889751e-06    9.198665e-06    1.983309e-07    -7.302031e-06    -5.314317e-07    -8.570541e-06    -1.61474e-05    1.763543e-05    3.727902e-06    -5.179888e-07    3.241731e-06    -2.118709e-06    1.067012e-07    -4.34296e-06
4.778781e-06    -2.795964e-06    -2.342873e-06    -4.579083e-06    6.653324e-06    -5.644773e-06    3.522818e-06    4.046028e-06    5.552347e-07    -1.636732e-06    2.806078e-07    -5.425619e-06    -8.8874e-06    3.727902e-06    9.178453e-06    1.672981e-06    -2.440057e-06    3.437532e-07    2.601009e-06    -2.516455e-06
-3.107563e-06    1.280244e-06    1.825261e-06    8.228274e-09    -1.35292e-06    -8.634716e-07    -8.510795e-07    -6.40086e-07    -1.269207e-07    2.344432e-06    -1.886515e-06    -6.817353e-07    4.356038e-06    -5.179888e-07    1.672981e-06    4.388345e-06    -3.306989e-06    1.414802e-06    1.432495e-06    -2.279374e-06
3.662199e-06    -2.635129e-06    -3.15824e-06    -2.488934e-07    3.291926e-06    8.629951e-06    -4.532055e-06    8.108514e-07    8.977097e-08    -4.203808e-06    2.480164e-06    -1.710177e-06    -3.239683e-06    3.241731e-06    -2.440057e-06    -3.306989e-06    1.737629e-05    -1.747925e-06    -1.656885e-05    4.732096e-06
-1.473897e-06    3.313899e-07    2.10408e-06    1.620049e-06    -5.40213e-06    -9.969261e-07    -1.749969e-06    -3.600063e-06    9.661027e-07    5.565446e-06    -3.471651e-06    1.562817e-06    2.843399e-06    -2.118709e-06    3.437532e-07    1.414802e-06    -1.747925e-06    1.524153e-05    4.04591e-06    -1.183994e-05
-3.505511e-06    8.445085e-07    -1.814395e-06    3.739552e-06    -2.451967e-06    -8.733334e-06    4.928836e-06    4.074533e-06    -1.004413e-07    2.134766e-06    -5.282927e-06    1.889906e-06    -6.442366e-07    1.067012e-07    2.601009e-06    1.432495e-06    -1.656885e-05    4.04591e-06    2.879327e-05    -1.730203e-05
3.135328e-06    1.435061e-06    3.151713e-06    -5.275842e-06    3.313667e-06    1.002667e-06    2.384288e-07    -3.039879e-06    5.470276e-07    -3.729467e-06    7.784282e-06    -1.794707e-06    -1.440788e-07    -4.34296e-06    -2.516455e-06    -2.279374e-06    4.732096e-06    -1.183994e-05    -1.730203e-05    2.566073e-05
