1.34987e-05    -5.360612e-06    -5.886035e-06    -9.190929e-08    1.476728e-06    2.427514e-06    -2.25776e-07    -7.817695e-07    -3.268557e-06    3.037305e-06    -1.888005e-06    4.160494e-06    2.123953e-06    3.918556e-08    -3.824551e-06    -1.169437e-06    3.818541e-06    7.934495e-06    -3.227266e-06    -1.90609e-06    7.326291e-07    -2.753962e-07    -2.50247e-06    -1.980181e-06    3.965807e-06
-5.360612e-06    1.865103e-05    1.843664e-06    -1.064783e-05    -2.871626e-06    -3.528396e-06    4.586535e-06    4.063157e-06    -1.465393e-06    -4.838338e-06    -6.331552e-07    -7.457223e-08    3.974649e-06    -6.052228e-07    -6.833368e-07    4.99405e-06    -1.047858e-05    -7.370924e-06    3.532279e-06    3.204808e-06    -6.871446e-07    1.290084e-06    6.855413e-07    3.529186e-07    -1.246665e-06
-5.886035e-06    1.843664e-06    1.850586e-05    -3.619701e-06    -6.4017e-06    -2.267621e-06    1.044889e-06    2.712149e-06    2.825825e-06    -2.066517e-06    -3.742944e-07    -1.066877e-07    -2.09311e-07    -2.364485e-06    4.008714e-06    6.205044e-07    -3.082898e-06    -8.360339e-06    4.300433e-06    2.761884e-06    -4.867518e-07    1.051022e-06    1.399865e-06    1.169005e-06    -3.543217e-06
-9.190929e-08    -1.064783e-05    -3.619701e-06    1.918716e-05    -2.857206e-06    5.75004e-08    1.482809e-06    7.244062e-07    -1.40263e-06    -1.571475e-06    3.839384e-06    -2.414633e-06    -8.725086e-06    8.693929e-07    2.629929e-06    1.526136e-06    2.1362e-06    3.405978e-06    -3.445305e-06    -1.610982e-06    1.816201e-07    -6.331997e-07    -6.749578e-07    -4.930631e-06    5.355357e-06
1.476728e-06    -2.871626e-06    -6.4017e-06    -2.857206e-06    1.035167e-05    4.500238e-06    -5.579115e-06    -3.634401e-06    1.630793e-07    4.641914e-06    -3.148644e-06    1.097902e-06    3.334519e-06    2.004331e-06    -2.703784e-06    -4.788632e-06    5.961684e-06    4.918786e-06    -1.445076e-06    -1.376661e-06    4.520577e-07    -2.328761e-06    2.095123e-07    3.457587e-06    -1.297924e-06
2.427514e-06    -3.528396e-06    -2.267621e-06    5.75004e-08    4.500238e-06    1.014931e-05    -8.251448e-06    -1.210603e-06    -7.393693e-07    2.859014e-06    -3.887733e-06    3.620154e-07    -1.088856e-06    9.33733e-07    3.122813e-06    -5.425592e-06    6.817354e-06    8.384313e-06    -4.133271e-06    -1.152147e-06    1.265732e-06    -4.294472e-06    2.100265e-06    3.827524e-06    -1.381748e-06
-2.25776e-07    4.586535e-06    1.044889e-06    1.482809e-06    -5.579115e-06    -8.251448e-06    2.182694e-05    -4.260427e-08    -1.086813e-05    -3.942554e-06    -4.44821e-07    2.228327e-06    -2.465332e-06    -1.271215e-06    1.014298e-07    7.090226e-06    -1.008377e-05    -4.245091e-06    2.076445e-06    3.1249e-06    -3.427973e-07    1.835284e-06    -3.378034e-06    -4.84182e-06    5.59019e-06
-7.817695e-07    4.063157e-06    2.712149e-06    7.244062e-07    -3.634401e-06    -1.210603e-06    -4.260427e-08    2.208708e-05    -6.845649e-07    -1.043992e-05    6.899787e-08    -7.038194e-07    -2.039215e-06    2.86443e-06    -6.417709e-07    4.606411e-06    -5.857783e-06    -5.425519e-06    1.534895e-06    2.201218e-06    -6.963122e-07    3.656051e-06    2.878075e-06    -5.667998e-06    4.710384e-07
-3.268557e-06    -1.465393e-06    2.825825e-06    -1.40263e-06    1.630793e-07    -7.393693e-07    -1.086813e-05    -6.845649e-07    1.72111e-05    -1.05772e-06    5.28954e-06    -1.86075e-06    2.629362e-06    -1.295371e-06    -1.476778e-06    -1.730357e-06    4.47853e-06    -5.682886e-06    2.508973e-06    -2.147863e-06    -1.265093e-06    3.306375e-06    2.460661e-06    1.112452e-06    -6.291675e-06
3.037305e-06    -4.838338e-06    -2.066517e-06    -1.571475e-06    4.641914e-06    2.859014e-06    -3.942554e-06    -1.043992e-05    -1.05772e-06    1.487681e-05    -3.630557e-06    3.821487e-06    3.052318e-06    -1.462641e-06    -4.262473e-07    -5.896006e-06    1.007804e-05    4.217574e-06    -8.54677e-07    -2.099612e-06    2.202812e-07    -3.795697e-06    -2.718212e-06    3.959152e-06    8.623718e-07
-1.888005e-06    -6.331552e-07    -3.742944e-07    3.839384e-06    -3.148644e-06    -3.887733e-06    -4.44821e-07    6.899787e-08    5.28954e-06    -3.630557e-06    2.3341e-05    -1.2215e-05    -2.372402e-06    -1.803316e-06    -3.888673e-06    1.66778e-06    3.716188e-06    3.198244e-06    -1.731795e-06    -5.644773e-06    -8.634716e-07    8.629951e-06    -9.969261e-07    -8.733334e-06    1.002667e-06
4.160494e-06    -7.457223e-08    -1.066877e-07    -2.414633e-06    1.097902e-06    3.620154e-07    2.228327e-06    -7.038194e-07    -1.86075e-06    3.821487e-06    -1.2215e-05    2.075145e-05    4.880158e-06    -6.581996e-06    -3.302117e-06    1.063759e-06    -1.456121e-06    -7.837746e-06    3.889751e-06    3.522818e-06    -8.510795e-07    -4.532055e-06    -1.749969e-06    4.928836e-06    2.384288e-07
2.123953e-06    3.974649e-06    -2.09311e-07    -8.725086e-06    3.334519e-06    -1.088856e-06    -2.465332e-06    -2.039215e-06    2.629362e-06    3.052318e-06    -2.372402e-06    4.880158e-06    2.817455e-05    -1.078662e-06    -1.533863e-05    1.547183e-06    -6.897887e-06    -1.238495e-05    9.198665e-06    4.046028e-06    -6.40086e-07    8.108514e-07    -3.600063e-06    4.074533e-06    -3.039879e-06
3.918556e-08    -6.052228e-07    -2.364485e-06    8.693929e-07    2.004331e-06    9.33733e-07    -1.271215e-06    2.86443e-06    -1.295371e-06    -1.462641e-06    -1.803316e-06    -6.581996e-06    -1.078662e-06    1.324602e-05    -4.406476e-06    -1.660801e-07    -1.539883e-06    -4.862398e-07    1.983309e-07    5.552347e-07    -1.269207e-07    8.977097e-08    9.661027e-07    -1.004413e-07    5.470276e-07
-3.824551e-06    -6.833368e-07    4.008714e-06    2.629929e-06    -2.703784e-06    3.122813e-06    1.014298e-07    -6.417709e-07    -1.476778e-06    -4.262473e-07    -3.888673e-06    -3.302117e-06    -1.533863e-05    -4.406476e-06    2.309981e-05    -4.167956e-06    5.955933e-06    1.246713e-05    -7.302031e-06    -1.636732e-06    2.344432e-06    -4.203808e-06    5.565446e-06    2.134766e-06    -3.729467e-06
-1.169437e-06    4.99405e-06    6.205044e-07    1.526136e-06    -4.788632e-06    -5.425592e-06    7.090226e-06    4.606411e-06    -1.730357e-06    -5.896006e-06    1.66778e-06    1.063759e-06    1.547183e-06    -1.660801e-07    -4.167956e-06    1.348732e-05    -1.299043e-05    -5.953587e-06    -5.314317e-07    2.806078e-07    -1.886515e-06    2.480164e-06    -3.471651e-06    -5.282927e-06    7.784282e-06
3.818541e-06    -1.047858e-05    -3.082898e-06    2.1362e-06    5.961684e-06    6.817354e-06    -1.008377e-05    -5.857783e-06    4.47853e-06    1.007804e-05    3.716188e-06    -1.456121e-06    -6.897887e-06    -1.539883e-06    5.955933e-06    -1.299043e-05    3.68852e-05    1.25743e-06    -8.570541e-06    -5.425619e-06    -6.817353e-07    -1.710177e-06    1.562817e-06    1.889906e-06    -1.794707e-06
7.934495e-06    -7.370924e-06    -8.360339e-06    3.405978e-06    4.918786e-06    8.384313e-06    -4.245091e-06    -5.425519e-06    -5.682886e-06    4.217574e-06    3.198244e-06    -7.837746e-06    -1.238495e-05    -4.862398e-07    1.246713e-05    -5.953587e-06    1.25743e-06    4.497732e-05    -1.61474e-05    -8.8874e-06    4.356038e-06    -3.239683e-06    2.843399e-06    -6.442366e-07    -1.440788e-07
-3.227266e-06    3.532279e-06    4.300433e-06    -3.445305e-06    -1.445076e-06    -4.133271e-06    2.076445e-06    1.534895e-06    2.508973e-06    -8.54677e-07    -1.731795e-06    3.889751e-06    9.198665e-06    1.983309e-07    -7.302031e-06    -5.314317e-07    -8.570541e-06    -1.61474e-05    1.763543e-05    3.727902e-06    -5.179888e-07    3.241731e-06    -2.118709e-06    1.067012e-07    -4.34296e-06
-1.90609e-06    3.204808e-06    2.761884e-06    -1.610982e-06    -1.376661e-06    -1.152147e-06    3.1249e-06    2.201218e-06    -2.147863e-06    -2.099612e-06    -5.644773e-06    3.522818e-06    4.046028e-06    5.552347e-07    -1.636732e-06    2.806078e-07    -5.425619e-06    -8.8874e-06    3.727902e-06    9.178453e-06    1.672981e-06    -2.440057e-06    3.437532e-07    2.601009e-06    -2.516455e-06
7.326291e-07    -6.871446e-07    -4.867518e-07    1.816201e-07    4.520577e-07    1.265732e-06    -3.427973e-07    -6.963122e-07    -1.265093e-06    2.202812e-07    -8.634716e-07    -8.510795e-07    -6.40086e-07    -1.269207e-07    2.344432e-06    -1.886515e-06    -6.817353e-07    4.356038e-06    -5.179888e-07    1.672981e-06    4.388345e-06    -3.306989e-06    1.414802e-06    1.432495e-06    -2.279374e-06
-2.753962e-07    1.290084e-06    1.051022e-06    -6.331997e-07    -2.328761e-06    -4.294472e-06    1.835284e-06    3.656051e-06    3.306375e-06    -3.795697e-06    8.629951e-06    -4.532055e-06    8.108514e-07    8.977097e-08    -4.203808e-06    2.480164e-06    -1.710177e-06    -3.239683e-06    3.241731e-06    -2.440057e-06    -3.306989e-06    1.737629e-05    -1.747925e-06    -1.656885e-05    4.732096e-06
-2.50247e-06    6.855413e-07    1.399865e-06    -6.749578e-07    2.095123e-07    2.100265e-06    -3.378034e-06    2.878075e-06    2.460661e-06    -2.718212e-06    -9.969261e-07    -1.749969e-06    -3.600063e-06    9.661027e-07    5.565446e-06    -3.471651e-06    1.562817e-06    2.843399e-06    -2.118709e-06    3.437532e-07    1.414802e-06    -1.747925e-06    1.524153e-05    4.04591e-06    -1.183994e-05
-1.980181e-06    3.529186e-07    1.169005e-06    -4.930631e-06    3.457587e-06    3.827524e-06    -4.84182e-06    -5.667998e-06    1.112452e-06    3.959152e-06    -8.733334e-06    4.928836e-06    4.074533e-06    -1.004413e-07    2.134766e-06    -5.282927e-06    1.889906e-06    -6.442366e-07    1.067012e-07    2.601009e-06    1.432495e-06    -1.656885e-05    4.04591e-06    2.879327e-05    -1.730203e-05
3.965807e-06    -1.246665e-06    -3.543217e-06    5.355357e-06    -1.297924e-06    -1.381748e-06    5.59019e-06    4.710384e-07    -6.291675e-06    8.623718e-07    1.002667e-06    2.384288e-07    -3.039879e-06    5.470276e-07    -3.729467e-06    7.784282e-06    -1.794707e-06    -1.440788e-07    -4.34296e-06    -2.516455e-06    -2.279374e-06    4.732096e-06    -1.183994e-05    -1.730203e-05    2.566073e-05
