1.34987e-05    -5.360612e-06    -5.886035e-06    -9.190929e-08    1.476728e-06    -1.169437e-06    3.818541e-06    7.934495e-06    -3.227266e-06    -1.90609e-06    7.326291e-07    -2.753962e-07    -2.50247e-06    -1.980181e-06    3.965807e-06
-5.360612e-06    1.865103e-05    1.843664e-06    -1.064783e-05    -2.871626e-06    4.99405e-06    -1.047858e-05    -7.370924e-06    3.532279e-06    3.204808e-06    -6.871446e-07    1.290084e-06    6.855413e-07    3.529186e-07    -1.246665e-06
-5.886035e-06    1.843664e-06    1.850586e-05    -3.619701e-06    -6.4017e-06    6.205044e-07    -3.082898e-06    -8.360339e-06    4.300433e-06    2.761884e-06    -4.867518e-07    1.051022e-06    1.399865e-06    1.169005e-06    -3.543217e-06
-9.190929e-08    -1.064783e-05    -3.619701e-06    1.918716e-05    -2.857206e-06    1.526136e-06    2.1362e-06    3.405978e-06    -3.445305e-06    -1.610982e-06    1.816201e-07    -6.331997e-07    -6.749578e-07    -4.930631e-06    5.355357e-06
1.476728e-06    -2.871626e-06    -6.4017e-06    -2.857206e-06    1.035167e-05    -4.788632e-06    5.961684e-06    4.918786e-06    -1.445076e-06    -1.376661e-06    4.520577e-07    -2.328761e-06    2.095123e-07    3.457587e-06    -1.297924e-06
-1.169437e-06    4.99405e-06    6.205044e-07    1.526136e-06    -4.788632e-06    1.348732e-05    -1.299043e-05    -5.953587e-06    -5.314317e-07    2.806078e-07    -1.886515e-06    2.480164e-06    -3.471651e-06    -5.282927e-06    7.784282e-06
3.818541e-06    -1.047858e-05    -3.082898e-06    2.1362e-06    5.961684e-06    -1.299043e-05    3.68852e-05    1.25743e-06    -8.570541e-06    -5.425619e-06    -6.817353e-07    -1.710177e-06    1.562817e-06    1.889906e-06    -1.794707e-06
7.934495e-06    -7.370924e-06    -8.360339e-06    3.405978e-06    4.918786e-06    -5.953587e-06    1.25743e-06    4.497732e-05    -1.61474e-05    -8.8874e-06    4.356038e-06    -3.239683e-06    2.843399e-06    -6.442366e-07    -1.440788e-07
-3.227266e-06    3.532279e-06    4.300433e-06    -3.445305e-06    -1.445076e-06    -5.314317e-07    -8.570541e-06    -1.61474e-05    1.763543e-05    3.727902e-06    -5.179888e-07    3.241731e-06    -2.118709e-06    1.067012e-07    -4.34296e-06
-1.90609e-06    3.204808e-06    2.761884e-06    -1.610982e-06    -1.376661e-06    2.806078e-07    -5.425619e-06    -8.8874e-06    3.727902e-06    9.178453e-06    1.672981e-06    -2.440057e-06    3.437532e-07    2.601009e-06    -2.516455e-06
7.326291e-07    -6.871446e-07    -4.867518e-07    1.816201e-07    4.520577e-07    -1.886515e-06    -6.817353e-07    4.356038e-06    -5.179888e-07    1.672981e-06    4.388345e-06    -3.306989e-06    1.414802e-06    1.432495e-06    -2.279374e-06
-2.753962e-07    1.290084e-06    1.051022e-06    -6.331997e-07    -2.328761e-06    2.480164e-06    -1.710177e-06    -3.239683e-06    3.241731e-06    -2.440057e-06    -3.306989e-06    1.737629e-05    -1.747925e-06    -1.656885e-05    4.732096e-06
-2.50247e-06    6.855413e-07    1.399865e-06    -6.749578e-07    2.095123e-07    -3.471651e-06    1.562817e-06    2.843399e-06    -2.118709e-06    3.437532e-07    1.414802e-06    -1.747925e-06    1.524153e-05    4.04591e-06    -1.183994e-05
-1.980181e-06    3.529186e-07    1.169005e-06    -4.930631e-06    3.457587e-06    -5.282927e-06    1.889906e-06    -6.442366e-07    1.067012e-07    2.601009e-06    1.432495e-06    -1.656885e-05    4.04591e-06    2.879327e-05    -1.730203e-05
3.965807e-06    -1.246665e-06    -3.543217e-06    5.355357e-06    -1.297924e-06    7.784282e-06    -1.794707e-06    -1.440788e-07    -4.34296e-06    -2.516455e-06    -2.279374e-06    4.732096e-06    -1.183994e-05    -1.730203e-05    2.566073e-05
