1.014931e-05    -8.251448e-06    -1.210603e-06    -7.393693e-07    2.859014e-06    -3.887733e-06    3.620154e-07    -1.088856e-06    9.33733e-07    3.122813e-06    -5.425592e-06    6.817354e-06    8.384313e-06    -4.133271e-06    -1.152147e-06    -3.164968e-06    8.838997e-07    8.769279e-06    1.415881e-06    -4.194141e-06    1.265732e-06    -4.294472e-06    2.100265e-06    3.827524e-06    -1.381748e-06
-8.251448e-06    2.182694e-05    -4.260427e-08    -1.086813e-05    -3.942554e-06    -4.44821e-07    2.228327e-06    -2.465332e-06    -1.271215e-06    1.014298e-07    7.090226e-06    -1.008377e-05    -4.245091e-06    2.076445e-06    3.1249e-06    4.440864e-06    -4.281924e-06    -3.630918e-06    -1.389189e-06    4.307948e-06    -3.427973e-07    1.835284e-06    -3.378034e-06    -4.84182e-06    5.59019e-06
-1.210603e-06    -4.260427e-08    2.208708e-05    -6.845649e-07    -1.043992e-05    6.899787e-08    -7.038194e-07    -2.039215e-06    2.86443e-06    -6.417709e-07    4.606411e-06    -5.857783e-06    -5.425519e-06    1.534895e-06    2.201218e-06    4.374479e-06    -2.310368e-07    -1.056986e-05    -4.576507e-06    2.19118e-06    -6.963122e-07    3.656051e-06    2.878075e-06    -5.667998e-06    4.710384e-07
-7.393693e-07    -1.086813e-05    -6.845649e-07    1.72111e-05    -1.05772e-06    5.28954e-06    -1.86075e-06    2.629362e-06    -1.295371e-06    -1.476778e-06    -1.730357e-06    4.47853e-06    -5.682886e-06    2.508973e-06    -2.147863e-06    -1.740952e-06    3.88509e-06    -6.7287e-06    7.083172e-07    1.459695e-06    -1.265093e-06    3.306375e-06    2.460661e-06    1.112452e-06    -6.291675e-06
2.859014e-06    -3.942554e-06    -1.043992e-05    -1.05772e-06    1.487681e-05    -3.630557e-06    3.821487e-06    3.052318e-06    -1.462641e-06    -4.262473e-07    -5.896006e-06    1.007804e-05    4.217574e-06    -8.54677e-07    -2.099612e-06    -5.679333e-06    3.137913e-06    1.359066e-05    2.041921e-06    -1.803604e-06    2.202812e-07    -3.795697e-06    -2.718212e-06    3.959152e-06    8.623718e-07
-3.887733e-06    -4.44821e-07    6.899787e-08    5.28954e-06    -3.630557e-06    2.3341e-05    -1.2215e-05    -2.372402e-06    -1.803316e-06    -3.888673e-06    1.66778e-06    3.716188e-06    3.198244e-06    -1.731795e-06    -5.644773e-06    -1.310285e-06    3.9553e-06    -1.31238e-05    -1.032471e-06    1.926085e-06    -8.634716e-07    8.629951e-06    -9.969261e-07    -8.733334e-06    1.002667e-06
3.620154e-07    2.228327e-06    -7.038194e-07    -1.86075e-06    3.821487e-06    -1.2215e-05    2.075145e-05    4.880158e-06    -6.581996e-06    -3.302117e-06    1.063759e-06    -1.456121e-06    -7.837746e-06    3.889751e-06    3.522818e-06    -3.083929e-07    3.664665e-07    8.226561e-06    -4.619781e-07    -2.181091e-07    -8.510795e-07    -4.532055e-06    -1.749969e-06    4.928836e-06    2.384288e-07
-1.088856e-06    -2.465332e-06    -2.039215e-06    2.629362e-06    3.052318e-06    -2.372402e-06    4.880158e-06    2.817455e-05    -1.078662e-06    -1.533863e-05    1.547183e-06    -6.897887e-06    -1.238495e-05    9.198665e-06    4.046028e-06    7.262919e-07    2.573279e-06    4.086176e-06    2.527124e-07    -8.481745e-07    -6.40086e-07    8.108514e-07    -3.600063e-06    4.074533e-06    -3.039879e-06
9.33733e-07    -1.271215e-06    2.86443e-06    -1.295371e-06    -1.462641e-06    -1.803316e-06    -6.581996e-06    -1.078662e-06    1.324602e-05    -4.406476e-06    -1.660801e-07    -1.539883e-06    -4.862398e-07    1.983309e-07    5.552347e-07    -1.216385e-06    8.937597e-07    -7.751846e-07    -8.719031e-07    -8.563825e-07    -1.269207e-07    8.977097e-08    9.661027e-07    -1.004413e-07    5.470276e-07
3.122813e-06    1.014298e-07    -6.417709e-07    -1.476778e-06    -4.262473e-07    -3.888673e-06    -3.302117e-06    -1.533863e-05    -4.406476e-06    2.309981e-05    -4.167956e-06    5.955933e-06    1.246713e-05    -7.302031e-06    -1.636732e-06    3.506192e-06    -6.466505e-06    1.706745e-06    1.519199e-06    -1.516407e-08    2.344432e-06    -4.203808e-06    5.565446e-06    2.134766e-06    -3.729467e-06
-5.425592e-06    7.090226e-06    4.606411e-06    -1.730357e-06    -5.896006e-06    1.66778e-06    1.063759e-06    1.547183e-06    -1.660801e-07    -4.167956e-06    1.348732e-05    -1.299043e-05    -5.953587e-06    -5.314317e-07    2.806078e-07    -1.015061e-06    1.400113e-06    -7.540473e-06    -1.500157e-06    2.946125e-06    -1.886515e-06    2.480164e-06    -3.471651e-06    -5.282927e-06    7.784282e-06
6.817354e-06    -1.008377e-05    -5.857783e-06    4.47853e-06    1.007804e-05    3.716188e-06    -1.456121e-06    -6.897887e-06    -1.539883e-06    5.955933e-06    -1.299043e-05    3.68852e-05    1.25743e-06    -8.570541e-06    -5.425619e-06    -5.814049e-06    4.424533e-06    8.464709e-06    1.022791e-06    -2.76972e-06    -6.817353e-07    -1.710177e-06    1.562817e-06    1.889906e-06    -1.794707e-06
8.384313e-06    -4.245091e-06    -5.425519e-06    -5.682886e-06    4.217574e-06    3.198244e-06    -7.837746e-06    -1.238495e-05    -4.862398e-07    1.246713e-05    -5.953587e-06    1.25743e-06    4.497732e-05    -1.61474e-05    -8.8874e-06    -4.910155e-06    -1.241807e-06    9.560839e-06    2.687782e-06    -6.455854e-06    4.356038e-06    -3.239683e-06    2.843399e-06    -6.442366e-07    -1.440788e-07
-4.133271e-06    2.076445e-06    1.534895e-06    2.508973e-06    -8.54677e-07    -1.731795e-06    3.889751e-06    9.198665e-06    1.983309e-07    -7.302031e-06    -5.314317e-07    -8.570541e-06    -1.61474e-05    1.763543e-05    3.727902e-06    5.156367e-06    -2.027046e-06    -4.099941e-06    2.563915e-07    2.725943e-06    -5.179888e-07    3.241731e-06    -2.118709e-06    1.067012e-07    -4.34296e-06
-1.152147e-06    3.1249e-06    2.201218e-06    -2.147863e-06    -2.099612e-06    -5.644773e-06    3.522818e-06    4.046028e-06    5.552347e-07    -1.636732e-06    2.806078e-07    -5.425619e-06    -8.8874e-06    3.727902e-06    9.178453e-06    3.58228e-06    -2.835079e-06    1.8141e-06    -3.95584e-07    5.420609e-08    1.672981e-06    -2.440057e-06    3.437532e-07    2.601009e-06    -2.516455e-06
-3.164968e-06    4.440864e-06    4.374479e-06    -1.740952e-06    -5.679333e-06    -1.310285e-06    -3.083929e-07    7.262919e-07    -1.216385e-06    3.506192e-06    -1.015061e-06    -5.814049e-06    -4.910155e-06    5.156367e-06    3.58228e-06    2.572153e-05    -1.457663e-05    -2.515758e-07    -2.817133e-06    -4.890831e-06    8.753833e-07    -4.888134e-07    2.720599e-06    4.030407e-06    -6.98985e-06
8.838997e-07    -4.281924e-06    -2.310368e-07    3.88509e-06    3.137913e-06    3.9553e-06    3.664665e-07    2.573279e-06    8.937597e-07    -6.466505e-06    1.400113e-06    4.424533e-06    -1.241807e-06    -2.027046e-06    -2.835079e-06    -1.457663e-05    2.602377e-05    -6.366194e-06    -1.134968e-05    4.748115e-06    -2.05898e-06    3.243515e-06    -2.112488e-06    -3.423853e-06    3.42541e-06
8.769279e-06    -3.630918e-06    -1.056986e-05    -6.7287e-06    1.359066e-05    -1.31238e-05    8.226561e-06    4.086176e-06    -7.751846e-07    1.706745e-06    -7.540473e-06    8.464709e-06    9.560839e-06    -4.099941e-06    1.8141e-06    -2.515758e-07    -6.366194e-06    4.139608e-05    4.878641e-06    -1.118981e-05    2.218833e-06    -9.234246e-06    -2.166491e-06    7.560705e-06    1.757773e-06
1.415881e-06    -1.389189e-06    -4.576507e-06    7.083172e-07    2.041921e-06    -1.032471e-06    -4.619781e-07    2.527124e-07    -8.719031e-07    1.519199e-06    -1.500157e-06    1.022791e-06    2.687782e-06    2.563915e-07    -3.95584e-07    -2.817133e-06    -1.134968e-05    4.878641e-06    1.851115e-05    -5.144372e-06    1.083699e-06    -1.692473e-06    -4.516843e-07    1.654831e-06    -7.410671e-07
-4.194141e-06    4.307948e-06    2.19118e-06    1.459695e-06    -1.803604e-06    1.926085e-06    -2.181091e-07    -8.481745e-07    -8.563825e-07    -1.516407e-08    2.946125e-06    -2.76972e-06    -6.455854e-06    2.725943e-06    5.420609e-08    -4.890831e-06    4.748115e-06    -1.118981e-05    -5.144372e-06    1.702427e-05    -8.066166e-07    2.370322e-06    -1.44549e-06    -3.109198e-06    2.503015e-06
1.265732e-06    -3.427973e-07    -6.963122e-07    -1.265093e-06    2.202812e-07    -8.634716e-07    -8.510795e-07    -6.40086e-07    -1.269207e-07    2.344432e-06    -1.886515e-06    -6.817353e-07    4.356038e-06    -5.179888e-07    1.672981e-06    8.753833e-07    -2.05898e-06    2.218833e-06    1.083699e-06    -8.066166e-07    4.388345e-06    -3.306989e-06    1.414802e-06    1.432495e-06    -2.279374e-06
-4.294472e-06    1.835284e-06    3.656051e-06    3.306375e-06    -3.795697e-06    8.629951e-06    -4.532055e-06    8.108514e-07    8.977097e-08    -4.203808e-06    2.480164e-06    -1.710177e-06    -3.239683e-06    3.241731e-06    -2.440057e-06    -4.888134e-07    3.243515e-06    -9.234246e-06    -1.692473e-06    2.370322e-06    -3.306989e-06    1.737629e-05    -1.747925e-06    -1.656885e-05    4.732096e-06
2.100265e-06    -3.378034e-06    2.878075e-06    2.460661e-06    -2.718212e-06    -9.969261e-07    -1.749969e-06    -3.600063e-06    9.661027e-07    5.565446e-06    -3.471651e-06    1.562817e-06    2.843399e-06    -2.118709e-06    3.437532e-07    2.720599e-06    -2.112488e-06    -2.166491e-06    -4.516843e-07    -1.44549e-06    1.414802e-06    -1.747925e-06    1.524153e-05    4.04591e-06    -1.183994e-05
3.827524e-06    -4.84182e-06    -5.667998e-06    1.112452e-06    3.959152e-06    -8.733334e-06    4.928836e-06    4.074533e-06    -1.004413e-07    2.134766e-06    -5.282927e-06    1.889906e-06    -6.442366e-07    1.067012e-07    2.601009e-06    4.030407e-06    -3.423853e-06    7.560705e-06    1.654831e-06    -3.109198e-06    1.432495e-06    -1.656885e-05    4.04591e-06    2.879327e-05    -1.730203e-05
-1.381748e-06    5.59019e-06    4.710384e-07    -6.291675e-06    8.623718e-07    1.002667e-06    2.384288e-07    -3.039879e-06    5.470276e-07    -3.729467e-06    7.784282e-06    -1.794707e-06    -1.440788e-07    -4.34296e-06    -2.516455e-06    -6.98985e-06    3.42541e-06    1.757773e-06    -7.410671e-07    2.503015e-06    -2.279374e-06    4.732096e-06    -1.183994e-05    -1.730203e-05    2.566073e-05
