3.502987e-05    -7.717726e-06    -8.059485e-06    -5.557438e-06    -8.952737e-06    -3.577144e-06    3.251697e-06    8.005034e-07    -1.04973e-06    2.199958e-06
-7.717726e-06    1.754312e-05    -5.534723e-07    -1.071039e-05    1.092478e-08    1.288437e-07    9.423375e-08    1.948328e-07    -4.183327e-06    3.176118e-06
-8.059485e-06    -5.534723e-07    1.660535e-05    3.670623e-06    -1.00864e-05    2.488257e-06    -3.541743e-06    1.905826e-06    4.018646e-06    -3.389747e-06
-5.557438e-06    -1.071039e-05    3.670623e-06    1.937602e-05    -8.991179e-06    8.456009e-07    9.946976e-08    2.226299e-07    2.798539e-06    -4.339206e-06
-8.952737e-06    1.092478e-08    -1.00864e-05    -8.991179e-06    3.727986e-05    -3.641614e-07    -2.955936e-06    -2.724017e-06    2.953469e-06    1.48377e-07
-3.577144e-06    1.288437e-07    2.488257e-06    8.456009e-07    -3.641614e-07    4.388345e-06    -3.306989e-06    1.414802e-06    1.432495e-06    -2.279374e-06
3.251697e-06    9.423375e-08    -3.541743e-06    9.946976e-08    -2.955936e-06    -3.306989e-06    1.737629e-05    -1.747925e-06    -1.656885e-05    4.732096e-06
8.005034e-07    1.948328e-07    1.905826e-06    2.226299e-07    -2.724017e-06    1.414802e-06    -1.747925e-06    1.524153e-05    4.04591e-06    -1.183994e-05
-1.04973e-06    -4.183327e-06    4.018646e-06    2.798539e-06    2.953469e-06    1.432495e-06    -1.656885e-05    4.04591e-06    2.879327e-05    -1.730203e-05
2.199958e-06    3.176118e-06    -3.389747e-06    -4.339206e-06    1.48377e-07    -2.279374e-06    4.732096e-06    -1.183994e-05    -1.730203e-05    2.566073e-05
