8.486483e-06    -1.220623e-05    -1.04298e-07    2.552043e-06    7.009045e-07    -3.224836e-07    7.889414e-07    -4.315894e-07    -4.123457e-06    3.633602e-06
-1.220623e-05    4.514881e-05    -8.682579e-06    -1.337625e-05    -3.745415e-06    -1.946062e-06    -3.578875e-06    -5.170437e-06    5.404459e-06    4.505844e-06
-1.04298e-07    -8.682579e-06    3.233839e-05    -5.978365e-06    -6.192646e-06    5.574959e-08    -9.63089e-07    9.204835e-07    5.496953e-06    -7.353137e-06
2.552043e-06    -1.337625e-05    -5.978365e-06    1.239689e-05    1.735165e-06    1.042767e-06    1.729264e-06    8.807518e-07    -3.568339e-06    -6.456636e-07
7.009045e-07    -3.745415e-06    -6.192646e-06    1.735165e-06    5.726323e-06    1.588972e-06    -7.402422e-07    1.335286e-06    -6.056278e-07    -1.25057e-07
-3.224836e-07    -1.946062e-06    5.574959e-08    1.042767e-06    1.588972e-06    4.388345e-06    -3.306989e-06    1.414802e-06    1.432495e-06    -2.279374e-06
7.889414e-07    -3.578875e-06    -9.63089e-07    1.729264e-06    -7.402422e-07    -3.306989e-06    1.737629e-05    -1.747925e-06    -1.656885e-05    4.732096e-06
-4.315894e-07    -5.170437e-06    9.204835e-07    8.807518e-07    1.335286e-06    1.414802e-06    -1.747925e-06    1.524153e-05    4.04591e-06    -1.183994e-05
-4.123457e-06    5.404459e-06    5.496953e-06    -3.568339e-06    -6.056278e-07    1.432495e-06    -1.656885e-05    4.04591e-06    2.879327e-05    -1.730203e-05
3.633602e-06    4.505844e-06    -7.353137e-06    -6.456636e-07    -1.25057e-07    -2.279374e-06    4.732096e-06    -1.183994e-05    -1.730203e-05    2.566073e-05
