4.083067e-06    -7.209514e-07    -2.108591e-06    1.132269e-06    -8.348474e-07    -1.418382e-07    1.044006e-06    9.847626e-07    9.681117e-07    -2.26034e-06    -5.726287e-07    1.996684e-06    2.649773e-06    -1.488728e-06    -1.950216e-06    2.840175e-06    -3.597327e-06    -3.303034e-06    2.815874e-06    7.436144e-07    5.874067e-07    -2.923946e-06    -2.332267e-06    3.138033e-07    2.063818e-06    3.989158e-07    2.079932e-06    1.134973e-06    -1.880515e-07    -1.482194e-06
-7.209514e-07    3.225865e-06    1.042384e-06    -2.33534e-06    -4.072581e-07    8.449257e-08    -1.362934e-06    -8.015767e-07    -5.179052e-07    1.737668e-06    8.467265e-07    -2.538635e-06    -1.687101e-06    1.519183e-06    1.286852e-06    -9.38493e-07    1.487121e-06    4.977301e-07    -1.097942e-06    -1.446921e-07    1.470062e-07    2.196151e-06    9.92426e-07    -8.980676e-07    -1.168983e-06    2.669429e-07    -4.908744e-07    -8.196691e-07    4.248384e-07    9.217587e-08
-2.108591e-06    1.042384e-06    5.821202e-06    -1.991838e-08    -3.365409e-06    8.884555e-07    1.833087e-07    -1.367315e-06    -5.772435e-07    1.690523e-06    -1.168902e-07    -2.659381e-06    -5.385399e-07    1.797612e-06    7.729208e-07    8.905141e-07    -3.199186e-06    -7.683166e-07    7.65041e-07    1.22051e-07    -1.151038e-06    2.429427e-07    1.686035e-06    -3.625149e-07    -4.094751e-07    -6.493725e-07    1.28175e-06    8.500238e-07    -8.688429e-07    2.063513e-07
1.132269e-06    -2.33534e-06    -1.991838e-08    5.180488e-06    -2.360911e-06    6.440759e-07    1.844877e-06    9.77715e-07    1.370656e-06    -2.547359e-06    -1.30996e-06    3.293685e-06    2.394416e-06    -1.405498e-06    -2.305098e-06    4.251251e-06    -7.016555e-06    -3.634311e-06    3.735659e-06    1.119161e-06    -1.35887e-07    -5.211858e-06    -2.242527e-06    1.971859e-06    2.529834e-06    -1.496635e-06    2.830372e-06    3.86963e-06    -1.259048e-06    -1.623778e-06
-8.348474e-07    -4.072581e-07    -3.365409e-06    -2.360911e-06    5.410115e-06    -1.223839e-06    -7.871309e-07    5.950795e-07    -3.779362e-07    7.103018e-07    2.109686e-07    2.554016e-07    -8.139803e-07    -4.963299e-07    1.080232e-06    -3.400489e-06    6.850523e-06    3.047364e-06    -3.095198e-06    -7.913964e-07    7.283437e-08    3.073589e-06    1.113299e-06    -5.588887e-07    -1.600636e-06    6.390754e-07    -2.772524e-06    -2.658945e-06    7.232111e-07    1.726133e-06
-1.418382e-07    8.449257e-08    8.884555e-07    6.440759e-07    -1.223839e-06    3.230536e-06    6.521993e-07    -8.292902e-07    -4.694414e-08    -8.449585e-07    -3.450035e-07    8.13359e-07    3.638956e-07    7.152519e-07    -7.894538e-07    7.48368e-07    -2.473225e-06    -5.916819e-07    7.197023e-07    7.709358e-07    9.117007e-07    -2.186165e-06    -1.488778e-06    1.2295e-06    8.38301e-07    -7.329643e-07    5.931744e-07    1.847424e-06    4.809349e-08    -1.112758e-06
1.044006e-06    -1.362934e-06    1.833087e-07    1.844877e-06    -7.871309e-07    6.521993e-07    4.815387e-06    1.475379e-06    -1.762443e-07    -3.655233e-06    -3.35792e-06    2.173329e-06    7.562717e-06    -2.551044e-06    -2.729831e-06    3.058983e-06    -6.989337e-06    -3.482016e-06    4.354112e-06    1.350862e-06    1.545381e-07    -4.845939e-06    -3.279293e-06    8.952748e-07    3.479247e-06    -7.260419e-07    3.59755e-06    2.777314e-06    -1.581598e-06    -1.537095e-06
9.847626e-07    -8.015767e-07    -1.367315e-06    9.77715e-07    5.950795e-07    -8.292902e-07    1.475379e-06    4.226065e-06    1.280345e-06    -3.448641e-06    -3.105297e-06    2.741939e-06    5.549632e-06    -1.854515e-06    -1.894992e-06    2.213912e-06    -3.561911e-06    -3.578079e-06    3.162051e-06    1.496647e-06    2.281629e-07    -3.746932e-06    -3.223853e-06    8.777798e-07    2.851135e-06    -8.501453e-07    2.501057e-06    2.613129e-06    -9.671353e-07    -1.544723e-06
9.681117e-07    -5.179052e-07    -5.772435e-07    1.370656e-06    -3.779362e-07    -4.694414e-08    -1.762443e-07    1.280345e-06    3.315228e-06    -2.547434e-06    -1.58677e-06    3.102167e-06    1.656939e-06    -4.349884e-07    -1.028017e-06    2.525676e-06    -3.695313e-06    -3.03564e-06    2.820241e-06    8.557797e-07    -3.559868e-09    -3.068848e-06    -1.948438e-06    1.28471e-06    1.687005e-06    -8.454735e-07    2.184626e-06    2.329894e-06    -7.470472e-07    -1.354956e-06
-2.26034e-06    1.737668e-06    1.690523e-06    -2.547359e-06    7.103018e-07    -8.449585e-07    -3.655233e-06    -3.448641e-06    -2.547434e-06    8.46548e-06    4.240702e-06    -4.679634e-06    -9.185086e-06    3.283642e-06    3.828998e-06    -4.08806e-06    8.725626e-06    5.084635e-06    -6.284608e-06    -1.915206e-06    -1.297476e-06    7.03116e-06    5.934982e-06    -1.596711e-06    -5.012618e-06    9.021989e-07    -4.734829e-06    -4.120175e-06    1.443844e-06    2.946655e-06
-5.726287e-07    8.467265e-07    -1.168902e-07    -1.30996e-06    2.109686e-07    -3.450035e-07    -3.35792e-06    -3.105297e-06    -1.58677e-06    4.240702e-06    6.083899e-06    -3.527483e-06    -7.850096e-06    1.566626e-06    1.638805e-06    -3.280454e-06    7.402071e-06    4.956987e-06    -5.356982e-06    -1.939759e-06    8.880671e-08    5.304457e-06    3.527155e-06    -1.030758e-06    -3.711859e-06    1.489742e-06    -4.447464e-06    -3.852404e-06    1.849999e-06    2.040563e-06
1.996684e-06    -2.538635e-06    -2.659381e-06    3.293685e-06    2.554016e-07    8.13359e-07    2.173329e-06    2.741939e-06    3.102167e-06    -4.679634e-06    -3.527483e-06    9.916049e-06    1.608575e-06    -2.440016e-06    -1.727434e-06    3.914361e-06    -6.057297e-06    -4.487642e-06    4.27872e-06    1.90009e-06    2.403355e-07    -6.904975e-06    -3.725066e-06    3.293888e-06    3.259576e-06    -1.821063e-06    2.94123e-06    4.599769e-06    -9.494627e-07    -2.491912e-06
2.649773e-06    -1.687101e-06    -5.385399e-07    2.394416e-06    -8.139803e-07    3.638956e-07    7.562717e-06    5.549632e-06    1.656939e-06    -9.185086e-06    -7.850096e-06    1.608575e-06    2.279692e-05    -6.019564e-06    -8.131292e-06    6.81024e-06    -1.521268e-05    -9.082953e-06    1.106946e-05    3.214376e-06    1.589045e-06    -9.663921e-06    -9.914409e-06    3.330697e-07    8.866462e-06    -7.714244e-07    8.706045e-06    5.474616e-06    -3.352726e-06    -3.976115e-06
-1.488728e-06    1.519183e-06    1.797612e-06    -1.405498e-06    -4.963299e-07    7.152519e-07    -2.551044e-06    -1.854515e-06    -4.349884e-07    3.283642e-06    1.566626e-06    -2.440016e-06    -6.019564e-06    4.554526e-06    2.284657e-06    -2.085286e-06    3.938099e-06    2.122274e-06    -2.82715e-06    -6.139364e-07    -3.764334e-07    2.970194e-06    2.915847e-06    -2.405236e-08    -2.737383e-06    -1.503238e-07    -2.242396e-06    -1.309532e-06    6.646321e-07    1.226246e-06
-1.950216e-06    1.286852e-06    7.729208e-07    -2.305098e-06    1.080232e-06    -7.894538e-07    -2.729831e-06    -1.894992e-06    -1.028017e-06    3.828998e-06    1.638805e-06    -1.727434e-06    -8.131292e-06    2.284657e-06    5.33751e-06    -3.746477e-06    6.803787e-06    3.990544e-06    -4.557064e-06    -1.439636e-06    -9.893636e-07    5.10199e-06    4.744499e-06    -1.026962e-06    -3.892444e-06    4.155663e-07    -3.204587e-06    -2.871145e-06    1.188979e-06    1.902602e-06
2.840175e-06    -9.38493e-07    8.905141e-07    4.251251e-06    -3.400489e-06    7.48368e-07    3.058983e-06    2.213912e-06    2.525676e-06    -4.08806e-06    -3.280454e-06    3.914361e-06    6.81024e-06    -2.085286e-06    -3.746477e-06    9.058368e-06    -1.225435e-05    -8.840395e-06    7.09576e-06    2.036562e-06    -2.268438e-07    -8.174544e-06    -4.387356e-06    2.185964e-06    4.806286e-06    -1.649994e-06    6.387669e-06    5.946465e-06    -2.192533e-06    -3.454384e-06
-3.597327e-06    1.487121e-06    -3.199186e-06    -7.016555e-06    6.850523e-06    -2.473225e-06    -6.989337e-06    -3.561911e-06    -3.695313e-06    8.725626e-06    7.402071e-06    -6.057297e-06    -1.521268e-05    3.938099e-06    6.803787e-06    -1.225435e-05    2.640138e-05    1.169717e-05    -1.438958e-05    -3.910931e-06    -6.35762e-07    1.512117e-05    9.135265e-06    -3.707435e-06    -9.319659e-06    3.186505e-06    -1.175994e-05    -1.079126e-05    4.156334e-06    6.441898e-06
-3.303034e-06    4.977301e-07    -7.683166e-07    -3.634311e-06    3.047364e-06    -5.916819e-07    -3.482016e-06    -3.578079e-06    -3.03564e-06    5.084635e-06    4.956987e-06    -4.487642e-06    -9.082953e-06    2.122274e-06    3.990544e-06    -8.840395e-06    1.169717e-05    1.287541e-05    -8.982866e-06    -3.87357e-06    5.312658e-07    8.499152e-06    5.051252e-06    -1.651222e-06    -5.632054e-06    2.133183e-06    -7.727202e-06    -6.732541e-06    2.928564e-06    3.738657e-06
2.815874e-06    -1.097942e-06    7.65041e-07    3.735659e-06    -3.095198e-06    7.197023e-07    4.354112e-06    3.162051e-06    2.820241e-06    -6.284608e-06    -5.356982e-06    4.27872e-06    1.106946e-05    -2.82715e-06    -4.557064e-06    7.09576e-06    -1.438958e-05    -8.982866e-06    1.120152e-05    2.183827e-06    -1.162243e-07    -8.769195e-06    -6.150116e-06    1.271539e-06    6.394889e-06    -1.473805e-06    7.601263e-06    6.02331e-06    -2.844971e-06    -3.647641e-06
7.436144e-07    -1.446921e-07    1.22051e-07    1.119161e-06    -7.913964e-07    7.709358e-07    1.350862e-06    1.496647e-06    8.557797e-07    -1.915206e-06    -1.939759e-06    1.90009e-06    3.214376e-06    -6.139364e-07    -1.439636e-06    2.036562e-06    -3.910931e-06    -3.87357e-06    2.183827e-06    2.902669e-06    4.73179e-07    -3.203096e-06    -2.37509e-06    1.116045e-06    1.967241e-06    -1.185628e-06    2.207349e-06    2.789509e-06    -8.706166e-07    -1.49712e-06
5.874067e-07    1.470062e-07    -1.151038e-06    -1.35887e-07    7.283437e-08    9.117007e-07    1.545381e-07    2.281629e-07    -3.559868e-09    -1.297476e-06    8.880671e-08    2.403355e-07    1.589045e-06    -3.764334e-07    -9.893636e-07    -2.268438e-07    -6.35762e-07    5.312658e-07    -1.162243e-07    4.73179e-07    3.542222e-06    -1.019945e-06    -3.484572e-06    4.533619e-07    8.609967e-07    3.56985e-07    -2.54519e-07    3.272968e-07    1.002341e-06    -1.347019e-06
-2.923946e-06    2.196151e-06    2.429427e-07    -5.211858e-06    3.073589e-06    -2.186165e-06    -4.845939e-06    -3.746932e-06    -3.068848e-06    7.03116e-06    5.304457e-06    -6.904975e-06    -9.663921e-06    2.970194e-06    5.10199e-06    -8.174544e-06    1.512117e-05    8.499152e-06    -8.769195e-06    -3.203096e-06    -1.019945e-06    1.376126e-05    7.27163e-06    -5.312984e-06    -6.64568e-06    2.463635e-06    -7.074454e-06    -8.214413e-06    2.156731e-06    5.236181e-06
-2.332267e-06    9.92426e-07    1.686035e-06    -2.242527e-06    1.113299e-06    -1.488778e-06    -3.279293e-06    -3.223853e-06    -1.948438e-06    5.934982e-06    3.527155e-06    -3.725066e-06    -9.914409e-06    2.915847e-06    4.744499e-06    -4.387356e-06    9.135265e-06    5.051252e-06    -6.150116e-06    -2.37509e-06    -3.484572e-06    7.27163e-06    9.840838e-06    -2.098703e-06    -6.409223e-06    7.951821e-07    -4.368877e-06    -4.926651e-06    7.94792e-07    4.207716e-06
3.138033e-07    -8.980676e-07    -3.625149e-07    1.971859e-06    -5.588887e-07    1.2295e-06    8.952748e-07    8.777798e-07    1.28471e-06    -1.596711e-06    -1.030758e-06    3.293888e-06    3.330697e-07    -2.405236e-08    -1.026962e-06    2.185964e-06    -3.707435e-06    -1.651222e-06    1.271539e-06    1.116045e-06    4.533619e-07    -5.312984e-06    -2.098703e-06    4.494634e-06    9.966772e-07    -1.284476e-06    1.157076e-06    3.130173e-06    -3.023326e-07    -1.862962e-06
2.063818e-06    -1.168983e-06    -4.094751e-07    2.529834e-06    -1.600636e-06    8.38301e-07    3.479247e-06    2.851135e-06    1.687005e-06    -5.012618e-06    -3.711859e-06    3.259576e-06    8.866462e-06    -2.737383e-06    -3.892444e-06    4.806286e-06    -9.319659e-06    -5.632054e-06    6.394889e-06    1.967241e-06    8.609967e-07    -6.64568e-06    -6.409223e-06    9.966772e-07    6.422314e-06    -1.000296e-06    4.87925e-06    4.534244e-06    -1.630617e-06    -3.076304e-06
3.989158e-07    2.669429e-07    -6.493725e-07    -1.496635e-06    6.390754e-07    -7.329643e-07    -7.260419e-07    -8.501453e-07    -8.454735e-07    9.021989e-07    1.489742e-06    -1.821063e-06    -7.714244e-07    -1.503238e-07    4.155663e-07    -1.649994e-06    3.186505e-06    2.133183e-06    -1.473805e-06    -1.185628e-06    3.56985e-07    2.463635e-06    7.951821e-07    -1.284476e-06    -1.000296e-06    3.084688e-06    -1.453245e-06    -3.664578e-06    1.030621e-06    8.550283e-07
2.079932e-06    -4.908744e-07    1.28175e-06    2.830372e-06    -2.772524e-06    5.931744e-07    3.59755e-06    2.501057e-06    2.184626e-06    -4.734829e-06    -4.447464e-06    2.94123e-06    8.706045e-06    -2.242396e-06    -3.204587e-06    6.387669e-06    -1.175994e-05    -7.727202e-06    7.601263e-06    2.207349e-06    -2.54519e-07    -7.074454e-06    -4.368877e-06    1.157076e-06    4.87925e-06    -1.453245e-06    7.948872e-06    4.720644e-06    -3.334925e-06    -2.589876e-06
1.134973e-06    -8.196691e-07    8.500238e-07    3.86963e-06    -2.658945e-06    1.847424e-06    2.777314e-06    2.613129e-06    2.329894e-06    -4.120175e-06    -3.852404e-06    4.599769e-06    5.474616e-06    -1.309532e-06    -2.871145e-06    5.946465e-06    -1.079126e-05    -6.732541e-06    6.02331e-06    2.789509e-06    3.272968e-07    -8.214413e-06    -4.926651e-06    3.130173e-06    4.534244e-06    -3.664578e-06    4.720644e-06    8.373818e-06    -1.932707e-06    -4.201023e-06
-1.880515e-07    4.248384e-07    -8.688429e-07    -1.259048e-06    7.232111e-07    4.809349e-08    -1.581598e-06    -9.671353e-07    -7.470472e-07    1.443844e-06    1.849999e-06    -9.494627e-07    -3.352726e-06    6.646321e-07    1.188979e-06    -2.192533e-06    4.156334e-06    2.928564e-06    -2.844971e-06    -8.706166e-07    1.002341e-06    2.156731e-06    7.94792e-07    -3.023326e-07    -1.630617e-06    1.030621e-06    -3.334925e-06    -1.932707e-06    3.151918e-06    -3.574882e-07
-1.482194e-06    9.217587e-08    2.063513e-07    -1.623778e-06    1.726133e-06    -1.112758e-06    -1.537095e-06    -1.544723e-06    -1.354956e-06    2.946655e-06    2.040563e-06    -2.491912e-06    -3.976115e-06    1.226246e-06    1.902602e-06    -3.454384e-06    6.441898e-06    3.738657e-06    -3.647641e-06    -1.49712e-06    -1.347019e-06    5.236181e-06    4.207716e-06    -1.862962e-06    -3.076304e-06    8.550283e-07    -2.589876e-06    -4.201023e-06    -3.574882e-07    4.389343e-06
