5.206065e-06    -3.781262e-06    -5.183583e-06    2.147384e-06    8.908594e-07    6.104038e-07    -4.306022e-06    -3.254891e-06    1.662083e-06    2.464331e-06    -1.169107e-06    2.106795e-06    3.648046e-06    -6.1772e-07    -2.026296e-06
-3.781262e-06    1.295298e-05    5.32707e-06    -6.291279e-06    -2.286183e-06    4.027303e-07    7.578478e-06    3.740013e-06    -1.300962e-06    -4.693968e-06    1.456781e-06    -7.020999e-06    -5.670611e-06    2.539096e-06    3.133493e-06
-5.183583e-06    5.32707e-06    8.002449e-06    -2.992026e-06    -3.020549e-06    -4.854215e-07    5.190203e-06    3.931289e-06    -1.739075e-06    -3.129817e-06    1.681418e-06    -3.889349e-06    -5.014458e-06    1.239954e-06    2.974032e-06
2.147384e-06    -6.291279e-06    -2.992026e-06    4.501522e-06    5.118659e-07    -9.074471e-08    -3.800139e-06    -2.153915e-06    6.953969e-07    2.48764e-06    -7.934617e-07    3.340198e-06    2.791002e-06    -1.34878e-06    -1.435267e-06
8.908594e-07    -2.286183e-06    -3.020549e-06    5.118659e-07    3.083442e-06    3.050312e-08    -1.742682e-06    -9.371815e-07    4.80579e-07    8.838525e-07    -6.612309e-07    2.038638e-06    1.969338e-06    -4.617952e-07    -1.388022e-06
6.104038e-07    4.027303e-07    -4.854215e-07    -9.074471e-08    3.050312e-08    3.542222e-06    -1.019945e-06    -3.484572e-06    4.533619e-07    8.609967e-07    3.56985e-07    -2.54519e-07    3.272968e-07    1.002341e-06    -1.347019e-06
-4.306022e-06    7.578478e-06    5.190203e-06    -3.800139e-06    -1.742682e-06    -1.019945e-06    1.376126e-05    7.27163e-06    -5.312984e-06    -6.64568e-06    2.463635e-06    -7.074454e-06    -8.214413e-06    2.156731e-06    5.236181e-06
-3.254891e-06    3.740013e-06    3.931289e-06    -2.153915e-06    -9.371815e-07    -3.484572e-06    7.27163e-06    9.840838e-06    -2.098703e-06    -6.409223e-06    7.951821e-07    -4.368877e-06    -4.926651e-06    7.94792e-07    4.207716e-06
1.662083e-06    -1.300962e-06    -1.739075e-06    6.953969e-07    4.80579e-07    4.533619e-07    -5.312984e-06    -2.098703e-06    4.494634e-06    9.966772e-07    -1.284476e-06    1.157076e-06    3.130173e-06    -3.023326e-07    -1.862962e-06
2.464331e-06    -4.693968e-06    -3.129817e-06    2.48764e-06    8.838525e-07    8.609967e-07    -6.64568e-06    -6.409223e-06    9.966772e-07    6.422314e-06    -1.000296e-06    4.87925e-06    4.534244e-06    -1.630617e-06    -3.076304e-06
-1.169107e-06    1.456781e-06    1.681418e-06    -7.934617e-07    -6.612309e-07    3.56985e-07    2.463635e-06    7.951821e-07    -1.284476e-06    -1.000296e-06    3.084688e-06    -1.453245e-06    -3.664578e-06    1.030621e-06    8.550283e-07
2.106795e-06    -7.020999e-06    -3.889349e-06    3.340198e-06    2.038638e-06    -2.54519e-07    -7.074454e-06    -4.368877e-06    1.157076e-06    4.87925e-06    -1.453245e-06    7.948872e-06    4.720644e-06    -3.334925e-06    -2.589876e-06
3.648046e-06    -5.670611e-06    -5.014458e-06    2.791002e-06    1.969338e-06    3.272968e-07    -8.214413e-06    -4.926651e-06    3.130173e-06    4.534244e-06    -3.664578e-06    4.720644e-06    8.373818e-06    -1.932707e-06    -4.201023e-06
-6.1772e-07    2.539096e-06    1.239954e-06    -1.34878e-06    -4.617952e-07    1.002341e-06    2.156731e-06    7.94792e-07    -3.023326e-07    -1.630617e-06    1.030621e-06    -3.334925e-06    -1.932707e-06    3.151918e-06    -3.574882e-07
-2.026296e-06    3.133493e-06    2.974032e-06    -1.435267e-06    -1.388022e-06    -1.347019e-06    5.236181e-06    4.207716e-06    -1.862962e-06    -3.076304e-06    8.550283e-07    -2.589876e-06    -4.201023e-06    -3.574882e-07    4.389343e-06
