4.083067e-06    -7.209514e-07    -2.108591e-06    1.132269e-06    -8.348474e-07    5.874067e-07    -2.923946e-06    -2.332267e-06    3.138033e-07    2.063818e-06
-7.209514e-07    3.225865e-06    1.042384e-06    -2.33534e-06    -4.072581e-07    1.470062e-07    2.196151e-06    9.92426e-07    -8.980676e-07    -1.168983e-06
-2.108591e-06    1.042384e-06    5.821202e-06    -1.991838e-08    -3.365409e-06    -1.151038e-06    2.429427e-07    1.686035e-06    -3.625149e-07    -4.094751e-07
1.132269e-06    -2.33534e-06    -1.991838e-08    5.180488e-06    -2.360911e-06    -1.35887e-07    -5.211858e-06    -2.242527e-06    1.971859e-06    2.529834e-06
-8.348474e-07    -4.072581e-07    -3.365409e-06    -2.360911e-06    5.410115e-06    7.283437e-08    3.073589e-06    1.113299e-06    -5.588887e-07    -1.600636e-06
5.874067e-07    1.470062e-07    -1.151038e-06    -1.35887e-07    7.283437e-08    3.542222e-06    -1.019945e-06    -3.484572e-06    4.533619e-07    8.609967e-07
-2.923946e-06    2.196151e-06    2.429427e-07    -5.211858e-06    3.073589e-06    -1.019945e-06    1.376126e-05    7.27163e-06    -5.312984e-06    -6.64568e-06
-2.332267e-06    9.92426e-07    1.686035e-06    -2.242527e-06    1.113299e-06    -3.484572e-06    7.27163e-06    9.840838e-06    -2.098703e-06    -6.409223e-06
3.138033e-07    -8.980676e-07    -3.625149e-07    1.971859e-06    -5.588887e-07    4.533619e-07    -5.312984e-06    -2.098703e-06    4.494634e-06    9.966772e-07
2.063818e-06    -1.168983e-06    -4.094751e-07    2.529834e-06    -1.600636e-06    8.609967e-07    -6.64568e-06    -6.409223e-06    9.966772e-07    6.422314e-06
