4.886195e-06    9.459127e-07    3.215987e-07    4.051512e-07    -4.583852e-06    1.681642e-06    -5.512642e-06    -4.954072e-06    2.077872e-06    3.46285e-06    -7.469196e-07    2.881742e-06    3.504763e-06    -4.371428e-07    -2.967616e-06
9.459127e-07    5.149284e-06    1.932172e-06    -2.591136e-06    -2.388246e-06    -8.287858e-07    -3.586322e-06    -1.894365e-06    -2.835231e-08    2.816209e-06    -9.179527e-07    3.968158e-06    2.535773e-06    -1.700422e-06    -1.158702e-06
3.215987e-07    1.932172e-06    4.41267e-06    -5.483117e-08    -4.145482e-06    9.714857e-08    -1.997255e-06    -2.984274e-06    -3.435726e-07    2.591035e-06    2.072976e-08    2.317011e-06    1.037682e-06    -1.052196e-06    -8.740395e-07
4.051512e-07    -2.591136e-06    -5.483117e-08    4.212585e-06    1.396828e-07    1.281596e-06    3.469149e-07    -7.761687e-07    6.814649e-07    -4.34716e-07    7.676059e-07    -2.116253e-06    -1.317975e-06    1.164203e-06    9.798627e-08
-4.583852e-06    -2.388246e-06    -4.145482e-06    1.396828e-07    1.312032e-05    -1.893339e-06    8.921054e-06    8.208652e-06    -1.899883e-06    -6.649659e-06    5.827555e-07    -5.947816e-06    -5.178773e-06    1.526499e-06    4.310748e-06
1.681642e-06    -8.287858e-07    9.714857e-08    1.281596e-06    -1.893339e-06    3.542222e-06    -1.019945e-06    -3.484572e-06    4.533619e-07    8.609967e-07    3.56985e-07    -2.54519e-07    3.272968e-07    1.002341e-06    -1.347019e-06
-5.512642e-06    -3.586322e-06    -1.997255e-06    3.469149e-07    8.921054e-06    -1.019945e-06    1.376126e-05    7.27163e-06    -5.312984e-06    -6.64568e-06    2.463635e-06    -7.074454e-06    -8.214413e-06    2.156731e-06    5.236181e-06
-4.954072e-06    -1.894365e-06    -2.984274e-06    -7.761687e-07    8.208652e-06    -3.484572e-06    7.27163e-06    9.840838e-06    -2.098703e-06    -6.409223e-06    7.951821e-07    -4.368877e-06    -4.926651e-06    7.94792e-07    4.207716e-06
2.077872e-06    -2.835231e-08    -3.435726e-07    6.814649e-07    -1.899883e-06    4.533619e-07    -5.312984e-06    -2.098703e-06    4.494634e-06    9.966772e-07    -1.284476e-06    1.157076e-06    3.130173e-06    -3.023326e-07    -1.862962e-06
3.46285e-06    2.816209e-06    2.591035e-06    -4.34716e-07    -6.649659e-06    8.609967e-07    -6.64568e-06    -6.409223e-06    9.966772e-07    6.422314e-06    -1.000296e-06    4.87925e-06    4.534244e-06    -1.630617e-06    -3.076304e-06
-7.469196e-07    -9.179527e-07    2.072976e-08    7.676059e-07    5.827555e-07    3.56985e-07    2.463635e-06    7.951821e-07    -1.284476e-06    -1.000296e-06    3.084688e-06    -1.453245e-06    -3.664578e-06    1.030621e-06    8.550283e-07
2.881742e-06    3.968158e-06    2.317011e-06    -2.116253e-06    -5.947816e-06    -2.54519e-07    -7.074454e-06    -4.368877e-06    1.157076e-06    4.87925e-06    -1.453245e-06    7.948872e-06    4.720644e-06    -3.334925e-06    -2.589876e-06
3.504763e-06    2.535773e-06    1.037682e-06    -1.317975e-06    -5.178773e-06    3.272968e-07    -8.214413e-06    -4.926651e-06    3.130173e-06    4.534244e-06    -3.664578e-06    4.720644e-06    8.373818e-06    -1.932707e-06    -4.201023e-06
-4.371428e-07    -1.700422e-06    -1.052196e-06    1.164203e-06    1.526499e-06    1.002341e-06    2.156731e-06    7.94792e-07    -3.023326e-07    -1.630617e-06    1.030621e-06    -3.334925e-06    -1.932707e-06    3.151918e-06    -3.574882e-07
-2.967616e-06    -1.158702e-06    -8.740395e-07    9.798627e-08    4.310748e-06    -1.347019e-06    5.236181e-06    4.207716e-06    -1.862962e-06    -3.076304e-06    8.550283e-07    -2.589876e-06    -4.201023e-06    -3.574882e-07    4.389343e-06
