3.542222e-06    -1.019945e-06    -3.484572e-06    4.533619e-07    8.609967e-07    1.054481e-06    -4.837088e-07    3.616094e-07    1.180573e-06    -1.483656e-06
-1.019945e-06    1.376126e-05    7.27163e-06    -5.312984e-06    -6.64568e-06    1.655663e-06    -6.597435e-06    -9.489695e-06    7.434642e-07    6.548643e-06
-3.484572e-06    7.27163e-06    9.840838e-06    -2.098703e-06    -6.409223e-06    6.990355e-07    -4.116277e-06    -7.368349e-06    -3.059643e-07    5.716801e-06
4.533619e-07    -5.312984e-06    -2.098703e-06    4.494634e-06    9.966772e-07    -3.317751e-07    -7.657906e-07    2.35678e-06    1.43577e-06    -1.886893e-06
8.609967e-07    -6.64568e-06    -6.409223e-06    9.966772e-07    6.422314e-06    -1.273029e-06    5.432786e-06    6.69118e-06    -1.22508e-06    -4.363678e-06
1.054481e-06    1.655663e-06    6.990355e-07    -3.317751e-07    -1.273029e-06    3.535645e-06    -2.593624e-06    -4.360092e-06    1.270009e-06    1.338564e-06
-4.837088e-07    -6.597435e-06    -4.116277e-06    -7.657906e-07    5.432786e-06    -2.593624e-06    1.607521e-05    8.217366e-06    -7.258583e-06    -4.920429e-06
3.616094e-07    -9.489695e-06    -7.368349e-06    2.35678e-06    6.69118e-06    -4.360092e-06    8.217366e-06    1.316667e-05    -1.923214e-06    -7.950075e-06
1.180573e-06    7.434642e-07    -3.059643e-07    1.43577e-06    -1.22508e-06    1.270009e-06    -7.258583e-06    -1.923214e-06    5.376072e-06    -2.548979e-07
-1.483656e-06    6.548643e-06    5.716801e-06    -1.886893e-06    -4.363678e-06    1.338564e-06    -4.920429e-06    -7.950075e-06    -2.548979e-07    7.218052e-06
