6.083899e-06    -3.527483e-06    -7.850096e-06    1.566626e-06    1.638805e-06    8.880671e-08    5.304457e-06    3.527155e-06    -1.030758e-06    -3.711859e-06    1.489742e-06    -4.447464e-06    -3.852404e-06    1.849999e-06    2.040563e-06    -1.24084e-06    -1.631211e-06    -1.188111e-06    2.4823e-06    2.749126e-06
-3.527483e-06    9.916049e-06    1.608575e-06    -2.440016e-06    -1.727434e-06    2.403355e-07    -6.904975e-06    -3.725066e-06    3.293888e-06    3.259576e-06    -1.821063e-06    2.94123e-06    4.599769e-06    -9.494627e-07    -2.491912e-06    -6.193593e-07    2.573408e-06    1.72268e-06    -2.611629e-06    -9.884203e-07
-7.850096e-06    1.608575e-06    2.279692e-05    -6.019564e-06    -8.131292e-06    1.589045e-06    -9.663921e-06    -9.914409e-06    3.330697e-07    8.866462e-06    -7.714244e-07    8.706045e-06    5.474616e-06    -3.352726e-06    -3.976115e-06    1.370021e-06    3.158741e-06    4.963668e-06    -2.902088e-06    -8.013778e-06
1.566626e-06    -2.440016e-06    -6.019564e-06    4.554526e-06    2.284657e-06    -3.764334e-07    2.970194e-06    2.915847e-06    -2.405236e-08    -2.737383e-06    -1.503238e-07    -2.242396e-06    -1.309532e-06    6.646321e-07    1.226246e-06    7.872181e-07    -1.044998e-06    -1.825625e-06    5.92181e-07    1.305599e-06
1.638805e-06    -1.727434e-06    -8.131292e-06    2.284657e-06    5.33751e-06    -9.893636e-07    5.10199e-06    4.744499e-06    -1.026962e-06    -3.892444e-06    4.155663e-07    -3.204587e-06    -2.871145e-06    1.188979e-06    1.902602e-06    -9.330058e-08    -1.704327e-06    -2.944198e-06    8.009756e-07    3.713217e-06
8.880671e-08    2.403355e-07    1.589045e-06    -3.764334e-07    -9.893636e-07    3.542222e-06    -1.019945e-06    -3.484572e-06    4.533619e-07    8.609967e-07    3.56985e-07    -2.54519e-07    3.272968e-07    1.002341e-06    -1.347019e-06    -1.284404e-06    6.650102e-07    8.822859e-07    -3.531891e-08    -6.32143e-07
5.304457e-06    -6.904975e-06    -9.663921e-06    2.970194e-06    5.10199e-06    -1.019945e-06    1.376126e-05    7.27163e-06    -5.312984e-06    -6.64568e-06    2.463635e-06    -7.074454e-06    -8.214413e-06    2.156731e-06    5.236181e-06    3.298462e-08    -4.043516e-06    -4.730842e-06    2.921737e-06    6.586926e-06
3.527155e-06    -3.725066e-06    -9.914409e-06    2.915847e-06    4.744499e-06    -3.484572e-06    7.27163e-06    9.840838e-06    -2.098703e-06    -6.409223e-06    7.951821e-07    -4.368877e-06    -4.926651e-06    7.94792e-07    4.207716e-06    8.763444e-07    -3.374174e-06    -4.277468e-06    2.153537e-06    5.484314e-06
-1.030758e-06    3.293888e-06    3.330697e-07    -2.405236e-08    -1.026962e-06    4.533619e-07    -5.312984e-06    -2.098703e-06    4.494634e-06    9.966772e-07    -1.284476e-06    1.157076e-06    3.130173e-06    -3.023326e-07    -1.862962e-06    -9.449297e-07    1.363481e-06    1.480501e-06    -7.52433e-07    -1.302312e-06
-3.711859e-06    3.259576e-06    8.866462e-06    -2.737383e-06    -3.892444e-06    8.609967e-07    -6.64568e-06    -6.409223e-06    9.966772e-07    6.422314e-06    -1.000296e-06    4.87925e-06    4.534244e-06    -1.630617e-06    -3.076304e-06    3.624942e-07    2.588033e-06    3.297906e-06    -1.913566e-06    -4.896322e-06
1.489742e-06    -1.821063e-06    -7.714244e-07    -1.503238e-07    4.155663e-07    3.56985e-07    2.463635e-06    7.951821e-07    -1.284476e-06    -1.000296e-06    3.084688e-06    -1.453245e-06    -3.664578e-06    1.030621e-06    8.550283e-07    1.033932e-07    -9.392428e-07    -9.963785e-07    1.243142e-06    8.193826e-07
-4.447464e-06    2.94123e-06    8.706045e-06    -2.242396e-06    -3.204587e-06    -2.54519e-07    -7.074454e-06    -4.368877e-06    1.157076e-06    4.87925e-06    -1.453245e-06    7.948872e-06    4.720644e-06    -3.334925e-06    -2.589876e-06    1.301931e-06    2.343861e-06    2.499174e-06    -2.622152e-06    -4.681113e-06
-3.852404e-06    4.599769e-06    5.474616e-06    -1.309532e-06    -2.871145e-06    3.272968e-07    -8.214413e-06    -4.926651e-06    3.130173e-06    4.534244e-06    -3.664578e-06    4.720644e-06    8.373818e-06    -1.932707e-06    -4.201023e-06    -1.197216e-07    2.762759e-06    3.283126e-06    -2.767092e-06    -4.125061e-06
1.849999e-06    -9.494627e-07    -3.352726e-06    6.646321e-07    1.188979e-06    1.002341e-06    2.156731e-06    7.94792e-07    -3.023326e-07    -1.630617e-06    1.030621e-06    -3.334925e-06    -1.932707e-06    3.151918e-06    -3.574882e-07    -9.259817e-07    -7.424486e-07    -9.359439e-07    1.050317e-06    1.67885e-06
2.040563e-06    -2.491912e-06    -3.976115e-06    1.226246e-06    1.902602e-06    -1.347019e-06    5.236181e-06    4.207716e-06    -1.862962e-06    -3.076304e-06    8.550283e-07    -2.589876e-06    -4.201023e-06    -3.574882e-07    4.389343e-06    5.765663e-07    -1.887644e-06    -2.046333e-06    1.574641e-06    2.715854e-06
-1.24084e-06    -6.193593e-07    1.370021e-06    7.872181e-07    -9.330058e-08    -1.284404e-06    3.298462e-08    8.763444e-07    -9.449297e-07    3.624942e-07    1.033932e-07    1.301931e-06    -1.197216e-07    -9.259817e-07    5.765663e-07    4.002588e-06    -1.224321e-06    -1.88157e-06    2.219525e-07    -8.008506e-07
-1.631211e-06    2.573408e-06    3.158741e-06    -1.044998e-06    -1.704327e-06    6.650102e-07    -4.043516e-06    -3.374174e-06    1.363481e-06    2.588033e-06    -9.392428e-07    2.343861e-06    2.762759e-06    -7.424486e-07    -1.887644e-06    -1.224321e-06    4.522789e-06    2.2663e-06    -3.119028e-06    -2.141938e-06
-1.188111e-06    1.72268e-06    4.963668e-06    -1.825625e-06    -2.944198e-06    8.822859e-07    -4.730842e-06    -4.277468e-06    1.480501e-06    3.297906e-06    -9.963785e-07    2.499174e-06    3.283126e-06    -9.359439e-07    -2.046333e-06    -1.88157e-06    2.2663e-06    5.084414e-06    -1.095633e-06    -4.586901e-06
2.4823e-06    -2.611629e-06    -2.902088e-06    5.92181e-07    8.009756e-07    -3.531891e-08    2.921737e-06    2.153537e-06    -7.52433e-07    -1.913566e-06    1.243142e-06    -2.622152e-06    -2.767092e-06    1.050317e-06    1.574641e-06    2.219525e-07    -3.119028e-06    -1.095633e-06    4.012977e-06    5.345152e-07
2.749126e-06    -9.884203e-07    -8.013778e-06    1.305599e-06    3.713217e-06    -6.32143e-07    6.586926e-06    5.484314e-06    -1.302312e-06    -4.896322e-06    8.193826e-07    -4.681113e-06    -4.125061e-06    1.67885e-06    2.715854e-06    -8.008506e-07    -2.141938e-06    -4.586901e-06    5.345152e-07    7.937913e-06
