9.058368e-06    -1.225435e-05    -8.840395e-06    7.09576e-06    2.036562e-06    -2.268438e-07    -8.174544e-06    -4.387356e-06    2.185964e-06    4.806286e-06    -1.649994e-06    6.387669e-06    5.946465e-06    -2.192533e-06    -3.454384e-06
-1.225435e-05    2.640138e-05    1.169717e-05    -1.438958e-05    -3.910931e-06    -6.35762e-07    1.512117e-05    9.135265e-06    -3.707435e-06    -9.319659e-06    3.186505e-06    -1.175994e-05    -1.079126e-05    4.156334e-06    6.441898e-06
-8.840395e-06    1.169717e-05    1.287541e-05    -8.982866e-06    -3.87357e-06    5.312658e-07    8.499152e-06    5.051252e-06    -1.651222e-06    -5.632054e-06    2.133183e-06    -7.727202e-06    -6.732541e-06    2.928564e-06    3.738657e-06
7.09576e-06    -1.438958e-05    -8.982866e-06    1.120152e-05    2.183827e-06    -1.162243e-07    -8.769195e-06    -6.150116e-06    1.271539e-06    6.394889e-06    -1.473805e-06    7.601263e-06    6.02331e-06    -2.844971e-06    -3.647641e-06
2.036562e-06    -3.910931e-06    -3.87357e-06    2.183827e-06    2.902669e-06    4.73179e-07    -3.203096e-06    -2.37509e-06    1.116045e-06    1.967241e-06    -1.185628e-06    2.207349e-06    2.789509e-06    -8.706166e-07    -1.49712e-06
-2.268438e-07    -6.35762e-07    5.312658e-07    -1.162243e-07    4.73179e-07    3.542222e-06    -1.019945e-06    -3.484572e-06    4.533619e-07    8.609967e-07    3.56985e-07    -2.54519e-07    3.272968e-07    1.002341e-06    -1.347019e-06
-8.174544e-06    1.512117e-05    8.499152e-06    -8.769195e-06    -3.203096e-06    -1.019945e-06    1.376126e-05    7.27163e-06    -5.312984e-06    -6.64568e-06    2.463635e-06    -7.074454e-06    -8.214413e-06    2.156731e-06    5.236181e-06
-4.387356e-06    9.135265e-06    5.051252e-06    -6.150116e-06    -2.37509e-06    -3.484572e-06    7.27163e-06    9.840838e-06    -2.098703e-06    -6.409223e-06    7.951821e-07    -4.368877e-06    -4.926651e-06    7.94792e-07    4.207716e-06
2.185964e-06    -3.707435e-06    -1.651222e-06    1.271539e-06    1.116045e-06    4.533619e-07    -5.312984e-06    -2.098703e-06    4.494634e-06    9.966772e-07    -1.284476e-06    1.157076e-06    3.130173e-06    -3.023326e-07    -1.862962e-06
4.806286e-06    -9.319659e-06    -5.632054e-06    6.394889e-06    1.967241e-06    8.609967e-07    -6.64568e-06    -6.409223e-06    9.966772e-07    6.422314e-06    -1.000296e-06    4.87925e-06    4.534244e-06    -1.630617e-06    -3.076304e-06
-1.649994e-06    3.186505e-06    2.133183e-06    -1.473805e-06    -1.185628e-06    3.56985e-07    2.463635e-06    7.951821e-07    -1.284476e-06    -1.000296e-06    3.084688e-06    -1.453245e-06    -3.664578e-06    1.030621e-06    8.550283e-07
6.387669e-06    -1.175994e-05    -7.727202e-06    7.601263e-06    2.207349e-06    -2.54519e-07    -7.074454e-06    -4.368877e-06    1.157076e-06    4.87925e-06    -1.453245e-06    7.948872e-06    4.720644e-06    -3.334925e-06    -2.589876e-06
5.946465e-06    -1.079126e-05    -6.732541e-06    6.02331e-06    2.789509e-06    3.272968e-07    -8.214413e-06    -4.926651e-06    3.130173e-06    4.534244e-06    -3.664578e-06    4.720644e-06    8.373818e-06    -1.932707e-06    -4.201023e-06
-2.192533e-06    4.156334e-06    2.928564e-06    -2.844971e-06    -8.706166e-07    1.002341e-06    2.156731e-06    7.94792e-07    -3.023326e-07    -1.630617e-06    1.030621e-06    -3.334925e-06    -1.932707e-06    3.151918e-06    -3.574882e-07
-3.454384e-06    6.441898e-06    3.738657e-06    -3.647641e-06    -1.49712e-06    -1.347019e-06    5.236181e-06    4.207716e-06    -1.862962e-06    -3.076304e-06    8.550283e-07    -2.589876e-06    -4.201023e-06    -3.574882e-07    4.389343e-06
