3.221831e-06    1.472723e-06    1.00789e-06    -6.222068e-08    -4.383924e-06    -1.233324e-06    -4.259636e-06    -2.918269e-06    -1.154544e-07    2.795087e-06    1.535124e-06    -3.619719e-07    -4.894401e-08    1.189569e-06    -1.301627e-06    -2.118672e-06    2.518107e-06    5.093948e-06    -1.344069e-06    -2.537153e-06    -3.596006e-07    1.390708e-06    -4.647092e-07    1.136546e-06    2.018805e-07    1.477787e-06    -2.647365e-06    -2.198565e-06    1.258761e-06    8.747908e-07    3.215573e-06    -6.3988e-06    -5.26322e-06    2.384841e-06    3.17693e-06    -3.809763e-07    1.803918e-06    2.039629e-06    -1.163352e-06    -3.01418e-06
1.472723e-06    3.779681e-06    2.072725e-06    -1.450472e-06    -3.065462e-06    -1.127819e-06    -4.379461e-06    -2.633721e-06    -5.260243e-07    2.758596e-06    8.109923e-07    -2.861113e-07    -8.754331e-07    7.708648e-07    -8.762116e-08    -3.632229e-06    2.959217e-06    5.893529e-06    -1.941065e-06    -1.739426e-06    -6.31615e-08    -2.222876e-07    -1.967494e-07    1.376791e-06    3.384231e-07    1.252488e-07    -2.650297e-06    -1.032302e-06    1.309911e-06    9.214148e-07    -7.058383e-08    -3.055994e-06    -3.85484e-06    -2.759724e-07    3.495474e-06    1.298102e-06    1.165015e-06    5.449158e-07    -1.613542e-06    -1.927283e-06
1.00789e-06    2.072725e-06    2.764046e-06    -9.380762e-08    -3.339535e-06    -3.935223e-07    -3.33279e-06    -1.773122e-06    7.66511e-07    7.945206e-07    5.089133e-07    -5.36449e-07    -8.021797e-07    4.081426e-07    4.196452e-07    -2.149858e-06    1.320974e-06    5.78246e-06    -2.239213e-06    -1.775523e-06    5.871354e-07    -6.67945e-07    -1.147682e-06    1.478793e-06    3.180939e-07    2.809573e-07    -7.178192e-07    -8.399514e-07    5.128972e-07    2.874885e-07    -1.061594e-06    -2.319593e-06    -2.118032e-06    2.249755e-07    2.826905e-06    3.770379e-07    1.485335e-06    1.199617e-06    -1.258159e-06    -1.96461e-06
-6.222068e-08    -1.450472e-06    -9.380762e-08    2.212921e-06    1.22171e-06    1.846208e-07    1.273034e-06    1.654784e-06    1.08843e-06    -1.858826e-06    -4.349633e-07    -2.967951e-07    -6.560657e-08    -6.707284e-07    6.803716e-07    8.676088e-07    1.16137e-07    -1.191e-06    2.948583e-07    2.974014e-07    8.456297e-07    -1.135479e-06    -7.471575e-07    1.000173e-07    -1.531745e-08    -3.832763e-07    2.451789e-06    1.287486e-06    -1.345022e-06    -8.934429e-07    3.61862e-07    -9.525244e-08    6.302692e-07    1.516355e-06    -1.113537e-06    -8.034056e-07    -1.411622e-08    -1.407052e-07    3.624283e-07    8.020232e-07
-4.383924e-06    -3.065462e-06    -3.339535e-06    1.22171e-06    1.152996e-05    2.213577e-06    9.246918e-06    5.79014e-06    -1.340923e-06    -4.70961e-06    -3.34792e-06    5.514553e-07    8.649103e-07    -2.269219e-06    2.23591e-06    3.202509e-06    -2.847333e-06    -1.172466e-05    4.603923e-06    5.890403e-06    1.301112e-07    -2.304119e-06    1.40719e-06    -2.782727e-06    -3.552301e-07    -2.779575e-06    5.64226e-06    4.287978e-06    -3.081054e-06    -1.372384e-06    -3.077654e-06    8.868118e-06    8.290599e-06    -1.278946e-06    -6.929709e-06    3.728694e-07    -3.374782e-06    -4.41015e-06    1.580156e-06    6.387279e-06
-1.233324e-06    -1.127819e-06    -3.935223e-07    1.846208e-07    2.213577e-06    1.778666e-06    2.341663e-06    5.434211e-07    -6.647615e-07    -1.291184e-06    -1.057859e-06    3.060471e-07    2.746935e-07    -2.648521e-07    5.779964e-07    1.588835e-06    -1.314355e-06    -3.389645e-06    8.274648e-07    1.730429e-06    1.178503e-08    -1.040016e-07    1.729865e-07    -9.657337e-07    -1.339769e-07    -8.390016e-07    1.61697e-06    5.860927e-07    -8.614527e-07    4.965229e-08    -2.075275e-06    2.549573e-06    3.690088e-06    -1.947353e-07    -2.25376e-06    -2.896216e-07    -5.990572e-07    -5.704874e-07    3.095376e-07    1.462384e-06
-4.259636e-06    -4.379461e-06    -3.33279e-06    1.273034e-06    9.246918e-06    2.341663e-06    1.102258e-05    6.608946e-06    -5.668611e-07    -6.370907e-06    -3.518087e-06    -2.930434e-07    4.652652e-07    -1.996692e-06    2.92254e-06    4.719112e-06    -4.765622e-06    -1.136966e-05    3.492199e-06    5.69775e-06    8.252231e-07    -2.278733e-06    -1.036122e-07    -2.868211e-06    -1.713231e-07    -2.783132e-06    7.669996e-06    5.034107e-06    -3.35445e-06    -2.293695e-06    -3.586479e-06    9.15093e-06    9.136251e-06    -4.242648e-07    -7.728638e-06    -1.444469e-06    -3.67481e-06    -3.811335e-06    2.41698e-06    7.102686e-06
-2.918269e-06    -2.633721e-06    -1.773122e-06    1.654784e-06    5.79014e-06    5.434211e-07    6.608946e-06    6.058775e-06    1.095293e-06    -5.091285e-06    -1.876479e-06    -5.046534e-07    -4.712867e-07    -2.247121e-06    2.61155e-06    2.57664e-06    -1.910904e-06    -6.046945e-06    1.288977e-06    2.727474e-06    1.688915e-06    -2.84787e-06    -9.395799e-07    -1.246209e-06    2.557247e-08    -1.765202e-06    6.124854e-06    4.339917e-06    -2.746039e-06    -2.621444e-06    -1.944666e-06    6.210468e-06    5.332206e-06    -7.691399e-07    -4.462794e-06    -1.051399e-06    -2.525048e-06    -2.485908e-06    1.824534e-06    5.027202e-06
-1.154544e-07    -5.260243e-07    7.66511e-07    1.08843e-06    -1.340923e-06    -6.647615e-07    -5.668611e-07    1.095293e-06    3.045027e-06    -1.688355e-06    -2.296756e-07    -4.889309e-07    5.059238e-08    -5.180944e-07    5.511031e-07    4.144622e-07    9.559962e-07    5.282994e-07    -1.015834e-06    -9.398628e-07    1.201438e-06    -1.520274e-06    -9.436133e-07    8.21357e-07    -2.342927e-08    3.101076e-07    1.928252e-06    6.000327e-07    -9.223967e-07    -7.631732e-07    -6.175358e-07    4.493738e-07    -3.16496e-07    -9.538174e-08    5.119735e-07    -6.153388e-07    6.252516e-07    2.395363e-07    -9.889193e-08    2.719578e-07
2.795087e-06    2.758596e-06    7.945206e-07    -1.858826e-06    -4.70961e-06    -1.291184e-06    -6.370907e-06    -5.091285e-06    -1.688355e-06    6.923098e-06    2.422506e-06    1.139447e-06    3.392276e-07    1.32165e-06    -2.858835e-06    -3.438081e-06    1.629719e-06    6.213571e-06    -4.119287e-07    -2.53361e-06    -2.087051e-06    3.307577e-06    1.584048e-06    4.01813e-07    1.071534e-07    1.805608e-06    -6.944577e-06    -4.027446e-06    2.836463e-06    2.308958e-06    3.383085e-06    -5.952095e-06    -5.98854e-06    3.184975e-07    4.343517e-06    1.821063e-06    1.70677e-06    1.738804e-06    -1.726898e-06    -4.670772e-06
1.535124e-06    8.109923e-07    5.089133e-07    -4.349633e-07    -3.34792e-06    -1.057859e-06    -3.518087e-06    -1.876479e-06    -2.296756e-07    2.422506e-06    2.504367e-06    1.992461e-07    -2.406988e-07    5.373654e-07    -1.618165e-06    -1.333914e-06    1.282648e-06    3.29858e-06    -1.005844e-06    -2.100377e-06    -4.773405e-07    2.217696e-06    -1.700834e-07    5.7693e-07    2.572412e-08    1.994937e-06    -3.496708e-06    -2.741671e-06    1.734827e-06    7.330396e-07    2.636996e-06    -3.768213e-06    -3.571682e-06    1.660977e-07    2.556492e-06    -1.762729e-07    1.454956e-06    2.059216e-06    -3.912756e-07    -3.036957e-06
-3.619719e-07    -2.861113e-07    -5.36449e-07    -2.967951e-07    5.514553e-07    3.060471e-07    -2.930434e-07    -5.046534e-07    -4.889309e-07    1.139447e-06    1.992461e-07    9.371474e-07    4.622293e-07    -1.994899e-07    -7.296117e-07    1.464203e-07    -6.017748e-07    -7.662371e-07    8.08628e-07    2.306368e-07    -6.747369e-07    9.446475e-07    1.045693e-06    -7.027801e-07    -1.34665e-07    2.204124e-07    -1.300076e-06    -8.410457e-07    3.264441e-07    6.112474e-07    1.450428e-07    6.113162e-07    5.21387e-07    -6.828694e-07    -2.306639e-07    5.548117e-07    -8.571636e-08    1.353567e-08    -8.294482e-08    -4.292781e-07
-4.894401e-08    -8.754331e-07    -8.021797e-07    -6.560657e-08    8.649103e-07    2.746935e-07    4.652652e-07    -4.712867e-07    5.059238e-08    3.392276e-07    -2.406988e-07    4.622293e-07    1.411402e-06    1.914142e-07    -1.119967e-06    8.146032e-07    -5.620248e-07    -2.118273e-06    1.339529e-06    4.135363e-07    -9.057098e-07    1.014527e-06    9.387689e-07    -4.563924e-07    -2.27196e-07    7.561416e-07    -4.957585e-07    -1.194132e-06    -3.441891e-08    7.172531e-07    7.693284e-07    1.075473e-07    -3.693093e-08    -2.098277e-08    -4.038431e-07    1.115168e-07    2.151148e-07    -4.908322e-08    -2.129022e-07    -2.220379e-07
1.189569e-06    7.708648e-07    4.081426e-07    -6.707284e-07    -2.269219e-06    -2.648521e-07    -1.996692e-06    -2.247121e-06    -5.180944e-07    1.32165e-06    5.373654e-07    -1.994899e-07    1.914142e-07    1.37124e-06    -1.031754e-06    -3.383573e-07    5.787324e-07    1.493047e-06    -4.868167e-07    -9.816472e-07    -7.043899e-07    9.093715e-07    2.618947e-07    8.433561e-07    -6.954249e-08    5.362136e-07    -2.154618e-06    -1.244332e-06    1.119657e-06    8.365815e-07    1.033841e-06    -2.514372e-06    -2.019006e-06    4.995387e-07    1.410834e-06    1.563458e-07    7.659028e-07    8.359031e-07    -2.97498e-07    -1.717276e-06
-1.301627e-06    -8.762116e-08    4.196452e-07    6.803716e-07    2.23591e-06    5.779964e-07    2.92254e-06    2.61155e-06    5.511031e-07    -2.858835e-06    -1.618165e-06    -7.296117e-07    -1.119967e-06    -1.031754e-06    2.707302e-06    2.168313e-07    -1.085265e-07    -1.103953e-06    -4.863324e-07    1.536943e-06    1.57054e-06    -2.752528e-06    -1.160499e-06    -2.944498e-07    2.4867e-07    -1.972297e-06    4.046851e-06    3.125722e-06    -1.638579e-06    -1.35103e-06    -3.051659e-06    3.087054e-06    3.054981e-06    1.436352e-07    -1.969134e-06    -5.838316e-07    -9.851225e-07    -1.439885e-06    2.745302e-07    2.997411e-06
-2.118672e-06    -3.632229e-06    -2.149858e-06    8.676088e-07    3.202509e-06    1.588835e-06    4.719112e-06    2.57664e-06    4.144622e-07    -3.438081e-06    -1.333914e-06    1.464203e-07    8.146032e-07    -3.383573e-07    2.168313e-07    4.846512e-06    -3.17119e-06    -7.22107e-06    1.472102e-06    1.83625e-06    2.125108e-08    -4.412063e-07    3.901088e-07    -9.522609e-07    -4.53816e-07    -7.567718e-07    2.785596e-06    1.763348e-06    -1.366991e-06    -9.932995e-07    -1.061073e-06    4.811686e-06    5.00829e-06    -8.683452e-07    -4.017044e-06    -1.120959e-06    -1.692672e-06    -1.056219e-06    2.066655e-06    2.761585e-06
2.518107e-06    2.959217e-06    1.320974e-06    1.16137e-07    -2.847333e-06    -1.314355e-06    -4.765622e-06    -1.910904e-06    9.559962e-07    1.629719e-06    1.282648e-06    -6.017748e-07    -5.620248e-07    5.787324e-07    -1.085265e-07    -3.17119e-06    8.556381e-06    1.119122e-06    -1.623311e-06    -1.901348e-06    1.13093e-06    -2.556193e-07    -9.834434e-07    1.431371e-06    1.303068e-07    1.270696e-06    -1.217607e-06    -1.413384e-06    3.451374e-07    8.717612e-07    1.922424e-06    -5.516058e-06    -4.356172e-06    1.263557e-06    2.638473e-06    -4.976066e-07    2.419636e-06    1.326695e-06    -2.054688e-06    -1.211523e-06
5.093948e-06    5.893529e-06    5.78246e-06    -1.191e-06    -1.172466e-05    -3.389645e-06    -1.136966e-05    -6.046945e-06    5.282994e-07    6.213571e-06    3.29858e-06    -7.662371e-07    -2.118273e-06    1.493047e-06    -1.103953e-06    -7.22107e-06    1.119122e-06    2.161724e-05    -6.023637e-06    -7.180211e-06    -5.716906e-08    6.904945e-07    -1.738444e-06    3.598783e-06    1.009013e-06    1.757683e-06    -6.291207e-06    -3.628473e-06    3.410592e-06    1.038453e-06    2.521663e-06    -1.016609e-05    -1.14602e-05    1.773932e-06    1.004476e-05    1.531969e-06    3.316703e-06    4.116062e-06    -2.647265e-06    -7.767188e-06
-1.344069e-06    -1.941065e-06    -2.239213e-06    2.948583e-07    4.603923e-06    8.274648e-07    3.492199e-06    1.288977e-06    -1.015834e-06    -4.119287e-07    -1.005844e-06    8.08628e-07    1.339529e-06    -4.868167e-07    -4.863324e-07    1.472102e-06    -1.623311e-06    -6.023637e-06    3.428336e-06    2.507748e-06    -1.008943e-06    7.920371e-07    1.551463e-06    -1.663143e-06    -3.22105e-07    -2.095945e-07    5.539873e-07    2.7017e-07    -5.957354e-07    1.782367e-07    5.060143e-07    2.308405e-06    2.643104e-06    -2.796322e-07    -2.710315e-06    5.059627e-07    -1.190566e-06    -1.462263e-06    6.081337e-07    1.366206e-06
-2.537153e-06    -1.739426e-06    -1.775523e-06    2.974014e-07    5.890403e-06    1.730429e-06    5.69775e-06    2.727474e-06    -9.398628e-07    -2.53361e-06    -2.100377e-06    2.306368e-07    4.135363e-07    -9.816472e-07    1.536943e-06    1.83625e-06    -1.901348e-06    -7.180211e-06    2.507748e-06    4.05552e-06    4.492525e-08    -9.995081e-07    6.22409e-07    -1.917069e-06    -1.754088e-07    -1.876995e-06    3.501482e-06    2.405669e-06    -1.687389e-06    -4.827938e-07    -2.878346e-06    5.180779e-06    5.477338e-06    -2.91179e-07    -4.399009e-06    -1.541171e-07    -1.731269e-06    -2.512491e-06    6.834525e-07    3.830466e-06
-3.596006e-07    -6.31615e-08    5.871354e-07    8.456297e-07    1.301112e-07    1.178503e-08    8.252231e-07    1.688915e-06    1.201438e-06    -2.087051e-06    -4.773405e-07    -6.747369e-07    -9.057098e-07    -7.043899e-07    1.57054e-06    2.125108e-08    1.13093e-06    -5.716906e-08    -1.008943e-06    4.492525e-08    1.624614e-06    -1.651357e-06    -1.449499e-06    2.050156e-07    1.474645e-07    -6.277691e-07    2.681968e-06    1.648717e-06    -1.076685e-06    -1.151871e-06    -1.24998e-06    8.514216e-07    1.252996e-06    2.078652e-07    -5.432938e-07    -8.167484e-07    -2.28865e-07    -1.375361e-07    2.481387e-07    1.385197e-06
1.390708e-06    -2.222876e-07    -6.67945e-07    -1.135479e-06    -2.304119e-06    -1.040016e-07    -2.278733e-06    -2.84787e-06    -1.520274e-06    3.307577e-06    2.217696e-06    9.446475e-07    1.014527e-06    9.093715e-07    -2.752528e-06    -4.412063e-07    -2.556193e-07    6.904945e-07    7.920371e-07    -9.995081e-07    -1.651357e-06    4.455742e-06    7.728614e-07    -8.38374e-07    -1.526351e-07    2.599852e-06    -4.389784e-06    -4.313282e-06    2.069668e-06    1.730568e-06    3.110401e-06    -3.473454e-06    -2.477087e-06    1.862797e-07    1.564008e-06    -2.089634e-07    1.211972e-06    2.216313e-06    -3.724504e-07    -3.279189e-06
-4.647092e-07    -1.967494e-07    -1.147682e-06    -7.471575e-07    1.40719e-06    1.729865e-07    -1.036122e-07    -9.395799e-07    -9.436133e-07    1.584048e-06    -1.700834e-07    1.045693e-06    9.387689e-07    2.618947e-07    -1.160499e-06    3.901088e-07    -9.834434e-07    -1.738444e-06    1.551463e-06    6.22409e-07    -1.449499e-06    7.728614e-07    2.193761e-06    -6.233879e-07    -2.993434e-07    -1.366333e-07    -2.212668e-06    -6.861567e-07    6.189288e-07    1.023563e-06    4.007222e-07    9.815552e-07    1.735645e-07    -8.730979e-07    -4.099726e-07    1.194712e-06    -3.642455e-07    -7.11679e-07    2.51994e-08    -3.205072e-07
1.136546e-06    1.376791e-06    1.478793e-06    1.000173e-07    -2.782727e-06    -9.657337e-07    -2.868211e-06    -1.246209e-06    8.21357e-07    4.01813e-07    5.7693e-07    -7.027801e-07    -4.563924e-07    8.433561e-07    -2.944498e-07    -9.522609e-07    1.431371e-06    3.598783e-06    -1.663143e-06    -1.917069e-06    2.050156e-07    -8.38374e-07    -6.233879e-07    2.067907e-06    7.556469e-08    3.451496e-07    -1.022498e-06    -1.822946e-07    5.911618e-07    -8.772067e-08    7.064976e-07    -2.48973e-06    -2.695314e-06    1.652792e-07    2.335658e-06    4.382668e-07    9.332555e-07    6.785087e-07    -4.235147e-07    -1.616981e-06
2.018805e-07    3.384231e-07    3.180939e-07    -1.531745e-08    -3.552301e-07    -1.339769e-07    -1.713231e-07    2.557247e-08    -2.342927e-08    1.071534e-07    2.572412e-08    -1.34665e-07    -2.27196e-07    -6.954249e-08    2.4867e-07    -4.53816e-07    1.303068e-07    1.009013e-06    -3.22105e-07    -1.754088e-07    1.474645e-07    -1.526351e-07    -2.993434e-07    7.556469e-08    1.398972e-07    -5.545747e-08    1.899617e-07    9.497691e-08    -9.462432e-09    -9.069841e-08    -5.332425e-08    -3.416191e-07    -3.840871e-07    2.016259e-07    2.869473e-07    -4.598335e-08    5.199589e-08    7.33897e-08    -1.71845e-07    -4.181976e-08
1.477787e-06    1.252488e-07    2.809573e-07    -3.832763e-07    -2.779575e-06    -8.390016e-07    -2.783132e-06    -1.765202e-06    3.101076e-07    1.805608e-06    1.994937e-06    2.204124e-07    7.561416e-07    5.362136e-07    -1.972297e-06    -7.567718e-07    1.270696e-06    1.757683e-06    -2.095945e-07    -1.876995e-06    -6.277691e-07    2.599852e-06    -1.366333e-07    3.451496e-07    -5.545747e-08    2.757829e-06    -2.81784e-06    -3.522087e-06    1.399447e-06    9.324308e-07    2.874681e-06    -3.662647e-06    -3.15296e-06    1.45161e-07    2.241635e-06    -4.348242e-07    1.710294e-06    2.187827e-06    -6.714546e-07    -2.917018e-06
-2.647365e-06    -2.650297e-06    -7.178192e-07    2.451789e-06    5.64226e-06    1.61697e-06    7.669996e-06    6.124854e-06    1.928252e-06    -6.944577e-06    -3.496708e-06    -1.300076e-06    -4.957585e-07    -2.154618e-06    4.046851e-06    2.785596e-06    -1.217607e-06    -6.291207e-06    5.539873e-07    3.501482e-06    2.681968e-06    -4.389784e-06    -2.212668e-06    -1.022498e-06    1.899617e-07    -2.81784e-06    9.621951e-06    5.576157e-06    -4.307348e-06    -2.862941e-06    -4.239446e-06    6.279472e-06    6.685422e-06    9.632521e-07    -5.285702e-06    -1.992867e-06    -2.193592e-06    -2.757575e-06    1.151177e-06    6.460103e-06
-2.198565e-06    -1.032302e-06    -8.399514e-07    1.287486e-06    4.287978e-06    5.860927e-07    5.034107e-06    4.339917e-06    6.000327e-07    -4.027446e-06    -2.741671e-06    -8.410457e-07    -1.194132e-06    -1.244332e-06    3.125722e-06    1.763348e-06    -1.413384e-06    -3.628473e-06    2.7017e-07    2.405669e-06    1.648717e-06    -4.313282e-06    -6.861567e-07    -1.822946e-07    9.497691e-08    -3.522087e-06    5.576157e-06    5.910446e-06    -2.602313e-06    -2.504339e-06    -3.057865e-06    5.330913e-06    4.614905e-06    -2.070178e-07    -3.597811e-06    -1.985789e-08    -2.821106e-06    -3.202209e-06    1.587886e-06    4.933563e-06
1.258761e-06    1.309911e-06    5.128972e-07    -1.345022e-06    -3.081054e-06    -8.614527e-07    -3.35445e-06    -2.746039e-06    -9.223967e-07    2.836463e-06    1.734827e-06    3.264441e-07    -3.441891e-08    1.119657e-06    -1.638579e-06    -1.366991e-06    3.451374e-07    3.410592e-06    -5.957354e-07    -1.687389e-06    -1.076685e-06    2.069668e-06    6.189288e-07    5.911618e-07    -9.462432e-09    1.399447e-06    -4.307348e-06    -2.602313e-06    2.233165e-06    1.17423e-06    1.787183e-06    -3.021084e-06    -3.112213e-06    -4.234075e-07    2.561718e-06    6.272971e-07    1.079215e-06    1.487763e-06    -4.434264e-07    -3.078142e-06
8.747908e-07    9.214148e-07    2.874885e-07    -8.934429e-07    -1.372384e-06    4.965229e-08    -2.293695e-06    -2.621444e-06    -7.631732e-07    2.308958e-06    7.330396e-07    6.112474e-07    7.172531e-07    8.365815e-07    -1.35103e-06    -9.932995e-07    8.717612e-07    1.038453e-06    1.782367e-07    -4.827938e-07    -1.151871e-06    1.730568e-06    1.023563e-06    -8.772067e-08    -9.069841e-08    9.324308e-07    -2.862941e-06    -2.504339e-06    1.17423e-06    1.796685e-06    6.281518e-07    -1.99375e-06    -1.916853e-06    2.217568e-07    1.242548e-06    3.456996e-07    1.321073e-06    8.939174e-07    -1.116065e-06    -1.869764e-06
3.215573e-06    -7.058383e-08    -1.061594e-06    3.61862e-07    -3.077654e-06    -2.075275e-06    -3.586479e-06    -1.944666e-06    -6.175358e-07    3.383085e-06    2.636996e-06    1.450428e-07    7.693284e-07    1.033841e-06    -3.051659e-06    -1.061073e-06    1.922424e-06    2.521663e-06    5.060143e-07    -2.878346e-06    -1.24998e-06    3.110401e-06    4.007222e-07    7.064976e-07    -5.332425e-08    2.874681e-06    -4.239446e-06    -3.057865e-06    1.787183e-06    6.281518e-07    7.279184e-06    -7.091918e-06    -6.546919e-06    1.918895e-06    2.796413e-06    -3.066008e-07    1.165225e-06    2.160559e-06    -6.264284e-09    -3.646161e-06
-6.3988e-06    -3.055994e-06    -2.319593e-06    -9.525244e-08    8.868118e-06    2.549573e-06    9.15093e-06    6.210468e-06    4.493738e-07    -5.952095e-06    -3.768213e-06    6.113162e-07    1.075473e-07    -2.514372e-06    3.087054e-06    4.811686e-06    -5.516058e-06    -1.016609e-05    2.308405e-06    5.180779e-06    8.514216e-07    -3.473454e-06    9.815552e-07    -2.48973e-06    -3.416191e-07    -3.662647e-06    6.279472e-06    5.330913e-06    -3.021084e-06    -1.99375e-06    -7.091918e-06    1.40529e-05    1.067169e-05    -4.70727e-06    -6.801486e-06    4.898547e-07    -4.149072e-06    -4.590864e-06    2.481849e-06    7.201514e-06
-5.26322e-06    -3.85484e-06    -2.118032e-06    6.302692e-07    8.290599e-06    3.690088e-06    9.136251e-06    5.332206e-06    -3.16496e-07    -5.98854e-06    -3.571682e-06    5.21387e-07    -3.693093e-08    -2.019006e-06    3.054981e-06    5.00829e-06    -4.356172e-06    -1.14602e-05    2.643104e-06    5.477338e-06    1.252996e-06    -2.477087e-06    1.735645e-07    -2.695314e-06    -3.840871e-07    -3.15296e-06    6.685422e-06    4.614905e-06    -3.112213e-06    -1.916853e-06    -6.546919e-06    1.067169e-05    1.274359e-05    -2.571312e-06    -7.561407e-06    -4.221621e-07    -3.529227e-06    -3.240288e-06    2.230128e-06    6.368059e-06
2.384841e-06    -2.759724e-07    2.249755e-07    1.516355e-06    -1.278946e-06    -1.947353e-07    -4.242648e-07    -7.691399e-07    -9.538174e-08    3.184975e-07    1.660977e-07    -6.828694e-07    -2.098277e-08    4.995387e-07    1.436352e-07    -8.683452e-07    1.263557e-06    1.773932e-06    -2.796322e-07    -2.91179e-07    2.078652e-07    1.862797e-07    -8.730979e-07    1.652792e-07    2.016259e-07    1.45161e-07    9.632521e-07    -2.070178e-07    -4.234075e-07    2.217568e-07    1.918895e-06    -4.70727e-06    -2.571312e-06    4.453765e-06    9.258802e-08    -1.584089e-06    1.264245e-06    9.339634e-07    -8.178707e-07    -5.775013e-07
3.17693e-06    3.495474e-06    2.826905e-06    -1.113537e-06    -6.929709e-06    -2.25376e-06    -7.728638e-06    -4.462794e-06    5.119735e-07    4.343517e-06    2.556492e-06    -2.306639e-07    -4.038431e-07    1.410834e-06    -1.969134e-06    -4.017044e-06    2.638473e-06    1.004476e-05    -2.710315e-06    -4.399009e-06    -5.432938e-07    1.564008e-06    -4.099726e-07    2.335658e-06    2.869473e-07    2.241635e-06    -5.285702e-06    -3.597811e-06    2.561718e-06    1.242548e-06    2.796413e-06    -6.801486e-06    -7.561407e-06    9.258802e-08    6.557235e-06    1.267831e-06    2.441412e-06    2.730151e-06    -1.647219e-06    -5.438145e-06
-3.809763e-07    1.298102e-06    3.770379e-07    -8.034056e-07    3.728694e-07    -2.896216e-07    -1.444469e-06    -1.051399e-06    -6.153388e-07    1.821063e-06    -1.762729e-07    5.548117e-07    1.115168e-07    1.563458e-07    -5.838316e-07    -1.120959e-06    -4.976066e-07    1.531969e-06    5.059627e-07    -1.541171e-07    -8.167484e-07    -2.089634e-07    1.194712e-06    4.382668e-07    -4.598335e-08    -4.348242e-07    -1.992867e-06    -1.985789e-08    6.272971e-07    3.456996e-07    -3.066008e-07    4.898547e-07    -4.221621e-07    -1.584089e-06    1.267831e-06    2.303782e-06    -5.224286e-07    -8.459685e-07    -2.300365e-07    -9.168202e-07
1.803918e-06    1.165015e-06    1.485335e-06    -1.411622e-08    -3.374782e-06    -5.990572e-07    -3.67481e-06    -2.525048e-06    6.252516e-07    1.70677e-06    1.454956e-06    -8.571636e-08    2.151148e-07    7.659028e-07    -9.851225e-07    -1.692672e-06    2.419636e-06    3.316703e-06    -1.190566e-06    -1.731269e-06    -2.28865e-07    1.211972e-06    -3.642455e-07    9.332555e-07    5.199589e-08    1.710294e-06    -2.193592e-06    -2.821106e-06    1.079215e-06    1.321073e-06    1.165225e-06    -4.149072e-06    -3.529227e-06    1.264245e-06    2.441412e-06    -5.224286e-07    2.565348e-06    1.960738e-06    -1.609865e-06    -2.702971e-06
2.039629e-06    5.449158e-07    1.199617e-06    -1.407052e-07    -4.41015e-06    -5.704874e-07    -3.811335e-06    -2.485908e-06    2.395363e-07    1.738804e-06    2.059216e-06    1.353567e-08    -4.908322e-08    8.359031e-07    -1.439885e-06    -1.056219e-06    1.326695e-06    4.116062e-06    -1.462263e-06    -2.512491e-06    -1.375361e-07    2.216313e-06    -7.11679e-07    6.785087e-07    7.33897e-08    2.187827e-06    -2.757575e-06    -3.202209e-06    1.487763e-06    8.939174e-07    2.160559e-06    -4.590864e-06    -3.240288e-06    9.339634e-07    2.730151e-06    -8.459685e-07    1.960738e-06    2.940409e-06    -6.760558e-07    -3.466035e-06
-1.163352e-06    -1.613542e-06    -1.258159e-06    3.624283e-07    1.580156e-06    3.095376e-07    2.41698e-06    1.824534e-06    -9.889193e-08    -1.726898e-06    -3.912756e-07    -8.294482e-08    -2.129022e-07    -2.97498e-07    2.745302e-07    2.066655e-06    -2.054688e-06    -2.647265e-06    6.081337e-07    6.834525e-07    2.481387e-07    -3.724504e-07    2.51994e-08    -4.235147e-07    -1.71845e-07    -6.714546e-07    1.151177e-06    1.587886e-06    -4.434264e-07    -1.116065e-06    -6.264284e-09    2.481849e-06    2.230128e-06    -8.178707e-07    -1.647219e-06    -2.300365e-07    -1.609865e-06    -6.760558e-07    1.788099e-06    1.273985e-06
-3.01418e-06    -1.927283e-06    -1.96461e-06    8.020232e-07    6.387279e-06    1.462384e-06    7.102686e-06    5.027202e-06    2.719578e-07    -4.670772e-06    -3.036957e-06    -4.292781e-07    -2.220379e-07    -1.717276e-06    2.997411e-06    2.761585e-06    -1.211523e-06    -7.767188e-06    1.366206e-06    3.830466e-06    1.385197e-06    -3.279189e-06    -3.205072e-07    -1.616981e-06    -4.181976e-08    -2.917018e-06    6.460103e-06    4.933563e-06    -3.078142e-06    -1.869764e-06    -3.646161e-06    7.201514e-06    6.368059e-06    -5.775013e-07    -5.438145e-06    -9.168202e-07    -2.702971e-06    -3.466035e-06    1.273985e-06    6.452158e-06
