7.481787e-06    2.106806e-06    -3.077257e-06    -1.156732e-06    -1.265952e-06    5.169142e-07    2.272261e-06    1.993379e-06    1.146361e-07    -2.899835e-06    -2.79458e-07    -6.226356e-07    -5.772586e-07    2.030248e-07    1.584096e-06
2.106806e-06    1.494939e-05    6.508715e-06    -2.827156e-06    -5.976005e-06    2.055349e-06    8.699392e-06    6.980027e-06    -5.644749e-07    -1.00855e-05    -1.390945e-06    -3.683762e-06    -3.93056e-06    2.407905e-06    7.243588e-06
-3.077257e-06    6.508715e-06    1.065716e-05    1.27674e-06    -6.33017e-06    1.809273e-06    5.7606e-06    4.122542e-06    -2.876308e-07    -6.237027e-06    -1.071047e-06    -2.581779e-06    -2.497797e-06    1.988813e-06    4.993355e-06
-1.156732e-06    -2.827156e-06    1.27674e-06    7.010674e-06    -2.997433e-06    8.871959e-07    1.118801e-07    -3.563746e-07    5.230161e-07    -7.664322e-07    -7.402617e-07    5.525694e-07    3.21334e-07    1.974359e-08    2.586588e-07
-1.265952e-06    -5.976005e-06    -6.33017e-06    -2.997433e-06    1.015424e-05    -1.924871e-06    -6.486707e-06    -4.56315e-06    -2.272027e-07    7.04045e-06    1.829711e-06    1.828359e-06    1.825239e-06    -1.823053e-06    -4.77093e-06
5.169142e-07    2.055349e-06    1.809273e-06    8.871959e-07    -1.924871e-06    6.40453e-06    1.805346e-06    -1.789783e-06    3.080078e-09    -3.085656e-06    -6.560894e-08    -6.54855e-07    -1.174165e-06    4.424348e-07    2.021903e-06
2.272261e-06    8.699392e-06    5.7606e-06    1.118801e-07    -6.486707e-06    1.805346e-06    1.318194e-05    6.971675e-06    -3.502478e-06    -9.198236e-06    -1.081987e-06    -3.194677e-06    -3.361776e-06    2.238338e-06    6.216886e-06
1.993379e-06    6.980027e-06    4.122542e-06    -3.563746e-07    -4.56315e-06    -1.789783e-06    6.971675e-06    1.050383e-05    -7.422984e-07    -9.049029e-06    -5.726965e-07    -3.006883e-06    -2.507672e-06    2.103888e-06    4.516348e-06
1.146361e-07    -5.644749e-07    -2.876308e-07    5.230161e-07    -2.272027e-07    3.080078e-09    -3.502478e-06    -7.422984e-07    5.972233e-06    -1.824118e-06    -1.340807e-07    2.771992e-07    1.244574e-07    -3.071829e-07    3.319786e-07
-2.899835e-06    -1.00855e-05    -6.237027e-06    -7.664322e-07    7.04045e-06    -3.085656e-06    -9.198236e-06    -9.049029e-06    -1.824118e-06    1.634509e-05    4.211424e-07    4.009545e-06    4.672319e-06    -2.402497e-06    -7.803914e-06
-2.79458e-07    -1.390945e-06    -1.071047e-06    -7.402617e-07    1.829711e-06    -6.560894e-08    -1.081987e-06    -5.726965e-07    -1.340807e-07    4.211424e-07    5.372935e-06    -1.048605e-06    -3.038114e-06    1.074588e-07    -8.356004e-07
-6.226356e-07    -3.683762e-06    -2.581779e-06    5.525694e-07    1.828359e-06    -6.54855e-07    -3.194677e-06    -3.006883e-06    2.771992e-07    4.009545e-06    -1.048605e-06    6.412761e-06    2.074921e-06    -4.802022e-06    -1.870294e-06
-5.772586e-07    -3.93056e-06    -2.497797e-06    3.21334e-07    1.825239e-06    -1.174165e-06    -3.361776e-06    -2.507672e-06    1.244574e-07    4.672319e-06    -3.038114e-06    2.074921e-06    6.704207e-06    -6.723546e-07    -5.456442e-06
2.030248e-07    2.407905e-06    1.988813e-06    1.974359e-08    -1.823053e-06    4.424348e-07    2.238338e-06    2.103888e-06    -3.071829e-07    -2.402497e-06    1.074588e-07    -4.802022e-06    -6.723546e-07    7.346948e-06    -1.715072e-06
1.584096e-06    7.243588e-06    4.993355e-06    2.586588e-07    -4.77093e-06    2.021903e-06    6.216886e-06    4.516348e-06    3.319786e-07    -7.803914e-06    -8.356004e-07    -1.870294e-06    -5.456442e-06    -1.715072e-06    1.090784e-05
