5.822814e-06    1.144062e-06    -3.347841e-07    5.3992e-07    -4.367985e-06    -8.445206e-07    -4.597568e-06    -3.407797e-06    2.927913e-08    2.917351e-06    -1.648888e-06    3.065744e-06    4.559572e-06    -1.024209e-06    -2.775161e-06    -4.668993e-07    1.83322e-06    2.069394e-06    -1.177078e-06    -2.933617e-06
1.144062e-06    6.940317e-06    2.053654e-06    -4.019397e-06    -2.213134e-06    -1.706765e-06    -4.471328e-06    -2.535129e-06    -7.888725e-07    3.128338e-06    -4.673045e-06    4.000344e-06    6.84703e-06    -2.993073e-06    -1.688404e-06    1.232961e-06    1.118725e-06    6.100088e-07    -1.616778e-06    -1.926899e-06
-3.347841e-07    2.053654e-06    6.090265e-06    2.954975e-07    -5.512376e-06    -8.456961e-07    -3.608695e-06    -1.798078e-06    6.760955e-07    1.158326e-06    -3.022449e-06    1.590705e-06    7.550241e-06    -3.032365e-06    -2.020025e-06    4.11088e-07    1.492643e-06    1.156638e-06    -1.292632e-06    -1.936726e-06
5.3992e-07    -4.019397e-06    2.954975e-07    7.617706e-06    -1.904709e-06    8.833448e-07    6.361723e-07    9.819947e-07    1.470218e-06    -1.777695e-06    1.245046e-06    9.393579e-08    -1.326713e-06    1.398185e-06    -2.115804e-07    -7.097075e-07    3.229972e-08    -1.950957e-07    2.765126e-07    7.846128e-07
-4.367985e-06    -2.213134e-06    -5.512376e-06    -1.904709e-06    1.682544e-05    2.341139e-06    1.022423e-05    6.301385e-06    -1.660814e-06    -5.232966e-06    3.687548e-06    -3.654954e-06    -1.305962e-05    4.833105e-06    6.684219e-06    3.783606e-07    -3.430921e-06    -4.356023e-06    1.666386e-06    6.210474e-06
-8.445206e-07    -1.706765e-06    -8.456961e-07    8.833448e-07    2.341139e-06    7.481787e-06    2.106806e-06    -3.077257e-06    -1.156732e-06    -1.265952e-06    1.975221e-06    -1.338736e-06    -3.741022e-06    1.091287e-06    1.694568e-06    -2.79458e-07    -6.226356e-07    -5.772586e-07    2.030248e-07    1.584096e-06
-4.597568e-06    -4.471328e-06    -3.608695e-06    6.361723e-07    1.022423e-05    2.106806e-06    1.494939e-05    6.508715e-06    -2.827156e-06    -5.976005e-06    4.833698e-06    -5.091686e-06    -1.169407e-05    3.584717e-06    5.825425e-06    -1.390945e-06    -3.683762e-06    -3.93056e-06    2.407905e-06    7.243588e-06
-3.407797e-06    -2.535129e-06    -1.798078e-06    9.819947e-07    6.301385e-06    -3.077257e-06    6.508715e-06    1.065716e-05    1.27674e-06    -6.33017e-06    2.561179e-06    -2.191134e-06    -6.186009e-06    1.240668e-06    2.857781e-06    -1.071047e-06    -2.581779e-06    -2.497797e-06    1.988813e-06    4.993355e-06
2.927913e-08    -7.888725e-07    6.760955e-07    1.470218e-06    -1.660814e-06    -1.156732e-06    -2.827156e-06    1.27674e-06    7.010674e-06    -2.997433e-06    5.794173e-07    8.093126e-07    3.979584e-07    -8.730004e-07    -9.268243e-07    -7.402617e-07    5.525694e-07    3.21334e-07    1.974359e-08    2.586588e-07
2.917351e-06    3.128338e-06    1.158326e-06    -1.777695e-06    -5.232966e-06    -1.265952e-06    -5.976005e-06    -6.33017e-06    -2.997433e-06    1.015424e-05    -3.651903e-06    1.915062e-06    6.675126e-06    -5.661919e-07    -2.685341e-06    1.829711e-06    1.828359e-06    1.825239e-06    -1.823053e-06    -4.77093e-06
-1.648888e-06    -4.673045e-06    -3.022449e-06    1.245046e-06    3.687548e-06    1.975221e-06    4.833698e-06    2.561179e-06    5.794173e-07    -3.651903e-06    8.042005e-06    -4.810785e-06    -8.391052e-06    1.675909e-06    1.544941e-06    -1.584675e-06    -1.781617e-06    -6.321215e-07    2.457271e-06    2.787715e-06
3.065744e-06    4.000344e-06    1.590705e-06    9.393579e-08    -3.654954e-06    -1.338736e-06    -5.091686e-06    -2.191134e-06    8.093126e-07    1.915062e-06    -4.810785e-06    1.91187e-05    -4.663881e-06    -3.463173e-06    -7.922267e-07    -3.685812e-07    2.643078e-06    1.190894e-06    -2.368185e-06    -7.346208e-07
4.559572e-06    6.84703e-06    7.550241e-06    -1.326713e-06    -1.305962e-05    -3.741022e-06    -1.169407e-05    -6.186009e-06    3.979584e-07    6.675126e-06    -8.391052e-06    -4.663881e-06    3.147253e-05    -7.028738e-06    -9.613422e-06    1.340956e-06    3.389165e-06    4.677276e-06    -2.355926e-06    -8.565458e-06
-1.024209e-06    -2.993073e-06    -3.032365e-06    1.398185e-06    4.833105e-06    1.091287e-06    3.584717e-06    1.240668e-06    -8.730004e-07    -5.661919e-07    1.675909e-06    -3.463173e-06    -7.028738e-06    7.032057e-06    2.004882e-06    1.067932e-06    -7.073638e-07    -1.604515e-06    2.870819e-08    9.374238e-07
-2.775161e-06    -1.688404e-06    -2.020025e-06    -2.115804e-07    6.684219e-06    1.694568e-06    5.825425e-06    2.857781e-06    -9.268243e-07    -2.685341e-06    1.544941e-06    -7.922267e-07    -9.613422e-06    2.004882e-06    6.251922e-06    -1.836587e-07    -2.056933e-06    -2.753645e-06    6.938187e-07    3.897065e-06
-4.668993e-07    1.232961e-06    4.11088e-07    -7.097075e-07    3.783606e-07    -2.79458e-07    -1.390945e-06    -1.071047e-06    -7.402617e-07    1.829711e-06    -1.584675e-06    -3.685812e-07    1.340956e-06    1.067932e-06    -1.836587e-07    5.372935e-06    -1.048605e-06    -3.038114e-06    1.074588e-07    -8.356004e-07
1.83322e-06    1.118725e-06    1.492643e-06    3.229972e-08    -3.430921e-06    -6.226356e-07    -3.683762e-06    -2.581779e-06    5.525694e-07    1.828359e-06    -1.781617e-06    2.643078e-06    3.389165e-06    -7.073638e-07    -2.056933e-06    -1.048605e-06    6.412761e-06    2.074921e-06    -4.802022e-06    -1.870294e-06
2.069394e-06    6.100088e-07    1.156638e-06    -1.950957e-07    -4.356023e-06    -5.772586e-07    -3.93056e-06    -2.497797e-06    3.21334e-07    1.825239e-06    -6.321215e-07    1.190894e-06    4.677276e-06    -1.604515e-06    -2.753645e-06    -3.038114e-06    2.074921e-06    6.704207e-06    -6.723546e-07    -5.456442e-06
-1.177078e-06    -1.616778e-06    -1.292632e-06    2.765126e-07    1.666386e-06    2.030248e-07    2.407905e-06    1.988813e-06    1.974359e-08    -1.823053e-06    2.457271e-06    -2.368185e-06    -2.355926e-06    2.870819e-08    6.938187e-07    1.074588e-07    -4.802022e-06    -6.723546e-07    7.346948e-06    -1.715072e-06
-2.933617e-06    -1.926899e-06    -1.936726e-06    7.846128e-07    6.210474e-06    1.584096e-06    7.243588e-06    4.993355e-06    2.586588e-07    -4.77093e-06    2.787715e-06    -7.346208e-07    -8.565458e-06    9.374238e-07    3.897065e-06    -8.356004e-07    -1.870294e-06    -5.456442e-06    -1.715072e-06    1.090784e-05
