7.481787e-06    2.106806e-06    -3.077257e-06    -1.156732e-06    -1.265952e-06    -1.106764e-07    1.511264e-07    -4.570303e-07    -5.188938e-07    4.916194e-07    1.975221e-06    -1.338736e-06    -3.741022e-06    1.091287e-06    1.694568e-06    -2.79458e-07    -6.226356e-07    -5.772586e-07    2.030248e-07    1.584096e-06
2.106806e-06    1.494939e-05    6.508715e-06    -2.827156e-06    -5.976005e-06    -3.550887e-06    1.123906e-06    -1.333328e-07    -4.42485e-06    3.36049e-06    4.833698e-06    -5.091686e-06    -1.169407e-05    3.584717e-06    5.825425e-06    -1.390945e-06    -3.683762e-06    -3.93056e-06    2.407905e-06    7.243588e-06
-3.077257e-06    6.508715e-06    1.065716e-05    1.27674e-06    -6.33017e-06    -2.576548e-06    -4.494292e-07    -1.14388e-06    -2.670304e-06    3.567937e-06    2.561179e-06    -2.191134e-06    -6.186009e-06    1.240668e-06    2.857781e-06    -1.071047e-06    -2.581779e-06    -2.497797e-06    1.988813e-06    4.993355e-06
-1.156732e-06    -2.827156e-06    1.27674e-06    7.010674e-06    -2.997433e-06    8.091561e-07    -1.492824e-06    -2.582849e-06    4.394808e-07    1.802317e-06    5.794173e-07    8.093126e-07    3.979584e-07    -8.730004e-07    -9.268243e-07    -7.402617e-07    5.525694e-07    3.21334e-07    1.974359e-08    2.586588e-07
-1.265952e-06    -5.976005e-06    -6.33017e-06    -2.997433e-06    1.015424e-05    1.398546e-06    1.071563e-06    2.770939e-06    2.3093e-06    -3.948614e-06    -3.651903e-06    1.915062e-06    6.675126e-06    -5.661919e-07    -2.685341e-06    1.829711e-06    1.828359e-06    1.825239e-06    -1.823053e-06    -4.77093e-06
-1.106764e-07    -3.550887e-06    -2.576548e-06    8.091561e-07    1.398546e-06    5.986784e-06    -5.296229e-07    -3.377952e-06    3.889622e-07    -6.078117e-07    -3.441333e-07    1.746857e-06    2.319799e-06    -1.199349e-06    -1.887141e-06    1.425542e-07    1.103521e-06    8.864857e-07    -5.834542e-07    -1.603617e-06
1.511264e-07    1.123906e-06    -4.494292e-07    -1.492824e-06    1.071563e-06    -5.296229e-07    5.636718e-06    8.171368e-07    -3.663831e-06    -6.033849e-07    6.935143e-07    -2.678825e-06    -1.324661e-06    1.411444e-06    1.213819e-06    6.220229e-07    -4.292939e-07    -5.792725e-07    2.297105e-08    -7.036676e-08
-4.570303e-07    -1.333328e-07    -1.14388e-06    -2.582849e-06    2.770939e-06    -3.377952e-06    8.171368e-07    7.445097e-06    1.276807e-07    -3.790918e-06    -4.06503e-09    -2.46373e-06    -9.321339e-07    1.832906e-06    7.353185e-07    1.298005e-06    -6.271573e-07    2.600347e-08    5.468709e-07    -1.603088e-06
-5.188938e-07    -4.42485e-06    -2.670304e-06    4.394808e-07    2.3093e-06    3.889622e-07    -3.663831e-06    1.276807e-07    7.232965e-06    -2.657269e-06    -1.149388e-06    3.057262e-06    1.890913e-06    -9.173135e-07    -2.243802e-06    -1.869835e-07    1.752253e-06    2.104521e-06    -8.097556e-07    -2.663882e-06
4.916194e-07    3.36049e-06    3.567937e-06    1.802317e-06    -3.948614e-06    -6.078117e-07    -6.033849e-07    -3.790918e-06    -2.657269e-06    6.276715e-06    2.882749e-08    4.048751e-07    -2.248754e-07    -9.113749e-07    1.041881e-06    -7.121315e-07    -9.94616e-07    -1.528724e-06    1.357994e-07    3.491419e-06
1.975221e-06    4.833698e-06    2.561179e-06    5.794173e-07    -3.651903e-06    -3.441333e-07    6.935143e-07    -4.06503e-09    -1.149388e-06    2.882749e-08    8.042005e-06    -4.810785e-06    -8.391052e-06    1.675909e-06    1.544941e-06    -1.584675e-06    -1.781617e-06    -6.321215e-07    2.457271e-06    2.787715e-06
-1.338736e-06    -5.091686e-06    -2.191134e-06    8.093126e-07    1.915062e-06    1.746857e-06    -2.678825e-06    -2.46373e-06    3.057262e-06    4.048751e-07    -4.810785e-06    1.91187e-05    -4.663881e-06    -3.463173e-06    -7.922267e-07    -3.685812e-07    2.643078e-06    1.190894e-06    -2.368185e-06    -7.346208e-07
-3.741022e-06    -1.169407e-05    -6.186009e-06    3.979584e-07    6.675126e-06    2.319799e-06    -1.324661e-06    -9.321339e-07    1.890913e-06    -2.248754e-07    -8.391052e-06    -4.663881e-06    3.147253e-05    -7.028738e-06    -9.613422e-06    1.340956e-06    3.389165e-06    4.677276e-06    -2.355926e-06    -8.565458e-06
1.091287e-06    3.584717e-06    1.240668e-06    -8.730004e-07    -5.661919e-07    -1.199349e-06    1.411444e-06    1.832906e-06    -9.173135e-07    -9.113749e-07    1.675909e-06    -3.463173e-06    -7.028738e-06    7.032057e-06    2.004882e-06    1.067932e-06    -7.073638e-07    -1.604515e-06    2.870819e-08    9.374238e-07
1.694568e-06    5.825425e-06    2.857781e-06    -9.268243e-07    -2.685341e-06    -1.887141e-06    1.213819e-06    7.353185e-07    -2.243802e-06    1.041881e-06    1.544941e-06    -7.922267e-07    -9.613422e-06    2.004882e-06    6.251922e-06    -1.836587e-07    -2.056933e-06    -2.753645e-06    6.938187e-07    3.897065e-06
-2.79458e-07    -1.390945e-06    -1.071047e-06    -7.402617e-07    1.829711e-06    1.425542e-07    6.220229e-07    1.298005e-06    -1.869835e-07    -7.121315e-07    -1.584675e-06    -3.685812e-07    1.340956e-06    1.067932e-06    -1.836587e-07    5.372935e-06    -1.048605e-06    -3.038114e-06    1.074588e-07    -8.356004e-07
-6.226356e-07    -3.683762e-06    -2.581779e-06    5.525694e-07    1.828359e-06    1.103521e-06    -4.292939e-07    -6.271573e-07    1.752253e-06    -9.94616e-07    -1.781617e-06    2.643078e-06    3.389165e-06    -7.073638e-07    -2.056933e-06    -1.048605e-06    6.412761e-06    2.074921e-06    -4.802022e-06    -1.870294e-06
-5.772586e-07    -3.93056e-06    -2.497797e-06    3.21334e-07    1.825239e-06    8.864857e-07    -5.792725e-07    2.600347e-08    2.104521e-06    -1.528724e-06    -6.321215e-07    1.190894e-06    4.677276e-06    -1.604515e-06    -2.753645e-06    -3.038114e-06    2.074921e-06    6.704207e-06    -6.723546e-07    -5.456442e-06
2.030248e-07    2.407905e-06    1.988813e-06    1.974359e-08    -1.823053e-06    -5.834542e-07    2.297105e-08    5.468709e-07    -8.097556e-07    1.357994e-07    2.457271e-06    -2.368185e-06    -2.355926e-06    2.870819e-08    6.938187e-07    1.074588e-07    -4.802022e-06    -6.723546e-07    7.346948e-06    -1.715072e-06
1.584096e-06    7.243588e-06    4.993355e-06    2.586588e-07    -4.77093e-06    -1.603617e-06    -7.036676e-08    -1.603088e-06    -2.663882e-06    3.491419e-06    2.787715e-06    -7.346208e-07    -8.565458e-06    9.374238e-07    3.897065e-06    -8.356004e-07    -1.870294e-06    -5.456442e-06    -1.715072e-06    1.090784e-05
