7.481787e-06    2.106806e-06    -3.077257e-06    -1.156732e-06    -1.265952e-06    -1.106085e-06    2.295636e-07    2.289568e-07    -2.872347e-07    6.592773e-07    1.975221e-06    -1.338736e-06    -3.741022e-06    1.091287e-06    1.694568e-06    2.464487e-07    -2.935308e-07    -7.338631e-08    -7.495988e-07    -1.249462e-07    -3.393248e-07    1.708019e-06    2.503279e-07    -7.806079e-07    -8.315344e-08    -2.79458e-07    -6.226356e-07    -5.772586e-07    2.030248e-07    1.584096e-06
2.106806e-06    1.494939e-05    6.508715e-06    -2.827156e-06    -5.976005e-06    -3.479413e-06    -3.148168e-07    3.597332e-07    -2.065441e-06    3.025933e-06    4.833698e-06    -5.091686e-06    -1.169407e-05    3.584717e-06    5.825425e-06    9.568703e-07    -2.518098e-06    -3.461307e-07    -2.769606e-06    -7.295953e-08    -2.821772e-06    8.32184e-06    5.15843e-06    -3.751714e-06    -2.349136e-06    -1.390945e-06    -3.683762e-06    -3.93056e-06    2.407905e-06    7.243588e-06
-3.077257e-06    6.508715e-06    1.065716e-05    1.27674e-06    -6.33017e-06    -1.851258e-06    -4.931585e-07    -4.420635e-07    -2.244731e-06    2.555771e-06    2.561179e-06    -2.191134e-06    -6.186009e-06    1.240668e-06    2.857781e-06    1.733882e-06    -2.982903e-06    -1.071408e-06    -1.217516e-06    8.958705e-08    -2.109686e-06    6.389895e-06    4.931259e-06    -3.011308e-06    -2.816206e-06    -1.071047e-06    -2.581779e-06    -2.497797e-06    1.988813e-06    4.993355e-06
-1.156732e-06    -2.827156e-06    1.27674e-06    7.010674e-06    -2.997433e-06    -2.086549e-07    -4.507708e-07    6.693549e-08    -5.040467e-07    4.585639e-07    5.794173e-07    8.093126e-07    3.979584e-07    -8.730004e-07    -9.268243e-07    1.416097e-06    -1.586535e-06    -1.137006e-06    9.234452e-07    -5.126885e-08    3.350461e-07    1.658062e-06    8.322441e-07    -4.482267e-07    -1.066105e-06    -7.402617e-07    5.525694e-07    3.21334e-07    1.974359e-08    2.586588e-07
-1.265952e-06    -5.976005e-06    -6.33017e-06    -2.997433e-06    1.015424e-05    2.44649e-06    1.156668e-06    2.949626e-07    1.346746e-06    -2.77898e-06    -3.651903e-06    1.915062e-06    6.675126e-06    -5.661919e-07    -2.685341e-06    -2.288136e-06    3.522542e-06    1.899704e-06    2.408188e-07    3.603099e-08    1.785668e-06    -7.178674e-06    -4.436226e-06    2.934582e-06    2.930638e-06    1.829711e-06    1.828359e-06    1.825239e-06    -1.823053e-06    -4.77093e-06
-1.106085e-06    -3.479413e-06    -1.851258e-06    -2.086549e-07    2.44649e-06    6.5356e-06    6.433282e-08    -2.624365e-06    -5.492661e-08    -1.609206e-06    -1.052699e-06    1.072414e-06    3.188242e-06    -7.757353e-07    -2.235072e-06    -9.665482e-08    2.077123e-06    -5.491252e-07    1.015405e-06    -6.680067e-08    2.29237e-06    -3.85475e-06    -2.977517e-06    2.162701e-06    6.455714e-07    -2.004842e-07    1.400298e-06    2.080684e-06    -3.449899e-07    -3.073317e-06
2.295636e-07    -3.148168e-07    -4.931585e-07    -4.507708e-07    1.156668e-06    6.433282e-08    4.854421e-06    8.861192e-08    -2.565194e-06    -5.845262e-07    2.167407e-07    -7.590816e-07    -1.081032e-06    7.488094e-07    4.321274e-07    -1.443142e-06    1.484644e-06    1.984663e-06    -1.321469e-06    -1.958311e-07    -9.98701e-08    -1.444244e-06    -1.156975e-06    1.306323e-07    1.196463e-06    5.349779e-07    -7.989065e-08    5.233131e-08    4.436784e-08    -5.809128e-07
2.289568e-07    3.597332e-07    -4.420635e-07    6.693549e-08    2.949626e-07    -2.624365e-06    8.861192e-08    5.30825e-06    1.616607e-08    -2.257114e-06    8.376834e-07    -7.447446e-07    -2.613274e-06    1.376371e-06    7.483767e-07    -1.68212e-06    1.483101e-06    1.965217e-06    -1.084941e-06    -2.873974e-07    4.800936e-07    -6.31875e-07    -1.383408e-06    -3.803827e-07    1.216242e-06    1.622494e-07    2.515424e-07    -5.931404e-08    -2.114137e-07    -3.478682e-07
-2.872347e-07    -2.065441e-06    -2.244731e-06    -5.040467e-07    1.346746e-06    -5.492661e-08    -2.565194e-06    1.616607e-08    5.347355e-06    -1.947457e-06    -7.297951e-08    3.207967e-07    1.303818e-06    -1.75702e-07    -1.032259e-06    -3.43854e-07    9.285369e-07    -1.8079e-07    1.237735e-06    -1.557379e-07    9.508425e-07    -2.577663e-06    -1.459559e-06    1.567906e-06    6.038311e-07    2.105011e-07    7.934387e-07    8.735444e-07    -4.03964e-07    -1.739591e-06
6.592773e-07    3.025933e-06    2.555771e-06    4.585639e-07    -2.77898e-06    -1.609206e-06    -5.845262e-07    -2.257114e-06    -1.947457e-06    5.212614e-06    -1.283586e-07    2.94674e-07    -4.68139e-07    -7.857275e-07    1.343e-06    1.968588e-06    -3.144621e-06    -1.754019e-06    -9.870629e-08    3.912949e-07    -2.032108e-06    4.609792e-06    3.583203e-06    -1.774309e-06    -1.702714e-06    -6.283654e-07    -9.9775e-07    -1.472597e-06    2.745828e-07    3.154009e-06
1.975221e-06    4.833698e-06    2.561179e-06    5.794173e-07    -3.651903e-06    -1.052699e-06    2.167407e-07    8.376834e-07    -7.297951e-08    -1.283586e-07    8.042005e-06    -4.810785e-06    -8.391052e-06    1.675909e-06    1.544941e-06    -2.555085e-07    -2.692611e-07    8.581062e-07    -9.925896e-07    -5.946494e-07    -7.5088e-07    2.380706e-06    1.578937e-06    -1.163156e-06    -7.5691e-07    -1.584675e-06    -1.781617e-06    -6.321215e-07    2.457271e-06    2.787715e-06
-1.338736e-06    -5.091686e-06    -2.191134e-06    8.093126e-07    1.915062e-06    1.072414e-06    -7.590816e-07    -7.447446e-07    3.207967e-07    2.94674e-07    -4.810785e-06    1.91187e-05    -4.663881e-06    -3.463173e-06    -7.922267e-07    1.46239e-06    -6.061301e-07    -1.644916e-06    1.822573e-06    2.958864e-07    1.140986e-06    -9.119507e-07    -1.311684e-06    1.775567e-07    7.867073e-07    -3.685812e-07    2.643078e-06    1.190894e-06    -2.368185e-06    -7.346208e-07
-3.741022e-06    -1.169407e-05    -6.186009e-06    3.979584e-07    6.675126e-06    3.188242e-06    -1.081032e-06    -2.613274e-06    1.303818e-06    -4.68139e-07    -8.391052e-06    -4.663881e-06    3.147253e-05    -7.028738e-06    -9.613422e-06    4.980032e-07    8.448003e-08    -2.308588e-06    3.801437e-06    1.131152e-06    1.659868e-06    -6.014921e-06    -3.309594e-06    3.202635e-06    8.503548e-07    1.340956e-06    3.389165e-06    4.677276e-06    -2.355926e-06    -8.565458e-06
1.091287e-06    3.584717e-06    1.240668e-06    -8.730004e-07    -5.661919e-07    -7.757353e-07    7.488094e-07    1.376371e-06    -1.75702e-07    -7.857275e-07    1.675909e-06    -3.463173e-06    -7.028738e-06    7.032057e-06    2.004882e-06    -1.136388e-06    1.227513e-06    1.702744e-06    -1.766066e-06    -4.442341e-07    -7.577465e-08    1.299377e-07    -1.63077e-07    -4.777885e-07    5.052755e-07    1.067932e-06    -7.073638e-07    -1.604515e-06    2.870819e-08    9.374238e-07
1.694568e-06    5.825425e-06    2.857781e-06    -9.268243e-07    -2.685341e-06    -2.235072e-06    4.321274e-07    7.483767e-07    -1.032259e-06    1.343e-06    1.544941e-06    -7.922267e-07    -9.613422e-06    2.004882e-06    6.251922e-06    -2.12463e-07    -7.585649e-07    8.597008e-07    -2.124743e-06    -1.822441e-07    -1.893421e-06    3.655128e-06    2.472604e-06    -1.738236e-06    -5.334376e-07    -1.836587e-07    -2.056933e-06    -2.753645e-06    6.938187e-07    3.897065e-06
2.464487e-07    9.568703e-07    1.733882e-06    1.416097e-06    -2.288136e-06    -9.665482e-08    -1.443142e-06    -1.68212e-06    -3.43854e-07    1.968588e-06    -2.555085e-07    1.46239e-06    4.980032e-07    -1.136388e-06    -2.12463e-07    3.147431e-06    -2.270696e-06    -2.616707e-06    5.260565e-07    1.832993e-07    -5.704305e-07    3.122603e-06    2.128601e-06    -1.014761e-06    -1.690008e-06    -1.131448e-06    -4.301079e-07    8.361947e-08    5.972722e-07    1.464961e-06
-2.935308e-07    -2.518098e-06    -2.982903e-06    -1.586535e-06    3.522542e-06    2.077123e-06    1.484644e-06    1.483101e-06    9.285369e-07    -3.144621e-06    -2.692611e-07    -6.061301e-07    8.448003e-08    1.227513e-06    -7.585649e-07    -2.270696e-06    8.999813e-06    -1.52951e-06    -2.158703e-06    7.417984e-08    2.760607e-06    -5.032327e-06    -4.7865e-06    2.357415e-06    2.041151e-06    -2.033496e-07    1.366504e-06    2.215715e-06    -4.497084e-07    -3.054949e-06
-7.338631e-08    -3.461307e-07    -1.071408e-06    -1.137006e-06    1.899704e-06    -5.491252e-07    1.984663e-06    1.965217e-06    -1.8079e-07    -1.754019e-06    8.581062e-07    -1.644916e-06    -2.308588e-06    1.702744e-06    8.597008e-07    -2.616707e-06    -1.52951e-06    6.475147e-06    -1.035103e-06    -8.321831e-07    -1.491767e-07    -2.702914e-06    -1.386266e-06    5.777995e-07    1.702394e-06    1.180325e-06    -2.302314e-07    -4.45687e-07    8.534755e-08    -9.110639e-07
-7.495988e-07    -2.769606e-06    -1.217516e-06    9.234452e-07    2.408188e-07    1.015405e-06    -1.321469e-06    -1.084941e-06    1.237735e-06    -9.870629e-08    -9.925896e-07    1.822573e-06    3.801437e-06    -1.766066e-06    -2.124743e-06    5.260565e-07    -2.158703e-06    -1.035103e-06    3.602277e-06    -7.012462e-08    4.953872e-07    -8.363175e-07    7.388032e-08    7.313124e-07    -4.759328e-07    8.208397e-07    1.055915e-06    4.606324e-07    -6.463205e-07    -1.764431e-06
-1.249462e-07    -7.295953e-08    8.958705e-08    -5.126885e-08    3.603099e-08    -6.680067e-08    -1.958311e-07    -2.873974e-07    -1.557379e-07    3.912949e-07    -5.946494e-07    2.958864e-07    1.131152e-06    -4.442341e-07    -1.822441e-07    1.832993e-07    7.417984e-08    -8.321831e-07    -7.012462e-08    5.490899e-07    -1.840117e-07    3.913839e-07    2.544369e-07    -1.856823e-07    -1.072499e-07    -6.801364e-08    -8.368661e-08    4.643949e-10    -1.814252e-07    -4.2345e-08
-3.393248e-07    -2.821772e-06    -2.109686e-06    3.350461e-07    1.785668e-06    2.29237e-06    -9.98701e-08    4.800936e-07    9.508425e-07    -2.032108e-06    -7.5088e-07    1.140986e-06    1.659868e-06    -7.577465e-08    -1.893421e-06    -5.704305e-07    2.760607e-06    -1.491767e-07    4.953872e-07    -1.840117e-07    7.847485e-06    -2.629038e-06    -6.800047e-06    1.485388e-06    6.371722e-07    -1.609116e-07    1.303457e-06    2.123269e-06    -3.804113e-09    -3.431315e-06
1.708019e-06    8.32184e-06    6.389895e-06    1.658062e-06    -7.178674e-06    -3.85475e-06    -1.444244e-06    -6.31875e-07    -2.577663e-06    4.609792e-06    2.380706e-06    -9.119507e-07    -6.014921e-06    1.299377e-07    3.655128e-06    3.122603e-06    -5.032327e-06    -2.702914e-06    -8.363175e-07    3.913839e-07    -2.629038e-06    1.568834e-05    3.959506e-06    -7.645079e-06    -1.579401e-06    -2.414616e-06    -2.221667e-06    -2.991584e-06    6.096326e-07    7.37237e-06
2.503279e-07    5.15843e-06    4.931259e-06    8.322441e-07    -4.436226e-06    -2.977517e-06    -1.156975e-06    -1.383408e-06    -1.459559e-06    3.583203e-06    1.578937e-06    -1.311684e-06    -3.309594e-06    -1.63077e-07    2.472604e-06    2.128601e-06    -4.7865e-06    -1.386266e-06    7.388032e-08    2.544369e-07    -6.800047e-06    3.959506e-06    1.179055e-05    -2.385329e-06    -4.950616e-06    -3.221867e-07    -2.973651e-06    -3.506857e-06    1.240775e-06    5.862707e-06
-7.806079e-07    -3.751714e-06    -3.011308e-06    -4.482267e-07    2.934582e-06    2.162701e-06    1.306323e-07    -3.803827e-07    1.567906e-06    -1.774309e-06    -1.163156e-06    1.775567e-07    3.202635e-06    -4.777885e-07    -1.738236e-06    -1.014761e-06    2.357415e-06    5.777995e-07    7.313124e-07    -1.856823e-07    1.485388e-06    -7.645079e-06    -2.385329e-06    7.302858e-06    -6.247371e-07    9.159907e-07    6.229453e-07    1.432576e-06    3.337197e-07    -3.593974e-06
-8.315344e-08    -2.349136e-06    -2.816206e-06    -1.066105e-06    2.930638e-06    6.455714e-07    1.196463e-06    1.216242e-06    6.038311e-07    -1.702714e-06    -7.5691e-07    7.867073e-07    8.503548e-07    5.052755e-07    -5.334376e-07    -1.690008e-06    2.041151e-06    1.702394e-06    -4.759328e-07    -1.072499e-07    6.371722e-07    -1.579401e-06    -4.950616e-06    -6.247371e-07    6.513323e-06    3.279829e-07    1.886051e-06    1.309507e-06    -1.448367e-06    -2.312358e-06
-2.79458e-07    -1.390945e-06    -1.071047e-06    -7.402617e-07    1.829711e-06    -2.004842e-07    5.349779e-07    1.622494e-07    2.105011e-07    -6.283654e-07    -1.584675e-06    -3.685812e-07    1.340956e-06    1.067932e-06    -1.836587e-07    -1.131448e-06    -2.033496e-07    1.180325e-06    8.208397e-07    -6.801364e-08    -1.609116e-07    -2.414616e-06    -3.221867e-07    9.159907e-07    3.279829e-07    5.372935e-06    -1.048605e-06    -3.038114e-06    1.074588e-07    -8.356004e-07
-6.226356e-07    -3.683762e-06    -2.581779e-06    5.525694e-07    1.828359e-06    1.400298e-06    -7.989065e-08    2.515424e-07    7.934387e-07    -9.9775e-07    -1.781617e-06    2.643078e-06    3.389165e-06    -7.073638e-07    -2.056933e-06    -4.301079e-07    1.366504e-06    -2.302314e-07    1.055915e-06    -8.368661e-08    1.303457e-06    -2.221667e-06    -2.973651e-06    6.229453e-07    1.886051e-06    -1.048605e-06    6.412761e-06    2.074921e-06    -4.802022e-06    -1.870294e-06
-5.772586e-07    -3.93056e-06    -2.497797e-06    3.21334e-07    1.825239e-06    2.080684e-06    5.233131e-08    -5.931404e-08    8.735444e-07    -1.472597e-06    -6.321215e-07    1.190894e-06    4.677276e-06    -1.604515e-06    -2.753645e-06    8.361947e-08    2.215715e-06    -4.45687e-07    4.606324e-07    4.643949e-10    2.123269e-06    -2.991584e-06    -3.506857e-06    1.432576e-06    1.309507e-06    -3.038114e-06    2.074921e-06    6.704207e-06    -6.723546e-07    -5.456442e-06
2.030248e-07    2.407905e-06    1.988813e-06    1.974359e-08    -1.823053e-06    -3.449899e-07    4.436784e-08    -2.114137e-07    -4.03964e-07    2.745828e-07    2.457271e-06    -2.368185e-06    -2.355926e-06    2.870819e-08    6.938187e-07    5.972722e-07    -4.497084e-07    8.534755e-08    -6.463205e-07    -1.814252e-07    -3.804113e-09    6.096326e-07    1.240775e-06    3.337197e-07    -1.448367e-06    1.074588e-07    -4.802022e-06    -6.723546e-07    7.346948e-06    -1.715072e-06
1.584096e-06    7.243588e-06    4.993355e-06    2.586588e-07    -4.77093e-06    -3.073317e-06    -5.809128e-07    -3.478682e-07    -1.739591e-06    3.154009e-06    2.787715e-06    -7.346208e-07    -8.565458e-06    9.374238e-07    3.897065e-06    1.464961e-06    -3.054949e-06    -9.110639e-07    -1.764431e-06    -4.2345e-08    -3.431315e-06    7.37237e-06    5.862707e-06    -3.593974e-06    -2.312358e-06    -8.356004e-07    -1.870294e-06    -5.456442e-06    -1.715072e-06    1.090784e-05
