1.861523e-05    -7.574978e-06    -1.61217e-05    2.088944e-06    3.150723e-06    -2.804825e-07    1.450418e-06    2.343641e-06    -1.861826e-07    -3.859844e-06
-7.574978e-06    2.85244e-05    8.369271e-06    -1.430804e-05    -5.794113e-06    3.881206e-07    -4.200787e-06    -4.59736e-06    2.657e-06    7.175451e-06
-1.61217e-05    8.369271e-06    2.706447e-05    -3.085033e-06    -1.045444e-05    -3.865109e-07    -3.647636e-06    -3.301328e-06    2.4732e-06    6.325793e-06
2.088944e-06    -1.430804e-05    -3.085033e-06    1.553907e-05    -1.672362e-06    -1.461134e-06    1.446688e-06    1.132778e-06    -9.468695e-07    -8.546958e-07
3.150723e-06    -5.794113e-06    -1.045444e-05    -1.672362e-06    1.000909e-05    1.188418e-06    2.277583e-06    2.617975e-06    -1.691493e-06    -5.175832e-06
-2.804825e-07    3.881206e-07    -3.865109e-07    -1.461134e-06    1.188418e-06    5.372935e-06    -1.048605e-06    -3.038114e-06    1.074588e-07    -8.356004e-07
1.450418e-06    -4.200787e-06    -3.647636e-06    1.446688e-06    2.277583e-06    -1.048605e-06    6.412761e-06    2.074921e-06    -4.802022e-06    -1.870294e-06
2.343641e-06    -4.59736e-06    -3.301328e-06    1.132778e-06    2.617975e-06    -3.038114e-06    2.074921e-06    6.704207e-06    -6.723546e-07    -5.456442e-06
-1.861826e-07    2.657e-06    2.4732e-06    -9.468695e-07    -1.691493e-06    1.074588e-07    -4.802022e-06    -6.723546e-07    7.346948e-06    -1.715072e-06
-3.859844e-06    7.175451e-06    6.325793e-06    -8.546958e-07    -5.175832e-06    -8.356004e-07    -1.870294e-06    -5.456442e-06    -1.715072e-06    1.090784e-05
