1.368263e-05    -3.141831e-06    -1.240488e-05    2.116482e-06    1.522131e-06    -1.379271e-06    -6.197243e-07    -2.36072e-07    1.033463e-06    1.448404e-06
-3.141831e-06    2.809659e-05    5.667185e-06    -1.568886e-05    -2.889295e-06    3.572564e-06    1.518232e-06    1.607196e-06    -1.940337e-06    -6.452271e-06
-1.240488e-05    5.667185e-06    2.575876e-05    -2.687036e-06    -1.071542e-05    1.591695e-06    4.111752e-06    4.205236e-06    -2.720014e-06    -8.043095e-06
2.116482e-06    -1.568886e-05    -2.687036e-06    1.603499e-05    -2.890706e-06    -2.782484e-06    5.922683e-07    8.118582e-07    2.335445e-07    1.759707e-06
1.522131e-06    -2.889295e-06    -1.071542e-05    -2.890706e-06    1.124191e-05    1.918213e-07    -2.951121e-06    -3.239265e-06    1.926153e-06    4.982527e-06
-1.379271e-06    3.572564e-06    1.591695e-06    -2.782484e-06    1.918213e-07    5.372935e-06    -1.048605e-06    -3.038114e-06    1.074588e-07    -8.356004e-07
-6.197243e-07    1.518232e-06    4.111752e-06    5.922683e-07    -2.951121e-06    -1.048605e-06    6.412761e-06    2.074921e-06    -4.802022e-06    -1.870294e-06
-2.36072e-07    1.607196e-06    4.205236e-06    8.118582e-07    -3.239265e-06    -3.038114e-06    2.074921e-06    6.704207e-06    -6.723546e-07    -5.456442e-06
1.033463e-06    -1.940337e-06    -2.720014e-06    2.335445e-07    1.926153e-06    1.074588e-07    -4.802022e-06    -6.723546e-07    7.346948e-06    -1.715072e-06
1.448404e-06    -6.452271e-06    -8.043095e-06    1.759707e-06    4.982527e-06    -8.356004e-07    -1.870294e-06    -5.456442e-06    -1.715072e-06    1.090784e-05
