7.481787e-06    2.106806e-06    -3.077257e-06    -1.156732e-06    -1.265952e-06    1.975221e-06    -1.338736e-06    -3.741022e-06    1.091287e-06    1.694568e-06    -1.285618e-06    3.320308e-06    1.757296e-06    -1.40712e-06    -1.309554e-06    -2.79458e-07    -6.226356e-07    -5.772586e-07    2.030248e-07    1.584096e-06
2.106806e-06    1.494939e-05    6.508715e-06    -2.827156e-06    -5.976005e-06    4.833698e-06    -5.091686e-06    -1.169407e-05    3.584717e-06    5.825425e-06    -9.755369e-06    1.602647e-05    1.008225e-05    -1.092707e-05    -2.571097e-06    -1.390945e-06    -3.683762e-06    -3.93056e-06    2.407905e-06    7.243588e-06
-3.077257e-06    6.508715e-06    1.065716e-05    1.27674e-06    -6.33017e-06    2.561179e-06    -2.191134e-06    -6.186009e-06    1.240668e-06    2.857781e-06    -6.875067e-06    1.072965e-05    7.549982e-06    -7.272813e-06    -1.488646e-06    -1.071047e-06    -2.581779e-06    -2.497797e-06    1.988813e-06    4.993355e-06
-1.156732e-06    -2.827156e-06    1.27674e-06    7.010674e-06    -2.997433e-06    5.794173e-07    8.093126e-07    3.979584e-07    -8.730004e-07    -9.268243e-07    7.850544e-07    1.502578e-06    1.617317e-08    -6.473632e-08    -3.955704e-07    -7.402617e-07    5.525694e-07    3.21334e-07    1.974359e-08    2.586588e-07
-1.265952e-06    -5.976005e-06    -6.33017e-06    -2.997433e-06    1.015424e-05    -3.651903e-06    1.915062e-06    6.675126e-06    -5.661919e-07    -2.685341e-06    6.276457e-06    -1.230539e-05    -6.944259e-06    7.048724e-06    2.098026e-06    1.829711e-06    1.828359e-06    1.825239e-06    -1.823053e-06    -4.77093e-06
1.975221e-06    4.833698e-06    2.561179e-06    5.794173e-07    -3.651903e-06    8.042005e-06    -4.810785e-06    -8.391052e-06    1.675909e-06    1.544941e-06    -3.523931e-06    7.679763e-06    5.269414e-06    -5.647553e-06    -1.953281e-06    -1.584675e-06    -1.781617e-06    -6.321215e-07    2.457271e-06    2.787715e-06
-1.338736e-06    -5.091686e-06    -2.191134e-06    8.093126e-07    1.915062e-06    -4.810785e-06    1.91187e-05    -4.663881e-06    -3.463173e-06    -7.922267e-07    4.808585e-06    -7.112053e-06    -4.520922e-06    4.587417e-06    1.913291e-06    -3.685812e-07    2.643078e-06    1.190894e-06    -2.368185e-06    -7.346208e-07
-3.741022e-06    -1.169407e-05    -6.186009e-06    3.979584e-07    6.675126e-06    -8.391052e-06    -4.663881e-06    3.147253e-05    -7.028738e-06    -9.613422e-06    6.834511e-06    -1.461805e-05    -9.623016e-06    1.137675e-05    3.06295e-06    1.340956e-06    3.389165e-06    4.677276e-06    -2.355926e-06    -8.565458e-06
1.091287e-06    3.584717e-06    1.240668e-06    -8.730004e-07    -5.661919e-07    1.675909e-06    -3.463173e-06    -7.028738e-06    7.032057e-06    2.004882e-06    -2.037284e-06    3.643306e-06    2.103049e-06    -2.786752e-06    -5.06136e-07    1.067932e-06    -7.073638e-07    -1.604515e-06    2.870819e-08    9.374238e-07
1.694568e-06    5.825425e-06    2.857781e-06    -9.268243e-07    -2.685341e-06    1.544941e-06    -7.922267e-07    -9.613422e-06    2.004882e-06    6.251922e-06    -4.213201e-06    7.107983e-06    4.16733e-06    -4.770118e-06    -1.419712e-06    -1.836587e-07    -2.056933e-06    -2.753645e-06    6.938187e-07    3.897065e-06
-1.285618e-06    -9.755369e-06    -6.875067e-06    7.850544e-07    6.276457e-06    -3.523931e-06    4.808585e-06    6.834511e-06    -2.037284e-06    -4.213201e-06    1.28318e-05    -1.343508e-05    -1.148941e-05    7.33996e-06    2.126045e-06    5.685543e-07    2.929466e-06    3.230345e-06    -1.665095e-06    -5.234847e-06
3.320308e-06    1.602647e-05    1.072965e-05    1.502578e-06    -1.230539e-05    7.679763e-06    -7.112053e-06    -1.461805e-05    3.643306e-06    7.107983e-06    -1.343508e-05    3.78281e-05    3.641432e-06    -1.623158e-05    -3.169238e-06    -1.456926e-06    -5.158558e-06    -6.171104e-06    3.206477e-06    1.143539e-05
1.757296e-06    1.008225e-05    7.549982e-06    1.617317e-08    -6.944259e-06    5.269414e-06    -4.520922e-06    -9.623016e-06    2.103049e-06    4.16733e-06    -1.148941e-05    3.641432e-06    2.348911e-05    -9.899701e-06    -4.074325e-06    -2.582789e-06    -2.807514e-06    -1.436463e-06    3.164352e-06    4.481401e-06
-1.40712e-06    -1.092707e-05    -7.272813e-06    -6.473632e-08    7.048724e-06    -5.647553e-06    4.587417e-06    1.137675e-05    -2.786752e-06    -4.770118e-06    7.33996e-06    -1.623158e-05    -9.899701e-06    1.418406e-05    1.99351e-06    2.739579e-06    3.755131e-06    2.786816e-06    -3.347411e-06    -7.07661e-06
-1.309554e-06    -2.571097e-06    -1.488646e-06    -3.955704e-07    2.098026e-06    -1.953281e-06    1.913291e-06    3.06295e-06    -5.06136e-07    -1.419712e-06    2.126045e-06    -3.169238e-06    -4.074325e-06    1.99351e-06    2.511805e-06    1.707074e-07    7.088711e-07    7.572991e-07    -9.337082e-07    -1.560606e-06
-2.79458e-07    -1.390945e-06    -1.071047e-06    -7.402617e-07    1.829711e-06    -1.584675e-06    -3.685812e-07    1.340956e-06    1.067932e-06    -1.836587e-07    5.685543e-07    -1.456926e-06    -2.582789e-06    2.739579e-06    1.707074e-07    5.372935e-06    -1.048605e-06    -3.038114e-06    1.074588e-07    -8.356004e-07
-6.226356e-07    -3.683762e-06    -2.581779e-06    5.525694e-07    1.828359e-06    -1.781617e-06    2.643078e-06    3.389165e-06    -7.073638e-07    -2.056933e-06    2.929466e-06    -5.158558e-06    -2.807514e-06    3.755131e-06    7.088711e-07    -1.048605e-06    6.412761e-06    2.074921e-06    -4.802022e-06    -1.870294e-06
-5.772586e-07    -3.93056e-06    -2.497797e-06    3.21334e-07    1.825239e-06    -6.321215e-07    1.190894e-06    4.677276e-06    -1.604515e-06    -2.753645e-06    3.230345e-06    -6.171104e-06    -1.436463e-06    2.786816e-06    7.572991e-07    -3.038114e-06    2.074921e-06    6.704207e-06    -6.723546e-07    -5.456442e-06
2.030248e-07    2.407905e-06    1.988813e-06    1.974359e-08    -1.823053e-06    2.457271e-06    -2.368185e-06    -2.355926e-06    2.870819e-08    6.938187e-07    -1.665095e-06    3.206477e-06    3.164352e-06    -3.347411e-06    -9.337082e-07    1.074588e-07    -4.802022e-06    -6.723546e-07    7.346948e-06    -1.715072e-06
1.584096e-06    7.243588e-06    4.993355e-06    2.586588e-07    -4.77093e-06    2.787715e-06    -7.346208e-07    -8.565458e-06    9.374238e-07    3.897065e-06    -5.234847e-06    1.143539e-05    4.481401e-06    -7.07661e-06    -1.560606e-06    -8.356004e-07    -1.870294e-06    -5.456442e-06    -1.715072e-06    1.090784e-05
