1.367607e-06    -3.399759e-07    -6.355789e-07    1.187194e-07    -1.167139e-07    2.598176e-09    -7.713736e-08    -1.10219e-07    -1.684802e-08    1.201367e-07
-3.399759e-07    1.754976e-06    8.989151e-08    -7.144456e-07    -6.704824e-08    -4.786757e-08    7.405405e-08    8.634452e-08    -3.335073e-08    -4.88374e-08
-6.355789e-07    8.989151e-08    1.706385e-06    -2.692439e-07    -7.773005e-07    9.965901e-09    4.908688e-08    1.91181e-08    -3.846372e-10    -4.6927e-08
1.187194e-07    -7.144456e-07    -2.692439e-07    1.419714e-06    -4.286468e-07    -2.132337e-09    -1.184211e-07    -1.237288e-07    -1.850396e-08    1.361753e-07
-1.167139e-07    -6.704824e-08    -7.773005e-07    -4.286468e-07    1.454712e-06    -8.611578e-09    2.345284e-08    6.496239e-08    4.030885e-08    -6.680393e-08
2.598176e-09    -4.786757e-08    9.965901e-09    -2.132337e-09    -8.611578e-09    1.488221e-06    -2.408789e-08    -8.901257e-07    1.222054e-07    -3.036784e-08
-7.713736e-08    7.405405e-08    4.908688e-08    -1.184211e-07    2.345284e-08    -2.408789e-08    1.469001e-06    -2.675869e-07    -8.766441e-07    3.187884e-07
-1.10219e-07    8.634452e-08    1.91181e-08    -1.237288e-07    6.496239e-08    -8.901257e-07    -2.675869e-07    1.48309e-06    1.63897e-08    -6.518244e-07
-1.684802e-08    -3.335073e-08    -3.846372e-10    -1.850396e-08    4.030885e-08    1.222054e-07    -8.766441e-07    1.63897e-08    1.491342e-06    -6.821081e-07
1.201367e-07    -4.88374e-08    -4.6927e-08    1.361753e-07    -6.680393e-08    -3.036784e-08    3.187884e-07    -6.518244e-07    -6.821081e-07    1.407593e-06
