1.503816e-06    -3.236597e-08    -1.010917e-06    -1.083135e-07    2.548686e-08    7.95611e-08    -2.444017e-08    4.698947e-09    4.765644e-08    -4.009192e-08    1.868765e-07    -1.439083e-07    -1.295979e-07    1.777943e-07    -4.091111e-08
-3.236597e-08    1.440415e-06    -5.792624e-08    -8.496947e-07    1.39388e-07    -9.79059e-08    1.506689e-07    1.588674e-07    -1.014863e-07    -4.502294e-08    -1.010154e-07    -6.26298e-08    -7.797639e-08    -1.192057e-07    1.860105e-07
-1.010917e-06    -5.792624e-08    1.476971e-06    3.995668e-08    -4.829537e-07    -8.597955e-08    9.46762e-08    1.140144e-07    -1.96383e-08    -7.257898e-08    -1.247851e-07    -4.727461e-08    -5.040852e-08    -1.133139e-07    1.509488e-07
-1.083135e-07    -8.496947e-07    3.995668e-08    1.484074e-06    -5.214013e-07    1.026742e-07    -1.068482e-08    -6.362696e-08    4.150707e-08    -5.443866e-08    1.459403e-07    -1.147821e-07    -1.086609e-07    1.259786e-07    -3.102564e-08
2.548686e-08    1.39388e-07    -4.829537e-07    -5.214013e-07    1.276237e-06    -2.266994e-08    -8.226433e-08    -7.235096e-08    -1.444887e-08    1.045495e-07    -4.494451e-08    1.505822e-07    1.424676e-07    -3.547454e-08    -9.234714e-08
7.95611e-08    -9.79059e-08    -8.597955e-08    1.026742e-07    -2.266994e-08    1.52958e-06    6.45166e-08    -9.56524e-07    -9.956706e-08    -2.853993e-08    1.016575e-07    -5.870765e-08    -7.119648e-08    1.299544e-07    -2.255562e-08
-2.444017e-08    1.506689e-07    9.46762e-08    -1.068482e-08    -8.226433e-08    6.45166e-08    1.446377e-06    -1.275845e-07    -9.453861e-07    1.627079e-07    -1.004725e-07    -2.89448e-08    -2.928284e-08    -1.040253e-07    1.565102e-07
4.698947e-09    1.588674e-07    1.140144e-07    -6.362696e-08    -7.235096e-08    -9.56524e-07    -1.275845e-07    1.464836e-06    9.324971e-08    -6.101678e-07    -7.310064e-08    -7.990152e-08    -5.470747e-08    -9.187547e-08    1.057459e-07
4.765644e-08    -1.014863e-07    -1.96383e-08    4.150707e-08    -1.444887e-08    -9.956706e-08    -9.453861e-07    9.324971e-08    1.54226e-06    -5.403509e-07    1.222987e-07    -6.395903e-08    -9.432675e-08    8.585672e-08    -4.106822e-08
-4.009192e-08    -4.502294e-08    -7.257898e-08    -5.443866e-08    1.045495e-07    -2.853993e-08    1.627079e-07    -6.101678e-07    -5.403509e-07    1.400184e-06    -2.278646e-08    1.368151e-07    1.308943e-07    -4.968168e-08    -7.087612e-08
1.868765e-07    -1.010154e-07    -1.247851e-07    1.459403e-07    -4.494451e-08    1.016575e-07    -1.004725e-07    -7.310064e-08    1.222987e-07    -2.278646e-08    1.488221e-06    -2.408789e-08    -8.901257e-07    1.222054e-07    -3.036784e-08
-1.439083e-07    -6.26298e-08    -4.727461e-08    -1.147821e-07    1.505822e-07    -5.870765e-08    -2.89448e-08    -7.990152e-08    -6.395903e-08    1.368151e-07    -2.408789e-08    1.469001e-06    -2.675869e-07    -8.766441e-07    3.187884e-07
-1.295979e-07    -7.797639e-08    -5.040852e-08    -1.086609e-07    1.424676e-07    -7.119648e-08    -2.928284e-08    -5.470747e-08    -9.432675e-08    1.308943e-07    -8.901257e-07    -2.675869e-07    1.48309e-06    1.63897e-08    -6.518244e-07
1.777943e-07    -1.192057e-07    -1.133139e-07    1.259786e-07    -3.547454e-08    1.299544e-07    -1.040253e-07    -9.187547e-08    8.585672e-08    -4.968168e-08    1.222054e-07    -8.766441e-07    1.63897e-08    1.491342e-06    -6.821081e-07
-4.091111e-08    1.860105e-07    1.509488e-07    -3.102564e-08    -9.234714e-08    -2.255562e-08    1.565102e-07    1.057459e-07    -4.106822e-08    -7.087612e-08    -3.036784e-08    3.187884e-07    -6.518244e-07    -6.821081e-07    1.407593e-06
