1.50224e-06    8.840528e-08    -8.956167e-07    -7.148572e-08    1.182897e-09    5.037479e-08    -1.477937e-09    -1.017281e-08    3.607094e-08    -1.802011e-08
8.840528e-08    1.435959e-06    -2.204547e-07    -9.522975e-07    2.322514e-07    -5.194335e-08    6.564843e-08    1.129291e-07    -4.056809e-08    -2.904896e-08
-8.956167e-07    -2.204547e-07    1.417768e-06    -1.869782e-09    -5.391077e-07    -5.578538e-08    8.822685e-08    8.400916e-08    -2.357047e-08    -6.122152e-08
-7.148572e-08    -9.522975e-07    -1.869782e-09    1.52686e-06    -6.059923e-07    6.185578e-08    1.485448e-08    -1.98732e-08    4.24029e-08    -5.299529e-08
1.182897e-09    2.322514e-07    -5.391077e-07    -6.059923e-07    1.410909e-06    1.462609e-08    -7.885766e-08    -9.695632e-08    -1.514275e-08    1.083586e-07
5.037479e-08    -5.194335e-08    -5.578538e-08    6.185578e-08    1.462609e-08    1.488221e-06    -2.408789e-08    -8.901257e-07    1.222054e-07    -3.036784e-08
-1.477937e-09    6.564843e-08    8.822685e-08    1.485448e-08    -7.885766e-08    -2.408789e-08    1.469001e-06    -2.675869e-07    -8.766441e-07    3.187884e-07
-1.017281e-08    1.129291e-07    8.400916e-08    -1.98732e-08    -9.695632e-08    -8.901257e-07    -2.675869e-07    1.48309e-06    1.63897e-08    -6.518244e-07
3.607094e-08    -4.056809e-08    -2.357047e-08    4.24029e-08    -1.514275e-08    1.222054e-07    -8.766441e-07    1.63897e-08    1.491342e-06    -6.821081e-07
-1.802011e-08    -2.904896e-08    -6.122152e-08    -5.299529e-08    1.083586e-07    -3.036784e-08    3.187884e-07    -6.518244e-07    -6.821081e-07    1.407593e-06
