1.472261e-06    -2.771836e-08    -8.060405e-07    -1.670963e-07    5.869345e-09    1.874511e-08    1.702867e-08    -2.201426e-08    -1.084486e-08    5.947738e-08    1.372409e-07    -1.349832e-07    -1.145155e-07    1.491429e-07    -1.116148e-08    6.287576e-08    -3.396272e-08    -3.714326e-08    5.829866e-08    -2.893049e-08    1.18772e-07    4.259118e-08    -5.94661e-08    -1.824484e-08    -4.958132e-08
-2.771836e-08    1.40532e-06    -1.165064e-07    -8.28338e-07    8.458467e-08    -4.469316e-09    -1.948866e-08    -7.727277e-09    1.031393e-08    3.891361e-08    -8.695167e-08    -5.21234e-08    -6.455015e-08    -7.782534e-08    1.280782e-07    -8.474673e-08    6.141782e-08    9.848694e-08    -4.019825e-08    -1.68407e-08    -1.982221e-08    1.283563e-07    3.305485e-08    -8.181469e-08    -3.212982e-08
-8.060405e-07    -1.165064e-07    1.404402e-06    -2.098517e-08    -5.475253e-07    -2.841821e-08    -1.670987e-09    4.14767e-08    2.134997e-08    -3.255562e-08    -5.923838e-08    -6.958824e-08    -1.0309e-07    -1.064014e-07    1.796489e-07    -5.837198e-08    8.004831e-08    8.544434e-08    -2.349461e-08    -4.840024e-08    -8.06896e-08    2.696268e-08    1.23639e-07    -1.251113e-08    -4.308088e-08
-1.670963e-07    -8.28338e-07    -2.098517e-08    1.487765e-06    -4.545773e-07    -7.402581e-10    9.35678e-09    9.303206e-09    8.214111e-09    -7.499912e-08    1.280822e-07    -1.362658e-07    -1.250753e-07    1.621283e-07    -1.427687e-08    6.806371e-08    1.307612e-09    -5.214887e-09    1.62065e-08    -2.335883e-08    -1.52912e-08    -6.377093e-08    2.266387e-08    9.995015e-08    -1.902189e-09
5.869345e-09    8.458467e-08    -5.475253e-07    -4.545773e-07    1.395502e-06    8.275076e-08    9.255482e-09    -5.035585e-08    -7.889481e-08    -8.046208e-08    -5.242479e-08    1.997559e-07    1.879267e-07    -7.093035e-08    -1.221763e-07    1.202648e-08    -7.264011e-08    -7.072386e-08    1.410183e-09    3.967328e-08    -1.907629e-08    -6.478161e-08    -7.251982e-08    4.039775e-08    1.469731e-07
1.874511e-08    -4.469316e-09    -2.841821e-08    -7.402581e-10    8.275076e-08    1.494597e-06    -1.049596e-08    -8.186644e-07    -1.86224e-07    -2.001404e-08    9.548682e-08    -1.256971e-07    -8.825174e-08    1.413262e-07    -1.886746e-08    4.649794e-08    1.104349e-09    3.912049e-08    3.12523e-08    -4.181487e-08    1.775202e-08    -7.449213e-08    9.668411e-09    9.175057e-08    -2.233565e-08
1.702867e-08    -1.948866e-08    -1.670987e-09    9.35678e-09    9.255482e-09    -1.049596e-08    1.411913e-06    -9.452864e-08    -8.109401e-07    5.829558e-08    -1.022153e-07    -6.077484e-08    -1.122216e-07    -5.94691e-08    1.997882e-07    -2.760745e-08    7.456589e-08    8.807468e-08    -2.010966e-08    -5.351039e-08    -7.728271e-08    6.008997e-08    9.817511e-08    -3.13116e-08    -3.081311e-08
-2.201426e-08    -7.727277e-09    4.14767e-08    9.303206e-09    -5.035585e-08    -8.186644e-07    -9.452864e-08    1.406109e-06    -3.27649e-08    -5.292035e-07    -8.802923e-08    -5.737653e-08    -7.308933e-08    -1.074131e-07    1.723211e-07    -5.509367e-08    7.386425e-08    5.673022e-08    -4.11784e-08    -2.659399e-08    -4.324797e-08    1.296148e-07    6.04606e-08    -6.482557e-08    -3.788656e-08
-1.084486e-08    1.031393e-08    2.134997e-08    8.214111e-09    -7.889481e-08    -1.86224e-07    -8.109401e-07    -3.27649e-08    1.473983e-06    -4.513986e-07    1.337923e-07    -1.458596e-07    -8.211222e-08    1.483038e-07    -6.698404e-08    2.629007e-08    -9.4146e-11    -3.602473e-08    2.159493e-08    -1.838622e-08    8.198217e-08    -5.125977e-09    -3.92709e-08    1.985849e-08    -3.682061e-08
5.947738e-08    3.891361e-08    -3.255562e-08    -7.499912e-08    -8.046208e-08    -2.001404e-08    5.829558e-08    -5.292035e-07    -4.513986e-07    1.397723e-06    -2.027009e-08    2.06954e-07    1.692615e-07    -4.811621e-08    -1.298603e-07    -4.832333e-09    -7.88481e-08    -6.204172e-08    9.035437e-09    9.072103e-08    3.241856e-08    -5.499853e-08    -6.447926e-08    -5.521705e-08    -1.354611e-08
1.372409e-07    -8.695167e-08    -5.923838e-08    1.280822e-07    -5.242479e-08    9.548682e-08    -1.022153e-07    -8.802923e-08    1.337923e-07    -2.027009e-08    1.451722e-06    5.084839e-08    -8.917713e-07    9.169017e-09    -9.626868e-08    1.044622e-07    -6.394594e-08    -1.058587e-07    6.086563e-08    -7.887095e-09    9.050932e-08    -1.195921e-07    -8.619052e-08    1.281503e-07    -2.580738e-08
-1.349832e-07    -5.21234e-08    -6.958824e-08    -1.362658e-07    1.997559e-07    -1.256971e-07    -6.077484e-08    -5.737653e-08    -1.458596e-07    2.06954e-07    5.084839e-08    1.593388e-06    -3.757712e-07    -9.087368e-07    3.473426e-07    -1.18562e-07    2.516905e-08    2.526012e-08    -9.981249e-08    6.449022e-08    -1.084878e-07    -9.634674e-09    3.189764e-09    -1.150842e-07    1.072467e-07
-1.145155e-07    -6.455015e-08    -1.0309e-07    -1.250753e-07    1.879267e-07    -8.825174e-08    -1.122216e-07    -7.308933e-08    -8.211222e-08    1.692615e-07    -8.917713e-07    -3.757712e-07    1.553748e-06    6.150669e-08    -6.874152e-07    -1.051849e-07    -1.856564e-08    3.314313e-08    -6.438304e-08    9.104498e-08    -5.709042e-08    8.209942e-11    -4.00934e-08    -1.192089e-07    1.309617e-07
1.491429e-07    -7.782534e-08    -1.064014e-07    1.621283e-07    -7.093035e-08    1.413262e-07    -5.94691e-08    -1.074131e-07    1.483038e-07    -4.811621e-08    9.169017e-09    -9.087368e-07    6.150669e-08    1.45305e-06    -5.407393e-07    1.097588e-07    -8.151152e-08    -1.202722e-07    8.315985e-08    1.588424e-08    1.025116e-07    -7.635432e-08    -9.172904e-08    8.941297e-08    -1.351879e-08
-1.116148e-08    1.280782e-07    1.796489e-07    -1.427687e-08    -1.221763e-07    -1.886746e-08    1.997882e-07    1.723211e-07    -6.698404e-08    -1.298603e-07    -9.626868e-08    3.473426e-07    -6.874152e-07    -5.407393e-07    1.411932e-06    -9.350052e-09    8.829553e-08    9.899948e-08    -1.031458e-08    -8.749885e-08    -5.089839e-08    1.064236e-07    1.306604e-07    -1.707189e-08    -9.345502e-08
6.287576e-08    -8.474673e-08    -5.837198e-08    6.806371e-08    1.202648e-08    4.649794e-08    -2.760745e-08    -5.509367e-08    2.629007e-08    -4.832333e-09    1.044622e-07    -1.18562e-07    -1.051849e-07    1.097588e-07    -9.350052e-09    1.52958e-06    6.45166e-08    -9.56524e-07    -9.956706e-08    -2.853993e-08    1.016575e-07    -5.870765e-08    -7.119648e-08    1.299544e-07    -2.255562e-08
-3.396272e-08    6.141782e-08    8.004831e-08    1.307612e-09    -7.264011e-08    1.104349e-09    7.456589e-08    7.386425e-08    -9.4146e-11    -7.88481e-08    -6.394594e-08    2.516905e-08    -1.856564e-08    -8.151152e-08    8.829553e-08    6.45166e-08    1.446377e-06    -1.275845e-07    -9.453861e-07    1.627079e-07    -1.004725e-07    -2.89448e-08    -2.928284e-08    -1.040253e-07    1.565102e-07
-3.714326e-08    9.848694e-08    8.544434e-08    -5.214887e-09    -7.072386e-08    3.912049e-08    8.807468e-08    5.673022e-08    -3.602473e-08    -6.204172e-08    -1.058587e-07    2.526012e-08    3.314313e-08    -1.202722e-07    9.899948e-08    -9.56524e-07    -1.275845e-07    1.464836e-06    9.324971e-08    -6.101678e-07    -7.310064e-08    -7.990152e-08    -5.470747e-08    -9.187547e-08    1.057459e-07
5.829866e-08    -4.019825e-08    -2.349461e-08    1.62065e-08    1.410183e-09    3.12523e-08    -2.010966e-08    -4.11784e-08    2.159493e-08    9.035437e-09    6.086563e-08    -9.981249e-08    -6.438304e-08    8.315985e-08    -1.031458e-08    -9.956706e-08    -9.453861e-07    9.324971e-08    1.54226e-06    -5.403509e-07    1.222987e-07    -6.395903e-08    -9.432675e-08    8.585672e-08    -4.106822e-08
-2.893049e-08    -1.68407e-08    -4.840024e-08    -2.335883e-08    3.967328e-08    -4.181487e-08    -5.351039e-08    -2.659399e-08    -1.838622e-08    9.072103e-08    -7.887095e-09    6.449022e-08    9.104498e-08    1.588424e-08    -8.749885e-08    -2.853993e-08    1.627079e-07    -6.101678e-07    -5.403509e-07    1.400184e-06    -2.278646e-08    1.368151e-07    1.308943e-07    -4.968168e-08    -7.087612e-08
1.18772e-07    -1.982221e-08    -8.06896e-08    -1.52912e-08    -1.907629e-08    1.775202e-08    -7.728271e-08    -4.324797e-08    8.198217e-08    3.241856e-08    9.050932e-08    -1.084878e-07    -5.709042e-08    1.025116e-07    -5.089839e-08    1.016575e-07    -1.004725e-07    -7.310064e-08    1.222987e-07    -2.278646e-08    1.488221e-06    -2.408789e-08    -8.901257e-07    1.222054e-07    -3.036784e-08
4.259118e-08    1.283563e-07    2.696268e-08    -6.377093e-08    -6.478161e-08    -7.449213e-08    6.008997e-08    1.296148e-07    -5.125977e-09    -5.499853e-08    -1.195921e-07    -9.634674e-09    8.209942e-11    -7.635432e-08    1.064236e-07    -5.870765e-08    -2.89448e-08    -7.990152e-08    -6.395903e-08    1.368151e-07    -2.408789e-08    1.469001e-06    -2.675869e-07    -8.766441e-07    3.187884e-07
-5.94661e-08    3.305485e-08    1.23639e-07    2.266387e-08    -7.251982e-08    9.668411e-09    9.817511e-08    6.04606e-08    -3.92709e-08    -6.447926e-08    -8.619052e-08    3.189764e-09    -4.00934e-08    -9.172904e-08    1.306604e-07    -7.119648e-08    -2.928284e-08    -5.470747e-08    -9.432675e-08    1.308943e-07    -8.901257e-07    -2.675869e-07    1.48309e-06    1.63897e-08    -6.518244e-07
-1.824484e-08    -8.181469e-08    -1.251113e-08    9.995015e-08    4.039775e-08    9.175057e-08    -3.13116e-08    -6.482557e-08    1.985849e-08    -5.521705e-08    1.281503e-07    -1.150842e-07    -1.192089e-07    8.941297e-08    -1.707189e-08    1.299544e-07    -1.040253e-07    -9.187547e-08    8.585672e-08    -4.968168e-08    1.222054e-07    -8.766441e-07    1.63897e-08    1.491342e-06    -6.821081e-07
-4.958132e-08    -3.212982e-08    -4.308088e-08    -1.902189e-09    1.469731e-07    -2.233565e-08    -3.081311e-08    -3.788656e-08    -3.682061e-08    -1.354611e-08    -2.580738e-08    1.072467e-07    1.309617e-07    -1.351879e-08    -9.345502e-08    -2.255562e-08    1.565102e-07    1.057459e-07    -4.106822e-08    -7.087612e-08    -3.036784e-08    3.187884e-07    -6.518244e-07    -6.821081e-07    1.407593e-06
