1.472261e-06    -2.771836e-08    -8.060405e-07    -1.670963e-07    5.869345e-09    9.348325e-08    -4.871497e-08    -5.337928e-08    8.801054e-08    -6.405465e-08    6.287576e-08    -3.396272e-08    -3.714326e-08    5.829866e-08    -2.893049e-08    1.18772e-07    4.259118e-08    -5.94661e-08    -1.824484e-08    -4.958132e-08
-2.771836e-08    1.40532e-06    -1.165064e-07    -8.28338e-07    8.458467e-08    7.493358e-09    -1.341736e-07    -1.117135e-07    2.097129e-08    1.098458e-07    -8.474673e-08    6.141782e-08    9.848694e-08    -4.019825e-08    -1.68407e-08    -1.982221e-08    1.283563e-07    3.305485e-08    -8.181469e-08    -3.212982e-08
-8.060405e-07    -1.165064e-07    1.404402e-06    -2.098517e-08    -5.475253e-07    2.088973e-08    -1.42159e-07    -1.293852e-07    3.004319e-10    1.389305e-07    -5.837198e-08    8.004831e-08    8.544434e-08    -2.349461e-08    -4.840024e-08    -8.06896e-08    2.696268e-08    1.23639e-07    -1.251113e-08    -4.308088e-08
-1.670963e-07    -8.28338e-07    -2.098517e-08    1.487765e-06    -4.545773e-07    6.94385e-08    -7.894067e-08    -3.307695e-09    8.181158e-08    -5.293457e-08    6.806371e-08    1.307612e-09    -5.214887e-09    1.62065e-08    -2.335883e-08    -1.52912e-08    -6.377093e-08    2.266387e-08    9.995015e-08    -1.902189e-09
5.869345e-09    8.458467e-08    -5.475253e-07    -4.545773e-07    1.395502e-06    -7.219562e-08    2.220028e-07    1.401171e-07    -9.424011e-08    -9.855404e-08    1.202648e-08    -7.264011e-08    -7.072386e-08    1.410183e-09    3.967328e-08    -1.907629e-08    -6.478161e-08    -7.251982e-08    4.039775e-08    1.469731e-07
9.348325e-08    7.493358e-09    2.088973e-08    6.94385e-08    -7.219562e-08    1.341467e-06    -1.219208e-07    -6.823208e-07    -1.35642e-07    -1.918035e-07    2.637963e-08    -1.299726e-07    -1.047151e-07    2.363564e-08    9.260126e-08    8.823341e-08    9.924763e-08    9.97288e-08    1.039507e-07    -1.814883e-07
-4.871497e-08    -1.341736e-07    -1.42159e-07    -7.894067e-08    2.220028e-07    -1.219208e-07    1.959888e-06    -3.92745e-07    -5.239837e-07    -1.773262e-08    -2.395243e-08    1.649875e-07    1.262095e-07    -3.639336e-08    -8.951515e-08    9.827767e-08    -2.738534e-07    -2.941368e-07    9.092966e-08    1.980328e-07
-5.337928e-08    -1.117135e-07    -1.293852e-07    -3.307695e-09    1.401171e-07    -6.823208e-07    -3.92745e-07    1.96677e-06    -1.748312e-07    -7.574391e-07    3.001419e-08    1.872877e-08    6.100561e-08    1.819465e-08    -9.412087e-08    9.668482e-08    -2.536468e-07    -2.513435e-07    4.650465e-08    1.60581e-07
8.801054e-08    2.097129e-08    3.004319e-10    8.181158e-08    -9.424011e-08    -1.35642e-07    -5.239837e-07    -1.748312e-07    1.389196e-06    -3.349705e-07    -1.728011e-08    -1.279937e-07    -1.480161e-07    -7.365597e-08    1.816181e-07    7.716559e-08    8.991216e-08    9.190026e-08    8.047896e-08    -1.61693e-07
-6.405465e-08    1.098458e-07    1.389305e-07    -5.293457e-08    -9.855404e-08    -1.918035e-07    -1.773262e-08    -7.574391e-07    -3.349705e-07    1.439695e-06    -1.41771e-08    7.292764e-08    3.103988e-08    3.151026e-08    -4.824414e-08    -1.924969e-07    1.631994e-07    1.610981e-07    -1.513246e-07    1.166446e-08
6.287576e-08    -8.474673e-08    -5.837198e-08    6.806371e-08    1.202648e-08    2.637963e-08    -2.395243e-08    3.001419e-08    -1.728011e-08    -1.41771e-08    1.52958e-06    6.45166e-08    -9.56524e-07    -9.956706e-08    -2.853993e-08    1.016575e-07    -5.870765e-08    -7.119648e-08    1.299544e-07    -2.255562e-08
-3.396272e-08    6.141782e-08    8.004831e-08    1.307612e-09    -7.264011e-08    -1.299726e-07    1.649875e-07    1.872877e-08    -1.279937e-07    7.292764e-08    6.45166e-08    1.446377e-06    -1.275845e-07    -9.453861e-07    1.627079e-07    -1.004725e-07    -2.89448e-08    -2.928284e-08    -1.040253e-07    1.565102e-07
-3.714326e-08    9.848694e-08    8.544434e-08    -5.214887e-09    -7.072386e-08    -1.047151e-07    1.262095e-07    6.100561e-08    -1.480161e-07    3.103988e-08    -9.56524e-07    -1.275845e-07    1.464836e-06    9.324971e-08    -6.101678e-07    -7.310064e-08    -7.990152e-08    -5.470747e-08    -9.187547e-08    1.057459e-07
5.829866e-08    -4.019825e-08    -2.349461e-08    1.62065e-08    1.410183e-09    2.363564e-08    -3.639336e-08    1.819465e-08    -7.365597e-08    3.151026e-08    -9.956706e-08    -9.453861e-07    9.324971e-08    1.54226e-06    -5.403509e-07    1.222987e-07    -6.395903e-08    -9.432675e-08    8.585672e-08    -4.106822e-08
-2.893049e-08    -1.68407e-08    -4.840024e-08    -2.335883e-08    3.967328e-08    9.260126e-08    -8.951515e-08    -9.412087e-08    1.816181e-07    -4.824414e-08    -2.853993e-08    1.627079e-07    -6.101678e-07    -5.403509e-07    1.400184e-06    -2.278646e-08    1.368151e-07    1.308943e-07    -4.968168e-08    -7.087612e-08
1.18772e-07    -1.982221e-08    -8.06896e-08    -1.52912e-08    -1.907629e-08    8.823341e-08    9.827767e-08    9.668482e-08    7.716559e-08    -1.924969e-07    1.016575e-07    -1.004725e-07    -7.310064e-08    1.222987e-07    -2.278646e-08    1.488221e-06    -2.408789e-08    -8.901257e-07    1.222054e-07    -3.036784e-08
4.259118e-08    1.283563e-07    2.696268e-08    -6.377093e-08    -6.478161e-08    9.924763e-08    -2.738534e-07    -2.536468e-07    8.991216e-08    1.631994e-07    -5.870765e-08    -2.89448e-08    -7.990152e-08    -6.395903e-08    1.368151e-07    -2.408789e-08    1.469001e-06    -2.675869e-07    -8.766441e-07    3.187884e-07
-5.94661e-08    3.305485e-08    1.23639e-07    2.266387e-08    -7.251982e-08    9.97288e-08    -2.941368e-07    -2.513435e-07    9.190026e-08    1.610981e-07    -7.119648e-08    -2.928284e-08    -5.470747e-08    -9.432675e-08    1.308943e-07    -8.901257e-07    -2.675869e-07    1.48309e-06    1.63897e-08    -6.518244e-07
-1.824484e-08    -8.181469e-08    -1.251113e-08    9.995015e-08    4.039775e-08    1.039507e-07    9.092966e-08    4.650465e-08    8.047896e-08    -1.513246e-07    1.299544e-07    -1.040253e-07    -9.187547e-08    8.585672e-08    -4.968168e-08    1.222054e-07    -8.766441e-07    1.63897e-08    1.491342e-06    -6.821081e-07
-4.958132e-08    -3.212982e-08    -4.308088e-08    -1.902189e-09    1.469731e-07    -1.814883e-07    1.980328e-07    1.60581e-07    -1.61693e-07    1.166446e-08    -2.255562e-08    1.565102e-07    1.057459e-07    -4.106822e-08    -7.087612e-08    -3.036784e-08    3.187884e-07    -6.518244e-07    -6.821081e-07    1.407593e-06
