1.503816e-06    -3.236597e-08    -1.010917e-06    -1.083135e-07    2.548686e-08    1.816792e-07    -1.70837e-07    -1.717359e-07    1.493236e-07    1.032416e-08    7.95611e-08    -2.444017e-08    4.698947e-09    4.765644e-08    -4.009192e-08    1.868765e-07    -1.439083e-07    -1.295979e-07    1.777943e-07    -4.091111e-08
-3.236597e-08    1.440415e-06    -5.792624e-08    -8.496947e-07    1.39388e-07    -1.369238e-07    -5.724333e-08    -3.776354e-08    -1.018532e-07    1.658186e-07    -9.79059e-08    1.506689e-07    1.588674e-07    -1.014863e-07    -4.502294e-08    -1.010154e-07    -6.26298e-08    -7.797639e-08    -1.192057e-07    1.860105e-07
-1.010917e-06    -5.792624e-08    1.476971e-06    3.995668e-08    -4.829537e-07    -1.921051e-07    9.338937e-09    1.171567e-08    -1.783529e-07    1.629557e-07    -8.597955e-08    9.46762e-08    1.140144e-07    -1.96383e-08    -7.257898e-08    -1.247851e-07    -4.727461e-08    -5.040852e-08    -1.133139e-07    1.509488e-07
-1.083135e-07    -8.496947e-07    3.995668e-08    1.484074e-06    -5.214013e-07    7.758079e-08    -1.542864e-07    -1.561639e-07    9.107857e-08    6.770561e-08    1.026742e-07    -1.068482e-08    -6.362696e-08    4.150707e-08    -5.443866e-08    1.459403e-07    -1.147821e-07    -1.086609e-07    1.259786e-07    -3.102564e-08
2.548686e-08    1.39388e-07    -4.829537e-07    -5.214013e-07    1.276237e-06    4.976388e-08    1.220282e-07    1.343036e-07    6.239992e-08    -1.780151e-07    -2.266994e-08    -8.226433e-08    -7.235096e-08    -1.444887e-08    1.045495e-07    -4.494451e-08    1.505822e-07    1.424676e-07    -3.547454e-08    -9.234714e-08
1.816792e-07    -1.369238e-07    -1.921051e-07    7.758079e-08    4.976388e-08    1.472261e-06    -2.771836e-08    -8.060405e-07    -1.670963e-07    5.869345e-09    6.287576e-08    -3.396272e-08    -3.714326e-08    5.829866e-08    -2.893049e-08    1.18772e-07    4.259118e-08    -5.94661e-08    -1.824484e-08    -4.958132e-08
-1.70837e-07    -5.724333e-08    9.338937e-09    -1.542864e-07    1.220282e-07    -2.771836e-08    1.40532e-06    -1.165064e-07    -8.28338e-07    8.458467e-08    -8.474673e-08    6.141782e-08    9.848694e-08    -4.019825e-08    -1.68407e-08    -1.982221e-08    1.283563e-07    3.305485e-08    -8.181469e-08    -3.212982e-08
-1.717359e-07    -3.776354e-08    1.171567e-08    -1.561639e-07    1.343036e-07    -8.060405e-07    -1.165064e-07    1.404402e-06    -2.098517e-08    -5.475253e-07    -5.837198e-08    8.004831e-08    8.544434e-08    -2.349461e-08    -4.840024e-08    -8.06896e-08    2.696268e-08    1.23639e-07    -1.251113e-08    -4.308088e-08
1.493236e-07    -1.018532e-07    -1.783529e-07    9.107857e-08    6.239992e-08    -1.670963e-07    -8.28338e-07    -2.098517e-08    1.487765e-06    -4.545773e-07    6.806371e-08    1.307612e-09    -5.214887e-09    1.62065e-08    -2.335883e-08    -1.52912e-08    -6.377093e-08    2.266387e-08    9.995015e-08    -1.902189e-09
1.032416e-08    1.658186e-07    1.629557e-07    6.770561e-08    -1.780151e-07    5.869345e-09    8.458467e-08    -5.475253e-07    -4.545773e-07    1.395502e-06    1.202648e-08    -7.264011e-08    -7.072386e-08    1.410183e-09    3.967328e-08    -1.907629e-08    -6.478161e-08    -7.251982e-08    4.039775e-08    1.469731e-07
7.95611e-08    -9.79059e-08    -8.597955e-08    1.026742e-07    -2.266994e-08    6.287576e-08    -8.474673e-08    -5.837198e-08    6.806371e-08    1.202648e-08    1.52958e-06    6.45166e-08    -9.56524e-07    -9.956706e-08    -2.853993e-08    1.016575e-07    -5.870765e-08    -7.119648e-08    1.299544e-07    -2.255562e-08
-2.444017e-08    1.506689e-07    9.46762e-08    -1.068482e-08    -8.226433e-08    -3.396272e-08    6.141782e-08    8.004831e-08    1.307612e-09    -7.264011e-08    6.45166e-08    1.446377e-06    -1.275845e-07    -9.453861e-07    1.627079e-07    -1.004725e-07    -2.89448e-08    -2.928284e-08    -1.040253e-07    1.565102e-07
4.698947e-09    1.588674e-07    1.140144e-07    -6.362696e-08    -7.235096e-08    -3.714326e-08    9.848694e-08    8.544434e-08    -5.214887e-09    -7.072386e-08    -9.56524e-07    -1.275845e-07    1.464836e-06    9.324971e-08    -6.101678e-07    -7.310064e-08    -7.990152e-08    -5.470747e-08    -9.187547e-08    1.057459e-07
4.765644e-08    -1.014863e-07    -1.96383e-08    4.150707e-08    -1.444887e-08    5.829866e-08    -4.019825e-08    -2.349461e-08    1.62065e-08    1.410183e-09    -9.956706e-08    -9.453861e-07    9.324971e-08    1.54226e-06    -5.403509e-07    1.222987e-07    -6.395903e-08    -9.432675e-08    8.585672e-08    -4.106822e-08
-4.009192e-08    -4.502294e-08    -7.257898e-08    -5.443866e-08    1.045495e-07    -2.893049e-08    -1.68407e-08    -4.840024e-08    -2.335883e-08    3.967328e-08    -2.853993e-08    1.627079e-07    -6.101678e-07    -5.403509e-07    1.400184e-06    -2.278646e-08    1.368151e-07    1.308943e-07    -4.968168e-08    -7.087612e-08
1.868765e-07    -1.010154e-07    -1.247851e-07    1.459403e-07    -4.494451e-08    1.18772e-07    -1.982221e-08    -8.06896e-08    -1.52912e-08    -1.907629e-08    1.016575e-07    -1.004725e-07    -7.310064e-08    1.222987e-07    -2.278646e-08    1.488221e-06    -2.408789e-08    -8.901257e-07    1.222054e-07    -3.036784e-08
-1.439083e-07    -6.26298e-08    -4.727461e-08    -1.147821e-07    1.505822e-07    4.259118e-08    1.283563e-07    2.696268e-08    -6.377093e-08    -6.478161e-08    -5.870765e-08    -2.89448e-08    -7.990152e-08    -6.395903e-08    1.368151e-07    -2.408789e-08    1.469001e-06    -2.675869e-07    -8.766441e-07    3.187884e-07
-1.295979e-07    -7.797639e-08    -5.040852e-08    -1.086609e-07    1.424676e-07    -5.94661e-08    3.305485e-08    1.23639e-07    2.266387e-08    -7.251982e-08    -7.119648e-08    -2.928284e-08    -5.470747e-08    -9.432675e-08    1.308943e-07    -8.901257e-07    -2.675869e-07    1.48309e-06    1.63897e-08    -6.518244e-07
1.777943e-07    -1.192057e-07    -1.133139e-07    1.259786e-07    -3.547454e-08    -1.824484e-08    -8.181469e-08    -1.251113e-08    9.995015e-08    4.039775e-08    1.299544e-07    -1.040253e-07    -9.187547e-08    8.585672e-08    -4.968168e-08    1.222054e-07    -8.766441e-07    1.63897e-08    1.491342e-06    -6.821081e-07
-4.091111e-08    1.860105e-07    1.509488e-07    -3.102564e-08    -9.234714e-08    -4.958132e-08    -3.212982e-08    -4.308088e-08    -1.902189e-09    1.469731e-07    -2.255562e-08    1.565102e-07    1.057459e-07    -4.106822e-08    -7.087612e-08    -3.036784e-08    3.187884e-07    -6.518244e-07    -6.821081e-07    1.407593e-06
