1.384648e-06    -3.114386e-07    -7.431074e-07    2.056233e-07    -1.353625e-09    7.885484e-09    1.537934e-08    9.623505e-11    -6.390726e-09    1.879485e-09    1.194076e-07    -8.8758e-08    -1.387355e-07    1.119416e-07    1.123747e-08    7.803269e-08    7.399774e-09    -2.170648e-08    4.265099e-08    -4.736396e-08
-3.114386e-07    1.383074e-06    -4.187749e-08    -9.751589e-07    2.859316e-07    2.22133e-09    2.413505e-08    1.553822e-08    -1.677964e-08    -7.988787e-09    -1.227819e-07    -2.819355e-09    -2.977427e-08    -1.378175e-07    1.366782e-07    -6.355644e-08    7.167413e-08    1.179253e-07    -3.29201e-08    -5.615751e-08
-7.431074e-07    -4.187749e-08    1.46743e-06    1.340621e-07    -7.675104e-07    -1.684957e-08    -8.428089e-10    1.794637e-08    2.773518e-09    1.943792e-09    -3.987847e-08    -1.536728e-07    -1.117851e-07    -1.901435e-08    1.453223e-07    -5.399194e-08    1.061634e-07    9.669155e-08    -3.901964e-08    -3.900972e-08
2.056233e-07    -9.751589e-07    1.340621e-07    1.556799e-06    -7.876328e-07    -1.365199e-08    -9.791956e-09    -1.636656e-08    1.092186e-08    1.364886e-08    1.809366e-07    -1.954327e-07    -1.583205e-07    1.893825e-07    -4.288145e-09    5.855138e-08    -1.045321e-09    -2.911162e-08    4.880549e-08    -2.366628e-08
-1.353625e-09    2.859316e-07    -7.675104e-07    -7.876328e-07    1.441199e-06    4.860784e-09    -1.855664e-08    -1.216213e-08    2.960069e-08    -1.481714e-08    -9.240705e-08    2.945368e-07    2.483578e-07    -1.243061e-07    -1.469426e-07    1.356671e-08    -9.631303e-08    -1.107935e-07    -1.608049e-08    1.04388e-07
7.885484e-09    2.22133e-09    -1.684957e-08    -1.365199e-08    4.860784e-09    1.472261e-06    -2.771836e-08    -8.060405e-07    -1.670963e-07    5.869345e-09    6.287576e-08    -3.396272e-08    -3.714326e-08    5.829866e-08    -2.893049e-08    1.18772e-07    4.259118e-08    -5.94661e-08    -1.824484e-08    -4.958132e-08
1.537934e-08    2.413505e-08    -8.428089e-10    -9.791956e-09    -1.855664e-08    -2.771836e-08    1.40532e-06    -1.165064e-07    -8.28338e-07    8.458467e-08    -8.474673e-08    6.141782e-08    9.848694e-08    -4.019825e-08    -1.68407e-08    -1.982221e-08    1.283563e-07    3.305485e-08    -8.181469e-08    -3.212982e-08
9.623505e-11    1.553822e-08    1.794637e-08    -1.636656e-08    -1.216213e-08    -8.060405e-07    -1.165064e-07    1.404402e-06    -2.098517e-08    -5.475253e-07    -5.837198e-08    8.004831e-08    8.544434e-08    -2.349461e-08    -4.840024e-08    -8.06896e-08    2.696268e-08    1.23639e-07    -1.251113e-08    -4.308088e-08
-6.390726e-09    -1.677964e-08    2.773518e-09    1.092186e-08    2.960069e-08    -1.670963e-07    -8.28338e-07    -2.098517e-08    1.487765e-06    -4.545773e-07    6.806371e-08    1.307612e-09    -5.214887e-09    1.62065e-08    -2.335883e-08    -1.52912e-08    -6.377093e-08    2.266387e-08    9.995015e-08    -1.902189e-09
1.879485e-09    -7.988787e-09    1.943792e-09    1.364886e-08    -1.481714e-08    5.869345e-09    8.458467e-08    -5.475253e-07    -4.545773e-07    1.395502e-06    1.202648e-08    -7.264011e-08    -7.072386e-08    1.410183e-09    3.967328e-08    -1.907629e-08    -6.478161e-08    -7.251982e-08    4.039775e-08    1.469731e-07
1.194076e-07    -1.227819e-07    -3.987847e-08    1.809366e-07    -9.240705e-08    6.287576e-08    -8.474673e-08    -5.837198e-08    6.806371e-08    1.202648e-08    1.52958e-06    6.45166e-08    -9.56524e-07    -9.956706e-08    -2.853993e-08    1.016575e-07    -5.870765e-08    -7.119648e-08    1.299544e-07    -2.255562e-08
-8.8758e-08    -2.819355e-09    -1.536728e-07    -1.954327e-07    2.945368e-07    -3.396272e-08    6.141782e-08    8.004831e-08    1.307612e-09    -7.264011e-08    6.45166e-08    1.446377e-06    -1.275845e-07    -9.453861e-07    1.627079e-07    -1.004725e-07    -2.89448e-08    -2.928284e-08    -1.040253e-07    1.565102e-07
-1.387355e-07    -2.977427e-08    -1.117851e-07    -1.583205e-07    2.483578e-07    -3.714326e-08    9.848694e-08    8.544434e-08    -5.214887e-09    -7.072386e-08    -9.56524e-07    -1.275845e-07    1.464836e-06    9.324971e-08    -6.101678e-07    -7.310064e-08    -7.990152e-08    -5.470747e-08    -9.187547e-08    1.057459e-07
1.119416e-07    -1.378175e-07    -1.901435e-08    1.893825e-07    -1.243061e-07    5.829866e-08    -4.019825e-08    -2.349461e-08    1.62065e-08    1.410183e-09    -9.956706e-08    -9.453861e-07    9.324971e-08    1.54226e-06    -5.403509e-07    1.222987e-07    -6.395903e-08    -9.432675e-08    8.585672e-08    -4.106822e-08
1.123747e-08    1.366782e-07    1.453223e-07    -4.288145e-09    -1.469426e-07    -2.893049e-08    -1.68407e-08    -4.840024e-08    -2.335883e-08    3.967328e-08    -2.853993e-08    1.627079e-07    -6.101678e-07    -5.403509e-07    1.400184e-06    -2.278646e-08    1.368151e-07    1.308943e-07    -4.968168e-08    -7.087612e-08
7.803269e-08    -6.355644e-08    -5.399194e-08    5.855138e-08    1.356671e-08    1.18772e-07    -1.982221e-08    -8.06896e-08    -1.52912e-08    -1.907629e-08    1.016575e-07    -1.004725e-07    -7.310064e-08    1.222987e-07    -2.278646e-08    1.488221e-06    -2.408789e-08    -8.901257e-07    1.222054e-07    -3.036784e-08
7.399774e-09    7.167413e-08    1.061634e-07    -1.045321e-09    -9.631303e-08    4.259118e-08    1.283563e-07    2.696268e-08    -6.377093e-08    -6.478161e-08    -5.870765e-08    -2.89448e-08    -7.990152e-08    -6.395903e-08    1.368151e-07    -2.408789e-08    1.469001e-06    -2.675869e-07    -8.766441e-07    3.187884e-07
-2.170648e-08    1.179253e-07    9.669155e-08    -2.911162e-08    -1.107935e-07    -5.94661e-08    3.305485e-08    1.23639e-07    2.266387e-08    -7.251982e-08    -7.119648e-08    -2.928284e-08    -5.470747e-08    -9.432675e-08    1.308943e-07    -8.901257e-07    -2.675869e-07    1.48309e-06    1.63897e-08    -6.518244e-07
4.265099e-08    -3.29201e-08    -3.901964e-08    4.880549e-08    -1.608049e-08    -1.824484e-08    -8.181469e-08    -1.251113e-08    9.995015e-08    4.039775e-08    1.299544e-07    -1.040253e-07    -9.187547e-08    8.585672e-08    -4.968168e-08    1.222054e-07    -8.766441e-07    1.63897e-08    1.491342e-06    -6.821081e-07
-4.736396e-08    -5.615751e-08    -3.900972e-08    -2.366628e-08    1.04388e-07    -4.958132e-08    -3.212982e-08    -4.308088e-08    -1.902189e-09    1.469731e-07    -2.255562e-08    1.565102e-07    1.057459e-07    -4.106822e-08    -7.087612e-08    -3.036784e-08    3.187884e-07    -6.518244e-07    -6.821081e-07    1.407593e-06
