1.508915e-06    -4.163723e-09    -1.015196e-06    -1.498986e-07    3.214666e-08    1.651825e-07    -1.460532e-07    -1.541936e-07    1.696457e-07    -2.840577e-08
-4.163723e-09    1.44204e-06    -7.630112e-08    -8.281394e-07    1.405873e-07    -7.244837e-08    -1.060707e-07    -1.007505e-07    -9.974307e-08    1.974416e-07
-1.015196e-06    -7.630112e-08    1.461503e-06    4.31616e-08    -4.556048e-07    -1.155863e-07    -1.890841e-08    -1.927688e-08    -1.427221e-07    1.439087e-07
-1.498986e-07    -8.281394e-07    4.31616e-08    1.479273e-06    -5.360425e-07    1.366921e-07    -8.082829e-08    -1.02826e-07    1.268491e-07    -3.390435e-08
3.214666e-08    1.405873e-07    -4.556048e-07    -5.360425e-07    1.271812e-06    -2.922385e-08    1.220285e-07    1.428873e-07    2.291307e-09    -1.196286e-07
1.651825e-07    -7.244837e-08    -1.155863e-07    1.366921e-07    -2.922385e-08    1.488221e-06    -2.408789e-08    -8.901257e-07    1.222054e-07    -3.036784e-08
-1.460532e-07    -1.060707e-07    -1.890841e-08    -8.082829e-08    1.220285e-07    -2.408789e-08    1.469001e-06    -2.675869e-07    -8.766441e-07    3.187884e-07
-1.541936e-07    -1.007505e-07    -1.927688e-08    -1.02826e-07    1.428873e-07    -8.901257e-07    -2.675869e-07    1.48309e-06    1.63897e-08    -6.518244e-07
1.696457e-07    -9.974307e-08    -1.427221e-07    1.268491e-07    2.291307e-09    1.222054e-07    -8.766441e-07    1.63897e-08    1.491342e-06    -6.821081e-07
-2.840577e-08    1.974416e-07    1.439087e-07    -3.390435e-08    -1.196286e-07    -3.036784e-08    3.187884e-07    -6.518244e-07    -6.821081e-07    1.407593e-06
