3.490078e-06    1.213294e-06    1.097288e-06    2.060172e-07    -4.584124e-06    -1.930703e-06    -3.578349e-06    -2.807408e-06    -5.496124e-08    3.61892e-06    1.386294e-06    -5.701152e-07    -4.216225e-07    1.680811e-06    -1.322252e-06    6.280754e-06    -5.454598e-07    -6.410182e-06    -7.706674e-07    -6.655671e-07    1.617606e-06    -5.394106e-06    -4.862e-06    1.946378e-06    3.48618e-06    -7.969294e-07    2.884674e-06    3.495595e-06    -4.947631e-07    -2.912541e-06
1.213294e-06    3.784766e-06    2.010427e-06    -1.633096e-06    -2.675437e-06    -5.427059e-08    -3.491356e-06    -2.401386e-06    -3.532692e-07    2.03202e-06    1.335244e-06    -9.42931e-07    -8.514696e-08    1.386805e-06    -4.685438e-07    3.998561e-06    -2.430944e-09    -2.558005e-06    -2.029364e-06    -3.999681e-07    -7.220785e-07    -3.549687e-06    -1.877433e-06    8.498929e-08    2.681825e-06    -8.581073e-07    3.864854e-06    2.451381e-06    -1.647847e-06    -1.14126e-06
1.097288e-06    2.010427e-06    2.951421e-06    -1.846875e-07    -3.412919e-06    -5.811072e-07    -1.286625e-06    -1.039606e-06    1.089234e-08    4.628874e-07    8.797723e-07    -6.707995e-07    -1.296278e-06    4.741276e-07    6.690185e-07    3.32496e-06    -2.676434e-07    -1.362812e-06    -6.733977e-07    -1.534185e-06    8.460565e-08    -1.907128e-06    -2.826744e-06    -2.754787e-07    2.409011e-06    5.989454e-08    2.233305e-06    9.460441e-07    -1.023154e-06    -8.194014e-07
2.060172e-07    -1.633096e-06    -1.846875e-07    2.647575e-06    9.443321e-07    -7.493293e-07    1.645763e-06    1.452379e-06    5.376836e-07    -9.670718e-07    -2.552144e-08    -3.676112e-07    -1.639144e-06    -7.822841e-07    1.391606e-06    -1.260104e-06    5.188591e-07    2.040104e-06    7.192672e-07    -6.840577e-07    1.09131e-06    5.062447e-07    -5.875307e-07    5.005691e-07    -4.39188e-07    7.147039e-07    -2.090984e-06    -1.295472e-06    1.106388e-06    1.395167e-07
-4.584124e-06    -2.675437e-06    -3.412919e-06    9.443321e-07    1.169766e-05    2.651192e-06    6.020713e-06    5.529672e-06    -8.046373e-07    -5.420464e-06    -3.403236e-06    1.602881e-06    1.421841e-06    -3.721297e-06    2.160274e-06    -1.183705e-05    7.529039e-07    1.128761e-05    1.190438e-06    -3.232556e-07    -1.755245e-06    8.662825e-06    7.907553e-06    -1.787652e-06    -6.489298e-06    5.76349e-07    -5.841229e-06    -5.084273e-06    1.546267e-06    4.214563e-06
-1.930703e-06    -5.427059e-08    -5.811072e-07    -7.493293e-07    2.651192e-06    2.938365e-06    5.52461e-07    -3.828623e-07    -3.597655e-07    -1.475985e-06    -9.160287e-07    -7.30308e-08    8.02715e-07    2.528218e-07    5.732635e-07    -2.508108e-06    5.544186e-09    3.196406e-06    3.361748e-07    -4.212635e-08    -1.756157e-06    1.795275e-06    3.171547e-06    -3.086012e-07    -1.692636e-06    -4.161084e-07    -4.857839e-07    -6.927579e-07    -8.647434e-07    1.696324e-06
-3.578349e-06    -3.491356e-06    -1.286625e-06    1.645763e-06    6.020713e-06    5.52461e-07    8.959781e-06    7.379887e-06    -3.554531e-07    -6.442373e-06    -2.801766e-06    1.199845e-06    -3.981526e-07    -4.412838e-06    3.203005e-06    -1.072806e-05    4.550903e-07    1.075587e-05    2.226462e-06    -4.702102e-07    -1.401671e-08    9.157972e-06    5.116624e-06    -2.797721e-06    -5.239516e-06    2.362991e-06    -6.413099e-06    -6.95722e-06    2.332501e-06    3.714767e-06
-2.807408e-06    -2.401386e-06    -1.039606e-06    1.452379e-06    5.529672e-06    -3.828623e-07    7.379887e-06    7.571474e-06    4.759414e-07    -6.435171e-06    -1.82315e-06    9.08105e-07    -1.232135e-06    -4.325556e-06    3.220024e-06    -9.407222e-06    4.796426e-07    1.021369e-05    1.659417e-06    -5.822484e-07    2.350078e-07    8.099165e-06    4.19075e-06    -2.706966e-06    -4.453045e-06    2.248597e-06    -5.721257e-06    -6.31974e-06    2.401892e-06    3.109116e-06
-5.496124e-08    -3.532692e-07    1.089234e-08    5.376836e-07    -8.046373e-07    -3.597655e-07    -3.554531e-07    4.759414e-07    2.226733e-06    -1.332381e-06    1.179777e-06    -6.966439e-07    -2.101077e-06    4.391582e-07    6.833318e-07    1.010216e-06    -2.869369e-08    2.455398e-07    3.569075e-07    7.594372e-07    2.254298e-07    1.426095e-08    -1.501095e-07    3.764086e-07    -2.25456e-07    4.714615e-07    -8.515924e-07    -5.122339e-07    6.856346e-07    -6.458342e-08
3.61892e-06    2.03202e-06    4.628874e-07    -9.670718e-07    -5.420464e-06    -1.475985e-06    -6.442373e-06    -6.435171e-06    -1.332381e-06    9.474392e-06    1.52364e-06    -3.030994e-07    2.731494e-06    3.448213e-06    -4.592908e-06    8.225825e-06    -5.051196e-07    -1.157491e-05    -2.012371e-06    2.057923e-06    6.272223e-07    -8.224909e-06    -4.586722e-06    2.400732e-06    4.539266e-06    -1.611872e-06    5.735992e-06    5.787538e-06    -1.640351e-06    -3.680258e-06
1.386294e-06    1.335244e-06    8.797723e-07    -2.552144e-08    -3.403236e-06    -9.160287e-07    -2.801766e-06    -1.82315e-06    1.179777e-06    1.52364e-06    2.610806e-06    -6.932331e-07    -1.302551e-06    1.299365e-06    -8.407168e-07    5.123071e-06    -4.513164e-07    -4.301712e-06    -1.524482e-06    1.713123e-06    5.24531e-07    -2.889984e-06    -2.295124e-06    2.555046e-07    2.092748e-06    2.801438e-07    2.037341e-06    1.19444e-06    -1.698067e-07    -1.432613e-06
-5.701152e-07    -9.42931e-07    -6.707995e-07    -3.676112e-07    1.602881e-06    -7.30308e-08    1.199845e-06    9.08105e-07    -6.966439e-07    -3.030994e-07    -6.932331e-07    1.820546e-06    1.15889e-06    -1.507002e-06    -4.918427e-07    -1.741355e-06    -8.364708e-07    6.02513e-08    1.595058e-07    9.200178e-07    2.31753e-07    2.134733e-06    8.939391e-07    -8.578694e-07    -1.152142e-06    2.867651e-07    -6.192307e-07    -8.52724e-07    5.066531e-07    1.243057e-07
-4.216225e-07    -8.514696e-08    -1.296278e-06    -1.639144e-06    1.421841e-06    8.02715e-07    -3.981526e-07    -1.232135e-06    -2.101077e-06    2.731494e-06    -1.302551e-06    1.15889e-06    4.416799e-06    1.066789e-09    -2.817883e-06    -1.011666e-06    -4.814066e-07    -2.760778e-06    2.37015e-08    1.491257e-06    -1.092666e-06    1.628944e-07    1.60059e-06    -3.390203e-07    -3.610748e-07    -5.686829e-07    1.254787e-06    7.263848e-07    -8.563317e-07    2.494322e-07
1.680811e-06    1.386805e-06    4.741276e-07    -7.822841e-07    -3.721297e-06    2.528218e-07    -4.412838e-06    -4.325556e-06    4.391582e-07    3.448213e-06    1.299365e-06    -1.507002e-06    1.066789e-09    3.692722e-06    -1.906334e-06    6.265711e-06    -1.370346e-07    -5.913175e-06    -8.395664e-07    -1.04868e-07    -2.039507e-07    -5.213165e-06    -2.237312e-06    1.955653e-06    2.553193e-06    -1.481344e-06    2.894143e-06    3.846966e-06    -1.358998e-06    -1.621876e-06
-1.322252e-06    -4.685438e-07    6.690185e-07    1.391606e-06    2.160274e-06    5.732635e-07    3.203005e-06    3.220024e-06    6.833318e-07    -4.592908e-06    -8.407168e-07    -4.918427e-07    -2.817883e-06    -1.906334e-06    4.014613e-06    -4.690676e-06    1.027215e-06    7.877372e-06    9.482913e-07    -2.264922e-06    6.080789e-08    3.146229e-06    1.184023e-06    -5.602989e-07    -1.64031e-06    6.581517e-07    -2.707742e-06    -2.586425e-06    6.828133e-07    1.57916e-06
6.280754e-06    3.998561e-06    3.32496e-06    -1.260104e-06    -1.183705e-05    -2.508108e-06    -1.072806e-05    -9.407222e-06    1.010216e-06    8.225825e-06    5.123071e-06    -1.741355e-06    -1.011666e-06    6.265711e-06    -4.690676e-06    1.954222e-05    -1.737348e-06    -1.898621e-05    -3.820782e-06    9.159736e-07    1.612572e-06    -1.250268e-05    -1.003536e-05    3.37966e-06    8.482282e-06    -2.014746e-06    8.264064e-06    8.663402e-06    -2.441927e-06    -5.928042e-06
-5.454598e-07    -2.430944e-09    -2.676434e-07    5.188591e-07    7.529039e-07    5.544186e-09    4.550903e-07    4.796426e-07    -2.869369e-08    -5.051196e-07    -4.513164e-07    -8.364708e-07    -4.814066e-07    -1.370346e-07    1.027215e-06    -1.737348e-06    2.328116e-06    2.061881e-06    -2.440185e-07    -3.453083e-07    -4.471474e-07    1.531428e-07    3.851069e-07    1.072552e-07    -1.128145e-07    -5.745007e-08    -8.962553e-07    -2.435023e-07    -1.950855e-08    7.664498e-07
-6.410182e-06    -2.558005e-06    -1.362812e-06    2.040104e-06    1.128761e-05    3.196406e-06    1.075587e-05    1.021369e-05    2.455398e-07    -1.157491e-05    -4.301712e-06    6.02513e-08    -2.760778e-06    -5.913175e-06    7.877372e-06    -1.898621e-05    2.061881e-06    2.370788e-05    3.645123e-06    -4.239654e-06    -1.625114e-06    1.243648e-05    9.379618e-06    -3.45078e-06    -7.999691e-06    2.098279e-06    -8.533865e-06    -9.261205e-06    2.069432e-06    6.548146e-06
-7.706674e-07    -2.029364e-06    -6.733977e-07    7.192672e-07    1.190438e-06    3.361748e-07    2.226462e-06    1.659417e-06    3.569075e-07    -2.012371e-06    -1.524482e-06    1.595058e-07    2.37015e-08    -8.395664e-07    9.482913e-07    -3.820782e-06    -2.440185e-07    3.645123e-06    3.125698e-06    -1.676828e-06    1.413169e-07    1.819786e-06    1.357721e-06    3.328358e-07    -1.594139e-06    3.22197e-07    -2.032187e-06    -1.415145e-06    6.064202e-07    8.09342e-07
-6.655671e-07    -3.999681e-07    -1.534185e-06    -6.840577e-07    -3.232556e-07    -4.212635e-08    -4.702102e-07    -5.822484e-07    7.594372e-07    2.057923e-06    1.713123e-06    9.200178e-07    1.491257e-06    -1.04868e-07    -2.264922e-06    9.159736e-07    -3.453083e-07    -4.239654e-06    -1.676828e-06    6.966204e-06    -4.476656e-07    7.341668e-07    1.403892e-06    -9.502873e-07    -6.181261e-07    1.087939e-06    3.270478e-07    -1.009066e-06    6.587218e-07    -1.113245e-07
1.617606e-06    -7.220785e-07    8.460565e-08    1.09131e-06    -1.755245e-06    -1.756157e-06    -1.401671e-08    2.350078e-07    2.254298e-07    6.272223e-07    5.24531e-07    2.31753e-07    -1.092666e-06    -2.039507e-07    6.080789e-08    1.612572e-06    -4.471474e-07    -1.625114e-06    1.413169e-07    -4.476656e-07    2.012641e-06    -1.084462e-06    -2.528048e-06    5.52929e-07    8.895366e-07    2.553276e-07    -1.958113e-07    3.984933e-07    8.723871e-07    -1.324464e-06
-5.394106e-06    -3.549687e-06    -1.907128e-06    5.062447e-07    8.662825e-06    1.795275e-06    9.157972e-06    8.099165e-06    1.426095e-08    -8.224909e-06    -2.889984e-06    2.134733e-06    1.628944e-07    -5.213165e-06    3.146229e-06    -1.250268e-05    1.531428e-07    1.243648e-05    1.819786e-06    7.341668e-07    -1.084462e-06    1.231489e-05    7.399215e-06    -4.367598e-06    -6.808388e-06    2.564107e-06    -7.045509e-06    -8.18513e-06    2.260757e-06    5.079671e-06
-4.862e-06    -1.877433e-06    -2.826744e-06    -5.875307e-07    7.907553e-06    3.171547e-06    5.116624e-06    4.19075e-06    -1.501095e-07    -4.586722e-06    -2.295124e-06    8.939391e-07    1.60059e-06    -2.237312e-06    1.184023e-06    -1.003536e-05    3.851069e-07    9.379618e-06    1.357721e-06    1.403892e-06    -2.528048e-06    7.399215e-06    8.376002e-06    -2.191953e-06    -5.799055e-06    8.682828e-07    -4.288975e-06    -4.871944e-06    8.866675e-07    4.10197e-06
1.946378e-06    8.498929e-08    -2.754787e-07    5.005691e-07    -1.787652e-06    -3.086012e-07    -2.797721e-06    -2.706966e-06    3.764086e-07    2.400732e-06    2.555046e-07    -8.578694e-07    -3.390203e-07    1.955653e-06    -5.602989e-07    3.37966e-06    1.072552e-07    -3.45078e-06    3.328358e-07    -9.502873e-07    5.52929e-07    -4.367598e-06    -2.191953e-06    2.952375e-06    1.537028e-06    -1.406775e-06    1.221035e-06    3.2245e-06    -3.881893e-07    -1.821894e-06
3.48618e-06    2.681825e-06    2.409011e-06    -4.39188e-07    -6.489298e-06    -1.692636e-06    -5.239516e-06    -4.453045e-06    -2.25456e-07    4.539266e-06    2.092748e-06    -1.152142e-06    -3.610748e-07    2.553193e-06    -1.64031e-06    8.482282e-06    -1.128145e-07    -7.999691e-06    -1.594139e-06    -6.181261e-07    8.895366e-07    -6.808388e-06    -5.799055e-06    1.537028e-06    5.02213e-06    -9.775096e-07    4.742435e-06    4.40335e-06    -1.580935e-06    -3.005428e-06
-7.969294e-07    -8.581073e-07    5.989454e-08    7.147039e-07    5.76349e-07    -4.161084e-07    2.362991e-06    2.248597e-06    4.714615e-07    -1.611872e-06    2.801438e-07    2.867651e-07    -5.686829e-07    -1.481344e-06    6.581517e-07    -2.014746e-06    -5.745007e-08    2.098279e-06    3.22197e-07    1.087939e-06    2.553276e-07    2.564107e-06    8.682828e-07    -1.406775e-06    -9.775096e-07    1.596467e-06    -1.429157e-06    -2.774452e-06    9.084157e-07    8.853961e-07
2.884674e-06    3.864854e-06    2.233305e-06    -2.090984e-06    -5.841229e-06    -4.857839e-07    -6.413099e-06    -5.721257e-06    -8.515924e-07    5.735992e-06    2.037341e-06    -6.192307e-07    1.254787e-06    2.894143e-06    -2.707742e-06    8.264064e-06    -8.962553e-07    -8.533865e-06    -2.032187e-06    3.270478e-07    -1.958113e-07    -7.045509e-06    -4.288975e-06    1.221035e-06    4.742435e-06    -1.429157e-06    6.479871e-06    4.988231e-06    -2.458281e-06    -2.908665e-06
3.495595e-06    2.451381e-06    9.460441e-07    -1.295472e-06    -5.084273e-06    -6.927579e-07    -6.95722e-06    -6.31974e-06    -5.122339e-07    5.787538e-06    1.19444e-06    -8.52724e-07    7.263848e-07    3.846966e-06    -2.586425e-06    8.663402e-06    -2.435023e-07    -9.261205e-06    -1.415145e-06    -1.009066e-06    3.984933e-07    -8.18513e-06    -4.871944e-06    3.2245e-06    4.40335e-06    -2.774452e-06    4.988231e-06    6.890727e-06    -1.949096e-06    -3.549198e-06
-4.947631e-07    -1.647847e-06    -1.023154e-06    1.106388e-06    1.546267e-06    -8.647434e-07    2.332501e-06    2.401892e-06    6.856346e-07    -1.640351e-06    -1.698067e-07    5.066531e-07    -8.563317e-07    -1.358998e-06    6.828133e-07    -2.441927e-06    -1.950855e-08    2.069432e-06    6.064202e-07    6.587218e-07    8.723871e-07    2.260757e-06    8.866675e-07    -3.881893e-07    -1.580935e-06    9.084157e-07    -2.458281e-06    -1.949096e-06    1.660576e-06    3.2462e-07
-2.912541e-06    -1.14126e-06    -8.194014e-07    1.395167e-07    4.214563e-06    1.696324e-06    3.714767e-06    3.109116e-06    -6.458342e-08    -3.680258e-06    -1.432613e-06    1.243057e-07    2.494322e-07    -1.621876e-06    1.57916e-06    -5.928042e-06    7.664498e-07    6.548146e-06    8.09342e-07    -1.113245e-07    -1.324464e-06    5.079671e-06    4.10197e-06    -1.821894e-06    -3.005428e-06    8.853961e-07    -2.908665e-06    -3.549198e-06    3.2462e-07    2.98175e-06
