3.490078e-06    1.213294e-06    1.097288e-06    2.060172e-07    -4.584124e-06    -1.8055e-06    -3.477872e-06    -2.780262e-06    -5.107244e-07    5.150084e-06    1.617606e-06    -5.394106e-06    -4.862e-06    1.946378e-06    3.48618e-06    -7.969294e-07    2.884674e-06    3.495595e-06    -4.947631e-07    -2.912541e-06
1.213294e-06    3.784766e-06    2.010427e-06    -1.633096e-06    -2.675437e-06    -6.093963e-07    -3.180714e-06    -2.772726e-06    4.838898e-07    3.621334e-06    -7.220785e-07    -3.549687e-06    -1.877433e-06    8.498929e-08    2.681825e-06    -8.581073e-07    3.864854e-06    2.451381e-06    -1.647847e-06    -1.14126e-06
1.097288e-06    2.010427e-06    2.951421e-06    -1.846875e-07    -3.412919e-06    -5.111906e-07    -1.549285e-06    -1.122397e-06    3.129305e-07    2.331768e-06    8.460565e-08    -1.907128e-06    -2.826744e-06    -2.754787e-07    2.409011e-06    5.989454e-08    2.233305e-06    9.460441e-07    -1.023154e-06    -8.194014e-07
2.060172e-07    -1.633096e-06    -1.846875e-07    2.647575e-06    9.443321e-07    3.344962e-07    1.829111e-06    1.182049e-06    -5.869652e-07    -1.414645e-06    1.09131e-06    5.062447e-07    -5.875307e-07    5.005691e-07    -4.39188e-07    7.147039e-07    -2.090984e-06    -1.295472e-06    1.106388e-06    1.395167e-07
-4.584124e-06    -2.675437e-06    -3.412919e-06    9.443321e-07    1.169766e-05    2.405519e-06    6.729598e-06    5.175181e-06    -5.393065e-07    -8.801705e-06    -1.755245e-06    8.662825e-06    7.907553e-06    -1.787652e-06    -6.489298e-06    5.76349e-07    -5.841229e-06    -5.084273e-06    1.546267e-06    4.214563e-06
-1.8055e-06    -6.093963e-07    -5.111906e-07    3.344962e-07    2.405519e-06    2.001764e-06    1.686116e-06    5.904205e-07    8.1742e-07    -3.160535e-06    -1.158405e-06    2.139012e-06    2.730081e-06    -2.972178e-07    -1.847164e-06    4.231557e-07    -1.637707e-06    -1.749805e-06    1.778311e-07    1.623848e-06
-3.477872e-06    -3.180714e-06    -1.549285e-06    1.829111e-06    6.729598e-06    1.686116e-06    8.997597e-06    7.171972e-06    -6.955095e-07    -9.452042e-06    -5.847748e-08    8.919996e-06    5.394263e-06    -2.500239e-06    -5.406528e-06    2.226206e-06    -6.746695e-06    -6.895509e-06    2.525528e-06    3.742125e-06
-2.780262e-06    -2.772726e-06    -1.122397e-06    1.182049e-06    5.175181e-06    5.904205e-07    7.171972e-06    6.910058e-06    -1.004171e-06    -7.518411e-06    2.294917e-07    8.108075e-06    3.976908e-06    -2.720979e-06    -4.286997e-06    2.131496e-06    -5.281285e-06    -6.054752e-06    2.052141e-06    3.045301e-06
-5.107244e-07    4.838898e-07    3.129305e-07    -5.869652e-07    -5.393065e-07    8.1742e-07    -6.955095e-07    -1.004171e-06    1.524391e-06    -5.479888e-07    -5.546388e-07    -6.521654e-08    5.388914e-07    8.636029e-08    -1.564953e-07    -2.558872e-07    3.095627e-07    2.5545e-07    -4.147045e-07    2.412747e-07
5.150084e-06    3.621334e-06    2.331768e-06    -1.414645e-06    -8.801705e-06    -3.160535e-06    -9.452042e-06    -7.518411e-06    -5.479888e-07    1.26785e-05    1.173228e-06    -1.119143e-05    -7.822941e-06    3.082464e-06    7.093566e-06    -2.528654e-06    7.687324e-06    8.173891e-06    -2.610604e-06    -4.899751e-06
1.617606e-06    -7.220785e-07    8.460565e-08    1.09131e-06    -1.755245e-06    -1.158405e-06    -5.847748e-08    2.294917e-07    -5.546388e-07    1.173228e-06    2.012641e-06    -1.084462e-06    -2.528048e-06    5.52929e-07    8.895366e-07    2.553276e-07    -1.958113e-07    3.984933e-07    8.723871e-07    -1.324464e-06
-5.394106e-06    -3.549687e-06    -1.907128e-06    5.062447e-07    8.662825e-06    2.139012e-06    8.919996e-06    8.108075e-06    -6.521654e-08    -1.119143e-05    -1.084462e-06    1.231489e-05    7.399215e-06    -4.367598e-06    -6.808388e-06    2.564107e-06    -7.045509e-06    -8.18513e-06    2.260757e-06    5.079671e-06
-4.862e-06    -1.877433e-06    -2.826744e-06    -5.875307e-07    7.907553e-06    2.730081e-06    5.394263e-06    3.976908e-06    5.388914e-07    -7.822941e-06    -2.528048e-06    7.399215e-06    8.376002e-06    -2.191953e-06    -5.799055e-06    8.682828e-07    -4.288975e-06    -4.871944e-06    8.866675e-07    4.10197e-06
1.946378e-06    8.498929e-08    -2.754787e-07    5.005691e-07    -1.787652e-06    -2.972178e-07    -2.500239e-06    -2.720979e-06    8.636029e-08    3.082464e-06    5.52929e-07    -4.367598e-06    -2.191953e-06    2.952375e-06    1.537028e-06    -1.406775e-06    1.221035e-06    3.2245e-06    -3.881893e-07    -1.821894e-06
3.48618e-06    2.681825e-06    2.409011e-06    -4.39188e-07    -6.489298e-06    -1.847164e-06    -5.406528e-06    -4.286997e-06    -1.564953e-07    7.093566e-06    8.895366e-07    -6.808388e-06    -5.799055e-06    1.537028e-06    5.02213e-06    -9.775096e-07    4.742435e-06    4.40335e-06    -1.580935e-06    -3.005428e-06
-7.969294e-07    -8.581073e-07    5.989454e-08    7.147039e-07    5.76349e-07    4.231557e-07    2.226206e-06    2.131496e-06    -2.558872e-07    -2.528654e-06    2.553276e-07    2.564107e-06    8.682828e-07    -1.406775e-06    -9.775096e-07    1.596467e-06    -1.429157e-06    -2.774452e-06    9.084157e-07    8.853961e-07
2.884674e-06    3.864854e-06    2.233305e-06    -2.090984e-06    -5.841229e-06    -1.637707e-06    -6.746695e-06    -5.281285e-06    3.095627e-07    7.687324e-06    -1.958113e-07    -7.045509e-06    -4.288975e-06    1.221035e-06    4.742435e-06    -1.429157e-06    6.479871e-06    4.988231e-06    -2.458281e-06    -2.908665e-06
3.495595e-06    2.451381e-06    9.460441e-07    -1.295472e-06    -5.084273e-06    -1.749805e-06    -6.895509e-06    -6.054752e-06    2.5545e-07    8.173891e-06    3.984933e-07    -8.18513e-06    -4.871944e-06    3.2245e-06    4.40335e-06    -2.774452e-06    4.988231e-06    6.890727e-06    -1.949096e-06    -3.549198e-06
-4.947631e-07    -1.647847e-06    -1.023154e-06    1.106388e-06    1.546267e-06    1.778311e-07    2.525528e-06    2.052141e-06    -4.147045e-07    -2.610604e-06    8.723871e-07    2.260757e-06    8.866675e-07    -3.881893e-07    -1.580935e-06    9.084157e-07    -2.458281e-06    -1.949096e-06    1.660576e-06    3.2462e-07
-2.912541e-06    -1.14126e-06    -8.194014e-07    1.395167e-07    4.214563e-06    1.623848e-06    3.742125e-06    3.045301e-06    2.412747e-07    -4.899751e-06    -1.324464e-06    5.079671e-06    4.10197e-06    -1.821894e-06    -3.005428e-06    8.853961e-07    -2.908665e-06    -3.549198e-06    3.2462e-07    2.98175e-06
