3.490078e-06    1.213294e-06    1.097288e-06    2.060172e-07    -4.584124e-06    4.308076e-07    -2.847897e-06    -4.239777e-06    -1.82193e-06    3.235333e-06    -7.969294e-07    2.884674e-06    3.495595e-06    -4.947631e-07    -2.912541e-06
1.213294e-06    3.784766e-06    2.010427e-06    -1.633096e-06    -2.675437e-06    -8.502264e-07    -2.982858e-06    -3.804336e-06    -5.977428e-07    3.395288e-06    -8.581073e-07    3.864854e-06    2.451381e-06    -1.647847e-06    -1.14126e-06
1.097288e-06    2.010427e-06    2.951421e-06    -1.846875e-07    -3.412919e-06    2.934515e-07    -2.146366e-06    -3.145469e-06    1.07689e-08    1.411917e-06    5.989454e-08    2.233305e-06    9.460441e-07    -1.023154e-06    -8.194014e-07
2.060172e-07    -1.633096e-06    -1.846875e-07    2.647575e-06    9.443321e-07    9.367854e-07    1.429674e-06    1.377553e-06    4.528208e-07    -2.11547e-06    7.147039e-07    -2.090984e-06    -1.295472e-06    1.106388e-06    1.395167e-07
-4.584124e-06    -2.675437e-06    -3.412919e-06    9.443321e-07    1.169766e-05    -1.310339e-06    6.217251e-06    8.835582e-06    2.183399e-06    -5.629343e-06    5.76349e-07    -5.841229e-06    -5.084273e-06    1.546267e-06    4.214563e-06
4.308076e-07    -8.502264e-07    2.934515e-07    9.367854e-07    -1.310339e-06    1.304262e-06    6.247221e-08    -3.078309e-07    1.517268e-07    -1.02564e-06    3.391606e-07    -5.221517e-07    -1.455446e-08    5.376352e-07    -5.248728e-07
-2.847897e-06    -2.982858e-06    -2.146366e-06    1.429674e-06    6.217251e-06    6.247221e-08    5.800965e-06    7.090695e-06    1.356825e-06    -5.936589e-06    7.495013e-07    -5.565456e-06    -4.031017e-06    1.942e-06    2.795974e-06
-4.239777e-06    -3.804336e-06    -3.145469e-06    1.377553e-06    8.835582e-06    -3.078309e-07    7.090695e-06    9.871788e-06    2.108438e-06    -7.461141e-06    1.4837e-06    -7.244445e-06    -6.279537e-06    2.508639e-06    4.173195e-06
-1.82193e-06    -5.977428e-07    1.07689e-08    4.528208e-07    2.183399e-06    1.517268e-07    1.356825e-06    2.108438e-06    2.273703e-06    -2.530292e-06    5.404352e-07    -1.794584e-06    -2.11258e-06    9.775571e-08    1.72057e-06
3.235333e-06    3.395288e-06    1.411917e-06    -2.11547e-06    -5.629343e-06    -1.02564e-06    -5.936589e-06    -7.461141e-06    -2.530292e-06    7.901383e-06    -1.336002e-06    6.313171e-06    5.010595e-06    -1.987553e-06    -3.33184e-06
-7.969294e-07    -8.581073e-07    5.989454e-08    7.147039e-07    5.76349e-07    3.391606e-07    7.495013e-07    1.4837e-06    5.404352e-07    -1.336002e-06    1.596467e-06    -1.429157e-06    -2.774452e-06    9.084157e-07    8.853961e-07
2.884674e-06    3.864854e-06    2.233305e-06    -2.090984e-06    -5.841229e-06    -5.221517e-07    -5.565456e-06    -7.244445e-06    -1.794584e-06    6.313171e-06    -1.429157e-06    6.479871e-06    4.988231e-06    -2.458281e-06    -2.908665e-06
3.495595e-06    2.451381e-06    9.460441e-07    -1.295472e-06    -5.084273e-06    -1.455446e-08    -4.031017e-06    -6.279537e-06    -2.11258e-06    5.010595e-06    -2.774452e-06    4.988231e-06    6.890727e-06    -1.949096e-06    -3.549198e-06
-4.947631e-07    -1.647847e-06    -1.023154e-06    1.106388e-06    1.546267e-06    5.376352e-07    1.942e-06    2.508639e-06    9.775571e-08    -1.987553e-06    9.084157e-07    -2.458281e-06    -1.949096e-06    1.660576e-06    3.2462e-07
-2.912541e-06    -1.14126e-06    -8.194014e-07    1.395167e-07    4.214563e-06    -5.248728e-07    2.795974e-06    4.173195e-06    1.72057e-06    -3.33184e-06    8.853961e-07    -2.908665e-06    -3.549198e-06    3.2462e-07    2.98175e-06
