2.610806e-06    -6.932331e-07    -1.302551e-06    1.299365e-06    -8.407168e-07    2.801438e-07    2.037341e-06    1.19444e-06    -1.698067e-07    -1.432613e-06
-6.932331e-07    1.820546e-06    1.15889e-06    -1.507002e-06    -4.918427e-07    2.867651e-07    -6.192307e-07    -8.52724e-07    5.066531e-07    1.243057e-07
-1.302551e-06    1.15889e-06    4.416799e-06    1.066789e-09    -2.817883e-06    -5.686829e-07    1.254787e-06    7.263848e-07    -8.563317e-07    2.494322e-07
1.299365e-06    -1.507002e-06    1.066789e-09    3.692722e-06    -1.906334e-06    -1.481344e-06    2.894143e-06    3.846966e-06    -1.358998e-06    -1.621876e-06
-8.407168e-07    -4.918427e-07    -2.817883e-06    -1.906334e-06    4.014613e-06    6.581517e-07    -2.707742e-06    -2.586425e-06    6.828133e-07    1.57916e-06
2.801438e-07    2.867651e-07    -5.686829e-07    -1.481344e-06    6.581517e-07    1.596467e-06    -1.429157e-06    -2.774452e-06    9.084157e-07    8.853961e-07
2.037341e-06    -6.192307e-07    1.254787e-06    2.894143e-06    -2.707742e-06    -1.429157e-06    6.479871e-06    4.988231e-06    -2.458281e-06    -2.908665e-06
1.19444e-06    -8.52724e-07    7.263848e-07    3.846966e-06    -2.586425e-06    -2.774452e-06    4.988231e-06    6.890727e-06    -1.949096e-06    -3.549198e-06
-1.698067e-07    5.066531e-07    -8.563317e-07    -1.358998e-06    6.828133e-07    9.084157e-07    -2.458281e-06    -1.949096e-06    1.660576e-06    3.2462e-07
-1.432613e-06    1.243057e-07    2.494322e-07    -1.621876e-06    1.57916e-06    8.853961e-07    -2.908665e-06    -3.549198e-06    3.2462e-07    2.98175e-06
