1    0.04906791    -0.5733122    -0.04768158    0.0270085    -0.03494881    -0.007852254    0.02225328    -0.02517614    0.06341314    0.07815264    -0.08173545    -0.1349497    0.04060273    0.006473677    -0.01463525    0.05181037    0.01589474    -0.02019697    -0.02471695    0.03437997    0.0118504    -0.05521378    -0.04937845    0.04489279    0.03712324    0.03232202    0.003961423    -0.00939065    -0.02143709    -0.0310066    0.005392358    -0.03424506    -0.01801741    0.08005267    -0.05059381    -0.0329235    0.01477745    0.02537843    0.009934855    -0.09170204    0.05056059    0.09332575    0.003890796    -0.03227965    0.006021854    0.08661026    -0.05965373    -0.06743866    0.07067536
0.04906791    1    -0.08481752    -0.5860951    0.1151126    -0.03912683    -0.0003636056    -0.01007981    -0.02112001    0.08192874    -0.05325389    -0.031163    0.00553076    -0.09268284    0.07622175    -0.04980882    0.02939106    0.0282521    -0.02032628    -0.005364617    0.09137606    0.02017316    -0.0905782    -0.007137837    0.03820798    -0.08264246    0.03509002    0.08727938    -0.01425881    -0.03656455    0.03668029    0.009933148    -0.04331829    0.008963548    0.04224083    -0.004536296    -0.07101351    -0.02751667    0.07264293    0.02638772    -0.03080339    0.002410677    0.06245925    -0.001894993    -0.04390401    -0.01096049    0.04856987    0.005389305    -0.03017387    0.01044359
-0.5733122    -0.08481752    1    0.06538671    -0.4271286    0.0478436    0.01167424    -0.05478356    0.01167327    -0.03289356    -0.0822694    -0.03256273    -0.01975499    -0.07509917    0.134287    -0.01457506    -0.09599375    0.01263565    0.05974952    -0.008053537    -0.0282498    -0.03646998    0.04630968    0.04341287    -0.03638966    -0.0523483    0.05228823    0.03947899    -0.0654458    0.004523582    0.03901069    -0.03611001    -0.007988814    0.03987197    -0.02329214    0.01952312    -0.0163269    -0.01756501    0.005524823    0.01296193    0.008003194    -0.0108023    -0.002700564    0.02483875    -0.02554104    0.04775215    -0.1267458    -0.006969944    0.07157218    -0.0272016
-0.04768158    -0.5860951    0.06538671    1    -0.4462675    0.03897282    0.05567353    0.0007204521    -0.0268183    -0.1011564    0.06776798    -0.1222775    -0.07841976    0.06195382    0.01471666    -0.02608941    -0.01004011    -0.002437374    0.03188205    0.02076203    -0.06267917    -0.00562831    0.06456302    -0.01676349    -0.01672736    0.02799873    0.007682849    -0.00437235    -0.0193285    0.01424113    -0.00461668    0.0009686774    0.03027731    -0.006147654    -0.01387782    -0.07120349    -0.004449681    0.06019496    -0.01251759    0.0023313    0.009155844    0.03711909    -0.02265687    -0.01970598    0.04253535    0.01164383    -0.0312953    0.002516863    -0.009689354    0.02482014
0.0270085    0.1151126    -0.4271286    -0.4462675    1    0.02738323    -0.02527456    0.001668931    0.01151941    -0.01556827    0.01020844    0.1816679    0.06915276    -0.03202071    -0.04796313    -0.001656392    0.007903905    -0.01744658    -0.02147395    0.04351178    -0.01490849    0.06909219    0.03044412    -0.02136077    -0.03212349    0.003165527    -0.08094346    -0.04962389    0.07747945    0.05062756    0.006144442    0.05205135    0.009266853    -0.04786897    -0.02139292    0.01892487    0.04942902    0.003579205    -0.02271986    -0.04174957    0.04342522    -0.03992166    -0.04910064    -0.006677561    0.03623105    -0.05753192    0.07478476    0.07164271    -0.05237184    -0.02031929
-0.03494881    -0.03912683    0.0478436    0.03897282    0.02738323    1    0.02409479    -0.5540134    0.007876378    0.0002197257    0.02967009    0.01452004    -0.03390074    -0.01608421    -0.03610334    0.07850804    -0.1199364    -0.07392843    0.07351146    -0.01079453    -0.05165273    -0.0109453    0.03787385    0.01497851    0.02757054    0.001167938    0.05053197    -0.01818723    0.04460723    -0.02469238    -0.0004673595    0.003475392    -0.04194193    -0.005813357    0.06717125    -0.01383436    -0.0004072589    0.0179937    0.019588    0.005218713    0.02472382    -0.009654187    -0.03380959    0.009489852    -0.003598791    -0.02254841    -0.0003931387    0.003168792    -0.02378233    0.04388652
-0.007852254    -0.0003636056    0.01167424    0.05567353    -0.02527456    0.02409479    1    -0.07524301    -0.5866202    0.1660791    -0.01732409    -0.05522407    0.009204831    0.02227046    0.02303321    -0.0856209    0.01882001    -0.04591214    -0.08652181    0.1234961    0.01036526    -0.05142762    -0.002471616    0.002258897    -0.009387342    -0.05885864    0.0583429    0.05671484    -0.03082633    -0.03504148    0.01212844    -0.005417898    0.007559063    0.01814132    0.01257186    0.04153224    -0.03630511    -0.02770357    0.03509641    -0.001834811    -0.05618104    -0.02300724    0.04975993    0.01520991    0.01390146    5.571004e-05    -0.05983796    0.008045654    0.04308305    -0.024182
0.02225328    -0.01007981    -0.05478356    0.0007204521    0.001668931    -0.5540134    -0.07524301    1    -0.01726578    -0.3431392    -0.08249017    0.03508293    0.05235863    0.01456912    0.04019639    -0.1056197    -0.01655692    -0.05189201    -0.07081788    0.1678069    0.05209871    0.007701425    -0.03157911    -0.02880807    -0.01818132    -0.03250702    0.0261017    0.07046367    -0.03621001    -0.03441768    0.01832953    -0.02342968    0.02436223    0.01467547    -0.03996406    -0.01531651    -0.01976655    3.298071e-05    -0.01696005    0.007728812    -0.04189797    0.01679698    0.06587901    0.003467641    -0.01290093    -0.01049385    -0.01099746    0.02220994    -0.03795854    0.02219328
-0.02517614    -0.02112001    0.01167327    -0.0268183    0.01151941    0.007876378    -0.5866202    -0.01726578    1    -0.4829047    -0.01219593    0.0433162    0.008523012    -0.01182069    -0.03052122    0.1133986    -0.1316171    -0.1173357    0.1024472    0.009415141    -0.0559794    0.03284542    0.02223687    -0.03800422    0.05031363    0.03809489    -0.01927009    0.02828198    0.01954596    -0.05823883    0.0246418    -0.004572777    -0.02230302    -0.01964767    -0.01064218    -0.04476474    -0.01870314    0.002036114    -0.0117757    0.03822616    0.03813303    0.08315493    -0.02886708    -0.06866344    0.0142449    -0.03095036    0.0626854    -0.0174325    -0.05520915    0.04700352
0.06341314    0.08192874    -0.03289356    -0.1011564    -0.01556827    0.0002197257    0.1660791    -0.3431392    -0.4829047    1    0.01578425    -0.0399718    -0.02940308    0.009640102    0.0198546    0.0007486661    0.1588583    0.1232686    -0.03780868    -0.1402384    -0.01781685    0.00212986    0.01885178    0.04654033    -0.03285333    -0.005129683    -0.05665335    -0.05422545    0.02654571    0.04879514    -0.05003042    0.0379205    0.03535313    -0.01538563    -0.01758086    0.03978313    0.07729255    -0.004063294    -0.03427574    0.01622571    0.03365253    -0.05684024    -0.03726462    0.02401851    0.003101354    0.03868073    -0.006114126    -0.01105012    0.04315339    -0.02387041
0.07815264    -0.05325389    -0.0822694    0.06776798    0.01020844    0.02967009    -0.01732409    -0.08249017    -0.01219593    0.01578425    1    -0.07097652    -0.6286305    -0.03675972    0.02730792    0.01734315    0.03201973    0.01787652    0.02694501    -0.04629005    -0.02351655    0.001943714    0.03962176    -0.01781733    -0.00508158    0.1247479    0.03731564    -0.05032255    0.01771883    -0.06651712    -0.007842021    -0.005617991    0.003051365    0.009655672    0.01514324    0.01827518    0.02150875    0.005065345    0.01308025    -0.03167484    -0.06529257    -0.0003960833    0.02345897    0.02341853    0.02265795    -0.008896891    0.009869074    0.003122145    -0.009680778    0.02362222
-0.08173545    -0.031163    -0.03256273    -0.1222775    0.1816679    0.01452004    -0.05522407    0.03508293    0.0433162    -0.0399718    -0.07097652    1    -0.0791724    -0.5835572    0.1192374    0.04309511    -0.02085941    0.009273937    0.03100812    -0.005797631    -0.0253196    0.01071204    0.02929325    0.002273138    0.01256173    -0.01358936    0.1224614    0.04695277    -0.0454947    -0.04076742    -0.01030705    -0.02146425    -0.02575132    0.001343442    0.03488606    -0.01001438    0.006265898    0.006030559    0.03277967    -0.0166033    -0.01679266    0.01986786    0.01770738    -0.03331998    -0.0006170207    -0.06359591    0.008297618    0.01793905    0.005015956    0.02436472
-0.1349497    0.00553076    -0.01975499    -0.07841976    0.06915276    -0.03390074    0.009204831    0.05235863    0.008523012    -0.02940308    -0.6286305    -0.0791724    1    -0.02143606    -0.3763256    -0.02343641    -0.004841111    0.01775051    -0.02700405    0.04102495    -0.01011528    -0.01597662    -0.01409992    0.02224878    0.04379456    -0.07272416    0.01843433    0.1040985    -0.02393191    -0.04458224    0.0311122    0.02149984    -0.03685543    0.008796658    0.0154874    0.00341023    -0.02123698    -0.03866463    0.01209045    0.07484762    0.04576291    -0.007777755    -0.01470691    -0.01861157    -0.01857027    -0.01497102    0.03701657    -0.02526247    0.02080239    0.01459992
0.04060273    -0.09268284    -0.07509917    0.06195382    -0.03202071    -0.01608421    0.02227046    0.01456912    -0.01182069    0.009640102    -0.03675972    -0.5835572    -0.02143606    1    -0.4130093    -0.02140191    -0.004567032    0.002897947    -0.02634923    0.00771561    -0.006369614    0.03888508    0.00355608    -0.02228509    0.01779354    -0.03432942    -0.06872039    0.03435553    0.0737631    -0.04120934    -0.03013466    0.001448678    0.06315467    0.02074606    -0.07562812    -0.01569869    0.03418259    0.03296633    -0.08125725    0.03610128    0.02808875    -0.01766879    -0.02719183    0.01045688    -0.001650366    0.03168262    -0.01068729    0.01469403    0.002564623    -0.02624095
0.006473677    0.07622175    0.134287    0.01471666    -0.04796313    -0.03610334    0.02303321    0.04019639    -0.03052122    0.0198546    0.02730792    0.1192374    -0.3763256    -0.4130093    1    -0.009301442    0.01479668    -0.03400993    0.000486546    -0.03040818    0.01189261    -0.02968678    0.001482686    0.0272841    -0.07405105    -0.03539781    -0.01407046    -0.07228424    -0.02006017    0.1893294    0.004066812    -0.03510262    -0.009206642    0.002110339    -0.000273935    -0.01445364    0.02203589    0.01168567    -0.0003590643    -0.06113567    -0.0136799    0.03610286    -0.01753913    -0.04906919    0.06720939    0.007275371    -0.05941935    -0.0005473347    -0.009962569    -0.004733897
-0.01463525    -0.04980882    -0.01457506    -0.02608941    -0.001656392    0.07850804    -0.0856209    -0.1056197    0.1133986    0.0007486661    0.01734315    0.04309511    -0.02343641    -0.02140191    -0.009301442    1    -0.001034051    -0.579239    -0.05867098    -0.04234761    -0.01851948    -0.01934781    0.04737624    0.03829547    -0.048897    0.07484761    -0.01597461    -0.049203    0.07849913    -0.07678051    -0.03090544    0.01078848    0.01556397    0.0037801    0.001732621    -0.008698536    0.05670294    -0.007853873    -0.09332926    0.09191829    0.03893228    0.02095926    -0.0142347    -0.002759561    -0.01237588    -0.01823968    0.02058904    0.04376419    -0.01302688    -0.01683618
0.05181037    0.02939106    -0.09599375    -0.01004011    0.007903905    -0.1199364    0.01882001    -0.01655692    -0.1316171    0.1588583    0.03201973    -0.02085941    -0.004841111    -0.004567032    0.01479668    -0.001034051    1    -0.09055389    -0.6628608    0.215994    0.07440439    -0.04038257    -0.09509261    0.00215162    0.06618737    -0.06771765    0.1236452    0.06226058    -0.05879155    0.002915948    0.01209004    -0.06345213    -0.04215801    0.02782702    0.01933569    0.01313615    0.01422602    0.001123503    0.0209361    -0.03377485    -0.01637655    -0.04991467    -0.003572865    0.003644087    -0.01400153    0.01433906    -0.02425017    -0.009726631    -0.0009839155    0.01028365
0.01589474    0.0282521    0.01263565    -0.002437374    -0.01744658    -0.07392843    -0.04591214    -0.05189201    -0.1173357    0.1232686    0.01787652    0.009273937    0.01775051    0.002897947    -0.03400993    -0.579239    -0.09055389    1    -0.07619338    -0.3353676    0.01143923    0.006044124    -0.04063967    0.008111742    0.0557146    -0.06700186    0.1008299    0.09021291    -0.1016921    0.006992843    0.008178936    -0.003639946    -0.03945109    -0.0263114    0.07992425    -0.005887291    -0.02817509    0.02331872    0.06328375    -0.04497728    -0.01458018    -0.03904788    -0.01586466    0.02239175    0.03786679    0.003970722    -0.01708219    -0.04912191    0.0106584    0.06532427
-0.02019697    -0.02032628    0.05974952    0.03188205    -0.02147395    0.07351146    -0.08652181    -0.07081788    0.1024472    -0.03780868    0.02694501    0.03100812    -0.02700405    -0.02634923    0.000486546    -0.05867098    -0.6628608    -0.07619338    1    -0.4102918    -0.03696203    0.006850431    0.009958083    -0.002861585    0.01298676    0.0406931    -0.09395322    0.004966285    0.08527794    -0.06502711    -0.003251857    0.04794948    0.0512718    -0.006151776    -0.03728553    -0.03644101    0.01242594    0.01600932    -0.05532113    0.06133473    0.02502791    0.0184127    -0.03004902    -0.01615896    0.05792802    0.005283524    0.005098237    -0.02368206    0.00837236    0.02465908
-0.02471695    -0.005364617    -0.008053537    0.02076203    0.04351178    -0.01079453    0.1234961    0.1678069    0.009415141    -0.1402384    -0.04629005    -0.005797631    0.04102495    0.00771561    -0.03040818    -0.04234761    0.215994    -0.3353676    -0.4102918    1    -0.04289265    -0.009325183    0.05805759    0.004180092    -0.0614781    -0.004873319    -0.03541442    -0.05105197    0.03320421    0.1093209    0.03054511    -0.05032893    -0.03023763    0.02803424    -0.02243331    0.04385656    -0.03907782    -0.01409764    0.0695723    -0.05710156    -0.01159456    0.01683046    0.03064792    0.01899144    -0.0498277    -0.004897566    0.0112552    0.02133209    -0.01363519    -0.02280288
0.03437997    0.09137606    -0.0282498    -0.06267917    -0.01490849    -0.05165273    0.01036526    0.05209871    -0.0559794    -0.01781685    -0.02351655    -0.0253196    -0.01011528    -0.006369614    0.01189261    -0.01851948    0.07440439    0.01143923    -0.03696203    -0.04289265    1    0.05016715    -0.7652618    -0.2164396    0.2527462    0.02865542    -0.1041927    0.001926955    0.08896268    -0.05682623    0.09293558    -0.04479658    -0.06658394    0.008783134    0.03758904    -0.0522793    -0.0377209    0.01484643    0.05200724    -0.1038063    -0.06744878    -0.06528374    0.0610014    0.09847936    -0.04109018    0.1757093    -0.01902461    -0.08365833    -0.06035079    0.02954738
0.0118504    0.02017316    -0.03646998    -0.00562831    0.06909219    -0.0109453    -0.05142762    0.007701425    0.03284542    0.00212986    0.001943714    0.01071204    -0.01597662    0.03888508    -0.02968678    -0.01934781    -0.04038257    0.006044124    0.006850431    -0.009325183    0.05016715    1    0.07725506    -0.7808682    0.1179414    -0.1065096    -0.07048928    -0.0009832096    -0.05750843    0.136834    0.008163831    0.05353282    0.05082531    -0.01102475    -0.07750115    -0.05951829    -0.01459902    0.009564239    -0.01242605    -0.007176681    -0.06224125    0.0773126    0.1233002    -0.01906659    -0.05702872    0.04511379    0.1572304    -0.01627114    -0.09815471    -0.01748515
-0.05521378    -0.0905782    0.04630968    0.06456302    0.03044412    0.03787385    -0.002471616    -0.03157911    0.02223687    0.01885178    0.03962176    0.02929325    -0.01409992    0.00355608    0.001482686    0.04737624    -0.09509261    -0.04063967    0.009958083    0.05805759    -0.7652618    0.07725506    1    0.210168    -0.6410685    -0.01051941    -0.05203834    -0.08998248    0.02716933    0.102095    -0.0330146    0.0576957    0.07353514    0.03507434    -0.1227615    0.04282656    0.002688617    -0.01594257    -0.04167077    0.05626838    0.08847438    0.1177397    -0.02743997    -0.06673486    -0.008507817    -0.1032741    0.05570676    0.1396427    0.0561913    -0.1408994
-0.04937845    -0.007137837    0.04341287    -0.01676349    -0.02136077    0.01497851    0.002258897    -0.02880807    -0.03800422    0.04654033    -0.01781733    0.002273138    0.02224878    -0.02228509    0.0272841    0.03829547    0.00215162    0.008111742    -0.002861585    0.004180092    -0.2164396    -0.7808682    0.210168    1    -0.5415401    0.121524    -0.03017054    -0.1021074    0.1167619    -0.03562919    0.00979504    0.01938877    -0.01888935    -0.00858777    0.01606729    0.08206553    0.01513156    -0.04751673    -0.008074845    0.04642428    0.114721    0.007375884    -0.09873641    -0.02684394    0.01511229    -0.02245147    -0.0877916    0.04534361    0.128129    -0.06091721
0.04489279    0.03820798    -0.03638966    -0.01672736    -0.03212349    0.02757054    -0.009387342    -0.01818132    0.05031363    -0.03285333    -0.00508158    0.01256173    0.04379456    0.01779354    -0.07405105    -0.048897    0.06618737    0.0557146    0.01298676    -0.0614781    0.2527462    0.1179414    -0.6410685    -0.5415401    1    -0.08089636    0.1697895    0.1920214    -0.1304806    -0.1036965    -0.0401096    -0.08124945    -0.04597078    0.002510157    0.1348547    -0.09004255    0.004139655    0.07048498    0.0447058    0.04479507    -0.0916817    -0.1155987    0.0184697    0.02839411    -0.01388123    -0.06040446    -0.04292855    -0.09685357    -0.04914318    0.253015
0.03712324    -0.08264246    -0.0523483    0.02799873    0.003165527    0.001167938    -0.05885864    -0.03250702    0.03809489    -0.005129683    0.1247479    -0.01358936    -0.07272416    -0.03432942    -0.03539781    0.07484761    -0.06771765    -0.06700186    0.0406931    -0.004873319    0.02865542    -0.1065096    -0.01051941    0.121524    -0.08089636    1    0.1817067    -0.7009072    -0.08989701    0.03300119    0.03511008    0.006493554    -0.00794471    0.02964101    -0.04525946    0.1693934    0.02704507    -0.08092714    0.04377453    -0.08473838    0.07430161    0.02046868    -0.1116693    -0.06173098    0.08920847    0.03198998    0.06991132    0.002607221    -0.003431639    -0.05016594
0.03232202    0.03509002    0.05228823    0.007682849    -0.08094346    0.05053197    0.0583429    0.0261017    -0.01927009    -0.05665335    0.03731564    0.1224614    0.01843433    -0.06872039    -0.01407046    -0.01597461    0.1236452    0.1008299    -0.09395322    -0.03541442    -0.1041927    -0.07048928    -0.05203834    -0.03017054    0.1697895    0.1817067    1    -0.3427951    -0.6935129    0.2865004    -0.04548515    -0.02767826    -0.04355484    -0.02555861    0.1130867    -0.05580124    0.1165694    0.1213591    -0.01222154    -0.0915611    -0.04525207    -0.03879932    0.01394846    0.02369013    -0.009066066    -0.02144315    -0.01846099    -0.02188471    0.03538414    0.003230499
0.003961423    0.08727938    0.03947899    -0.00437235    -0.04962389    -0.01818723    0.05671484    0.07046367    0.02828198    -0.05422545    -0.05032255    0.04695277    0.1040985    0.03435553    -0.07228424    -0.049203    0.06226058    0.09021291    0.004966285    -0.05105197    0.001926955    -0.0009832096    -0.08998248    -0.1021074    0.1920214    -0.7009072    -0.3427951    1    0.168816    -0.5352536    -0.02561173    -0.03860504    -0.01929777    0.0009187238    0.06242496    -0.08107027    0.07497266    0.1140807    -0.005056816    -0.02608537    -0.06638277    -0.06744862    0.0353851    0.03844255    -0.005605828    -0.02234605    -0.02177618    0.01279503    -0.01755484    0.05976834
-0.00939065    -0.01425881    -0.0654458    -0.0193285    0.07747945    0.04460723    -0.03082633    -0.03621001    0.01954596    0.02654571    0.01771883    -0.0454947    -0.02393191    0.0737631    -0.02006017    0.07849913    -0.05879155    -0.1016921    0.08527794    0.03320421    0.08896268    -0.05750843    0.02716933    0.1167619    -0.1304806    -0.08989701    -0.6935129    0.168816    1    -0.3929891    0.05257008    -0.0104879    -0.00621998    0.05705188    -0.07989444    0.1154046    -0.04447496    -0.03431574    0.06076899    -0.05647816    0.03717028    0.02910913    -0.05780563    -0.0664863    0.07816279    0.02983421    0.06709509    0.007325648    -0.02237549    -0.02315146
-0.02143709    -0.03656455    0.004523582    0.01424113    0.05062756    -0.02469238    -0.03504148    -0.03441768    -0.05823883    0.04879514    -0.06651712    -0.04076742    -0.04458224    -0.04120934    0.1893294    -0.07678051    0.002915948    0.006992843    -0.06502711    0.1093209    -0.05682623    0.136834    0.102095    -0.03562919    -0.1036965    0.03300119    0.2865004    -0.5352536    -0.3929891    1    -0.01098008    0.05053069    0.03756532    -0.06018547    -0.02159582    -0.05238334    -0.1119878    -0.1068732    -0.02175957    0.1350839    0.02749729    0.06106199    0.0461125    0.004294682    -0.07328791    -0.001368428    -0.04844724    -0.003834085    -0.000757417    -0.007255853
-0.0310066    0.03668029    0.03901069    -0.00461668    0.006144442    -0.0004673595    0.01212844    0.01832953    0.0246418    -0.05003042    -0.007842021    -0.01030705    0.0311122    -0.03013466    0.004066812    -0.03090544    0.01209004    0.008178936    -0.003251857    0.03054511    0.09293558    0.008163831    -0.0330146    0.00979504    -0.0401096    0.03511008    -0.04548515    -0.02561173    0.05257008    -0.01098008    1    -0.07105915    -0.7590877    -0.01713896    0.1621592    0.06578869    -0.04617482    -0.06532049    0.002798647    0.0115641    0.06137951    -0.02010971    -0.03404169    0.03177556    -0.0408374    0.5651818    -0.07591573    -0.3791486    0.02046658    0.05912382
0.005392358    0.009933148    -0.03611001    0.0009686774    0.05205135    0.003475392    -0.005417898    -0.02342968    -0.004572777    0.0379205    -0.005617991    -0.02146425    0.02149984    0.001448678    -0.03510262    0.01078848    -0.06345213    -0.003639946    0.04794948    -0.05032893    -0.04479658    0.05353282    0.0576957    0.01938877    -0.08124945    0.006493554    -0.02767826    -0.03860504    -0.0104879    0.05053069    -0.07105915    1    0.1470227    -0.7767391    0.1245049    -0.01666837    0.06862875    0.04631449    -0.1145462    0.0222629    -0.0387604    0.02427743    0.01847857    -0.01824694    -0.008098644    -0.01595864    0.567215    -0.01557446    -0.3836528    0.1134179
-0.03424506    -0.04331829    -0.007988814    0.03027731    0.009266853    -0.04194193    0.007559063    0.02436223    -0.02230302    0.03535313    0.003051365    -0.02575132    -0.03685543    0.06315467    -0.009206642    0.01556397    -0.04215801    -0.03945109    0.0512718    -0.03023763    -0.06658394    0.05082531    0.07353514    -0.01888935    -0.04597078    -0.00794471    -0.04355484    -0.01929777    -0.00621998    0.03756532    -0.7590877    0.1470227    1    0.002426858    -0.537623    -0.03357153    0.01336827    0.07275917    0.001173018    -0.06282509    -0.009950863    -0.02915035    -0.02673701    -0.02804441    0.06365963    -0.4268955    0.1098905    0.5484164    -0.0421708    -0.2612182
-0.01801741    0.008963548    0.03987197    -0.006147654    -0.04786897    -0.005813357    0.01814132    0.01467547    -0.01964767    -0.01538563    0.009655672    0.001343442    0.008796658    0.02074606    0.002110339    0.0037801    0.02782702    -0.0263114    -0.006151776    0.02803424    0.008783134    -0.01102475    0.03507434    -0.00858777    0.002510157    0.02964101    -0.02555861    0.0009187238    0.05705188    -0.06018547    -0.01713896    -0.7767391    0.002426858    1    -0.5020596    0.03244078    -0.03077184    -0.05671267    0.1297897    -0.0586788    0.05254584    -0.02742077    -0.05672652    0.000753911    0.04172599    0.0005135338    -0.4349766    0.05602662    0.548529    -0.3259449
0.08005267    0.04224083    -0.02329214    -0.01387782    -0.02139292    0.06717125    0.01257186    -0.03996406    -0.01064218    -0.01758086    0.01514324    0.03488606    0.0154874    -0.07562812    -0.000273935    0.001732621    0.01933569    0.07992425    -0.03728553    -0.02243331    0.03758904    -0.07750115    -0.1227615    0.01606729    0.1348547    -0.04525946    0.1130867    0.06242496    -0.07989444    -0.02159582    0.1621592    0.1245049    -0.537623    -0.5020596    1    -0.08004259    0.002634396    0.009670701    -0.02648834    0.1699075    -0.1351752    0.01096573    0.1518768    0.07502079    -0.05040215    0.02246198    0.0491411    -0.3031119    -0.2666663    0.5751196
-0.05059381    -0.004536296    0.01952312    -0.07120349    0.01892487    -0.01383436    0.04153224    -0.01531651    -0.04476474    0.03978313    0.01827518    -0.01001438    0.00341023    -0.01569869    -0.01445364    -0.008698536    0.01313615    -0.005887291    -0.03644101    0.04385656    -0.0522793    -0.05951829    0.04282656    0.08206553    -0.09004255    0.1693934    -0.05580124    -0.08107027    0.1154046    -0.05238334    0.06578869    -0.01666837    -0.03357153    0.03244078    -0.08004259    1    -0.1169316    -0.7228295    0.1430365    0.1130299    0.08642682    0.06780278    -0.08190055    -0.1225905    0.09567054    0.1757378    0.02504304    -0.105211    -0.008841889    -0.02511926
-0.0329235    -0.07101351    -0.0163269    -0.004449681    0.04942902    -0.0004072589    -0.03630511    -0.01976655    -0.01870314    0.07729255    0.02150875    0.006265898    -0.02123698    0.03418259    0.02203589    0.05670294    0.01422602    -0.02817509    0.01242594    -0.03907782    -0.0377209    -0.01459902    0.002688617    0.01513156    0.004139655    0.02704507    0.1165694    0.07497266    -0.04447496    -0.1119878    -0.04617482    0.06862875    0.01336827    -0.03077184    0.002634396    -0.1169316    1    0.1225456    -0.708288    0.1717449    0.0110113    0.02091034    -0.05142963    -0.08651967    0.09382207    0.03620365    0.0936842    -0.0119282    -0.0254776    -0.01258437
0.01477745    -0.02751667    -0.01756501    0.06019496    0.003579205    0.0179937    -0.02770357    3.298071e-05    0.002036114    -0.004063294    0.005065345    0.006030559    -0.03866463    0.03296633    0.01168567    -0.007853873    0.001123503    0.02331872    0.01600932    -0.01409764    0.01484643    0.009564239    -0.01594257    -0.04751673    0.07048498    -0.08092714    0.1213591    0.1140807    -0.03431574    -0.1068732    -0.06532049    0.04631449    0.07275917    -0.05671267    0.009670701    -0.7228295    0.1225456    1    -0.1843117    -0.4438617    -0.03714581    -0.09165247    -0.02167908    0.08032211    -0.02407182    -0.113282    0.04960023    0.1477838    -0.01328394    -0.06908165
0.02537843    0.07264293    0.005524823    -0.01251759    -0.02271986    0.019588    0.03509641    -0.01696005    -0.0117757    -0.03427574    0.01308025    0.03277967    0.01209045    -0.08125725    -0.0003590643    -0.09332926    0.0209361    0.06328375    -0.05532113    0.0695723    0.05200724    -0.01242605    -0.04167077    -0.008074845    0.0447058    0.04377453    -0.01222154    -0.005056816    0.06076899    -0.02175957    0.002798647    -0.1145462    0.001173018    0.1297897    -0.02648834    0.1430365    -0.708288    -0.1843117    1    -0.5048047    -0.04486151    -0.1355852    0.004970857    0.1155393    -0.03759316    -0.05155008    -0.09524614    0.06263443    0.1308298    -0.08923405
0.009934855    0.02638772    0.01296193    0.0023313    -0.04174957    0.005218713    -0.001834811    0.007728812    0.03822616    0.01622571    -0.03167484    -0.0166033    0.07484762    0.03610128    -0.06113567    0.09191829    -0.03377485    -0.04497728    0.06133473    -0.05710156    -0.1038063    -0.007176681    0.05626838    0.04642428    0.04479507    -0.08473838    -0.0915611    -0.02608537    -0.05647816    0.1350839    0.0115641    0.0222629    -0.06282509    -0.0586788    0.1699075    0.1130299    0.1717449    -0.4438617    -0.5048047    1    0.04424657    0.1792586    0.07210112    -0.1047661    -0.03396666    0.02834152    -0.01744921    -0.1629022    -0.1021666    0.3065855
-0.09170204    -0.03080339    0.008003194    0.009155844    0.04342522    0.02472382    -0.05618104    -0.04189797    0.03813303    0.03365253    -0.06529257    -0.01679266    0.04576291    0.02808875    -0.0136799    0.03893228    -0.01637655    -0.01458018    0.02502791    -0.01159456    -0.06744878    -0.06224125    0.08847438    0.114721    -0.0916817    0.07430161    -0.04525207    -0.06638277    0.03717028    0.02749729    0.06137951    -0.0387604    -0.009950863    0.05254584    -0.1351752    0.08642682    0.0110113    -0.03714581    -0.04486151    0.04424657    1    0.2292549    -0.7925327    -0.3398313    0.2443113    0.1378754    0.01430813    -0.07594447    -0.006305397    -0.04839362
0.05056059    0.002410677    -0.0108023    0.03711909    -0.03992166    -0.009654187    -0.02300724    0.01679698    0.08315493    -0.05684024    -0.0003960833    0.01986786    -0.007777755    -0.01766879    0.03610286    0.02095926    -0.04991467    -0.03904788    0.0184127    0.01683046    -0.06528374    0.0773126    0.1177397    0.007375884    -0.1155987    0.02046868    -0.03879932    -0.06744862    0.02910913    0.06106199    -0.02010971    0.02427743    -0.02915035    -0.02742077    0.01096573    0.06780278    0.02091034    -0.09165247    -0.1355852    0.1792586    0.2292549    1    0.0582692    -0.7753216    0.1000554    0.005578518    0.157625    0.004036359    -0.09551998    -0.01131214
0.09332575    0.06245925    -0.002700564    -0.02265687    -0.04910064    -0.03380959    0.04975993    0.06587901    -0.02886708    -0.03726462    0.02345897    0.01770738    -0.01470691    -0.02719183    -0.01753913    -0.0142347    -0.003572865    -0.01586466    -0.03004902    0.03064792    0.0610014    0.1233002    -0.02743997    -0.09873641    0.0184697    -0.1116693    0.01394846    0.0353851    -0.05780563    0.0461125    -0.03404169    0.01847857    -0.02673701    -0.05672652    0.1518768    -0.08190055    -0.05142963    -0.02167908    0.004970857    0.07210112    -0.7925327    0.0582692    1    0.2852451    -0.6086443    -0.116667    0.05693531    0.1096152    -0.03011969    -0.0003704035
0.003890796    -0.001894993    0.02483875    -0.01970598    -0.006677561    0.009489852    0.01520991    0.003467641    -0.06866344    0.02401851    0.02341853    -0.03331998    -0.01861157    0.01045688    -0.04906919    -0.002759561    0.003644087    0.02239175    -0.01615896    0.01899144    0.09847936    -0.01906659    -0.06673486    -0.02684394    0.02839411    -0.06173098    0.02369013    0.03844255    -0.0664863    0.004294682    0.03177556    -0.01824694    -0.02804441    0.000753911    0.07502079    -0.1225905    -0.08651967    0.08032211    0.1155393    -0.1047661    -0.3398313    -0.7753216    0.2852451    1    -0.503745    0.007558403    -0.1073676    0.0242853    0.09828785    -0.02716121
-0.03227965    -0.04390401    -0.02554104    0.04253535    0.03623105    -0.003598791    0.01390146    -0.01290093    0.0142449    0.003101354    0.02265795    -0.0006170207    -0.01857027    -0.001650366    0.06720939    -0.01237588    -0.01400153    0.03786679    0.05792802    -0.0498277    -0.04109018    -0.05702872    -0.008507817    0.01511229    -0.01388123    0.08920847    -0.009066066    -0.005605828    0.07816279    -0.07328791    -0.0408374    -0.008098644    0.06365963    0.04172599    -0.05040215    0.09567054    0.09382207    -0.02407182    -0.03759316    -0.03396666    0.2443113    0.1000554    -0.6086443    -0.503745    1    -0.01359294    -0.03985826    -0.05819444    -0.004065534    0.1113071
0.006021854    -0.01096049    0.04775215    0.01164383    -0.05753192    -0.02254841    5.571004e-05    -0.01049385    -0.03095036    0.03868073    -0.008896891    -0.06359591    -0.01497102    0.03168262    0.007275371    -0.01823968    0.01433906    0.003970722    0.005283524    -0.004897566    0.1757093    0.04511379    -0.1032741    -0.02245147    -0.06040446    0.03198998    -0.02144315    -0.02234605    0.02983421    -0.001368428    0.5651818    -0.01595864    -0.4268955    0.0005135338    0.02246198    0.1757378    0.03620365    -0.113282    -0.05155008    0.02834152    0.1378754    0.005578518    -0.116667    0.007558403    -0.01359294    1    -0.1376514    -0.6676179    0.09997202    0.0203232
0.08661026    0.04856987    -0.1267458    -0.0312953    0.07478476    -0.0003931387    -0.05983796    -0.01099746    0.0626854    -0.006114126    0.009869074    0.008297618    0.03701657    -0.01068729    -0.05941935    0.02058904    -0.02425017    -0.01708219    0.005098237    0.0112552    -0.01902461    0.1572304    0.05570676    -0.0877916    -0.04292855    0.06991132    -0.01846099    -0.02177618    0.06709509    -0.04844724    -0.07591573    0.567215    0.1098905    -0.4349766    0.0491411    0.02504304    0.0936842    0.04960023    -0.09524614    -0.01744921    0.01430813    0.157625    0.05693531    -0.1073676    -0.03985826    -0.1376514    1    0.03542279    -0.676552    0.1943159
-0.05965373    0.005389305    -0.006969944    0.002516863    0.07164271    0.003168792    0.008045654    0.02220994    -0.0174325    -0.01105012    0.003122145    0.01793905    -0.02526247    0.01469403    -0.0005473347    0.04376419    -0.009726631    -0.04912191    -0.02368206    0.02133209    -0.08365833    -0.01627114    0.1396427    0.04534361    -0.09685357    0.002607221    -0.02188471    0.01279503    0.007325648    -0.003834085    -0.3791486    -0.01557446    0.5484164    0.05602662    -0.3031119    -0.105211    -0.0119282    0.1477838    0.06263443    -0.1629022    -0.07594447    0.004036359    0.1096152    0.0242853    -0.05819444    -0.6676179    0.03542279    1    -0.05155417    -0.452103
-0.06743866    -0.03017387    0.07157218    -0.009689354    -0.05237184    -0.02378233    0.04308305    -0.03795854    -0.05520915    0.04315339    -0.009680778    0.005015956    0.02080239    0.002564623    -0.009962569    -0.01302688    -0.0009839155    0.0106584    0.00837236    -0.01363519    -0.06035079    -0.09815471    0.0561913    0.128129    -0.04914318    -0.003431639    0.03538414    -0.01755484    -0.02237549    -0.000757417    0.02046658    -0.3836528    -0.0421708    0.548529    -0.2666663    -0.008841889    -0.0254776    -0.01328394    0.1308298    -0.1021666    -0.006305397    -0.09551998    -0.03011969    0.09828785    -0.004065534    0.09997202    -0.676552    -0.05155417    1    -0.5967933
0.07067536    0.01044359    -0.0272016    0.02482014    -0.02031929    0.04388652    -0.024182    0.02219328    0.04700352    -0.02387041    0.02362222    0.02436472    0.01459992    -0.02624095    -0.004733897    -0.01683618    0.01028365    0.06532427    0.02465908    -0.02280288    0.02954738    -0.01748515    -0.1408994    -0.06091721    0.253015    -0.05016594    0.003230499    0.05976834    -0.02315146    -0.007255853    0.05912382    0.1134179    -0.2612182    -0.3259449    0.5751196    -0.02511926    -0.01258437    -0.06908165    -0.08923405    0.3065855    -0.04839362    -0.01131214    -0.0003704035    -0.02716121    0.1113071    0.0203232    0.1943159    -0.452103    -0.5967933    1
