1    -0.0653515    -0.7025817    -0.07246449    -0.03990777    0.01346163    0.001719805    -0.02176723    0.008483815    -0.03992323
-0.0653515    1    -0.05452125    -0.5470611    0.1192943    0.05457299    -0.01101547    -0.03150709    -0.02252921    0.01796841
-0.7025817    -0.05452125    1    0.01906412    -0.3010253    -0.03724027    -0.006566729    0.06462045    0.01517028    0.02421176
-0.07246449    -0.5470611    0.01906412    1    -0.3474456    -0.01259216    0.02514095    0.03778052    -0.0051735    0.0004687462
-0.03990777    0.1192943    -0.3010253    -0.3474456    1    0.02544424    0.03356264    -0.04995864    -0.04228716    0.009167534
0.01346163    0.05457299    -0.03724027    -0.01259216    0.02544424    1    -0.001034051    -0.579239    -0.05867098    -0.04234761
0.001719805    -0.01101547    -0.006566729    0.02514095    0.03356264    -0.001034051    1    -0.09055389    -0.6628608    0.215994
-0.02176723    -0.03150709    0.06462045    0.03778052    -0.04995864    -0.579239    -0.09055389    1    -0.07619338    -0.3353676
0.008483815    -0.02252921    0.01517028    -0.0051735    -0.04228716    -0.05867098    -0.6628608    -0.07619338    1    -0.4102918
-0.03992323    0.01796841    0.02421176    0.0004687462    0.009167534    -0.04234761    0.215994    -0.3353676    -0.4102918    1
