1    -0.07097652    -0.6286305    -0.03675972    0.02730792    0.01734315    0.03201973    0.01787652    0.02694501    -0.04629005    0.03781313    -0.03002141    -0.02381871    0.05570847    -0.01952734
-0.07097652    1    -0.0791724    -0.5835572    0.1192374    0.04309511    -0.02085941    0.009273937    0.03100812    -0.005797631    -0.08403931    0.0689415    0.09615588    -0.07018423    -0.06840785
-0.6286305    -0.0791724    1    -0.02143606    -0.3763256    -0.02343641    -0.004841111    0.01775051    -0.02700405    0.04102495    -0.07887992    0.08133747    0.08272933    -0.0544145    -0.04933881
-0.03675972    -0.5835572    -0.02143606    1    -0.4130093    -0.02140191    -0.004567032    0.002897947    -0.02634923    0.00771561    0.098249    -0.0008247505    -0.05404453    0.006862059    0.003126215
0.02730792    0.1192374    -0.3763256    -0.4130093    1    -0.009301442    0.01479668    -0.03400993    0.000486546    -0.03040818    -0.02761062    -0.04163411    -0.03217663    0.004033324    0.09208734
0.01734315    0.04309511    -0.02343641    -0.02140191    -0.009301442    1    -0.001034051    -0.579239    -0.05867098    -0.04234761    0.1109205    -0.004050961    -0.06296749    0.02642134    -0.02400149
0.03201973    -0.02085941    -0.004841111    -0.004567032    0.01479668    -0.001034051    1    -0.09055389    -0.6628608    0.215994    -0.07196645    0.07599629    0.1315791    -0.08566231    -0.09080741
0.01787652    0.009273937    0.01775051    0.002897947    -0.03400993    -0.579239    -0.09055389    1    -0.07619338    -0.3353676    -0.1431636    0.06059555    0.1288552    -0.02151117    -0.06232165
0.02694501    0.03100812    -0.02700405    -0.02634923    0.000486546    -0.05867098    -0.6628608    -0.07619338    1    -0.4102918    0.05998009    -0.03182478    -0.06219299    0.0841634    -0.0231779
-0.04629005    -0.005797631    0.04102495    0.00771561    -0.03040818    -0.04234761    0.215994    -0.3353676    -0.4102918    1    0.01610908    -0.06477559    -0.04744043    -0.01857002    0.09255895
0.03781313    -0.08403931    -0.07887992    0.098249    -0.02761062    0.1109205    -0.07196645    -0.1431636    0.05998009    0.01610908    1    0.0416845    -0.7534453    -0.07856249    0.08736875
-0.03002141    0.0689415    0.08133747    -0.0008247505    -0.04163411    -0.004050961    0.07599629    0.06059555    -0.03182478    -0.06477559    0.0416845    1    -0.220745    -0.7680268    0.1760315
-0.02381871    0.09615588    0.08272933    -0.05404453    -0.03217663    -0.06296749    0.1315791    0.1288552    -0.06219299    -0.04744043    -0.7534453    -0.220745    1    0.05457984    -0.4539195
0.05570847    -0.07018423    -0.0544145    0.006862059    0.004033324    0.02642134    -0.08566231    -0.02151117    0.0841634    -0.01857002    -0.07856249    -0.7680268    0.05457984    1    -0.3206691
-0.01952734    -0.06840785    -0.04933881    0.003126215    0.09208734    -0.02400149    -0.09080741    -0.06232165    -0.0231779    0.09255895    0.08736875    0.1760315    -0.4539195    -0.3206691    1
