1    -0.001034051    -0.579239    -0.05867098    -0.04234761    -0.05826451    -0.04276539    0.0300382    0.05521156    -0.01699227
-0.001034051    1    -0.09055389    -0.6628608    0.215994    -0.03305782    -0.03887891    -0.01132879    0.00851467    0.02026148
-0.579239    -0.09055389    1    -0.07619338    -0.3353676    0.001991328    0.0338725    -0.004360406    -0.07418811    0.06808374
-0.05867098    -0.6628608    -0.07619338    1    -0.4102918    0.04490894    0.02153209    -0.004715205    0.01564288    -0.03671725
-0.04234761    0.215994    -0.3353676    -0.4102918    1    0.03628373    -0.01988679    -0.04249171    -0.002344917    0.04880883
-0.05826451    -0.03305782    0.001991328    0.04490894    0.03628373    1    0.1400241    -0.8017412    -0.2016428    0.2533022
-0.04276539    -0.03887891    0.0338725    0.02153209    -0.01988679    0.1400241    1    0.1472722    -0.7823827    0.08175681
0.0300382    -0.01132879    -0.004360406    -0.004715205    -0.04249171    -0.8017412    0.1472722    1    0.08810614    -0.5706687
0.05521156    0.00851467    -0.07418811    0.01564288    -0.002344917    -0.2016428    -0.7823827    0.08810614    1    -0.4619127
-0.01699227    0.02026148    0.06808374    -0.03671725    0.04880883    0.2533022    0.08175681    -0.5706687    -0.4619127    1
