1    0.04906791    -0.5733122    -0.04768158    0.0270085    -0.03494881    -0.007852254    0.02225328    -0.02517614    0.06341314    0.07815264    -0.08173545    -0.1349497    0.04060273    0.006473677    -0.01463525    0.05181037    0.01589474    -0.02019697    -0.02471695    0.06379655    -0.06196713    -0.08947666    0.08013803    0.05082678    0.03712324    0.03232202    0.003961423    -0.00939065    -0.02143709    -0.05059381    -0.0329235    0.01477745    0.02537843    0.009934855
0.04906791    1    -0.08481752    -0.5860951    0.1151126    -0.03912683    -0.0003636056    -0.01007981    -0.02112001    0.08192874    -0.05325389    -0.031163    0.00553076    -0.09268284    0.07622175    -0.04980882    0.02939106    0.0282521    -0.02032628    -0.005364617    -0.05225773    -0.06635504    -0.01235689    0.001670142    0.08652289    -0.08264246    0.03509002    0.08727938    -0.01425881    -0.03656455    -0.004536296    -0.07101351    -0.02751667    0.07264293    0.02638772
-0.5733122    -0.08481752    1    0.06538671    -0.4271286    0.0478436    0.01167424    -0.05478356    0.01167327    -0.03289356    -0.0822694    -0.03256273    -0.01975499    -0.07509917    0.134287    -0.01457506    -0.09599375    0.01263565    0.05974952    -0.008053537    -0.04930799    -0.07952641    0.005051699    -0.01884132    0.08923109    -0.0523483    0.05228823    0.03947899    -0.0654458    0.004523582    0.01952312    -0.0163269    -0.01756501    0.005524823    0.01296193
-0.04768158    -0.5860951    0.06538671    1    -0.4462675    0.03897282    0.05567353    0.0007204521    -0.0268183    -0.1011564    0.06776798    -0.1222775    -0.07841976    0.06195382    0.01471666    -0.02608941    -0.01004011    -0.002437374    0.03188205    0.02076203    0.1204726    -0.07735256    -0.1032847    0.04674694    0.04843898    0.02799873    0.007682849    -0.00437235    -0.0193285    0.01424113    -0.07120349    -0.004449681    0.06019496    -0.01251759    0.0023313
0.0270085    0.1151126    -0.4271286    -0.4462675    1    0.02738323    -0.02527456    0.001668931    0.01151941    -0.01556827    0.01020844    0.1816679    0.06915276    -0.03202071    -0.04796313    -0.001656392    0.007903905    -0.01744658    -0.02147395    0.04351178    -0.02978072    0.08754706    0.08705844    -0.007375384    -0.1280794    0.003165527    -0.08094346    -0.04962389    0.07747945    0.05062756    0.01892487    0.04942902    0.003579205    -0.02271986    -0.04174957
-0.03494881    -0.03912683    0.0478436    0.03897282    0.02738323    1    0.02409479    -0.5540134    0.007876378    0.0002197257    0.02967009    0.01452004    -0.03390074    -0.01608421    -0.03610334    0.07850804    -0.1199364    -0.07392843    0.07351146    -0.01079453    0.09223839    -0.0749872    -0.09748827    0.09212505    0.01502237    0.001167938    0.05053197    -0.01818723    0.04460723    -0.02469238    -0.01383436    -0.0004072589    0.0179937    0.019588    0.005218713
-0.007852254    -0.0003636056    0.01167424    0.05567353    -0.02527456    0.02409479    1    -0.07524301    -0.5866202    0.1660791    -0.01732409    -0.05522407    0.009204831    0.02227046    0.02303321    -0.0856209    0.01882001    -0.04591214    -0.08652181    0.1234961    -0.04309033    -0.07521886    -0.03200411    -0.02040733    0.1615699    -0.05885864    0.0583429    0.05671484    -0.03082633    -0.03504148    0.04153224    -0.03630511    -0.02770357    0.03509641    -0.001834811
0.02225328    -0.01007981    -0.05478356    0.0007204521    0.001668931    -0.5540134    -0.07524301    1    -0.01726578    -0.3431392    -0.08249017    0.03508293    0.05235863    0.01456912    0.04019639    -0.1056197    -0.01655692    -0.05189201    -0.07081788    0.1678069    -0.05778087    0.01272993    -0.04333777    -0.06154409    0.1138932    -0.03250702    0.0261017    0.07046367    -0.03621001    -0.03441768    -0.01531651    -0.01976655    3.298071e-05    -0.01696005    0.007728812
-0.02517614    -0.02112001    0.01167327    -0.0268183    0.01151941    0.007876378    -0.5866202    -0.01726578    1    -0.4829047    -0.01219593    0.0433162    0.008523012    -0.01182069    -0.03052122    0.1133986    -0.1316171    -0.1173357    0.1024472    0.009415141    0.1081992    -0.06039219    -0.08604067    0.07268645    -0.04241645    0.03809489    -0.01927009    0.02828198    0.01954596    -0.05823883    -0.04476474    -0.01870314    0.002036114    -0.0117757    0.03822616
0.06341314    0.08192874    -0.03289356    -0.1011564    -0.01556827    0.0002197257    0.1660791    -0.3431392    -0.4829047    1    0.01578425    -0.0399718    -0.02940308    0.009640102    0.0198546    0.0007486661    0.1588583    0.1232686    -0.03780868    -0.1402384    -0.06273026    0.08880749    0.1267319    -0.05553011    -0.07344258    -0.005129683    -0.05665335    -0.05422545    0.02654571    0.04879514    0.03978313    0.07729255    -0.004063294    -0.03427574    0.01622571
0.07815264    -0.05325389    -0.0822694    0.06776798    0.01020844    0.02967009    -0.01732409    -0.08249017    -0.01219593    0.01578425    1    -0.07097652    -0.6286305    -0.03675972    0.02730792    0.01734315    0.03201973    0.01787652    0.02694501    -0.04629005    0.05721269    -0.01971169    -0.01405888    0.02367157    -0.07552959    0.1247479    0.03731564    -0.05032255    0.01771883    -0.06651712    0.01827518    0.02150875    0.005065345    0.01308025    -0.03167484
-0.08173545    -0.031163    -0.03256273    -0.1222775    0.1816679    0.01452004    -0.05522407    0.03508293    0.0433162    -0.0399718    -0.07097652    1    -0.0791724    -0.5835572    0.1192374    0.04309511    -0.02085941    0.009273937    0.03100812    -0.005797631    -0.02995946    0.07754124    0.0847209    -0.01716222    -0.09676056    -0.01358936    0.1224614    0.04695277    -0.0454947    -0.04076742    -0.01001438    0.006265898    0.006030559    0.03277967    -0.0166033
-0.1349497    0.00553076    -0.01975499    -0.07841976    0.06915276    -0.03390074    0.009204831    0.05235863    0.008523012    -0.02940308    -0.6286305    -0.0791724    1    -0.02143606    -0.3763256    -0.02343641    -0.004841111    0.01775051    -0.02700405    0.04102495    -0.01469662    0.07508295    0.0002746751    -0.05262339    -0.02537025    -0.07272416    0.01843433    0.1040985    -0.02393191    -0.04458224    0.00341023    -0.02123698    -0.03866463    0.01209045    0.07484762
0.04060273    -0.09268284    -0.07509917    0.06195382    -0.03202071    -0.01608421    0.02227046    0.01456912    -0.01182069    0.009640102    -0.03675972    -0.5835572    -0.02143606    1    -0.4130093    -0.02140191    -0.004567032    0.002897947    -0.02634923    0.00771561    0.0335131    -0.01055882    -0.04646247    0.03196545    0.03326258    -0.03432942    -0.06872039    0.03435553    0.0737631    -0.04120934    -0.01569869    0.03418259    0.03296633    -0.08125725    0.03610128
0.006473677    0.07622175    0.134287    0.01471666    -0.04796313    -0.03610334    0.02303321    0.04019639    -0.03052122    0.0198546    0.02730792    0.1192374    -0.3763256    -0.4130093    1    -0.009301442    0.01479668    -0.03400993    0.000486546    -0.03040818    -0.05256895    -0.03572677    0.05832325    -0.0303684    0.05058365    -0.03539781    -0.01407046    -0.07228424    -0.02006017    0.1893294    -0.01445364    0.02203589    0.01168567    -0.0003590643    -0.06113567
-0.01463525    -0.04980882    -0.01457506    -0.02608941    -0.001656392    0.07850804    -0.0856209    -0.1056197    0.1133986    0.0007486661    0.01734315    0.04309511    -0.02343641    -0.02140191    -0.009301442    1    -0.001034051    -0.579239    -0.05867098    -0.04234761    0.05757449    -0.04268726    -0.0180722    0.0889704    -0.03966699    0.07484761    -0.01597461    -0.049203    0.07849913    -0.07678051    -0.008698536    0.05670294    -0.007853873    -0.09332926    0.09191829
0.05181037    0.02939106    -0.09599375    -0.01004011    0.007903905    -0.1199364    0.01882001    -0.01655692    -0.1316171    0.1588583    0.03201973    -0.02085941    -0.004841111    -0.004567032    0.01479668    -0.001034051    1    -0.09055389    -0.6628608    0.215994    -0.08311372    0.07569721    0.1085696    -0.03483069    -0.06891825    -0.06771765    0.1236452    0.06226058    -0.05879155    0.002915948    0.01313615    0.01422602    0.001123503    0.0209361    -0.03377485
0.01589474    0.0282521    0.01263565    -0.002437374    -0.01744658    -0.07392843    -0.04591214    -0.05189201    -0.1173357    0.1232686    0.01787652    0.009273937    0.01775051    0.002897947    -0.03400993    -0.579239    -0.09055389    1    -0.07619338    -0.3353676    -0.1008543    0.1055262    0.09257895    -0.06215974    -0.04718874    -0.06700186    0.1008299    0.09021291    -0.1016921    0.006992843    -0.005887291    -0.02817509    0.02331872    0.06328375    -0.04497728
-0.02019697    -0.02032628    0.05974952    0.03188205    -0.02147395    0.07351146    -0.08652181    -0.07081788    0.1024472    -0.03780868    0.02694501    0.03100812    -0.02700405    -0.02634923    0.000486546    -0.05867098    -0.6628608    -0.07619338    1    -0.4102918    0.09450982    -0.07421989    -0.06537391    0.05415065    -0.0005488509    0.0406931    -0.09395322    0.004966285    0.08527794    -0.06502711    -0.03644101    0.01242594    0.01600932    -0.05532113    0.06133473
-0.02471695    -0.005364617    -0.008053537    0.02076203    0.04351178    -0.01079453    0.1234961    0.1678069    0.009415141    -0.1402384    -0.04629005    -0.005797631    0.04102495    0.00771561    -0.03040818    -0.04234761    0.215994    -0.3353676    -0.4102918    1    -0.007765056    -0.01799834    -0.0616752    -0.01026454    0.07557238    -0.004873319    -0.03541442    -0.05105197    0.03320421    0.1093209    0.04385656    -0.03907782    -0.01409764    0.0695723    -0.05710156
0.06379655    -0.05225773    -0.04930799    0.1204726    -0.02978072    0.09223839    -0.04309033    -0.05778087    0.1081992    -0.06273026    0.05721269    -0.02995946    -0.01469662    0.0335131    -0.05256895    0.05757449    -0.08311372    -0.1008543    0.09450982    -0.007765056    1    -0.02954475    -0.6886428    -0.02435365    0.001571975    0.07994242    -0.03419432    -0.06696452    0.02817527    0.01963109    -0.07745642    -0.02990895    0.03546748    -0.01970455    0.02242412
-0.06196713    -0.06635504    -0.07952641    -0.07735256    0.08754706    -0.0749872    -0.07521886    0.01272993    -0.06039219    0.08880749    -0.01971169    0.07754124    0.07508295    -0.01055882    -0.03572677    -0.04268726    0.07569721    0.1055262    -0.07421989    -0.01799834    -0.02954475    1    -0.230843    -0.6910545    0.2013255    -0.02268121    -0.008376795    0.01310704    -0.0279386    0.02522165    -0.0367918    -0.0182784    0.02924082    0.01024232    -0.006027432
-0.08947666    -0.01235689    0.005051699    -0.1032847    0.08705844    -0.09748827    -0.03200411    -0.04333777    -0.08604067    0.1267319    -0.01405888    0.0847209    0.0002746751    -0.04646247    0.05832325    -0.0180722    0.1085696    0.09257895    -0.06537391    -0.0616752    -0.6886428    -0.230843    1    -0.006458427    -0.3909671    -0.06538912    -0.0001679702    0.02719172    -0.03779993    0.01681593    0.08161761    0.03084409    -0.08449848    -0.003882643    0.04535234
0.08013803    0.001670142    -0.01884132    0.04674694    -0.007375384    0.09212505    -0.02040733    -0.06154409    0.07268645    -0.05553011    0.02367157    -0.01716222    -0.05262339    0.03196545    -0.0303684    0.0889704    -0.03483069    -0.06215974    0.05415065    -0.01026454    -0.02435365    -0.6910545    -0.006458427    1    -0.3307153    0.01522934    -0.006770484    -0.03733638    0.04767327    0.003276057    -0.0002650409    -0.0257052    -0.009358238    0.004219955    0.02516631
0.05082678    0.08652289    0.08923109    0.04843898    -0.1280794    0.01502237    0.1615699    0.1138932    -0.04241645    -0.07344258    -0.07552959    -0.09676056    -0.02537025    0.03326258    0.05058365    -0.03966699    -0.06891825    -0.04718874    -0.0005488509    0.07557238    0.001571975    0.2013255    -0.3909671    -0.3307153    1    0.01249053    0.01154754    0.0392554    0.02210625    -0.05119416    -0.02287751    0.01739392    0.0433569    0.03240768    -0.08110159
0.03712324    -0.08264246    -0.0523483    0.02799873    0.003165527    0.001167938    -0.05885864    -0.03250702    0.03809489    -0.005129683    0.1247479    -0.01358936    -0.07272416    -0.03432942    -0.03539781    0.07484761    -0.06771765    -0.06700186    0.0406931    -0.004873319    0.07994242    -0.02268121    -0.06538912    0.01522934    0.01249053    1    0.1817067    -0.7009072    -0.08989701    0.03300119    0.1693934    0.02704507    -0.08092714    0.04377453    -0.08473838
0.03232202    0.03509002    0.05228823    0.007682849    -0.08094346    0.05053197    0.0583429    0.0261017    -0.01927009    -0.05665335    0.03731564    0.1224614    0.01843433    -0.06872039    -0.01407046    -0.01597461    0.1236452    0.1008299    -0.09395322    -0.03541442    -0.03419432    -0.008376795    -0.0001679702    -0.006770484    0.01154754    0.1817067    1    -0.3427951    -0.6935129    0.2865004    -0.05580124    0.1165694    0.1213591    -0.01222154    -0.0915611
0.003961423    0.08727938    0.03947899    -0.00437235    -0.04962389    -0.01818723    0.05671484    0.07046367    0.02828198    -0.05422545    -0.05032255    0.04695277    0.1040985    0.03435553    -0.07228424    -0.049203    0.06226058    0.09021291    0.004966285    -0.05105197    -0.06696452    0.01310704    0.02719172    -0.03733638    0.0392554    -0.7009072    -0.3427951    1    0.168816    -0.5352536    -0.08107027    0.07497266    0.1140807    -0.005056816    -0.02608537
-0.00939065    -0.01425881    -0.0654458    -0.0193285    0.07747945    0.04460723    -0.03082633    -0.03621001    0.01954596    0.02654571    0.01771883    -0.0454947    -0.02393191    0.0737631    -0.02006017    0.07849913    -0.05879155    -0.1016921    0.08527794    0.03320421    0.02817527    -0.0279386    -0.03779993    0.04767327    0.02210625    -0.08989701    -0.6935129    0.168816    1    -0.3929891    0.1154046    -0.04447496    -0.03431574    0.06076899    -0.05647816
-0.02143709    -0.03656455    0.004523582    0.01424113    0.05062756    -0.02469238    -0.03504148    -0.03441768    -0.05823883    0.04879514    -0.06651712    -0.04076742    -0.04458224    -0.04120934    0.1893294    -0.07678051    0.002915948    0.006992843    -0.06502711    0.1093209    0.01963109    0.02522165    0.01681593    0.003276057    -0.05119416    0.03300119    0.2865004    -0.5352536    -0.3929891    1    -0.05238334    -0.1119878    -0.1068732    -0.02175957    0.1350839
-0.05059381    -0.004536296    0.01952312    -0.07120349    0.01892487    -0.01383436    0.04153224    -0.01531651    -0.04476474    0.03978313    0.01827518    -0.01001438    0.00341023    -0.01569869    -0.01445364    -0.008698536    0.01313615    -0.005887291    -0.03644101    0.04385656    -0.07745642    -0.0367918    0.08161761    -0.0002650409    -0.02287751    0.1693934    -0.05580124    -0.08107027    0.1154046    -0.05238334    1    -0.1169316    -0.7228295    0.1430365    0.1130299
-0.0329235    -0.07101351    -0.0163269    -0.004449681    0.04942902    -0.0004072589    -0.03630511    -0.01976655    -0.01870314    0.07729255    0.02150875    0.006265898    -0.02123698    0.03418259    0.02203589    0.05670294    0.01422602    -0.02817509    0.01242594    -0.03907782    -0.02990895    -0.0182784    0.03084409    -0.0257052    0.01739392    0.02704507    0.1165694    0.07497266    -0.04447496    -0.1119878    -0.1169316    1    0.1225456    -0.708288    0.1717449
0.01477745    -0.02751667    -0.01756501    0.06019496    0.003579205    0.0179937    -0.02770357    3.298071e-05    0.002036114    -0.004063294    0.005065345    0.006030559    -0.03866463    0.03296633    0.01168567    -0.007853873    0.001123503    0.02331872    0.01600932    -0.01409764    0.03546748    0.02924082    -0.08449848    -0.009358238    0.0433569    -0.08092714    0.1213591    0.1140807    -0.03431574    -0.1068732    -0.7228295    0.1225456    1    -0.1843117    -0.4438617
0.02537843    0.07264293    0.005524823    -0.01251759    -0.02271986    0.019588    0.03509641    -0.01696005    -0.0117757    -0.03427574    0.01308025    0.03277967    0.01209045    -0.08125725    -0.0003590643    -0.09332926    0.0209361    0.06328375    -0.05532113    0.0695723    -0.01970455    0.01024232    -0.003882643    0.004219955    0.03240768    0.04377453    -0.01222154    -0.005056816    0.06076899    -0.02175957    0.1430365    -0.708288    -0.1843117    1    -0.5048047
0.009934855    0.02638772    0.01296193    0.0023313    -0.04174957    0.005218713    -0.001834811    0.007728812    0.03822616    0.01622571    -0.03167484    -0.0166033    0.07484762    0.03610128    -0.06113567    0.09191829    -0.03377485    -0.04497728    0.06133473    -0.05710156    0.02242412    -0.006027432    0.04535234    0.02516631    -0.08110159    -0.08473838    -0.0915611    -0.02608537    -0.05647816    0.1350839    0.1130299    0.1717449    -0.4438617    -0.5048047    1
