1    -0.001034051    -0.579239    -0.05867098    -0.04234761    0.03893228    0.02095926    -0.0142347    -0.002759561    -0.01237588
-0.001034051    1    -0.09055389    -0.6628608    0.215994    -0.01637655    -0.04991467    -0.003572865    0.003644087    -0.01400153
-0.579239    -0.09055389    1    -0.07619338    -0.3353676    -0.01458018    -0.03904788    -0.01586466    0.02239175    0.03786679
-0.05867098    -0.6628608    -0.07619338    1    -0.4102918    0.02502791    0.0184127    -0.03004902    -0.01615896    0.05792802
-0.04234761    0.215994    -0.3353676    -0.4102918    1    -0.01159456    0.01683046    0.03064792    0.01899144    -0.0498277
0.03893228    -0.01637655    -0.01458018    0.02502791    -0.01159456    1    0.2292549    -0.7925327    -0.3398313    0.2443113
0.02095926    -0.04991467    -0.03904788    0.0184127    0.01683046    0.2292549    1    0.0582692    -0.7753216    0.1000554
-0.0142347    -0.003572865    -0.01586466    -0.03004902    0.03064792    -0.7925327    0.0582692    1    0.2852451    -0.6086443
-0.002759561    0.003644087    0.02239175    -0.01615896    0.01899144    -0.3398313    -0.7753216    0.2852451    1    -0.503745
-0.01237588    -0.01400153    0.03786679    0.05792802    -0.0498277    0.2443113    0.1000554    -0.6086443    -0.503745    1
