1    -0.06179415    -0.5939001    -0.1180336    0.02355674    0.03778674    -0.005553675    0.002071574    -0.01161905    -0.02875373    0.08413338    -0.1154386    -0.1000648    0.1109304    -0.005129378
-0.06179415    1    -0.1008464    -0.6099681    0.04573424    -0.1096057    -0.0344562    0.07934024    0.01081083    0.01388016    -0.1428794    0.01691515    0.04397782    -0.1383665    0.07189472
-0.5939001    -0.1008464    1    -0.06423964    -0.3811407    -0.01944893    -0.05171702    0.01285704    0.02854312    0.01525333    -0.1447721    0.02736427    0.0232221    -0.1129713    0.1703574
-0.1180336    -0.6099681    -0.06423964    1    -0.2719001    0.09477362    0.0265755    -0.1105379    -0.007460088    0.01657019    0.05089662    -0.1121762    -0.07544994    0.1367732    -0.01523543
0.02355674    0.04573424    -0.3811407    -0.2719001    1    -0.02075961    0.03412797    0.03032551    0.01628158    -0.04739361    0.1161216    0.1043566    0.04773272    0.01533999    -0.1622242
0.03778674    -0.1096057    -0.01944893    0.09477362    -0.02075961    1    -0.07097652    -0.6286305    -0.03675972    0.02730792    0.01734315    0.03201973    0.01787652    0.02694501    -0.04629005
-0.005553675    -0.0344562    -0.05171702    0.0265755    0.03412797    -0.07097652    1    -0.0791724    -0.5835572    0.1192374    0.04309511    -0.02085941    0.009273937    0.03100812    -0.005797631
0.002071574    0.07934024    0.01285704    -0.1105379    0.03032551    -0.6286305    -0.0791724    1    -0.02143606    -0.3763256    -0.02343641    -0.004841111    0.01775051    -0.02700405    0.04102495
-0.01161905    0.01081083    0.02854312    -0.007460088    0.01628158    -0.03675972    -0.5835572    -0.02143606    1    -0.4130093    -0.02140191    -0.004567032    0.002897947    -0.02634923    0.00771561
-0.02875373    0.01388016    0.01525333    0.01657019    -0.04739361    0.02730792    0.1192374    -0.3763256    -0.4130093    1    -0.009301442    0.01479668    -0.03400993    0.000486546    -0.03040818
0.08413338    -0.1428794    -0.1447721    0.05089662    0.1161216    0.01734315    0.04309511    -0.02343641    -0.02140191    -0.009301442    1    -0.001034051    -0.579239    -0.05867098    -0.04234761
-0.1154386    0.01691515    0.02736427    -0.1121762    0.1043566    0.03201973    -0.02085941    -0.004841111    -0.004567032    0.01479668    -0.001034051    1    -0.09055389    -0.6628608    0.215994
-0.1000648    0.04397782    0.0232221    -0.07544994    0.04773272    0.01787652    0.009273937    0.01775051    0.002897947    -0.03400993    -0.579239    -0.09055389    1    -0.07619338    -0.3353676
0.1109304    -0.1383665    -0.1129713    0.1367732    0.01533999    0.02694501    0.03100812    -0.02700405    -0.02634923    0.000486546    -0.05867098    -0.6628608    -0.07619338    1    -0.4102918
-0.005129378    0.07189472    0.1703574    -0.01523543    -0.1622242    -0.04629005    -0.005797631    0.04102495    0.00771561    -0.03040818    -0.04234761    0.215994    -0.3353676    -0.4102918    1
