1    0.02409479    -0.5540134    0.007876378    0.0002197257    0.02967009    0.01452004    -0.03390074    -0.01608421    -0.03610334    0.07850804    -0.1199364    -0.07392843    0.07351146    -0.01079453    -0.008577676    0.02807756    -0.005490908    -0.02889365    0.02679441
0.02409479    1    -0.07524301    -0.5866202    0.1660791    -0.01732409    -0.05522407    0.009204831    0.02227046    0.02303321    -0.0856209    0.01882001    -0.04591214    -0.08652181    0.1234961    0.06245054    -0.02018858    -0.07034023    -0.008150182    0.03372983
-0.5540134    -0.07524301    1    -0.01726578    -0.3431392    -0.08249017    0.03508293    0.05235863    0.01456912    0.04019639    -0.1056197    -0.01655692    -0.05189201    -0.07081788    0.1678069    0.00352273    0.001958958    -0.006098328    -0.0127675    0.005803797
0.007876378    -0.5866202    -0.01726578    1    -0.4829047    -0.01219593    0.0433162    0.008523012    -0.01182069    -0.03052122    0.1133986    -0.1316171    -0.1173357    0.1024472    0.009415141    -0.0378812    0.02864559    0.0551309    -0.008728524    -0.01152161
0.0002197257    0.1660791    -0.3431392    -0.4829047    1    0.01578425    -0.0399718    -0.02940308    0.009640102    0.0198546    0.0007486661    0.1588583    0.1232686    -0.03780868    -0.1402384    0.0007966985    0.0003624113    -0.008237107    -0.006181305    0.01286282
0.02967009    -0.01732409    -0.08249017    -0.01219593    0.01578425    1    -0.07097652    -0.6286305    -0.03675972    0.02730792    0.01734315    0.03201973    0.01787652    0.02694501    -0.04629005    0.03837652    0.01464196    -0.03183952    -0.0231665    0.01720788
0.01452004    -0.05522407    0.03508293    0.0433162    -0.0399718    -0.07097652    1    -0.0791724    -0.5835572    0.1192374    0.04309511    -0.02085941    0.009273937    0.03100812    -0.005797631    -0.05783462    0.04251286    0.0109579    -0.0234941    0.0474961
-0.03390074    0.009204831    0.05235863    0.008523012    -0.02940308    -0.6286305    -0.0791724    1    -0.02143606    -0.3763256    -0.02343641    -0.004841111    0.01775051    -0.02700405    0.04102495    -0.01925285    0.01345457    0.04476694    0.0005493306    -0.02698693
-0.01608421    0.02227046    0.01456912    -0.01182069    0.009640102    -0.03675972    -0.5835572    -0.02143606    1    -0.4130093    -0.02140191    -0.004567032    0.002897947    -0.02634923    0.00771561    0.002542452    -0.06384683    0.02770382    0.06917097    -0.04429185
-0.03610334    0.02303321    0.04019639    -0.03052122    0.0198546    0.02730792    0.1192374    -0.3763256    -0.4130093    1    -0.009301442    0.01479668    -0.03400993    0.000486546    -0.03040818    -0.003156654    0.022004    -0.03299915    -0.02912227    0.01831258
0.07850804    -0.0856209    -0.1056197    0.1133986    0.0007486661    0.01734315    0.04309511    -0.02343641    -0.02140191    -0.009301442    1    -0.001034051    -0.579239    -0.05867098    -0.04234761    -0.0226617    0.03268199    0.0183719    0.0008472658    -0.02138866
-0.1199364    0.01882001    -0.01655692    -0.1316171    0.1588583    0.03201973    -0.02085941    -0.004841111    -0.004567032    0.01479668    -0.001034051    1    -0.09055389    -0.6628608    0.215994    -0.03465394    0.04693583    0.04803334    -0.02190575    -0.006533391
-0.07392843    -0.04591214    -0.05189201    -0.1173357    0.1232686    0.01787652    0.009273937    0.01775051    0.002897947    -0.03400993    -0.579239    -0.09055389    1    -0.07619338    -0.3353676    0.0062441    0.01988326    0.01755719    -0.009669229    -0.02057405
0.07351146    -0.08652181    -0.07081788    0.1024472    -0.03780868    0.02694501    0.03100812    -0.02700405    -0.02634923    0.000486546    -0.05867098    -0.6628608    -0.07619338    1    -0.4102918    0.03098912    -0.02708089    -0.01663068    0.03465002    -0.01942313
-0.01079453    0.1234961    0.1678069    0.009415141    -0.1402384    -0.04629005    -0.005797631    0.04102495    0.00771561    -0.03040818    -0.04234761    0.215994    -0.3353676    -0.4102918    1    -0.02491184    -0.06694385    -0.03036373    0.0292404    0.03339845
-0.008577676    0.06245054    0.00352273    -0.0378812    0.0007966985    0.03837652    -0.05783462    -0.01925285    0.002542452    -0.003156654    -0.0226617    -0.03465394    0.0062441    0.03098912    -0.02491184    1    0.1113    -0.7716235    -0.2948739    0.2616917
0.02807756    -0.02018858    0.001958958    0.02864559    0.0003624113    0.01464196    0.04251286    0.01345457    -0.06384683    0.022004    0.03268199    0.04693583    0.01988326    -0.02708089    -0.06694385    0.1113    1    0.1167179    -0.7951628    0.1122501
-0.005490908    -0.07034023    -0.006098328    0.0551309    -0.008237107    -0.03183952    0.0109579    0.04476694    0.02770382    -0.03299915    0.0183719    0.04803334    0.01755719    -0.01663068    -0.03036373    -0.7716235    0.1167179    1    0.2636114    -0.66048
-0.02889365    -0.008150182    -0.0127675    -0.008728524    -0.006181305    -0.0231665    -0.0234941    0.0005493306    0.06917097    -0.02912227    0.0008472658    -0.02190575    -0.009669229    0.03465002    0.0292404    -0.2948739    -0.7951628    0.2636114    1    -0.5298588
0.02679441    0.03372983    0.005803797    -0.01152161    0.01286282    0.01720788    0.0474961    -0.02698693    -0.04429185    0.01831258    -0.02138866    -0.006533391    -0.02057405    -0.01942313    0.03339845    0.2616917    0.1122501    -0.66048    -0.5298588    1
