1    0.04906791    -0.5733122    -0.04768158    0.0270085    -0.03494881    -0.007852254    0.02225328    -0.02517614    0.06341314    0.07815264    -0.08173545    -0.1349497    0.04060273    0.006473677    -0.01463525    0.05181037    0.01589474    -0.02019697    -0.02471695    0.03142211    0.01136365    -0.05633929    -0.03480539    0.06108696    0.03437997    0.0118504    -0.05521378    -0.04937845    0.04489279    0.03712324    0.03232202    0.003961423    -0.00939065    -0.02143709    -0.0310066    0.005392358    -0.03424506    -0.01801741    0.08005267    -0.05059381    -0.0329235    0.01477745    0.02537843    0.009934855
0.04906791    1    -0.08481752    -0.5860951    0.1151126    -0.03912683    -0.0003636056    -0.01007981    -0.02112001    0.08192874    -0.05325389    -0.031163    0.00553076    -0.09268284    0.07622175    -0.04980882    0.02939106    0.0282521    -0.02032628    -0.005364617    0.04814624    -0.004136511    -0.04711793    0.02132355    0.03524358    0.09137606    0.02017316    -0.0905782    -0.007137837    0.03820798    -0.08264246    0.03509002    0.08727938    -0.01425881    -0.03656455    0.03668029    0.009933148    -0.04331829    0.008963548    0.04224083    -0.004536296    -0.07101351    -0.02751667    0.07264293    0.02638772
-0.5733122    -0.08481752    1    0.06538671    -0.4271286    0.0478436    0.01167424    -0.05478356    0.01167327    -0.03289356    -0.0822694    -0.03256273    -0.01975499    -0.07509917    0.134287    -0.01457506    -0.09599375    0.01263565    0.05974952    -0.008053537    -0.007151108    0.01963235    0.02675871    0.01508805    0.003818242    -0.0282498    -0.03646998    0.04630968    0.04341287    -0.03638966    -0.0523483    0.05228823    0.03947899    -0.0654458    0.004523582    0.03901069    -0.03611001    -0.007988814    0.03987197    -0.02329214    0.01952312    -0.0163269    -0.01756501    0.005524823    0.01296193
-0.04768158    -0.5860951    0.06538671    1    -0.4462675    0.03897282    0.05567353    0.0007204521    -0.0268183    -0.1011564    0.06776798    -0.1222775    -0.07841976    0.06195382    0.01471666    -0.02608941    -0.01004011    -0.002437374    0.03188205    0.02076203    -0.05901421    -0.02063333    0.05381875    0.04260948    -0.0003301125    -0.06267917    -0.00562831    0.06456302    -0.01676349    -0.01672736    0.02799873    0.007682849    -0.00437235    -0.0193285    0.01424113    -0.00461668    0.0009686774    0.03027731    -0.006147654    -0.01387782    -0.07120349    -0.004449681    0.06019496    -0.01251759    0.0023313
0.0270085    0.1151126    -0.4271286    -0.4462675    1    0.02738323    -0.02527456    0.001668931    0.01151941    -0.01556827    0.01020844    0.1816679    0.06915276    -0.03202071    -0.04796313    -0.001656392    0.007903905    -0.01744658    -0.02147395    0.04351178    0.04030248    0.02268492    -0.02709894    -0.03520326    -0.01636493    -0.01490849    0.06909219    0.03044412    -0.02136077    -0.03212349    0.003165527    -0.08094346    -0.04962389    0.07747945    0.05062756    0.006144442    0.05205135    0.009266853    -0.04786897    -0.02139292    0.01892487    0.04942902    0.003579205    -0.02271986    -0.04174957
-0.03494881    -0.03912683    0.0478436    0.03897282    0.02738323    1    0.02409479    -0.5540134    0.007876378    0.0002197257    0.02967009    0.01452004    -0.03390074    -0.01608421    -0.03610334    0.07850804    -0.1199364    -0.07392843    0.07351146    -0.01079453    0.0238724    0.02400255    -0.02687525    -0.04384609    0.06307505    -0.05165273    -0.0109453    0.03787385    0.01497851    0.02757054    0.001167938    0.05053197    -0.01818723    0.04460723    -0.02469238    -0.0004673595    0.003475392    -0.04194193    -0.005813357    0.06717125    -0.01383436    -0.0004072589    0.0179937    0.019588    0.005218713
-0.007852254    -0.0003636056    0.01167424    0.05567353    -0.02527456    0.02409479    1    -0.07524301    -0.5866202    0.1660791    -0.01732409    -0.05522407    0.009204831    0.02227046    0.02303321    -0.0856209    0.01882001    -0.04591214    -0.08652181    0.1234961    0.0122587    0.005385906    0.001786893    0.04796759    -0.002728517    0.01036526    -0.05142762    -0.002471616    0.002258897    -0.009387342    -0.05885864    0.0583429    0.05671484    -0.03082633    -0.03504148    0.01212844    -0.005417898    0.007559063    0.01814132    0.01257186    0.04153224    -0.03630511    -0.02770357    0.03509641    -0.001834811
0.02225328    -0.01007981    -0.05478356    0.0007204521    0.001668931    -0.5540134    -0.07524301    1    -0.01726578    -0.3431392    -0.08249017    0.03508293    0.05235863    0.01456912    0.04019639    -0.1056197    -0.01655692    -0.05189201    -0.07081788    0.1678069    -0.03837133    -0.02845604    0.02485127    0.0247089    0.0008186338    0.05209871    0.007701425    -0.03157911    -0.02880807    -0.01818132    -0.03250702    0.0261017    0.07046367    -0.03621001    -0.03441768    0.01832953    -0.02342968    0.02436223    0.01467547    -0.03996406    -0.01531651    -0.01976655    3.298071e-05    -0.01696005    0.007728812
-0.02517614    -0.02112001    0.01167327    -0.0268183    0.01151941    0.007876378    -0.5866202    -0.01726578    1    -0.4829047    -0.01219593    0.0433162    0.008523012    -0.01182069    -0.03052122    0.1133986    -0.1316171    -0.1173357    0.1024472    0.009415141    0.01741165    -0.03563576    -0.03499742    -0.01095169    0.02207887    -0.0559794    0.03284542    0.02223687    -0.03800422    0.05031363    0.03809489    -0.01927009    0.02828198    0.01954596    -0.05823883    0.0246418    -0.004572777    -0.02230302    -0.01964767    -0.01064218    -0.04476474    -0.01870314    0.002036114    -0.0117757    0.03822616
0.06341314    0.08192874    -0.03289356    -0.1011564    -0.01556827    0.0002197257    0.1660791    -0.3431392    -0.4829047    1    0.01578425    -0.0399718    -0.02940308    0.009640102    0.0198546    0.0007486661    0.1588583    0.1232686    -0.03780868    -0.1402384    -0.02277236    0.0383402    0.05464904    -0.009030885    -0.06015856    -0.01781685    0.00212986    0.01885178    0.04654033    -0.03285333    -0.005129683    -0.05665335    -0.05422545    0.02654571    0.04879514    -0.05003042    0.0379205    0.03535313    -0.01538563    -0.01758086    0.03978313    0.07729255    -0.004063294    -0.03427574    0.01622571
0.07815264    -0.05325389    -0.0822694    0.06776798    0.01020844    0.02967009    -0.01732409    -0.08249017    -0.01219593    0.01578425    1    -0.07097652    -0.6286305    -0.03675972    0.02730792    0.01734315    0.03201973    0.01787652    0.02694501    -0.04629005    -0.02728783    -0.03765196    -0.009063143    0.02389594    0.02791286    -0.02351655    0.001943714    0.03962176    -0.01781733    -0.00508158    0.1247479    0.03731564    -0.05032255    0.01771883    -0.06651712    -0.007842021    -0.005617991    0.003051365    0.009655672    0.01514324    0.01827518    0.02150875    0.005065345    0.01308025    -0.03167484
-0.08173545    -0.031163    -0.03256273    -0.1222775    0.1816679    0.01452004    -0.05522407    0.03508293    0.0433162    -0.0399718    -0.07097652    1    -0.0791724    -0.5835572    0.1192374    0.04309511    -0.02085941    0.009273937    0.03100812    -0.005797631    0.02629894    -0.06592303    -0.08086873    -0.02031981    0.09905445    -0.0253196    0.01071204    0.02929325    0.002273138    0.01256173    -0.01358936    0.1224614    0.04695277    -0.0454947    -0.04076742    -0.01030705    -0.02146425    -0.02575132    0.001343442    0.03488606    -0.01001438    0.006265898    0.006030559    0.03277967    -0.0166033
-0.1349497    0.00553076    -0.01975499    -0.07841976    0.06915276    -0.03390074    0.009204831    0.05235863    0.008523012    -0.02940308    -0.6286305    -0.0791724    1    -0.02143606    -0.3763256    -0.02343641    -0.004841111    0.01775051    -0.02700405    0.04102495    0.01645754    0.002476394    -0.01432922    0.006328358    0.01636737    -0.01011528    -0.01597662    -0.01409992    0.02224878    0.04379456    -0.07272416    0.01843433    0.1040985    -0.02393191    -0.04458224    0.0311122    0.02149984    -0.03685543    0.008796658    0.0154874    0.00341023    -0.02123698    -0.03866463    0.01209045    0.07484762
0.04060273    -0.09268284    -0.07509917    0.06195382    -0.03202071    -0.01608421    0.02227046    0.01456912    -0.01182069    0.009640102    -0.03675972    -0.5835572    -0.02143606    1    -0.4130093    -0.02140191    -0.004567032    0.002897947    -0.02634923    0.00771561    -0.0161732    0.0254502    0.03847716    0.0145307    -0.08453703    -0.006369614    0.03888508    0.00355608    -0.02228509    0.01779354    -0.03432942    -0.06872039    0.03435553    0.0737631    -0.04120934    -0.03013466    0.001448678    0.06315467    0.02074606    -0.07562812    -0.01569869    0.03418259    0.03296633    -0.08125725    0.03610128
0.006473677    0.07622175    0.134287    0.01471666    -0.04796313    -0.03610334    0.02303321    0.04019639    -0.03052122    0.0198546    0.02730792    0.1192374    -0.3763256    -0.4130093    1    -0.009301442    0.01479668    -0.03400993    0.000486546    -0.03040818    0.006587987    0.02238162    0.005637427    -0.01770216    -0.007600626    0.01189261    -0.02968678    0.001482686    0.0272841    -0.07405105    -0.03539781    -0.01407046    -0.07228424    -0.02006017    0.1893294    0.004066812    -0.03510262    -0.009206642    0.002110339    -0.000273935    -0.01445364    0.02203589    0.01168567    -0.0003590643    -0.06113567
-0.01463525    -0.04980882    -0.01457506    -0.02608941    -0.001656392    0.07850804    -0.0856209    -0.1056197    0.1133986    0.0007486661    0.01734315    0.04309511    -0.02343641    -0.02140191    -0.009301442    1    -0.001034051    -0.579239    -0.05867098    -0.04234761    -0.05826451    -0.04276539    0.0300382    0.05521156    -0.01699227    -0.01851948    -0.01934781    0.04737624    0.03829547    -0.048897    0.07484761    -0.01597461    -0.049203    0.07849913    -0.07678051    -0.03090544    0.01078848    0.01556397    0.0037801    0.001732621    -0.008698536    0.05670294    -0.007853873    -0.09332926    0.09191829
0.05181037    0.02939106    -0.09599375    -0.01004011    0.007903905    -0.1199364    0.01882001    -0.01655692    -0.1316171    0.1588583    0.03201973    -0.02085941    -0.004841111    -0.004567032    0.01479668    -0.001034051    1    -0.09055389    -0.6628608    0.215994    -0.03305782    -0.03887891    -0.01132879    0.00851467    0.02026148    0.07440439    -0.04038257    -0.09509261    0.00215162    0.06618737    -0.06771765    0.1236452    0.06226058    -0.05879155    0.002915948    0.01209004    -0.06345213    -0.04215801    0.02782702    0.01933569    0.01313615    0.01422602    0.001123503    0.0209361    -0.03377485
0.01589474    0.0282521    0.01263565    -0.002437374    -0.01744658    -0.07392843    -0.04591214    -0.05189201    -0.1173357    0.1232686    0.01787652    0.009273937    0.01775051    0.002897947    -0.03400993    -0.579239    -0.09055389    1    -0.07619338    -0.3353676    0.001991328    0.0338725    -0.004360406    -0.07418811    0.06808374    0.01143923    0.006044124    -0.04063967    0.008111742    0.0557146    -0.06700186    0.1008299    0.09021291    -0.1016921    0.006992843    0.008178936    -0.003639946    -0.03945109    -0.0263114    0.07992425    -0.005887291    -0.02817509    0.02331872    0.06328375    -0.04497728
-0.02019697    -0.02032628    0.05974952    0.03188205    -0.02147395    0.07351146    -0.08652181    -0.07081788    0.1024472    -0.03780868    0.02694501    0.03100812    -0.02700405    -0.02634923    0.000486546    -0.05867098    -0.6628608    -0.07619338    1    -0.4102918    0.04490894    0.02153209    -0.004715205    0.01564288    -0.03671725    -0.03696203    0.006850431    0.009958083    -0.002861585    0.01298676    0.0406931    -0.09395322    0.004966285    0.08527794    -0.06502711    -0.003251857    0.04794948    0.0512718    -0.006151776    -0.03728553    -0.03644101    0.01242594    0.01600932    -0.05532113    0.06133473
-0.02471695    -0.005364617    -0.008053537    0.02076203    0.04351178    -0.01079453    0.1234961    0.1678069    0.009415141    -0.1402384    -0.04629005    -0.005797631    0.04102495    0.00771561    -0.03040818    -0.04234761    0.215994    -0.3353676    -0.4102918    1    0.03628373    -0.01988679    -0.04249171    -0.002344917    0.04880883    -0.04289265    -0.009325183    0.05805759    0.004180092    -0.0614781    -0.004873319    -0.03541442    -0.05105197    0.03320421    0.1093209    0.03054511    -0.05032893    -0.03023763    0.02803424    -0.02243331    0.04385656    -0.03907782    -0.01409764    0.0695723    -0.05710156
0.03142211    0.04814624    -0.007151108    -0.05901421    0.04030248    0.0238724    0.0122587    -0.03837133    0.01741165    -0.02277236    -0.02728783    0.02629894    0.01645754    -0.0161732    0.006587987    -0.05826451    -0.03305782    0.001991328    0.04490894    0.03628373    1    0.1400241    -0.8017412    -0.2016428    0.2533022    0.0008403928    -0.01221599    0.01055408    0.02234292    -0.00882542    0.01485286    -0.1302904    0.01193627    0.1635241    -0.06034451    0.5842049    -0.08173772    -0.4283276    -0.006772517    0.1087028    -0.06523516    -0.07254577    0.04376124    0.06461964    -0.09503478
0.01136365    -0.004136511    0.01963235    -0.02063333    0.02268492    0.02400255    0.005385906    -0.02845604    -0.03563576    0.0383402    -0.03765196    -0.06592303    0.002476394    0.0254502    0.02238162    -0.04276539    -0.03887891    0.0338725    0.02153209    -0.01988679    0.1400241    1    0.1472722    -0.7823827    0.08175681    -0.0144742    -0.0267208    0.02725611    0.03695603    -0.05146004    -0.07242617    -0.08939393    -0.0408996    -0.04016682    0.1630972    0.1079867    0.5529949    -0.02618486    -0.4072869    0.07416827    -0.05444256    -0.02481222    -0.003394528    -0.02413768    0.006172386
-0.05633929    -0.04711793    0.02675871    0.05381875    -0.02709894    -0.02687525    0.001786893    0.02485127    -0.03499742    0.05464904    -0.009063143    -0.08086873    -0.01432922    0.03847716    0.005637427    0.0300382    -0.01132879    -0.004360406    -0.004715205    -0.04249171    -0.8017412    0.1472722    1    0.08810614    -0.5706687    0.007046621    0.0597377    -0.00615597    -0.03773207    -0.0142018    0.003419443    -0.01237518    -0.1085682    -0.1084821    0.1679042    -0.452165    0.2267861    0.5464841    -0.08136759    -0.274628    0.04175831    0.02323763    -0.05082972    -0.07446704    0.08934038
-0.03480539    0.02132355    0.01508805    0.04260948    -0.03520326    -0.04384609    0.04796759    0.0247089    -0.01095169    -0.009030885    0.02389594    -0.02031981    0.006328358    0.0145307    -0.01770216    0.05521156    0.00851467    -0.07418811    0.01564288    -0.002344917    -0.2016428    -0.7823827    0.08810614    1    -0.4619127    0.05042576    0.06165633    -0.006232039    -0.07090873    0.006224635    0.1057718    -0.04611416    -0.05467534    0.09271725    -0.07956485    -0.1288506    -0.4311604    0.158112    0.5245109    -0.2968194    0.06365286    0.005755698    -0.0507084    0.0378319    0.02416649
0.06108696    0.03524358    0.003818242    -0.0003301125    -0.01636493    0.06307505    -0.002728517    0.0008186338    0.02207887    -0.06015856    0.02791286    0.09905445    0.01636737    -0.08453703    -0.007600626    -0.01699227    0.02026148    0.06808374    -0.03671725    0.04880883    0.2533022    0.08175681    -0.5706687    -0.4619127    1    -0.01820343    -0.08595736    -0.0116641    0.04677631    0.008166156    -0.09684112    0.1710905    0.1748279    -0.08652179    -0.1016708    0.1228782    -0.01992439    -0.3734898    -0.1873727    0.5963573    -0.1003267    -0.01781142    0.06889943    0.07723462    0.0473556
0.03437997    0.09137606    -0.0282498    -0.06267917    -0.01490849    -0.05165273    0.01036526    0.05209871    -0.0559794    -0.01781685    -0.02351655    -0.0253196    -0.01011528    -0.006369614    0.01189261    -0.01851948    0.07440439    0.01143923    -0.03696203    -0.04289265    0.0008403928    -0.0144742    0.007046621    0.05042576    -0.01820343    1    0.05016715    -0.7652618    -0.2164396    0.2527462    0.02865542    -0.1041927    0.001926955    0.08896268    -0.05682623    0.09293558    -0.04479658    -0.06658394    0.008783134    0.03758904    -0.0522793    -0.0377209    0.01484643    0.05200724    -0.1038063
0.0118504    0.02017316    -0.03646998    -0.00562831    0.06909219    -0.0109453    -0.05142762    0.007701425    0.03284542    0.00212986    0.001943714    0.01071204    -0.01597662    0.03888508    -0.02968678    -0.01934781    -0.04038257    0.006044124    0.006850431    -0.009325183    -0.01221599    -0.0267208    0.0597377    0.06165633    -0.08595736    0.05016715    1    0.07725506    -0.7808682    0.1179414    -0.1065096    -0.07048928    -0.0009832096    -0.05750843    0.136834    0.008163831    0.05353282    0.05082531    -0.01102475    -0.07750115    -0.05951829    -0.01459902    0.009564239    -0.01242605    -0.007176681
-0.05521378    -0.0905782    0.04630968    0.06456302    0.03044412    0.03787385    -0.002471616    -0.03157911    0.02223687    0.01885178    0.03962176    0.02929325    -0.01409992    0.00355608    0.001482686    0.04737624    -0.09509261    -0.04063967    0.009958083    0.05805759    0.01055408    0.02725611    -0.00615597    -0.006232039    -0.0116641    -0.7652618    0.07725506    1    0.210168    -0.6410685    -0.01051941    -0.05203834    -0.08998248    0.02716933    0.102095    -0.0330146    0.0576957    0.07353514    0.03507434    -0.1227615    0.04282656    0.002688617    -0.01594257    -0.04167077    0.05626838
-0.04937845    -0.007137837    0.04341287    -0.01676349    -0.02136077    0.01497851    0.002258897    -0.02880807    -0.03800422    0.04654033    -0.01781733    0.002273138    0.02224878    -0.02228509    0.0272841    0.03829547    0.00215162    0.008111742    -0.002861585    0.004180092    0.02234292    0.03695603    -0.03773207    -0.07090873    0.04677631    -0.2164396    -0.7808682    0.210168    1    -0.5415401    0.121524    -0.03017054    -0.1021074    0.1167619    -0.03562919    0.00979504    0.01938877    -0.01888935    -0.00858777    0.01606729    0.08206553    0.01513156    -0.04751673    -0.008074845    0.04642428
0.04489279    0.03820798    -0.03638966    -0.01672736    -0.03212349    0.02757054    -0.009387342    -0.01818132    0.05031363    -0.03285333    -0.00508158    0.01256173    0.04379456    0.01779354    -0.07405105    -0.048897    0.06618737    0.0557146    0.01298676    -0.0614781    -0.00882542    -0.05146004    -0.0142018    0.006224635    0.008166156    0.2527462    0.1179414    -0.6410685    -0.5415401    1    -0.08089636    0.1697895    0.1920214    -0.1304806    -0.1036965    -0.0401096    -0.08124945    -0.04597078    0.002510157    0.1348547    -0.09004255    0.004139655    0.07048498    0.0447058    0.04479507
0.03712324    -0.08264246    -0.0523483    0.02799873    0.003165527    0.001167938    -0.05885864    -0.03250702    0.03809489    -0.005129683    0.1247479    -0.01358936    -0.07272416    -0.03432942    -0.03539781    0.07484761    -0.06771765    -0.06700186    0.0406931    -0.004873319    0.01485286    -0.07242617    0.003419443    0.1057718    -0.09684112    0.02865542    -0.1065096    -0.01051941    0.121524    -0.08089636    1    0.1817067    -0.7009072    -0.08989701    0.03300119    0.03511008    0.006493554    -0.00794471    0.02964101    -0.04525946    0.1693934    0.02704507    -0.08092714    0.04377453    -0.08473838
0.03232202    0.03509002    0.05228823    0.007682849    -0.08094346    0.05053197    0.0583429    0.0261017    -0.01927009    -0.05665335    0.03731564    0.1224614    0.01843433    -0.06872039    -0.01407046    -0.01597461    0.1236452    0.1008299    -0.09395322    -0.03541442    -0.1302904    -0.08939393    -0.01237518    -0.04611416    0.1710905    -0.1041927    -0.07048928    -0.05203834    -0.03017054    0.1697895    0.1817067    1    -0.3427951    -0.6935129    0.2865004    -0.04548515    -0.02767826    -0.04355484    -0.02555861    0.1130867    -0.05580124    0.1165694    0.1213591    -0.01222154    -0.0915611
0.003961423    0.08727938    0.03947899    -0.00437235    -0.04962389    -0.01818723    0.05671484    0.07046367    0.02828198    -0.05422545    -0.05032255    0.04695277    0.1040985    0.03435553    -0.07228424    -0.049203    0.06226058    0.09021291    0.004966285    -0.05105197    0.01193627    -0.0408996    -0.1085682    -0.05467534    0.1748279    0.001926955    -0.0009832096    -0.08998248    -0.1021074    0.1920214    -0.7009072    -0.3427951    1    0.168816    -0.5352536    -0.02561173    -0.03860504    -0.01929777    0.0009187238    0.06242496    -0.08107027    0.07497266    0.1140807    -0.005056816    -0.02608537
-0.00939065    -0.01425881    -0.0654458    -0.0193285    0.07747945    0.04460723    -0.03082633    -0.03621001    0.01954596    0.02654571    0.01771883    -0.0454947    -0.02393191    0.0737631    -0.02006017    0.07849913    -0.05879155    -0.1016921    0.08527794    0.03320421    0.1635241    -0.04016682    -0.1084821    0.09271725    -0.08652179    0.08896268    -0.05750843    0.02716933    0.1167619    -0.1304806    -0.08989701    -0.6935129    0.168816    1    -0.3929891    0.05257008    -0.0104879    -0.00621998    0.05705188    -0.07989444    0.1154046    -0.04447496    -0.03431574    0.06076899    -0.05647816
-0.02143709    -0.03656455    0.004523582    0.01424113    0.05062756    -0.02469238    -0.03504148    -0.03441768    -0.05823883    0.04879514    -0.06651712    -0.04076742    -0.04458224    -0.04120934    0.1893294    -0.07678051    0.002915948    0.006992843    -0.06502711    0.1093209    -0.06034451    0.1630972    0.1679042    -0.07956485    -0.1016708    -0.05682623    0.136834    0.102095    -0.03562919    -0.1036965    0.03300119    0.2865004    -0.5352536    -0.3929891    1    -0.01098008    0.05053069    0.03756532    -0.06018547    -0.02159582    -0.05238334    -0.1119878    -0.1068732    -0.02175957    0.1350839
-0.0310066    0.03668029    0.03901069    -0.00461668    0.006144442    -0.0004673595    0.01212844    0.01832953    0.0246418    -0.05003042    -0.007842021    -0.01030705    0.0311122    -0.03013466    0.004066812    -0.03090544    0.01209004    0.008178936    -0.003251857    0.03054511    0.5842049    0.1079867    -0.452165    -0.1288506    0.1228782    0.09293558    0.008163831    -0.0330146    0.00979504    -0.0401096    0.03511008    -0.04548515    -0.02561173    0.05257008    -0.01098008    1    -0.07105915    -0.7590877    -0.01713896    0.1621592    0.06578869    -0.04617482    -0.06532049    0.002798647    0.0115641
0.005392358    0.009933148    -0.03611001    0.0009686774    0.05205135    0.003475392    -0.005417898    -0.02342968    -0.004572777    0.0379205    -0.005617991    -0.02146425    0.02149984    0.001448678    -0.03510262    0.01078848    -0.06345213    -0.003639946    0.04794948    -0.05032893    -0.08173772    0.5529949    0.2267861    -0.4311604    -0.01992439    -0.04479658    0.05353282    0.0576957    0.01938877    -0.08124945    0.006493554    -0.02767826    -0.03860504    -0.0104879    0.05053069    -0.07105915    1    0.1470227    -0.7767391    0.1245049    -0.01666837    0.06862875    0.04631449    -0.1145462    0.0222629
-0.03424506    -0.04331829    -0.007988814    0.03027731    0.009266853    -0.04194193    0.007559063    0.02436223    -0.02230302    0.03535313    0.003051365    -0.02575132    -0.03685543    0.06315467    -0.009206642    0.01556397    -0.04215801    -0.03945109    0.0512718    -0.03023763    -0.4283276    -0.02618486    0.5464841    0.158112    -0.3734898    -0.06658394    0.05082531    0.07353514    -0.01888935    -0.04597078    -0.00794471    -0.04355484    -0.01929777    -0.00621998    0.03756532    -0.7590877    0.1470227    1    0.002426858    -0.537623    -0.03357153    0.01336827    0.07275917    0.001173018    -0.06282509
-0.01801741    0.008963548    0.03987197    -0.006147654    -0.04786897    -0.005813357    0.01814132    0.01467547    -0.01964767    -0.01538563    0.009655672    0.001343442    0.008796658    0.02074606    0.002110339    0.0037801    0.02782702    -0.0263114    -0.006151776    0.02803424    -0.006772517    -0.4072869    -0.08136759    0.5245109    -0.1873727    0.008783134    -0.01102475    0.03507434    -0.00858777    0.002510157    0.02964101    -0.02555861    0.0009187238    0.05705188    -0.06018547    -0.01713896    -0.7767391    0.002426858    1    -0.5020596    0.03244078    -0.03077184    -0.05671267    0.1297897    -0.0586788
0.08005267    0.04224083    -0.02329214    -0.01387782    -0.02139292    0.06717125    0.01257186    -0.03996406    -0.01064218    -0.01758086    0.01514324    0.03488606    0.0154874    -0.07562812    -0.000273935    0.001732621    0.01933569    0.07992425    -0.03728553    -0.02243331    0.1087028    0.07416827    -0.274628    -0.2968194    0.5963573    0.03758904    -0.07750115    -0.1227615    0.01606729    0.1348547    -0.04525946    0.1130867    0.06242496    -0.07989444    -0.02159582    0.1621592    0.1245049    -0.537623    -0.5020596    1    -0.08004259    0.002634396    0.009670701    -0.02648834    0.1699075
-0.05059381    -0.004536296    0.01952312    -0.07120349    0.01892487    -0.01383436    0.04153224    -0.01531651    -0.04476474    0.03978313    0.01827518    -0.01001438    0.00341023    -0.01569869    -0.01445364    -0.008698536    0.01313615    -0.005887291    -0.03644101    0.04385656    -0.06523516    -0.05444256    0.04175831    0.06365286    -0.1003267    -0.0522793    -0.05951829    0.04282656    0.08206553    -0.09004255    0.1693934    -0.05580124    -0.08107027    0.1154046    -0.05238334    0.06578869    -0.01666837    -0.03357153    0.03244078    -0.08004259    1    -0.1169316    -0.7228295    0.1430365    0.1130299
-0.0329235    -0.07101351    -0.0163269    -0.004449681    0.04942902    -0.0004072589    -0.03630511    -0.01976655    -0.01870314    0.07729255    0.02150875    0.006265898    -0.02123698    0.03418259    0.02203589    0.05670294    0.01422602    -0.02817509    0.01242594    -0.03907782    -0.07254577    -0.02481222    0.02323763    0.005755698    -0.01781142    -0.0377209    -0.01459902    0.002688617    0.01513156    0.004139655    0.02704507    0.1165694    0.07497266    -0.04447496    -0.1119878    -0.04617482    0.06862875    0.01336827    -0.03077184    0.002634396    -0.1169316    1    0.1225456    -0.708288    0.1717449
0.01477745    -0.02751667    -0.01756501    0.06019496    0.003579205    0.0179937    -0.02770357    3.298071e-05    0.002036114    -0.004063294    0.005065345    0.006030559    -0.03866463    0.03296633    0.01168567    -0.007853873    0.001123503    0.02331872    0.01600932    -0.01409764    0.04376124    -0.003394528    -0.05082972    -0.0507084    0.06889943    0.01484643    0.009564239    -0.01594257    -0.04751673    0.07048498    -0.08092714    0.1213591    0.1140807    -0.03431574    -0.1068732    -0.06532049    0.04631449    0.07275917    -0.05671267    0.009670701    -0.7228295    0.1225456    1    -0.1843117    -0.4438617
0.02537843    0.07264293    0.005524823    -0.01251759    -0.02271986    0.019588    0.03509641    -0.01696005    -0.0117757    -0.03427574    0.01308025    0.03277967    0.01209045    -0.08125725    -0.0003590643    -0.09332926    0.0209361    0.06328375    -0.05532113    0.0695723    0.06461964    -0.02413768    -0.07446704    0.0378319    0.07723462    0.05200724    -0.01242605    -0.04167077    -0.008074845    0.0447058    0.04377453    -0.01222154    -0.005056816    0.06076899    -0.02175957    0.002798647    -0.1145462    0.001173018    0.1297897    -0.02648834    0.1430365    -0.708288    -0.1843117    1    -0.5048047
0.009934855    0.02638772    0.01296193    0.0023313    -0.04174957    0.005218713    -0.001834811    0.007728812    0.03822616    0.01622571    -0.03167484    -0.0166033    0.07484762    0.03610128    -0.06113567    0.09191829    -0.03377485    -0.04497728    0.06133473    -0.05710156    -0.09503478    0.006172386    0.08934038    0.02416649    0.0473556    -0.1038063    -0.007176681    0.05626838    0.04642428    0.04479507    -0.08473838    -0.0915611    -0.02608537    -0.05647816    0.1350839    0.0115641    0.0222629    -0.06282509    -0.0586788    0.1699075    0.1130299    0.1717449    -0.4438617    -0.5048047    1
