1.472261e-06    -2.771836e-08    -8.060405e-07    -1.670963e-07    5.869345e-09    2.277149e-07    2.463567e-08    -7.274089e-08    2.284364e-07    -1.6379e-07    5.38331e-09    -8.709701e-09    1.398522e-08    1.868683e-08    -1.937205e-09
-2.771836e-08    1.40532e-06    -1.165064e-07    -8.28338e-07    8.458467e-08    -3.851125e-07    3.184623e-07    4.195932e-07    -3.112969e-07    -4.237352e-08    3.845761e-08    1.633907e-08    -2.81069e-08    -5.048369e-09    -3.22386e-08
-8.060405e-07    -1.165064e-07    1.404402e-06    -2.098517e-08    -5.475253e-07    -4.174546e-07    3.553373e-07    4.458711e-07    -3.349608e-07    -1.455987e-08    -1.159592e-08    2.448687e-08    2.401054e-08    -9.306364e-09    -6.37158e-08
-1.670963e-07    -8.28338e-07    -2.098517e-08    1.487765e-06    -4.545773e-07    2.190603e-07    2.421523e-08    -6.053385e-08    2.340137e-07    -1.634464e-07    1.969572e-09    1.115089e-08    1.728936e-08    -2.61376e-08    -2.947708e-09
5.869345e-09    8.458467e-08    -5.475253e-07    -4.545773e-07    1.395502e-06    1.830015e-07    -3.828083e-07    -3.709494e-07    1.162611e-07    1.867564e-07    1.112842e-08    -1.990192e-08    -1.801221e-08    1.571318e-08    5.590347e-08
2.277149e-07    -3.851125e-07    -4.174546e-07    2.190603e-07    1.830015e-07    1.367607e-06    -3.399759e-07    -6.355789e-07    1.187194e-07    -1.167139e-07    -1.963415e-07    -8.052151e-08    1.95242e-07    2.098011e-07    1.816533e-08
2.463567e-08    3.184623e-07    3.553373e-07    2.421523e-08    -3.828083e-07    -3.399759e-07    1.754976e-06    8.989151e-08    -7.144456e-07    -6.704824e-08    1.479177e-08    1.304937e-07    8.973109e-08    1.469665e-08    -1.533507e-08
-7.274089e-08    4.195932e-07    4.458711e-07    -6.053385e-08    -3.709494e-07    -6.355789e-07    8.989151e-08    1.706385e-06    -2.692439e-07    -7.773005e-07    -4.263684e-09    1.065744e-07    1.532648e-07    3.024236e-08    -2.53752e-07
2.284364e-07    -3.112969e-07    -3.349608e-07    2.340137e-07    1.162611e-07    1.187194e-07    -7.144456e-07    -2.692439e-07    1.419714e-06    -4.286468e-07    2.617208e-07    8.532739e-08    -1.288615e-07    -1.309934e-07    -1.347986e-07
-1.6379e-07    -4.237352e-08    -1.455987e-08    -1.634464e-07    1.867564e-07    -1.167139e-07    -6.704824e-08    -7.773005e-07    -4.286468e-07    1.454712e-06    -4.52932e-08    -1.771403e-07    -1.060272e-07    -3.713331e-08    -4.198397e-08
5.38331e-09    3.845761e-08    -1.159592e-08    1.969572e-09    1.112842e-08    -1.963415e-07    1.479177e-08    -4.263684e-09    2.617208e-07    -4.52932e-08    1.444516e-06    -1.939162e-07    -9.293725e-07    1.499415e-07    5.878618e-08
-8.709701e-09    1.633907e-08    2.448687e-08    1.115089e-08    -1.990192e-08    -8.052151e-08    1.304937e-07    1.065744e-07    8.532739e-08    -1.771403e-07    -1.939162e-07    1.465682e-06    4.995097e-08    -9.667921e-07    3.112e-07
1.398522e-08    -2.81069e-08    2.401054e-08    1.728936e-08    -1.801221e-08    1.95242e-07    8.973109e-08    1.532648e-07    -1.288615e-07    -1.060272e-07    -9.293725e-07    4.995097e-08    1.456154e-06    2.002684e-08    -6.826053e-07
1.868683e-08    -5.048369e-09    -9.306364e-09    -2.61376e-08    1.571318e-08    2.098011e-07    1.469665e-08    3.024236e-08    -1.309934e-07    -3.713331e-08    1.499415e-07    -9.667921e-07    2.002684e-08    1.5434e-06    -8.089421e-07
-1.937205e-09    -3.22386e-08    -6.37158e-08    -2.947708e-09    5.590347e-08    1.816533e-08    -1.533507e-08    -2.53752e-07    -1.347986e-07    -4.198397e-08    5.878618e-08    3.112e-07    -6.826053e-07    -8.089421e-07    1.387049e-06
