1.341467e-06    -1.219208e-07    -6.823208e-07    -1.35642e-07    -1.918035e-07    -6.006207e-08    1.623582e-07    1.340965e-07    -1.612729e-08    -7.57183e-08    8.823341e-08    9.924763e-08    9.97288e-08    1.039507e-07    -1.814883e-07    -1.47916e-07    -1.035671e-08    1.441796e-07    1.14929e-07    6.679898e-08
-1.219208e-07    1.959888e-06    -3.92745e-07    -5.239837e-07    -1.773262e-08    2.066067e-07    -2.447354e-07    -3.283902e-07    1.32863e-07    1.028894e-07    9.827767e-08    -2.738534e-07    -2.941368e-07    9.092966e-08    1.980328e-07    3.709911e-08    3.504624e-08    -2.576419e-08    5.548566e-08    1.526787e-07
-6.823208e-07    -3.92745e-07    1.96677e-06    -1.748312e-07    -7.574391e-07    1.781109e-07    -2.440415e-07    -2.683478e-07    1.233313e-07    8.14541e-08    9.668482e-08    -2.536468e-07    -2.513435e-07    4.650465e-08    1.60581e-07    1.901854e-09    5.602564e-08    1.297038e-07    5.421327e-08    -2.176861e-07
-1.35642e-07    -5.239837e-07    -1.748312e-07    1.389196e-06    -3.349705e-07    -3.703073e-08    1.263143e-07    1.428847e-07    1.368599e-08    -1.040216e-07    7.716559e-08    8.991216e-08    9.190026e-08    8.047896e-08    -1.61693e-07    2.16354e-07    1.126388e-07    -5.008044e-08    -1.668523e-07    -1.888717e-07
-1.918035e-07    -1.773262e-08    -7.574391e-07    -3.349705e-07    1.439695e-06    -1.29557e-07    8.794721e-08    1.304042e-07    -1.378991e-07    2.812768e-08    -1.924969e-07    1.631994e-07    1.610981e-07    -1.513246e-07    1.166446e-08    -7.749069e-08    -1.078604e-07    -1.167381e-07    -6.901659e-08    -1.006865e-08
-6.006207e-08    2.066067e-07    1.781109e-07    -3.703073e-08    -1.29557e-07    1.367607e-06    -3.399759e-07    -6.355789e-07    1.187194e-07    -1.167139e-07    2.598176e-09    -7.713736e-08    -1.10219e-07    -1.684802e-08    1.201367e-07    -1.963415e-07    -8.052151e-08    1.95242e-07    2.098011e-07    1.816533e-08
1.623582e-07    -2.447354e-07    -2.440415e-07    1.263143e-07    8.794721e-08    -3.399759e-07    1.754976e-06    8.989151e-08    -7.144456e-07    -6.704824e-08    -4.786757e-08    7.405405e-08    8.634452e-08    -3.335073e-08    -4.88374e-08    1.479177e-08    1.304937e-07    8.973109e-08    1.469665e-08    -1.533507e-08
1.340965e-07    -3.283902e-07    -2.683478e-07    1.428847e-07    1.304042e-07    -6.355789e-07    8.989151e-08    1.706385e-06    -2.692439e-07    -7.773005e-07    9.965901e-09    4.908688e-08    1.91181e-08    -3.846372e-10    -4.6927e-08    -4.263684e-09    1.065744e-07    1.532648e-07    3.024236e-08    -2.53752e-07
-1.612729e-08    1.32863e-07    1.233313e-07    1.368599e-08    -1.378991e-07    1.187194e-07    -7.144456e-07    -2.692439e-07    1.419714e-06    -4.286468e-07    -2.132337e-09    -1.184211e-07    -1.237288e-07    -1.850396e-08    1.361753e-07    2.617208e-07    8.532739e-08    -1.288615e-07    -1.309934e-07    -1.347986e-07
-7.57183e-08    1.028894e-07    8.14541e-08    -1.040216e-07    2.812768e-08    -1.167139e-07    -6.704824e-08    -7.773005e-07    -4.286468e-07    1.454712e-06    -8.611578e-09    2.345284e-08    6.496239e-08    4.030885e-08    -6.680393e-08    -4.52932e-08    -1.771403e-07    -1.060272e-07    -3.713331e-08    -4.198397e-08
8.823341e-08    9.827767e-08    9.668482e-08    7.716559e-08    -1.924969e-07    2.598176e-09    -4.786757e-08    9.965901e-09    -2.132337e-09    -8.611578e-09    1.488221e-06    -2.408789e-08    -8.901257e-07    1.222054e-07    -3.036784e-08    9.535367e-08    -2.159987e-07    -3.447242e-08    2.551243e-07    -1.254902e-07
9.924763e-08    -2.738534e-07    -2.536468e-07    8.991216e-08    1.631994e-07    -7.713736e-08    7.405405e-08    4.908688e-08    -1.184211e-07    2.345284e-08    -2.408789e-08    1.469001e-06    -2.675869e-07    -8.766441e-07    3.187884e-07    -1.570041e-07    -1.032918e-08    -9.457484e-08    -1.819742e-07    2.487699e-07
9.97288e-08    -2.941368e-07    -2.513435e-07    9.190026e-08    1.610981e-07    -1.10219e-07    8.634452e-08    1.91181e-08    -1.237288e-07    6.496239e-08    -8.901257e-07    -2.675869e-07    1.48309e-06    1.63897e-08    -6.518244e-07    -8.390851e-08    -2.191378e-08    -1.547499e-07    -1.779199e-07    2.941342e-07
1.039507e-07    9.092966e-08    4.650465e-08    8.047896e-08    -1.513246e-07    -1.684802e-08    -3.335073e-08    -3.846372e-10    -1.850396e-08    4.030885e-08    1.222054e-07    -8.766441e-07    1.63897e-08    1.491342e-06    -6.821081e-07    1.448935e-07    -2.204763e-07    -5.948381e-08    2.583525e-07    -1.23416e-07
-1.814883e-07    1.980328e-07    1.60581e-07    -1.61693e-07    1.166446e-08    1.201367e-07    -4.88374e-08    -4.6927e-08    1.361753e-07    -6.680393e-08    -3.036784e-08    3.187884e-07    -6.518244e-07    -6.821081e-07    1.407593e-06    -3.485555e-08    2.495079e-07    1.964436e-07    -8.202576e-08    -1.599559e-07
-1.47916e-07    3.709911e-08    1.901854e-09    2.16354e-07    -7.749069e-08    -1.963415e-07    1.479177e-08    -4.263684e-09    2.617208e-07    -4.52932e-08    9.535367e-08    -1.570041e-07    -8.390851e-08    1.448935e-07    -3.485555e-08    1.444516e-06    -1.939162e-07    -9.293725e-07    1.499415e-07    5.878618e-08
-1.035671e-08    3.504624e-08    5.602564e-08    1.126388e-07    -1.078604e-07    -8.052151e-08    1.304937e-07    1.065744e-07    8.532739e-08    -1.771403e-07    -2.159987e-07    -1.032918e-08    -2.191378e-08    -2.204763e-07    2.495079e-07    -1.939162e-07    1.465682e-06    4.995097e-08    -9.667921e-07    3.112e-07
1.441796e-07    -2.576419e-08    1.297038e-07    -5.008044e-08    -1.167381e-07    1.95242e-07    8.973109e-08    1.532648e-07    -1.288615e-07    -1.060272e-07    -3.447242e-08    -9.457484e-08    -1.547499e-07    -5.948381e-08    1.964436e-07    -9.293725e-07    4.995097e-08    1.456154e-06    2.002684e-08    -6.826053e-07
1.14929e-07    5.548566e-08    5.421327e-08    -1.668523e-07    -6.901659e-08    2.098011e-07    1.469665e-08    3.024236e-08    -1.309934e-07    -3.713331e-08    2.551243e-07    -1.819742e-07    -1.779199e-07    2.583525e-07    -8.202576e-08    1.499415e-07    -9.667921e-07    2.002684e-08    1.5434e-06    -8.089421e-07
6.679898e-08    1.526787e-07    -2.176861e-07    -1.888717e-07    -1.006865e-08    1.816533e-08    -1.533507e-08    -2.53752e-07    -1.347986e-07    -4.198397e-08    -1.254902e-07    2.487699e-07    2.941342e-07    -1.23416e-07    -1.599559e-07    5.878618e-08    3.112e-07    -6.826053e-07    -8.089421e-07    1.387049e-06
