1.500904e-06    -6.792759e-08    -9.316614e-07    -1.044795e-07    6.552873e-08    1.173019e-07    -4.183607e-08    -1.053627e-07    7.38768e-08    -8.449017e-09    -4.43033e-08    -2.759965e-08    3.052272e-08    9.019242e-09    1.294338e-08
-6.792759e-08    1.449781e-06    -8.824959e-08    -8.700961e-07    1.157145e-07    3.599947e-08    -1.387078e-07    -1.478046e-07    1.811794e-08    8.085147e-08    6.113621e-09    -7.05503e-09    -2.112856e-08    2.419832e-08    3.367453e-08
-9.316614e-07    -8.824959e-08    1.473615e-06    1.564405e-08    -5.819284e-07    -2.502383e-09    -1.200241e-07    -1.050108e-07    1.378414e-08    9.117898e-08    2.310939e-08    -1.172502e-08    -3.278726e-08    1.99263e-08    2.046106e-08
-1.044795e-07    -8.700961e-07    1.564405e-08    1.490392e-06    -5.003959e-07    1.150006e-07    -6.370031e-08    -5.934919e-08    7.820103e-08    -2.909004e-08    -1.153635e-08    -4.434004e-09    7.49131e-09    6.352825e-09    1.381059e-08
6.552873e-08    1.157145e-07    -5.819284e-07    -5.003959e-07    1.359764e-06    -1.285942e-07    1.611132e-07    1.984583e-07    -8.366487e-08    -6.83564e-08    1.958745e-09    1.823753e-08    1.716575e-08    -2.456708e-08    -5.391149e-08
1.173019e-07    3.599947e-08    -2.502383e-09    1.150006e-07    -1.285942e-07    1.367607e-06    -3.399759e-07    -6.355789e-07    1.187194e-07    -1.167139e-07    -1.963415e-07    -8.052151e-08    1.95242e-07    2.098011e-07    1.816533e-08
-4.183607e-08    -1.387078e-07    -1.200241e-07    -6.370031e-08    1.611132e-07    -3.399759e-07    1.754976e-06    8.989151e-08    -7.144456e-07    -6.704824e-08    1.479177e-08    1.304937e-07    8.973109e-08    1.469665e-08    -1.533507e-08
-1.053627e-07    -1.478046e-07    -1.050108e-07    -5.934919e-08    1.984583e-07    -6.355789e-07    8.989151e-08    1.706385e-06    -2.692439e-07    -7.773005e-07    -4.263684e-09    1.065744e-07    1.532648e-07    3.024236e-08    -2.53752e-07
7.38768e-08    1.811794e-08    1.378414e-08    7.820103e-08    -8.366487e-08    1.187194e-07    -7.144456e-07    -2.692439e-07    1.419714e-06    -4.286468e-07    2.617208e-07    8.532739e-08    -1.288615e-07    -1.309934e-07    -1.347986e-07
-8.449017e-09    8.085147e-08    9.117898e-08    -2.909004e-08    -6.83564e-08    -1.167139e-07    -6.704824e-08    -7.773005e-07    -4.286468e-07    1.454712e-06    -4.52932e-08    -1.771403e-07    -1.060272e-07    -3.713331e-08    -4.198397e-08
-4.43033e-08    6.113621e-09    2.310939e-08    -1.153635e-08    1.958745e-09    -1.963415e-07    1.479177e-08    -4.263684e-09    2.617208e-07    -4.52932e-08    1.444516e-06    -1.939162e-07    -9.293725e-07    1.499415e-07    5.878618e-08
-2.759965e-08    -7.05503e-09    -1.172502e-08    -4.434004e-09    1.823753e-08    -8.052151e-08    1.304937e-07    1.065744e-07    8.532739e-08    -1.771403e-07    -1.939162e-07    1.465682e-06    4.995097e-08    -9.667921e-07    3.112e-07
3.052272e-08    -2.112856e-08    -3.278726e-08    7.49131e-09    1.716575e-08    1.95242e-07    8.973109e-08    1.532648e-07    -1.288615e-07    -1.060272e-07    -9.293725e-07    4.995097e-08    1.456154e-06    2.002684e-08    -6.826053e-07
9.019242e-09    2.419832e-08    1.99263e-08    6.352825e-09    -2.456708e-08    2.098011e-07    1.469665e-08    3.024236e-08    -1.309934e-07    -3.713331e-08    1.499415e-07    -9.667921e-07    2.002684e-08    1.5434e-06    -8.089421e-07
1.294338e-08    3.367453e-08    2.046106e-08    1.381059e-08    -5.391149e-08    1.816533e-08    -1.533507e-08    -2.53752e-07    -1.347986e-07    -4.198397e-08    5.878618e-08    3.112e-07    -6.826053e-07    -8.089421e-07    1.387049e-06
