1.396117e-06    -2.673813e-07    -7.756888e-07    1.99134e-07    2.714163e-10    1.53088e-07    -1.302994e-07    -1.953443e-07    7.270868e-08    4.374619e-08    9.32444e-08    -4.068985e-08    -8.885481e-08    9.068765e-08    -3.405705e-08    1.020919e-07    -7.12819e-08    -3.122575e-08    7.757929e-08    -1.871193e-08    -3.661439e-08    1.43629e-08    1.437355e-08    -3.959511e-09    3.266623e-08
-2.673813e-07    1.364518e-06    -7.825551e-08    -9.580399e-07    2.871904e-07    -1.997535e-07    -2.538861e-08    4.504965e-08    -1.144644e-07    1.34701e-07    1.246002e-09    -1.080105e-07    -8.874025e-08    -1.515339e-08    1.110307e-07    -4.634551e-08    -1.002601e-07    -8.166254e-08    -5.953874e-08    1.103471e-07    -2.744842e-08    -2.134258e-08    2.443876e-08    -2.095012e-09    -4.259233e-09
-7.756888e-07    -7.825551e-08    1.46125e-06    1.298563e-07    -7.32563e-07    -1.544203e-07    -9.974765e-08    -1.813304e-09    -4.181607e-08    1.320928e-07    1.584026e-08    -9.474061e-08    -1.060808e-07    9.985551e-10    9.644169e-08    7.077003e-08    -1.807203e-07    -2.250506e-07    3.067616e-08    1.170805e-07    1.851157e-08    1.726128e-09    -2.053739e-08    -1.105805e-08    7.673857e-09
1.99134e-07    -9.580399e-07    1.298563e-07    1.565009e-06    -8.046493e-07    1.97318e-07    -1.884077e-07    -1.903256e-07    1.304503e-07    1.651973e-08    8.102336e-08    -4.950242e-08    -5.682678e-08    1.044072e-07    -4.236758e-08    1.959617e-07    -9.341293e-08    -1.39947e-07    1.321098e-07    -2.200699e-08    3.313776e-08    1.427043e-08    -2.016644e-08    -2.18012e-08    -7.303425e-09
2.714163e-10    2.871904e-07    -7.32563e-07    -8.046493e-07    1.422658e-06    4.351134e-08    3.175379e-07    1.626552e-07    -9.532236e-08    -1.794324e-07    -1.196572e-07    1.601796e-07    2.060201e-07    -1.002537e-07    -8.875519e-08    -2.109593e-07    2.544076e-07    3.053736e-07    -1.229747e-07    -1.050853e-07    8.406216e-10    -1.940302e-08    1.444493e-08    2.115926e-08    -5.467788e-08
1.53088e-07    -1.997535e-07    -1.544203e-07    1.97318e-07    4.351134e-08    1.503816e-06    -3.236597e-08    -1.010917e-06    -1.083135e-07    2.548686e-08    1.928087e-07    3.255136e-08    -3.783309e-08    2.367627e-07    -2.171713e-07    1.044638e-07    -7.889156e-08    -9.614878e-08    9.790002e-08    3.829135e-09    2.138016e-09    -7.771551e-09    -2.667402e-09    -2.748115e-08    3.540719e-08
-1.302994e-07    -2.538861e-08    -9.974765e-08    -1.884077e-07    3.175379e-07    -3.236597e-08    1.440415e-06    -5.792624e-08    -8.496947e-07    1.39388e-07    -3.72707e-07    4.198611e-07    3.608626e-07    -3.293009e-07    -2.104406e-08    4.042179e-08    -1.651778e-07    -1.639927e-07    3.189795e-08    1.049586e-07    2.480514e-08    -1.944247e-09    -4.337656e-08    -1.478049e-09    5.064777e-08
-1.953443e-07    4.504965e-08    -1.813304e-09    -1.903256e-07    1.626552e-07    -1.010917e-06    -5.792624e-08    1.476971e-06    3.995668e-08    -4.829537e-07    -3.343337e-07    3.007968e-07    3.415127e-07    -3.209471e-07    7.61449e-10    -3.526357e-09    -8.662925e-08    -8.639544e-08    -3.807301e-09    6.144361e-08    -6.015919e-09    -1.738097e-08    -1.662287e-09    5.403603e-08    -4.056891e-09
7.270868e-08    -1.144644e-07    -4.181607e-08    1.304503e-07    -9.532236e-08    -1.083135e-07    -8.496947e-07    3.995668e-08    1.484074e-06    -5.214013e-07    2.508422e-07    -4.820973e-08    -4.523937e-09    1.631848e-07    -1.793275e-07    1.283201e-07    -3.619039e-08    -7.626111e-08    5.92448e-08    -3.602214e-08    -5.045955e-08    -2.657571e-08    3.250092e-08    3.901951e-08    -1.370345e-09
4.374619e-08    1.34701e-07    1.320928e-07    1.651973e-08    -1.794324e-07    2.548686e-08    1.39388e-07    -4.829537e-07    -5.214013e-07    1.276237e-06    9.901341e-08    -2.893666e-07    -2.428495e-07    1.17711e-07    1.045501e-07    -7.828469e-08    1.346451e-07    1.665235e-07    -6.429043e-08    -7.071187e-08    4.039307e-09    4.459842e-08    3.234628e-08    -3.540792e-08    -3.705517e-08
9.32444e-08    1.246002e-09    1.584026e-08    8.102336e-08    -1.196572e-07    1.928087e-07    -3.72707e-07    -3.343337e-07    2.508422e-07    9.901341e-08    1.341467e-06    -1.219208e-07    -6.823208e-07    -1.35642e-07    -1.918035e-07    -6.006207e-08    1.623582e-07    1.340965e-07    -1.612729e-08    -7.57183e-08    -1.47916e-07    -1.035671e-08    1.441796e-07    1.14929e-07    6.679898e-08
-4.068985e-08    -1.080105e-07    -9.474061e-08    -4.950242e-08    1.601796e-07    3.255136e-08    4.198611e-07    3.007968e-07    -4.820973e-08    -2.893666e-07    -1.219208e-07    1.959888e-06    -3.92745e-07    -5.239837e-07    -1.773262e-08    2.066067e-07    -2.447354e-07    -3.283902e-07    1.32863e-07    1.028894e-07    3.709911e-08    3.504624e-08    -2.576419e-08    5.548566e-08    1.526787e-07
-8.885481e-08    -8.874025e-08    -1.060808e-07    -5.682678e-08    2.060201e-07    -3.783309e-08    3.608626e-07    3.415127e-07    -4.523937e-09    -2.428495e-07    -6.823208e-07    -3.92745e-07    1.96677e-06    -1.748312e-07    -7.574391e-07    1.781109e-07    -2.440415e-07    -2.683478e-07    1.233313e-07    8.14541e-08    1.901854e-09    5.602564e-08    1.297038e-07    5.421327e-08    -2.176861e-07
9.068765e-08    -1.515339e-08    9.985551e-10    1.044072e-07    -1.002537e-07    2.367627e-07    -3.293009e-07    -3.209471e-07    1.631848e-07    1.17711e-07    -1.35642e-07    -5.239837e-07    -1.748312e-07    1.389196e-06    -3.349705e-07    -3.703073e-08    1.263143e-07    1.428847e-07    1.368599e-08    -1.040216e-07    2.16354e-07    1.126388e-07    -5.008044e-08    -1.668523e-07    -1.888717e-07
-3.405705e-08    1.110307e-07    9.644169e-08    -4.236758e-08    -8.875519e-08    -2.171713e-07    -2.104406e-08    7.61449e-10    -1.793275e-07    1.045501e-07    -1.918035e-07    -1.773262e-08    -7.574391e-07    -3.349705e-07    1.439695e-06    -1.29557e-07    8.794721e-08    1.304042e-07    -1.378991e-07    2.812768e-08    -7.749069e-08    -1.078604e-07    -1.167381e-07    -6.901659e-08    -1.006865e-08
1.020919e-07    -4.634551e-08    7.077003e-08    1.959617e-07    -2.109593e-07    1.044638e-07    4.042179e-08    -3.526357e-09    1.283201e-07    -7.828469e-08    -6.006207e-08    2.066067e-07    1.781109e-07    -3.703073e-08    -1.29557e-07    1.367607e-06    -3.399759e-07    -6.355789e-07    1.187194e-07    -1.167139e-07    -1.963415e-07    -8.052151e-08    1.95242e-07    2.098011e-07    1.816533e-08
-7.12819e-08    -1.002601e-07    -1.807203e-07    -9.341293e-08    2.544076e-07    -7.889156e-08    -1.651778e-07    -8.662925e-08    -3.619039e-08    1.346451e-07    1.623582e-07    -2.447354e-07    -2.440415e-07    1.263143e-07    8.794721e-08    -3.399759e-07    1.754976e-06    8.989151e-08    -7.144456e-07    -6.704824e-08    1.479177e-08    1.304937e-07    8.973109e-08    1.469665e-08    -1.533507e-08
-3.122575e-08    -8.166254e-08    -2.250506e-07    -1.39947e-07    3.053736e-07    -9.614878e-08    -1.639927e-07    -8.639544e-08    -7.626111e-08    1.665235e-07    1.340965e-07    -3.283902e-07    -2.683478e-07    1.428847e-07    1.304042e-07    -6.355789e-07    8.989151e-08    1.706385e-06    -2.692439e-07    -7.773005e-07    -4.263684e-09    1.065744e-07    1.532648e-07    3.024236e-08    -2.53752e-07
7.757929e-08    -5.953874e-08    3.067616e-08    1.321098e-07    -1.229747e-07    9.790002e-08    3.189795e-08    -3.807301e-09    5.92448e-08    -6.429043e-08    -1.612729e-08    1.32863e-07    1.233313e-07    1.368599e-08    -1.378991e-07    1.187194e-07    -7.144456e-07    -2.692439e-07    1.419714e-06    -4.286468e-07    2.617208e-07    8.532739e-08    -1.288615e-07    -1.309934e-07    -1.347986e-07
-1.871193e-08    1.103471e-07    1.170805e-07    -2.200699e-08    -1.050853e-07    3.829135e-09    1.049586e-07    6.144361e-08    -3.602214e-08    -7.071187e-08    -7.57183e-08    1.028894e-07    8.14541e-08    -1.040216e-07    2.812768e-08    -1.167139e-07    -6.704824e-08    -7.773005e-07    -4.286468e-07    1.454712e-06    -4.52932e-08    -1.771403e-07    -1.060272e-07    -3.713331e-08    -4.198397e-08
-3.661439e-08    -2.744842e-08    1.851157e-08    3.313776e-08    8.406216e-10    2.138016e-09    2.480514e-08    -6.015919e-09    -5.045955e-08    4.039307e-09    -1.47916e-07    3.709911e-08    1.901854e-09    2.16354e-07    -7.749069e-08    -1.963415e-07    1.479177e-08    -4.263684e-09    2.617208e-07    -4.52932e-08    1.444516e-06    -1.939162e-07    -9.293725e-07    1.499415e-07    5.878618e-08
1.43629e-08    -2.134258e-08    1.726128e-09    1.427043e-08    -1.940302e-08    -7.771551e-09    -1.944247e-09    -1.738097e-08    -2.657571e-08    4.459842e-08    -1.035671e-08    3.504624e-08    5.602564e-08    1.126388e-07    -1.078604e-07    -8.052151e-08    1.304937e-07    1.065744e-07    8.532739e-08    -1.771403e-07    -1.939162e-07    1.465682e-06    4.995097e-08    -9.667921e-07    3.112e-07
1.437355e-08    2.443876e-08    -2.053739e-08    -2.016644e-08    1.444493e-08    -2.667402e-09    -4.337656e-08    -1.662287e-09    3.250092e-08    3.234628e-08    1.441796e-07    -2.576419e-08    1.297038e-07    -5.008044e-08    -1.167381e-07    1.95242e-07    8.973109e-08    1.532648e-07    -1.288615e-07    -1.060272e-07    -9.293725e-07    4.995097e-08    1.456154e-06    2.002684e-08    -6.826053e-07
-3.959511e-09    -2.095012e-09    -1.105805e-08    -2.18012e-08    2.115926e-08    -2.748115e-08    -1.478049e-09    5.403603e-08    3.901951e-08    -3.540792e-08    1.14929e-07    5.548566e-08    5.421327e-08    -1.668523e-07    -6.901659e-08    2.098011e-07    1.469665e-08    3.024236e-08    -1.309934e-07    -3.713331e-08    1.499415e-07    -9.667921e-07    2.002684e-08    1.5434e-06    -8.089421e-07
3.266623e-08    -4.259233e-09    7.673857e-09    -7.303425e-09    -5.467788e-08    3.540719e-08    5.064777e-08    -4.056891e-09    -1.370345e-09    -3.705517e-08    6.679898e-08    1.526787e-07    -2.176861e-07    -1.888717e-07    -1.006865e-08    1.816533e-08    -1.533507e-08    -2.53752e-07    -1.347986e-07    -4.198397e-08    5.878618e-08    3.112e-07    -6.826053e-07    -8.089421e-07    1.387049e-06
