1.500904e-06    -6.792759e-08    -9.316614e-07    -1.044795e-07    6.552873e-08    -4.43033e-08    -2.759965e-08    3.052272e-08    9.019242e-09    1.294338e-08
-6.792759e-08    1.449781e-06    -8.824959e-08    -8.700961e-07    1.157145e-07    6.113621e-09    -7.05503e-09    -2.112856e-08    2.419832e-08    3.367453e-08
-9.316614e-07    -8.824959e-08    1.473615e-06    1.564405e-08    -5.819284e-07    2.310939e-08    -1.172502e-08    -3.278726e-08    1.99263e-08    2.046106e-08
-1.044795e-07    -8.700961e-07    1.564405e-08    1.490392e-06    -5.003959e-07    -1.153635e-08    -4.434004e-09    7.49131e-09    6.352825e-09    1.381059e-08
6.552873e-08    1.157145e-07    -5.819284e-07    -5.003959e-07    1.359764e-06    1.958745e-09    1.823753e-08    1.716575e-08    -2.456708e-08    -5.391149e-08
-4.43033e-08    6.113621e-09    2.310939e-08    -1.153635e-08    1.958745e-09    1.444516e-06    -1.939162e-07    -9.293725e-07    1.499415e-07    5.878618e-08
-2.759965e-08    -7.05503e-09    -1.172502e-08    -4.434004e-09    1.823753e-08    -1.939162e-07    1.465682e-06    4.995097e-08    -9.667921e-07    3.112e-07
3.052272e-08    -2.112856e-08    -3.278726e-08    7.49131e-09    1.716575e-08    -9.293725e-07    4.995097e-08    1.456154e-06    2.002684e-08    -6.826053e-07
9.019242e-09    2.419832e-08    1.99263e-08    6.352825e-09    -2.456708e-08    1.499415e-07    -9.667921e-07    2.002684e-08    1.5434e-06    -8.089421e-07
1.294338e-08    3.367453e-08    2.046106e-08    1.381059e-08    -5.391149e-08    5.878618e-08    3.112e-07    -6.826053e-07    -8.089421e-07    1.387049e-06
