1.341467e-06    -1.219208e-07    -6.823208e-07    -1.35642e-07    -1.918035e-07    -6.006207e-08    1.623582e-07    1.340965e-07    -1.612729e-08    -7.57183e-08    2.754814e-08    -1.365973e-07    -1.848677e-07    3.355995e-09    1.708637e-07    -1.47916e-07    -1.035671e-08    1.441796e-07    1.14929e-07    6.679898e-08
-1.219208e-07    1.959888e-06    -3.92745e-07    -5.239837e-07    -1.773262e-08    2.066067e-07    -2.447354e-07    -3.283902e-07    1.32863e-07    1.028894e-07    -6.16961e-08    1.099587e-07    1.17749e-07    -2.489958e-08    -4.855403e-08    3.709911e-08    3.504624e-08    -2.576419e-08    5.548566e-08    1.526787e-07
-6.823208e-07    -3.92745e-07    1.96677e-06    -1.748312e-07    -7.574391e-07    1.781109e-07    -2.440415e-07    -2.683478e-07    1.233313e-07    8.14541e-08    -1.186322e-08    1.432666e-07    1.174464e-07    -1.237432e-08    -1.399748e-07    1.901854e-09    5.602564e-08    1.297038e-07    5.421327e-08    -2.176861e-07
-1.35642e-07    -5.239837e-07    -1.748312e-07    1.389196e-06    -3.349705e-07    -3.703073e-08    1.263143e-07    1.428847e-07    1.368599e-08    -1.040216e-07    2.50675e-08    -1.520658e-07    -1.061572e-07    2.634409e-08    8.191651e-08    2.16354e-07    1.126388e-07    -5.008044e-08    -1.668523e-07    -1.888717e-07
-1.918035e-07    -1.773262e-08    -7.574391e-07    -3.349705e-07    1.439695e-06    -1.29557e-07    8.794721e-08    1.304042e-07    -1.378991e-07    2.812768e-08    2.794356e-09    3.702996e-08    3.207577e-08    -2.822566e-08    -7.56155e-09    -7.749069e-08    -1.078604e-07    -1.167381e-07    -6.901659e-08    -1.006865e-08
-6.006207e-08    2.066067e-07    1.781109e-07    -3.703073e-08    -1.29557e-07    1.367607e-06    -3.399759e-07    -6.355789e-07    1.187194e-07    -1.167139e-07    8.349443e-08    2.085523e-07    1.48339e-07    4.000661e-09    -2.104517e-07    -1.963415e-07    -8.052151e-08    1.95242e-07    2.098011e-07    1.816533e-08
1.623582e-07    -2.447354e-07    -2.440415e-07    1.263143e-07    8.794721e-08    -3.399759e-07    1.754976e-06    8.989151e-08    -7.144456e-07    -6.704824e-08    9.075372e-08    -3.291751e-07    -3.027046e-07    1.539134e-07    1.934672e-07    1.479177e-08    1.304937e-07    8.973109e-08    1.469665e-08    -1.533507e-08
1.340965e-07    -3.283902e-07    -2.683478e-07    1.428847e-07    1.304042e-07    -6.355789e-07    8.989151e-08    1.706385e-06    -2.692439e-07    -7.773005e-07    4.782932e-08    -3.734486e-07    -3.268525e-07    1.099081e-07    2.647029e-07    -4.263684e-09    1.065744e-07    1.532648e-07    3.024236e-08    -2.53752e-07
-1.612729e-08    1.32863e-07    1.233313e-07    1.368599e-08    -1.378991e-07    1.187194e-07    -7.144456e-07    -2.692439e-07    1.419714e-06    -4.286468e-07    1.11653e-07    5.583869e-08    7.208276e-08    1.050407e-07    -1.805477e-07    2.617208e-07    8.532739e-08    -1.288615e-07    -1.309934e-07    -1.347986e-07
-7.57183e-08    1.028894e-07    8.14541e-08    -1.040216e-07    2.812768e-08    -1.167139e-07    -6.704824e-08    -7.773005e-07    -4.286468e-07    1.454712e-06    -1.475075e-07    1.662252e-07    1.716372e-07    -1.468606e-07    -1.696457e-08    -4.52932e-08    -1.771403e-07    -1.060272e-07    -3.713331e-08    -4.198397e-08
2.754814e-08    -6.16961e-08    -1.186322e-08    2.50675e-08    2.794356e-09    8.349443e-08    9.075372e-08    4.782932e-08    1.11653e-07    -1.475075e-07    1.457257e-06    1.743115e-07    -9.820345e-07    -2.900465e-08    -9.333046e-09    2.28995e-08    8.947375e-08    5.651077e-08    -4.221011e-08    -4.077867e-08
-1.365973e-07    1.099587e-07    1.432666e-07    -1.520658e-07    3.702996e-08    2.085523e-07    -3.291751e-07    -3.734486e-07    5.583869e-08    1.662252e-07    1.743115e-07    1.616657e-06    -3.358758e-07    -9.808844e-07    3.401568e-07    -2.485231e-08    -4.278544e-09    -2.022752e-08    3.057534e-08    7.484827e-08
-1.848677e-07    1.17749e-07    1.174464e-07    -1.061572e-07    3.207577e-08    1.48339e-07    -3.027046e-07    -3.268525e-07    7.208276e-08    1.716372e-07    -9.820345e-07    -3.358758e-07    1.598062e-06    1.488089e-07    -7.693114e-07    6.244177e-10    -3.43318e-08    -4.040184e-08    1.942288e-08    4.777589e-08
3.355995e-09    -2.489958e-08    -1.237432e-08    2.634409e-08    -2.822566e-08    4.000661e-09    1.539134e-07    1.099081e-07    1.050407e-07    -1.468606e-07    -2.900465e-08    -9.808844e-07    1.488089e-07    1.454786e-06    -6.167025e-07    1.778784e-08    4.102353e-08    4.504282e-08    -6.361358e-09    -7.2161e-08
1.708637e-07    -4.855403e-08    -1.399748e-07    8.191651e-08    -7.56155e-09    -2.104517e-07    1.934672e-07    2.647029e-07    -1.805477e-07    -1.696457e-08    -9.333046e-09    3.401568e-07    -7.693114e-07    -6.167025e-07    1.398793e-06    -2.312782e-08    -5.680846e-08    -3.47813e-08    9.658177e-09    1.754153e-08
-1.47916e-07    3.709911e-08    1.901854e-09    2.16354e-07    -7.749069e-08    -1.963415e-07    1.479177e-08    -4.263684e-09    2.617208e-07    -4.52932e-08    2.28995e-08    -2.485231e-08    6.244177e-10    1.778784e-08    -2.312782e-08    1.444516e-06    -1.939162e-07    -9.293725e-07    1.499415e-07    5.878618e-08
-1.035671e-08    3.504624e-08    5.602564e-08    1.126388e-07    -1.078604e-07    -8.052151e-08    1.304937e-07    1.065744e-07    8.532739e-08    -1.771403e-07    8.947375e-08    -4.278544e-09    -3.43318e-08    4.102353e-08    -5.680846e-08    -1.939162e-07    1.465682e-06    4.995097e-08    -9.667921e-07    3.112e-07
1.441796e-07    -2.576419e-08    1.297038e-07    -5.008044e-08    -1.167381e-07    1.95242e-07    8.973109e-08    1.532648e-07    -1.288615e-07    -1.060272e-07    5.651077e-08    -2.022752e-08    -4.040184e-08    4.504282e-08    -3.47813e-08    -9.293725e-07    4.995097e-08    1.456154e-06    2.002684e-08    -6.826053e-07
1.14929e-07    5.548566e-08    5.421327e-08    -1.668523e-07    -6.901659e-08    2.098011e-07    1.469665e-08    3.024236e-08    -1.309934e-07    -3.713331e-08    -4.221011e-08    3.057534e-08    1.942288e-08    -6.361358e-09    9.658177e-09    1.499415e-07    -9.667921e-07    2.002684e-08    1.5434e-06    -8.089421e-07
6.679898e-08    1.526787e-07    -2.176861e-07    -1.888717e-07    -1.006865e-08    1.816533e-08    -1.533507e-08    -2.53752e-07    -1.347986e-07    -4.198397e-08    -4.077867e-08    7.484827e-08    4.777589e-08    -7.2161e-08    1.754153e-08    5.878618e-08    3.112e-07    -6.826053e-07    -8.089421e-07    1.387049e-06
