1.50224e-06    8.840528e-08    -8.956167e-07    -7.148572e-08    1.182897e-09    9.479925e-08    -6.955361e-08    -5.230357e-08    1.298905e-07    -8.442417e-08    1.718106e-07    -1.113544e-07    -1.65862e-07    1.470186e-07    5.782949e-09    5.920285e-08    5.608572e-09    -3.017396e-08    -1.60147e-09    1.75388e-08
8.840528e-08    1.435959e-06    -2.204547e-07    -9.522975e-07    2.322514e-07    3.019492e-09    -8.838518e-08    -9.370727e-08    -1.305828e-08    9.952478e-08    1.316304e-08    -1.317557e-07    -9.652038e-08    -8.87873e-09    7.693068e-08    1.822884e-09    1.879597e-08    -2.637671e-08    -1.351032e-08    2.460219e-08
-8.956167e-07    -2.204547e-07    1.417768e-06    -1.869782e-09    -5.391077e-07    -7.099298e-09    -7.241302e-08    -1.023223e-07    -1.949851e-08    1.338079e-07    -2.358303e-08    -1.087736e-07    -9.235236e-08    -5.311295e-08    8.61519e-08    -5.002275e-08    -2.488132e-08    3.04871e-08    5.062763e-09    -8.911563e-09
-7.148572e-08    -9.522975e-07    -1.869782e-09    1.52686e-06    -6.059923e-07    8.12588e-08    -6.11917e-08    -4.888524e-08    9.542449e-08    -3.594644e-08    1.079942e-07    -4.270217e-08    -1.205548e-07    8.199732e-08    9.618024e-09    2.02192e-09    3.420194e-09    4.611599e-09    -2.604262e-08    2.710984e-08
1.182897e-09    2.322514e-07    -5.391077e-07    -6.059923e-07    1.410909e-06    -7.076381e-08    1.438781e-07    1.478007e-07    -9.508598e-08    -6.198559e-08    -1.406029e-07    2.179174e-07    2.447462e-07    -7.898173e-08    -8.399259e-08    2.533759e-08    -3.707861e-08    6.478424e-09    5.058241e-08    -5.196964e-08
9.479925e-08    3.019492e-09    -7.099298e-09    8.12588e-08    -7.076381e-08    1.341467e-06    -1.219208e-07    -6.823208e-07    -1.35642e-07    -1.918035e-07    -6.006207e-08    1.623582e-07    1.340965e-07    -1.612729e-08    -7.57183e-08    -1.47916e-07    -1.035671e-08    1.441796e-07    1.14929e-07    6.679898e-08
-6.955361e-08    -8.838518e-08    -7.241302e-08    -6.11917e-08    1.438781e-07    -1.219208e-07    1.959888e-06    -3.92745e-07    -5.239837e-07    -1.773262e-08    2.066067e-07    -2.447354e-07    -3.283902e-07    1.32863e-07    1.028894e-07    3.709911e-08    3.504624e-08    -2.576419e-08    5.548566e-08    1.526787e-07
-5.230357e-08    -9.370727e-08    -1.023223e-07    -4.888524e-08    1.478007e-07    -6.823208e-07    -3.92745e-07    1.96677e-06    -1.748312e-07    -7.574391e-07    1.781109e-07    -2.440415e-07    -2.683478e-07    1.233313e-07    8.14541e-08    1.901854e-09    5.602564e-08    1.297038e-07    5.421327e-08    -2.176861e-07
1.298905e-07    -1.305828e-08    -1.949851e-08    9.542449e-08    -9.508598e-08    -1.35642e-07    -5.239837e-07    -1.748312e-07    1.389196e-06    -3.349705e-07    -3.703073e-08    1.263143e-07    1.428847e-07    1.368599e-08    -1.040216e-07    2.16354e-07    1.126388e-07    -5.008044e-08    -1.668523e-07    -1.888717e-07
-8.442417e-08    9.952478e-08    1.338079e-07    -3.594644e-08    -6.198559e-08    -1.918035e-07    -1.773262e-08    -7.574391e-07    -3.349705e-07    1.439695e-06    -1.29557e-07    8.794721e-08    1.304042e-07    -1.378991e-07    2.812768e-08    -7.749069e-08    -1.078604e-07    -1.167381e-07    -6.901659e-08    -1.006865e-08
1.718106e-07    1.316304e-08    -2.358303e-08    1.079942e-07    -1.406029e-07    -6.006207e-08    2.066067e-07    1.781109e-07    -3.703073e-08    -1.29557e-07    1.367607e-06    -3.399759e-07    -6.355789e-07    1.187194e-07    -1.167139e-07    -1.963415e-07    -8.052151e-08    1.95242e-07    2.098011e-07    1.816533e-08
-1.113544e-07    -1.317557e-07    -1.087736e-07    -4.270217e-08    2.179174e-07    1.623582e-07    -2.447354e-07    -2.440415e-07    1.263143e-07    8.794721e-08    -3.399759e-07    1.754976e-06    8.989151e-08    -7.144456e-07    -6.704824e-08    1.479177e-08    1.304937e-07    8.973109e-08    1.469665e-08    -1.533507e-08
-1.65862e-07    -9.652038e-08    -9.235236e-08    -1.205548e-07    2.447462e-07    1.340965e-07    -3.283902e-07    -2.683478e-07    1.428847e-07    1.304042e-07    -6.355789e-07    8.989151e-08    1.706385e-06    -2.692439e-07    -7.773005e-07    -4.263684e-09    1.065744e-07    1.532648e-07    3.024236e-08    -2.53752e-07
1.470186e-07    -8.87873e-09    -5.311295e-08    8.199732e-08    -7.898173e-08    -1.612729e-08    1.32863e-07    1.233313e-07    1.368599e-08    -1.378991e-07    1.187194e-07    -7.144456e-07    -2.692439e-07    1.419714e-06    -4.286468e-07    2.617208e-07    8.532739e-08    -1.288615e-07    -1.309934e-07    -1.347986e-07
5.782949e-09    7.693068e-08    8.61519e-08    9.618024e-09    -8.399259e-08    -7.57183e-08    1.028894e-07    8.14541e-08    -1.040216e-07    2.812768e-08    -1.167139e-07    -6.704824e-08    -7.773005e-07    -4.286468e-07    1.454712e-06    -4.52932e-08    -1.771403e-07    -1.060272e-07    -3.713331e-08    -4.198397e-08
5.920285e-08    1.822884e-09    -5.002275e-08    2.02192e-09    2.533759e-08    -1.47916e-07    3.709911e-08    1.901854e-09    2.16354e-07    -7.749069e-08    -1.963415e-07    1.479177e-08    -4.263684e-09    2.617208e-07    -4.52932e-08    1.444516e-06    -1.939162e-07    -9.293725e-07    1.499415e-07    5.878618e-08
5.608572e-09    1.879597e-08    -2.488132e-08    3.420194e-09    -3.707861e-08    -1.035671e-08    3.504624e-08    5.602564e-08    1.126388e-07    -1.078604e-07    -8.052151e-08    1.304937e-07    1.065744e-07    8.532739e-08    -1.771403e-07    -1.939162e-07    1.465682e-06    4.995097e-08    -9.667921e-07    3.112e-07
-3.017396e-08    -2.637671e-08    3.04871e-08    4.611599e-09    6.478424e-09    1.441796e-07    -2.576419e-08    1.297038e-07    -5.008044e-08    -1.167381e-07    1.95242e-07    8.973109e-08    1.532648e-07    -1.288615e-07    -1.060272e-07    -9.293725e-07    4.995097e-08    1.456154e-06    2.002684e-08    -6.826053e-07
-1.60147e-09    -1.351032e-08    5.062763e-09    -2.604262e-08    5.058241e-08    1.14929e-07    5.548566e-08    5.421327e-08    -1.668523e-07    -6.901659e-08    2.098011e-07    1.469665e-08    3.024236e-08    -1.309934e-07    -3.713331e-08    1.499415e-07    -9.667921e-07    2.002684e-08    1.5434e-06    -8.089421e-07
1.75388e-08    2.460219e-08    -8.911563e-09    2.710984e-08    -5.196964e-08    6.679898e-08    1.526787e-07    -2.176861e-07    -1.888717e-07    -1.006865e-08    1.816533e-08    -1.533507e-08    -2.53752e-07    -1.347986e-07    -4.198397e-08    5.878618e-08    3.112e-07    -6.826053e-07    -8.089421e-07    1.387049e-06
