1.367607e-06    -3.399759e-07    -6.355789e-07    1.187194e-07    -1.167139e-07    -1.963415e-07    -8.052151e-08    1.95242e-07    2.098011e-07    1.816533e-08
-3.399759e-07    1.754976e-06    8.989151e-08    -7.144456e-07    -6.704824e-08    1.479177e-08    1.304937e-07    8.973109e-08    1.469665e-08    -1.533507e-08
-6.355789e-07    8.989151e-08    1.706385e-06    -2.692439e-07    -7.773005e-07    -4.263684e-09    1.065744e-07    1.532648e-07    3.024236e-08    -2.53752e-07
1.187194e-07    -7.144456e-07    -2.692439e-07    1.419714e-06    -4.286468e-07    2.617208e-07    8.532739e-08    -1.288615e-07    -1.309934e-07    -1.347986e-07
-1.167139e-07    -6.704824e-08    -7.773005e-07    -4.286468e-07    1.454712e-06    -4.52932e-08    -1.771403e-07    -1.060272e-07    -3.713331e-08    -4.198397e-08
-1.963415e-07    1.479177e-08    -4.263684e-09    2.617208e-07    -4.52932e-08    1.444516e-06    -1.939162e-07    -9.293725e-07    1.499415e-07    5.878618e-08
-8.052151e-08    1.304937e-07    1.065744e-07    8.532739e-08    -1.771403e-07    -1.939162e-07    1.465682e-06    4.995097e-08    -9.667921e-07    3.112e-07
1.95242e-07    8.973109e-08    1.532648e-07    -1.288615e-07    -1.060272e-07    -9.293725e-07    4.995097e-08    1.456154e-06    2.002684e-08    -6.826053e-07
2.098011e-07    1.469665e-08    3.024236e-08    -1.309934e-07    -3.713331e-08    1.499415e-07    -9.667921e-07    2.002684e-08    1.5434e-06    -8.089421e-07
1.816533e-08    -1.533507e-08    -2.53752e-07    -1.347986e-07    -4.198397e-08    5.878618e-08    3.112e-07    -6.826053e-07    -8.089421e-07    1.387049e-06
