4.065874e-06    1.444463e-06    -1.30919e-06    1.393739e-06    -2.555243e-06    1.183162e-06    1.960318e-06    1.255236e-06    2.576251e-07    -2.640801e-06    1.538193e-06    -4.713683e-06    -1.145648e-06    2.568358e-06    1.07069e-06
1.444463e-06    3.996512e-06    2.036594e-06    -2.94904e-07    -2.130989e-06    -1.434692e-07    2.927481e-06    2.321761e-06    8.670177e-07    -3.900193e-06    2.797326e-06    -6.089543e-06    -3.727137e-06    4.904763e-06    1.024765e-06
-1.30919e-06    2.036594e-06    4.786242e-06    -3.044692e-07    -2.243706e-06    -8.044723e-07    1.72862e-06    1.522935e-06    1.919059e-06    -2.211479e-06    2.947775e-06    -4.552985e-06    -4.323515e-06    3.947966e-06    8.626069e-07
1.393739e-06    -2.94904e-07    -3.044692e-07    2.846093e-06    -3.047384e-06    5.896088e-07    2.193361e-07    6.686074e-07    7.908022e-07    -1.971513e-06    5.631519e-07    -8.060287e-07    -7.359921e-07    5.497081e-07    7.044683e-07
-2.555243e-06    -2.130989e-06    -2.243706e-06    -3.047384e-06    6.855159e-06    -2.661775e-07    -2.564516e-06    -3.20556e-06    -2.312788e-06    5.085137e-06    -3.352013e-06    5.565462e-06    4.455393e-06    -4.175931e-06    -1.928153e-06
1.183162e-06    -1.434692e-07    -8.044723e-07    5.896088e-07    -2.661775e-07    1.728296e-06    5.63794e-07    6.632652e-08    2.454159e-08    -8.461414e-07    6.535688e-07    -2.403671e-06    -5.393783e-07    5.898118e-07    8.5536e-07
1.960318e-06    2.927481e-06    1.72862e-06    2.193361e-07    -2.564516e-06    5.63794e-07    3.379428e-06    1.695834e-06    7.760532e-07    -3.887484e-06    3.055964e-06    -6.900952e-06    -3.388309e-06    4.367171e-06    1.251337e-06
1.255236e-06    2.321761e-06    1.522935e-06    6.686074e-07    -3.20556e-06    6.632652e-08    1.695834e-06    2.808297e-06    1.282215e-06    -2.909534e-06    2.221011e-06    -3.489498e-06    -3.475757e-06    3.181549e-06    1.362839e-06
2.576251e-07    8.670177e-07    1.919059e-06    7.908022e-07    -2.312788e-06    2.454159e-08    7.760532e-07    1.282215e-06    1.788368e-06    -1.941441e-06    2.444417e-06    -3.634121e-06    -2.986755e-06    2.724817e-06    8.917262e-07
-2.640801e-06    -3.900193e-06    -2.211479e-06    -1.971513e-06    5.085137e-06    -8.461414e-07    -3.887484e-06    -2.909534e-06    -1.941441e-06    7.054571e-06    -4.017296e-06    8.581747e-06    4.936835e-06    -6.189522e-06    -1.85322e-06
1.538193e-06    2.797326e-06    2.947775e-06    5.631519e-07    -3.352013e-06    6.535688e-07    3.055964e-06    2.221011e-06    2.444417e-06    -4.017296e-06    7.716902e-06    -1.213243e-05    -8.158074e-06    7.231402e-06    2.228366e-06
-4.713683e-06    -6.089543e-06    -4.552985e-06    -8.060287e-07    5.565462e-06    -2.403671e-06    -6.900952e-06    -3.489498e-06    -3.634121e-06    8.581747e-06    -1.213243e-05    2.44415e-05    1.208992e-05    -1.38656e-05    -3.893199e-06
-1.145648e-06    -3.727137e-06    -4.323515e-06    -7.359921e-07    4.455393e-06    -5.393783e-07    -3.388309e-06    -3.475757e-06    -2.986755e-06    4.936835e-06    -8.158074e-06    1.208992e-05    1.090864e-05    -8.808035e-06    -3.11613e-06
2.568358e-06    4.904763e-06    3.947966e-06    5.497081e-07    -4.175931e-06    5.898118e-07    4.367171e-06    3.181549e-06    2.724817e-06    -6.189522e-06    7.231402e-06    -1.38656e-05    -8.808035e-06    9.812327e-06    2.518798e-06
1.07069e-06    1.024765e-06    8.626069e-07    7.044683e-07    -1.928153e-06    8.5536e-07    1.251337e-06    1.362839e-06    8.917262e-07    -1.85322e-06    2.228366e-06    -3.893199e-06    -3.11613e-06    2.518798e-06    1.462973e-06
