4.065874e-06    1.444463e-06    -1.30919e-06    1.393739e-06    -2.555243e-06    3.034566e-07    3.098496e-07    3.505754e-06    1.076269e-06    -2.877028e-06
1.444463e-06    3.996512e-06    2.036594e-06    -2.94904e-07    -2.130989e-06    -6.326765e-07    4.630429e-06    3.582355e-06    -1.81684e-06    -1.944679e-06
-1.30919e-06    2.036594e-06    4.786242e-06    -3.044692e-07    -2.243706e-06    -2.382834e-06    4.98642e-06    3.756549e-06    -2.220731e-06    -1.695935e-06
1.393739e-06    -2.94904e-07    -3.044692e-07    2.846093e-06    -3.047384e-06    2.157358e-07    -6.730269e-07    1.583976e-06    1.23197e-06    -1.791712e-06
-2.555243e-06    -2.130989e-06    -2.243706e-06    -3.047384e-06    6.855159e-06    8.962479e-07    -1.756647e-06    -5.132799e-06    -8.349443e-07    4.056539e-06
3.034566e-07    -6.326765e-07    -2.382834e-06    2.157358e-07    8.962479e-07    2.042946e-06    -2.69479e-06    -3.387163e-06    1.215098e-06    1.34942e-06
3.098496e-07    4.630429e-06    4.98642e-06    -6.730269e-07    -1.756647e-06    -2.69479e-06    1.45984e-05    8.449231e-06    -6.309037e-06    -5.211504e-06
3.505754e-06    3.582355e-06    3.756549e-06    1.583976e-06    -5.132799e-06    -3.387163e-06    8.449231e-06    1.166077e-05    -1.988424e-06    -7.266528e-06
1.076269e-06    -1.81684e-06    -2.220731e-06    1.23197e-06    -8.349443e-07    1.215098e-06    -6.309037e-06    -1.988424e-06    3.870671e-06    3.912732e-07
-2.877028e-06    -1.944679e-06    -1.695935e-06    -1.791712e-06    4.056539e-06    1.34942e-06    -5.211504e-06    -7.266528e-06    3.912732e-07    5.803184e-06
