4.065874e-06    1.444463e-06    -1.30919e-06    1.393739e-06    -2.555243e-06    1.183162e-06    1.960318e-06    1.255236e-06    2.576251e-07    -2.640801e-06    -8.814867e-07    1.772348e-06    2.65046e-06    -5.537307e-07    -3.206422e-06
1.444463e-06    3.996512e-06    2.036594e-06    -2.94904e-07    -2.130989e-06    -1.434692e-07    2.927481e-06    2.321761e-06    8.670177e-07    -3.900193e-06    9.725274e-07    1.240113e-06    1.640453e-06    -1.245713e-06    -2.917038e-06
-1.30919e-06    2.036594e-06    4.786242e-06    -3.044692e-07    -2.243706e-06    -8.044723e-07    1.72862e-06    1.522935e-06    1.919059e-06    -2.211479e-06    1.432416e-06    5.917957e-07    4.045883e-07    -1.762689e-06    -1.205564e-06
1.393739e-06    -2.94904e-07    -3.044692e-07    2.846093e-06    -3.047384e-06    5.896088e-07    2.193361e-07    6.686074e-07    7.908022e-07    -1.971513e-06    -1.318282e-06    1.494338e-06    6.486538e-07    -1.011423e-06    -2.960137e-07
-2.555243e-06    -2.130989e-06    -2.243706e-06    -3.047384e-06    6.855159e-06    -2.661775e-07    -2.564516e-06    -3.20556e-06    -2.312788e-06    5.085137e-06    1.315102e-06    -3.187016e-06    -2.313184e-06    2.754133e-06    2.318822e-06
1.183162e-06    -1.434692e-07    -8.044723e-07    5.896088e-07    -2.661775e-07    1.728296e-06    5.63794e-07    6.632652e-08    2.454159e-08    -8.461414e-07    -2.512158e-07    1.117619e-07    6.185572e-07    -6.18836e-08    -8.300562e-07
1.960318e-06    2.927481e-06    1.72862e-06    2.193361e-07    -2.564516e-06    5.63794e-07    3.379428e-06    1.695834e-06    7.760532e-07    -3.887484e-06    4.875964e-07    1.184736e-06    1.747634e-06    -9.469623e-07    -2.85722e-06
1.255236e-06    2.321761e-06    1.522935e-06    6.686074e-07    -3.20556e-06    6.632652e-08    1.695834e-06    2.808297e-06    1.282215e-06    -2.909534e-06    2.398948e-07    1.438331e-06    1.179772e-06    -1.68158e-06    -1.619852e-06
2.576251e-07    8.670177e-07    1.919059e-06    7.908022e-07    -2.312788e-06    2.454159e-08    7.760532e-07    1.282215e-06    1.788368e-06    -1.941441e-06    1.241931e-07    1.388454e-06    9.582421e-07    -1.551932e-06    -1.236016e-06
-2.640801e-06    -3.900193e-06    -2.211479e-06    -1.971513e-06    5.085137e-06    -8.461414e-07    -3.887484e-06    -2.909534e-06    -1.941441e-06    7.054571e-06    4.728384e-07    -3.161132e-06    -2.587202e-06    2.535121e-06    3.536466e-06
-8.814867e-07    9.725274e-07    1.432416e-06    -1.318282e-06    1.315102e-06    -2.512158e-07    4.875964e-07    2.398948e-07    1.241931e-07    4.728384e-07    2.558072e-06    -1.030405e-06    -9.521974e-07    7.201107e-08    -8.596367e-07
1.772348e-06    1.240113e-06    5.917957e-07    1.494338e-06    -3.187016e-06    1.117619e-07    1.184736e-06    1.438331e-06    1.388454e-06    -3.161132e-06    -1.030405e-06    3.057108e-06    2.216349e-06    -2.152236e-06    -2.453138e-06
2.65046e-06    1.640453e-06    4.045883e-07    6.486538e-07    -2.313184e-06    6.185572e-07    1.747634e-06    1.179772e-06    9.582421e-07    -2.587202e-06    -9.521974e-07    2.216349e-06    3.62826e-06    -1.11566e-06    -3.904295e-06
-5.537307e-07    -1.245713e-06    -1.762689e-06    -1.011423e-06    2.754133e-06    -6.18836e-08    -9.469623e-07    -1.68158e-06    -1.551932e-06    2.535121e-06    7.201107e-08    -2.152236e-06    -1.11566e-06    2.469577e-06    1.343457e-06
-3.206422e-06    -2.917038e-06    -1.205564e-06    -2.960137e-07    2.318822e-06    -8.300562e-07    -2.85722e-06    -1.619852e-06    -1.236016e-06    3.536466e-06    -8.596367e-07    -2.453138e-06    -3.904295e-06    1.343457e-06    6.550864e-06
