4.065874e-06    1.444463e-06    -1.30919e-06    1.393739e-06    -2.555243e-06    4.614136e-06    1.772943e-07    -5.010037e-06    3.287358e-07    -1.359102e-06
1.444463e-06    3.996512e-06    2.036594e-06    -2.94904e-07    -2.130989e-06    4.4457e-06    5.879131e-07    -3.074392e-06    -1.527171e-06    -9.196018e-07
-1.30919e-06    2.036594e-06    4.786242e-06    -3.044692e-07    -2.243706e-06    3.174428e-06    -5.899562e-07    -1.57907e-06    -1.914988e-06    6.134595e-09
1.393739e-06    -2.94904e-07    -3.044692e-07    2.846093e-06    -3.047384e-06    3.101244e-06    -7.0826e-07    -2.363347e-06    -2.127256e-07    -2.620228e-08
-2.555243e-06    -2.130989e-06    -2.243706e-06    -3.047384e-06    6.855159e-06    -6.993628e-06    5.809647e-07    4.347433e-06    5.782868e-07    2.25476e-06
4.614136e-06    4.4457e-06    3.174428e-06    3.101244e-06    -6.993628e-06    1.954222e-05    -1.737348e-06    -1.898621e-05    -3.820782e-06    9.159736e-07
1.772943e-07    5.879131e-07    -5.899562e-07    -7.0826e-07    5.809647e-07    -1.737348e-06    2.328116e-06    2.061881e-06    -2.440185e-07    -3.453083e-07
-5.010037e-06    -3.074392e-06    -1.57907e-06    -2.363347e-06    4.347433e-06    -1.898621e-05    2.061881e-06    2.370788e-05    3.645123e-06    -4.239654e-06
3.287358e-07    -1.527171e-06    -1.914988e-06    -2.127256e-07    5.782868e-07    -3.820782e-06    -2.440185e-07    3.645123e-06    3.125698e-06    -1.676828e-06
-1.359102e-06    -9.196018e-07    6.134595e-09    -2.620228e-08    2.25476e-06    9.159736e-07    -3.453083e-07    -4.239654e-06    -1.676828e-06    6.966204e-06
