2.938365e-06    5.52461e-07    -3.828623e-07    -3.597655e-07    -1.475985e-06    -1.897577e-06    -8.442491e-07    7.882014e-07    -1.698734e-06    1.766326e-06
5.52461e-07    8.959781e-06    7.379887e-06    -3.554531e-07    -6.442373e-06    -2.036524e-06    -2.964435e-06    -2.623308e-06    -1.222559e-06    4.217066e-06
-3.828623e-07    7.379887e-06    7.571474e-06    4.759414e-07    -6.435171e-06    -2.112924e-06    -2.470401e-06    -1.995937e-06    -1.669598e-07    2.929449e-06
-3.597655e-07    -3.554531e-07    4.759414e-07    2.226733e-06    -1.332381e-06    -2.316327e-07    -5.808406e-07    -3.305851e-07    1.234884e-06    -9.18701e-07
-1.475985e-06    -6.442373e-06    -6.435171e-06    -1.332381e-06    9.474392e-06    3.077701e-06    2.565239e-06    9.564532e-07    6.154322e-07    -1.787379e-06
-1.897577e-06    -2.036524e-06    -2.112924e-06    -2.316327e-07    3.077701e-06    4.065874e-06    1.444463e-06    -1.30919e-06    1.393739e-06    -2.555243e-06
-8.442491e-07    -2.964435e-06    -2.470401e-06    -5.808406e-07    2.565239e-06    1.444463e-06    3.996512e-06    2.036594e-06    -2.94904e-07    -2.130989e-06
7.882014e-07    -2.623308e-06    -1.995937e-06    -3.305851e-07    9.564532e-07    -1.30919e-06    2.036594e-06    4.786242e-06    -3.044692e-07    -2.243706e-06
-1.698734e-06    -1.222559e-06    -1.669598e-07    1.234884e-06    6.154322e-07    1.393739e-06    -2.94904e-07    -3.044692e-07    2.846093e-06    -3.047384e-06
1.766326e-06    4.217066e-06    2.929449e-06    -9.18701e-07    -1.787379e-06    -2.555243e-06    -2.130989e-06    -2.243706e-06    -3.047384e-06    6.855159e-06
