5.605946e-06    1.486493e-06    -2.293789e-06    1.309581e-06    -2.433349e-06    1.145665e-06    1.939706e-06    1.242081e-06    2.801994e-07    -2.577914e-06    -8.938929e-07    1.797977e-06    2.660878e-06    -5.748359e-07    -3.180349e-06
1.486493e-06    5.406271e-06    1.7896e-06    -1.2035e-06    -1.855255e-06    -1.834255e-07    2.906993e-06    2.333319e-06    8.858913e-07    -3.880775e-06    9.689001e-07    1.243919e-06    1.660996e-06    -1.247297e-06    -2.913113e-06
-2.293789e-06    1.7896e-06    6.210638e-06    -2.104701e-07    -2.8184e-06    -7.644335e-07    1.715713e-06    1.501058e-06    1.924602e-06    -2.239165e-06    1.420281e-06    5.675913e-07    3.917233e-07    -1.766061e-06    -1.200602e-06
1.309581e-06    -1.2035e-06    -2.104701e-07    4.356599e-06    -3.707009e-06    6.496419e-07    2.402099e-07    6.432744e-07    7.415432e-07    -1.98556e-06    -1.314713e-06    1.497809e-06    6.346303e-07    -1.018087e-06    -2.888439e-07
-2.433349e-06    -1.855255e-06    -2.8184e-06    -3.707009e-06    8.222035e-06    -2.645896e-07    -2.543789e-06    -3.178517e-06    -2.327729e-06    5.007096e-06    1.337947e-06    -3.165792e-06    -2.305618e-06    2.769578e-06    2.2987e-06
1.145665e-06    -1.834255e-07    -7.644335e-07    6.496419e-07    -2.645896e-07    3.230536e-06    6.521993e-07    -8.292902e-07    -4.694414e-08    -8.449585e-07    -1.920129e-07    1.173705e-07    5.883832e-07    -6.348507e-08    -8.125174e-07
1.939706e-06    2.906993e-06    1.715713e-06    2.402099e-07    -2.543789e-06    6.521993e-07    4.815387e-06    1.475379e-06    -1.762443e-07    -3.655233e-06    4.894192e-07    1.203532e-06    1.721257e-06    -9.604726e-07    -2.832618e-06
1.242081e-06    2.333319e-06    1.501058e-06    6.432744e-07    -3.178517e-06    -8.292902e-07    1.475379e-06    4.226065e-06    1.280345e-06    -3.448641e-06    1.89872e-07    1.41345e-06    1.210259e-06    -1.676517e-06    -1.628764e-06
2.801994e-07    8.858913e-07    1.924602e-06    7.415432e-07    -2.327729e-06    -4.694414e-08    -1.762443e-07    1.280345e-06    3.315228e-06    -2.547434e-06    1.262151e-07    1.391874e-06    9.628537e-07    -1.577975e-06    -1.208906e-06
-2.577914e-06    -3.880775e-06    -2.239165e-06    -1.98556e-06    5.007096e-06    -8.449585e-07    -3.655233e-06    -3.448641e-06    -2.547434e-06    8.46548e-06    4.98176e-07    -3.19821e-06    -2.580723e-06    2.585703e-06    3.484496e-06
-8.938929e-07    9.689001e-07    1.420281e-06    -1.314713e-06    1.337947e-06    -1.920129e-07    4.894192e-07    1.89872e-07    1.262151e-07    4.98176e-07    4.002588e-06    -1.224321e-06    -1.88157e-06    2.219525e-07    -8.008506e-07
1.797977e-06    1.243919e-06    5.675913e-07    1.497809e-06    -3.165792e-06    1.173705e-07    1.203532e-06    1.41345e-06    1.391874e-06    -3.19821e-06    -1.224321e-06    4.522789e-06    2.2663e-06    -3.119028e-06    -2.141938e-06
2.660878e-06    1.660996e-06    3.917233e-07    6.346303e-07    -2.305618e-06    5.883832e-07    1.721257e-06    1.210259e-06    9.628537e-07    -2.580723e-06    -1.88157e-06    2.2663e-06    5.084414e-06    -1.095633e-06    -4.586901e-06
-5.748359e-07    -1.247297e-06    -1.766061e-06    -1.018087e-06    2.769578e-06    -6.348507e-08    -9.604726e-07    -1.676517e-06    -1.577975e-06    2.585703e-06    2.219525e-07    -3.119028e-06    -1.095633e-06    4.012977e-06    5.345152e-07
-3.180349e-06    -2.913113e-06    -1.200602e-06    -2.888439e-07    2.2987e-06    -8.125174e-07    -2.832618e-06    -1.628764e-06    -1.208906e-06    3.484496e-06    -8.008506e-07    -2.141938e-06    -4.586901e-06    5.345152e-07    7.937913e-06
