4.44728e-06    5.482973e-07    -1.398058e-06    -5.09664e-07    -1.443838e-06    -1.874299e-06    -8.435915e-07    7.902756e-07    -1.64325e-06    1.710781e-06
5.482973e-07    1.040182e-05    7.303586e-06    -1.183592e-06    -6.301785e-06    -2.018387e-06    -2.942837e-06    -2.637774e-06    -1.206541e-06    4.196866e-06
-1.398058e-06    7.303586e-06    9.032977e-06    5.19103e-07    -6.890776e-06    -2.13233e-06    -2.481672e-06    -1.97671e-06    -1.953016e-07    2.930454e-06
-5.09664e-07    -1.183592e-06    5.19103e-07    3.706006e-06    -1.868423e-06    -2.326323e-07    -6.027838e-07    -3.280876e-07    1.201383e-06    -8.849669e-07
-1.443838e-06    -6.301785e-06    -6.890776e-06    -1.868423e-06    1.07462e-05    3.059641e-06    2.578698e-06    9.544219e-07    6.16911e-07    -1.751513e-06
-1.874299e-06    -2.018387e-06    -2.13233e-06    -2.326323e-07    3.059641e-06    5.605946e-06    1.486493e-06    -2.293789e-06    1.309581e-06    -2.433349e-06
-8.435915e-07    -2.942837e-06    -2.481672e-06    -6.027838e-07    2.578698e-06    1.486493e-06    5.406271e-06    1.7896e-06    -1.2035e-06    -1.855255e-06
7.902756e-07    -2.637774e-06    -1.97671e-06    -3.280876e-07    9.544219e-07    -2.293789e-06    1.7896e-06    6.210638e-06    -2.104701e-07    -2.8184e-06
-1.64325e-06    -1.206541e-06    -1.953016e-07    1.201383e-06    6.16911e-07    1.309581e-06    -1.2035e-06    -2.104701e-07    4.356599e-06    -3.707009e-06
1.710781e-06    4.196866e-06    2.930454e-06    -8.849669e-07    -1.751513e-06    -2.433349e-06    -1.855255e-06    -2.8184e-06    -3.707009e-06    8.222035e-06
