5.605946e-06    1.486493e-06    -2.293789e-06    1.309581e-06    -2.433349e-06    1.145665e-06    1.939706e-06    1.242081e-06    2.801994e-07    -2.577914e-06    1.178578e-06    -1.90264e-06    -3.418518e-06    -1.306777e-06    1.47489e-06
1.486493e-06    5.406271e-06    1.7896e-06    -1.2035e-06    -1.855255e-06    -1.834255e-07    2.906993e-06    2.333319e-06    8.858913e-07    -3.880775e-06    -2.251935e-07    -3.011676e-06    -4.26047e-06    -9.397095e-07    2.889846e-06
-2.293789e-06    1.7896e-06    6.210638e-06    -2.104701e-07    -2.8184e-06    -7.644335e-07    1.715713e-06    1.501058e-06    1.924602e-06    -2.239165e-06    -1.171917e-06    -2.914479e-06    -3.500267e-06    6.13854e-10    3.416311e-06
1.309581e-06    -1.2035e-06    -2.104701e-07    4.356599e-06    -3.707009e-06    6.496419e-07    2.402099e-07    6.432744e-07    7.415432e-07    -1.98556e-06    9.367244e-07    -9.198134e-07    -1.296135e-06    -5.165925e-07    7.072764e-07
-2.433349e-06    -1.855255e-06    -2.8184e-06    -3.707009e-06    8.222035e-06    -2.645896e-07    -2.543789e-06    -3.178517e-06    -2.327729e-06    5.007096e-06    -9.974583e-07    3.328002e-06    5.026557e-06    8.28377e-07    -2.628694e-06
1.145665e-06    -1.834255e-07    -7.644335e-07    6.496419e-07    -2.645896e-07    3.230536e-06    6.521993e-07    -8.292902e-07    -4.694414e-08    -8.449585e-07    -2.360002e-07    -1.984311e-07    -5.958809e-07    -1.396475e-06    1.256313e-06
1.939706e-06    2.906993e-06    1.715713e-06    2.402099e-07    -2.543789e-06    6.521993e-07    4.815387e-06    1.475379e-06    -1.762443e-07    -3.655233e-06    -2.230742e-07    -2.964495e-06    -4.126054e-06    -1.070274e-06    3.033902e-06
1.242081e-06    2.333319e-06    1.501058e-06    6.432744e-07    -3.178517e-06    -8.292902e-07    1.475379e-06    4.226065e-06    1.280345e-06    -3.448641e-06    3.779404e-07    -1.827775e-06    -3.012235e-06    -2.709277e-07    1.455575e-06
2.801994e-07    8.858913e-07    1.924602e-06    7.415432e-07    -2.327729e-06    -4.694414e-08    -1.762443e-07    1.280345e-06    3.315228e-06    -2.547434e-06    -5.828748e-08    -1.851184e-06    -2.707915e-06    -2.438352e-07    1.967789e-06
-2.577914e-06    -3.880775e-06    -2.239165e-06    -1.98556e-06    5.007096e-06    -8.449585e-07    -3.655233e-06    -3.448641e-06    -2.547434e-06    8.46548e-06    -3.022743e-07    3.714084e-06    5.584924e-06    1.813691e-06    -3.740789e-06
1.178578e-06    -2.251935e-07    -1.171917e-06    9.367244e-07    -9.974583e-07    -2.360002e-07    -2.230742e-07    3.779404e-07    -5.828748e-08    -3.022743e-07    2.805165e-06    -5.455384e-09    -1.239492e-06    4.724729e-08    -9.601109e-07
-1.90264e-06    -3.011676e-06    -2.914479e-06    -9.198134e-07    3.328002e-06    -1.984311e-07    -2.964495e-06    -1.827775e-06    -1.851184e-06    3.714084e-06    -5.455384e-09    7.250746e-06    7.002445e-06    4.867289e-07    -5.820875e-06
-3.418518e-06    -4.26047e-06    -3.500267e-06    -1.296135e-06    5.026557e-06    -5.958809e-07    -4.126054e-06    -3.012235e-06    -2.707915e-06    5.584924e-06    -1.239492e-06    7.002445e-06    1.13454e-05    2.124082e-06    -8.043069e-06
-1.306777e-06    -9.397095e-07    6.13854e-10    -5.165925e-07    8.28377e-07    -1.396475e-06    -1.070274e-06    -2.709277e-07    -2.438352e-07    1.813691e-06    4.724729e-08    4.867289e-07    2.124082e-06    3.764095e-06    -3.030688e-06
1.47489e-06    2.889846e-06    3.416311e-06    7.072764e-07    -2.628694e-06    1.256313e-06    3.033902e-06    1.455575e-06    1.967789e-06    -3.740789e-06    -9.601109e-07    -5.820875e-06    -8.043069e-06    -3.030688e-06    9.261147e-06
