4.083067e-06    -7.209514e-07    -2.108591e-06    1.132269e-06    -8.348474e-07    7.721647e-07    1.330037e-06    7.917265e-07    1.454078e-06    -1.945982e-06    -1.418382e-07    1.044006e-06    9.847626e-07    9.681117e-07    -2.26034e-06
-7.209514e-07    3.225865e-06    1.042384e-06    -2.33534e-06    -4.072581e-07    -9.988722e-07    -1.19136e-06    -5.599364e-07    -3.102757e-07    1.407534e-06    8.449257e-08    -1.362934e-06    -8.015767e-07    -5.179052e-07    1.737668e-06
-2.108591e-06    1.042384e-06    5.821202e-06    -1.991838e-08    -3.365409e-06    -6.384382e-07    -5.359252e-07    3.933135e-08    -2.08081e-06    2.915226e-06    8.884555e-07    1.833087e-07    -1.367315e-06    -5.772435e-07    1.690523e-06
1.132269e-06    -2.33534e-06    -1.991838e-08    5.180488e-06    -2.360911e-06    1.520581e-06    1.210749e-06    8.183073e-07    2.45375e-07    -1.543027e-06    6.440759e-07    1.844877e-06    9.77715e-07    1.370656e-06    -2.547359e-06
-8.348474e-07    -4.072581e-07    -3.365409e-06    -2.360911e-06    5.410115e-06    -7.876387e-07    -2.644437e-07    1.714507e-07    3.027041e-07    -9.631834e-07    -1.223839e-06    -7.871309e-07    5.950795e-07    -3.779362e-07    7.103018e-07
7.721647e-07    -9.988722e-07    -6.384382e-07    1.520581e-06    -7.876387e-07    5.605946e-06    1.486493e-06    -2.293789e-06    1.309581e-06    -2.433349e-06    1.145665e-06    1.939706e-06    1.242081e-06    2.801994e-07    -2.577914e-06
1.330037e-06    -1.19136e-06    -5.359252e-07    1.210749e-06    -2.644437e-07    1.486493e-06    5.406271e-06    1.7896e-06    -1.2035e-06    -1.855255e-06    -1.834255e-07    2.906993e-06    2.333319e-06    8.858913e-07    -3.880775e-06
7.917265e-07    -5.599364e-07    3.933135e-08    8.183073e-07    1.714507e-07    -2.293789e-06    1.7896e-06    6.210638e-06    -2.104701e-07    -2.8184e-06    -7.644335e-07    1.715713e-06    1.501058e-06    1.924602e-06    -2.239165e-06
1.454078e-06    -3.102757e-07    -2.08081e-06    2.45375e-07    3.027041e-07    1.309581e-06    -1.2035e-06    -2.104701e-07    4.356599e-06    -3.707009e-06    6.496419e-07    2.402099e-07    6.432744e-07    7.415432e-07    -1.98556e-06
-1.945982e-06    1.407534e-06    2.915226e-06    -1.543027e-06    -9.631834e-07    -2.433349e-06    -1.855255e-06    -2.8184e-06    -3.707009e-06    8.222035e-06    -2.645896e-07    -2.543789e-06    -3.178517e-06    -2.327729e-06    5.007096e-06
-1.418382e-07    8.449257e-08    8.884555e-07    6.440759e-07    -1.223839e-06    1.145665e-06    -1.834255e-07    -7.644335e-07    6.496419e-07    -2.645896e-07    3.230536e-06    6.521993e-07    -8.292902e-07    -4.694414e-08    -8.449585e-07
1.044006e-06    -1.362934e-06    1.833087e-07    1.844877e-06    -7.871309e-07    1.939706e-06    2.906993e-06    1.715713e-06    2.402099e-07    -2.543789e-06    6.521993e-07    4.815387e-06    1.475379e-06    -1.762443e-07    -3.655233e-06
9.847626e-07    -8.015767e-07    -1.367315e-06    9.77715e-07    5.950795e-07    1.242081e-06    2.333319e-06    1.501058e-06    6.432744e-07    -3.178517e-06    -8.292902e-07    1.475379e-06    4.226065e-06    1.280345e-06    -3.448641e-06
9.681117e-07    -5.179052e-07    -5.772435e-07    1.370656e-06    -3.779362e-07    2.801994e-07    8.858913e-07    1.924602e-06    7.415432e-07    -2.327729e-06    -4.694414e-08    -1.762443e-07    1.280345e-06    3.315228e-06    -2.547434e-06
-2.26034e-06    1.737668e-06    1.690523e-06    -2.547359e-06    7.103018e-07    -2.577914e-06    -3.880775e-06    -2.239165e-06    -1.98556e-06    5.007096e-06    -8.449585e-07    -3.655233e-06    -3.448641e-06    -2.547434e-06    8.46548e-06
