5.822814e-06    1.144062e-06    -3.347841e-07    5.3992e-07    -4.367985e-06    2.784749e-06    2.218919e-06    1.032775e-06    -1.051526e-06    -3.689749e-06    -8.445206e-07    -4.597568e-06    -3.407797e-06    2.927913e-08    2.917351e-06    1.571536e-06    -2.644095e-06    -2.226635e-06    1.317104e-06    8.288001e-07    1.483385e-06    -5.257157e-06    -4.888164e-06    1.905396e-06    3.446401e-06
1.144062e-06    6.940317e-06    2.053654e-06    -4.019397e-06    -2.213134e-06    2.336209e-06    3.146429e-06    9.342465e-07    -1.728713e-06    -2.779039e-06    -1.706765e-06    -4.471328e-06    -2.535129e-06    -7.888725e-07    3.128338e-06    -1.994812e-07    -2.376258e-06    -7.210409e-07    1.080705e-06    9.122618e-07    -7.207438e-07    -3.931406e-06    -2.319733e-06    8.37241e-08    3.141014e-06
-3.347841e-07    2.053654e-06    6.090265e-06    2.954975e-07    -5.512376e-06    8.637058e-07    1.935885e-06    1.227727e-06    -6.468777e-07    -1.56742e-06    -8.456961e-07    -3.608695e-06    -1.798078e-06    6.760955e-07    1.158326e-06    3.681441e-08    -4.998022e-07    -4.41819e-07    4.216337e-07    1.052044e-07    2.497325e-07    -2.357041e-06    -3.128492e-06    -3.087537e-07    2.74757e-06
5.3992e-07    -4.019397e-06    2.954975e-07    7.617706e-06    -1.904709e-06    -7.462035e-07    -6.621544e-07    4.191916e-07    1.294289e-06    1.500334e-06    8.833448e-07    6.361723e-07    9.819947e-07    1.470218e-06    -1.777695e-06    -1.30718e-07    2.446137e-06    1.278051e-06    -1.052024e-06    -1.111673e-06    1.532872e-06    1.676753e-07    -1.067685e-06    8.322953e-07    -4.270209e-07
-4.367985e-06    -2.213134e-06    -5.512376e-06    -1.904709e-06    1.682544e-05    -3.97297e-06    -4.10241e-06    -1.837802e-06    3.445397e-06    9.036637e-06    2.341139e-06    1.022423e-05    6.301385e-06    -1.660814e-06    -5.232966e-06    -2.609434e-06    5.485054e-06    3.826327e-06    -3.251647e-06    -1.047269e-06    -2.127431e-06    9.184043e-06    8.871461e-06    -1.967515e-06    -6.947669e-06
2.784749e-06    2.336209e-06    8.637058e-07    -7.462035e-07    -3.97297e-06    6.002168e-06    2.499985e-06    -7.291535e-07    -1.204992e-06    -4.233417e-06    -1.280339e-06    -4.953798e-06    -3.221097e-06    -5.766388e-07    3.541626e-06    1.739225e-06    -3.947251e-06    -2.602378e-06    1.950721e-06    1.100052e-06    7.765124e-07    -5.863339e-06    -4.171092e-06    1.983939e-06    3.494694e-06
2.218919e-06    3.146429e-06    1.935885e-06    -6.621544e-07    -4.10241e-06    2.499985e-06    7.134593e-06    1.792764e-06    -4.538308e-06    -3.642903e-06    -1.909104e-06    -5.303597e-06    -2.349203e-06    3.631827e-07    2.939264e-06    1.16194e-06    -2.662908e-06    -1.816974e-06    1.154179e-06    7.054075e-07    -2.080189e-07    -5.675558e-06    -3.811624e-06    1.002371e-06    4.130171e-06
1.032775e-06    9.342465e-07    1.227727e-06    4.191916e-07    -1.837802e-06    -7.291535e-07    1.792764e-06    5.383775e-06    3.909532e-07    -4.562798e-06    -1.083607e-06    -1.824596e-06    -2.352206e-07    8.633195e-07    6.444932e-07    2.019254e-07    4.661686e-07    8.862961e-08    -3.458118e-07    -4.417001e-07    4.655693e-07    -2.519925e-06    -2.626365e-06    5.359659e-07    2.177831e-06
-1.051526e-06    -1.728713e-06    -6.468777e-07    1.294289e-06    3.445397e-06    -1.204992e-06    -4.538308e-06    3.909532e-07    7.847648e-06    2.826005e-07    1.018024e-06    3.771726e-06    2.342504e-06    3.075531e-08    -2.454093e-06    -6.646651e-07    3.347967e-06    1.799191e-06    -1.494928e-06    -1.203128e-06    1.140414e-06    2.513274e-06    6.682436e-07    2.660474e-07    -1.995982e-06
-3.689749e-06    -2.779039e-06    -1.56742e-06    1.500334e-06    9.036637e-06    -4.233417e-06    -3.642903e-06    -4.562798e-06    2.826005e-07    1.605163e-05    3.04616e-06    8.097673e-06    4.40883e-06    -1.312564e-06    -4.863687e-06    -3.081768e-06    5.423731e-06    3.652273e-06    -2.674462e-06    -9.026764e-07    -1.381508e-06    9.984332e-06    7.275534e-06    -3.052156e-06    -6.24629e-06
-8.445206e-07    -1.706765e-06    -8.456961e-07    8.833448e-07    2.341139e-06    -1.280339e-06    -1.909104e-06    -1.083607e-06    1.018024e-06    3.04616e-06    7.481787e-06    2.106806e-06    -3.077257e-06    -1.156732e-06    -1.265952e-06    -3.393248e-07    1.708019e-06    2.503279e-07    -7.806079e-07    -8.315344e-08    5.127694e-08    2.845055e-06    1.945709e-06    -5.91615e-07    -2.084707e-06
-4.597568e-06    -4.471328e-06    -3.608695e-06    6.361723e-07    1.022423e-05    -4.953798e-06    -5.303597e-06    -1.824596e-06    3.771726e-06    8.097673e-06    2.106806e-06    1.494939e-05    6.508715e-06    -2.827156e-06    -5.976005e-06    -2.821772e-06    8.32184e-06    5.15843e-06    -3.751714e-06    -2.349136e-06    -6.517505e-07    1.019435e-05    7.708326e-06    -2.288263e-06    -7.064768e-06
-3.407797e-06    -2.535129e-06    -1.798078e-06    9.819947e-07    6.301385e-06    -3.221097e-06    -2.349203e-06    -2.352206e-07    2.342504e-06    4.40883e-06    -3.077257e-06    6.508715e-06    1.065716e-05    1.27674e-06    -6.33017e-06    -2.109686e-06    6.389895e-06    4.931259e-06    -3.011308e-06    -2.816206e-06    -6.169003e-07    5.872471e-06    4.712625e-06    -1.161334e-06    -4.160688e-06
2.927913e-08    -7.888725e-07    6.760955e-07    1.470218e-06    -1.660814e-06    -5.766388e-07    3.631827e-07    8.633195e-07    3.075531e-08    -1.312564e-06    -1.156732e-06    -2.827156e-06    1.27674e-06    7.010674e-06    -2.997433e-06    3.350461e-07    1.658062e-06    8.322441e-07    -4.482267e-07    -1.066105e-06    4.920775e-07    -7.152264e-07    -1.1105e-06    5.599036e-07    3.945929e-07
2.917351e-06    3.128338e-06    1.158326e-06    -1.777695e-06    -5.232966e-06    3.541626e-06    2.939264e-06    6.444932e-07    -2.454093e-06    -4.863687e-06    -1.265952e-06    -5.976005e-06    -6.33017e-06    -2.997433e-06    1.015424e-05    1.785668e-06    -7.178674e-06    -4.436226e-06    2.934582e-06    2.930638e-06    5.844216e-08    -6.1791e-06    -3.884241e-06    1.209352e-06    4.065877e-06
1.571536e-06    -1.994812e-07    3.681441e-08    -1.30718e-07    -2.609434e-06    1.739225e-06    1.16194e-06    2.019254e-07    -6.646651e-07    -3.081768e-06    -3.393248e-07    -2.821772e-06    -2.109686e-06    3.350461e-07    1.785668e-06    7.847485e-06    -2.629038e-06    -6.800047e-06    1.485388e-06    6.371722e-07    8.754282e-07    -3.695121e-06    -3.120743e-06    1.427873e-06    2.080327e-06
-2.644095e-06    -2.376258e-06    -4.998022e-07    2.446137e-06    5.485054e-06    -3.947251e-06    -2.662908e-06    4.661686e-07    3.347967e-06    5.423731e-06    1.708019e-06    8.32184e-06    6.389895e-06    1.658062e-06    -7.178674e-06    -2.629038e-06    1.568834e-05    3.959506e-06    -7.645079e-06    -1.579401e-06    1.779676e-08    6.885202e-06    3.853024e-06    -1.533601e-06    -4.193094e-06
-2.226635e-06    -7.210409e-07    -4.41819e-07    1.278051e-06    3.826327e-06    -2.602378e-06    -1.816974e-06    8.862961e-08    1.799191e-06    3.652273e-06    2.503279e-07    5.15843e-06    4.931259e-06    8.322441e-07    -4.436226e-06    -6.800047e-06    3.959506e-06    1.179055e-05    -2.385329e-06    -4.950616e-06    -7.738616e-07    5.093436e-06    4.038962e-06    -1.64737e-06    -3.007391e-06
1.317104e-06    1.080705e-06    4.216337e-07    -1.052024e-06    -3.251647e-06    1.950721e-06    1.154179e-06    -3.458118e-07    -1.494928e-06    -2.674462e-06    -7.806079e-07    -3.751714e-06    -3.011308e-06    -4.482267e-07    2.934582e-06    1.485388e-06    -7.645079e-06    -2.385329e-06    7.302858e-06    -6.247371e-07    3.144661e-07    -3.376221e-06    -2.319327e-06    8.161169e-07    2.145143e-06
8.288001e-07    9.122618e-07    1.052044e-07    -1.111673e-06    -1.047269e-06    1.100052e-06    7.054075e-07    -4.417001e-07    -1.203128e-06    -9.026764e-07    -8.315344e-08    -2.349136e-06    -2.816206e-06    -1.066105e-06    2.930638e-06    6.371722e-07    -1.579401e-06    -4.950616e-06    -6.247371e-07    6.513323e-06    -6.589203e-08    -1.797462e-06    -8.792971e-07    4.46901e-07    9.404364e-07
1.483385e-06    -7.207438e-07    2.497325e-07    1.532872e-06    -2.127431e-06    7.765124e-07    -2.080189e-07    4.655693e-07    1.140414e-06    -1.381508e-06    5.127694e-08    -6.517505e-07    -6.169003e-07    4.920775e-07    5.844216e-08    8.754282e-07    1.779676e-08    -7.738616e-07    3.144661e-07    -6.589203e-08    7.237073e-06    -6.570187e-07    -6.570981e-06    -2.4095e-07    1.011372e-06
-5.257157e-06    -3.931406e-06    -2.357041e-06    1.676753e-07    9.184043e-06    -5.863339e-06    -5.675558e-06    -2.519925e-06    2.513274e-06    9.984332e-06    2.845055e-06    1.019435e-05    5.872471e-06    -7.152264e-07    -6.1791e-06    -3.695121e-06    6.885202e-06    5.093436e-06    -3.376221e-06    -1.797462e-06    -6.570187e-07    1.787854e-05    5.888056e-06    -8.092161e-06    -6.093986e-06
-4.888164e-06    -2.319733e-06    -3.128492e-06    -1.067685e-06    8.871461e-06    -4.171092e-06    -3.811624e-06    -2.626365e-06    6.682436e-07    7.275534e-06    1.945709e-06    7.708326e-06    4.712625e-06    -1.1105e-06    -3.884241e-06    -3.120743e-06    3.853024e-06    4.038962e-06    -2.319327e-06    -8.792971e-07    -6.570981e-06    5.888056e-06    1.463422e-05    -1.604699e-06    -7.426766e-06
1.905396e-06    8.37241e-08    -3.087537e-07    8.322953e-07    -1.967515e-06    1.983939e-06    1.002371e-06    5.359659e-07    2.660474e-07    -3.052156e-06    -5.91615e-07    -2.288263e-06    -1.161334e-06    5.599036e-07    1.209352e-06    1.427873e-06    -1.533601e-06    -1.64737e-06    8.161169e-07    4.46901e-07    -2.4095e-07    -8.092161e-06    -1.604699e-06    8.025108e-06    3.30577e-07
3.446401e-06    3.141014e-06    2.74757e-06    -4.270209e-07    -6.947669e-06    3.494694e-06    4.130171e-06    2.177831e-06    -1.995982e-06    -6.24629e-06    -2.084707e-06    -7.064768e-06    -4.160688e-06    3.945929e-07    4.065877e-06    2.080327e-06    -4.193094e-06    -3.007391e-06    2.145143e-06    9.404364e-07    1.011372e-06    -6.093986e-06    -7.426766e-06    3.30577e-07    7.432968e-06
