5.822814e-06    1.144062e-06    -3.347841e-07    5.3992e-07    -4.367985e-06    -8.445206e-07    -4.597568e-06    -3.407797e-06    2.927913e-08    2.917351e-06    -1.619405e-06    -3.591249e-06    -2.76378e-06    -3.866163e-07    5.09058e-06
1.144062e-06    6.940317e-06    2.053654e-06    -4.019397e-06    -2.213134e-06    -1.706765e-06    -4.471328e-06    -2.535129e-06    -7.888725e-07    3.128338e-06    -7.56082e-07    -3.294681e-06    -2.697659e-06    4.019944e-07    3.839189e-06
-3.347841e-07    2.053654e-06    6.090265e-06    2.954975e-07    -5.512376e-06    -8.456961e-07    -3.608695e-06    -1.798078e-06    6.760955e-07    1.158326e-06    -5.347997e-07    -1.46505e-06    -1.132721e-06    3.548186e-07    2.208041e-06
5.3992e-07    -4.019397e-06    2.954975e-07    7.617706e-06    -1.904709e-06    8.833448e-07    6.361723e-07    9.819947e-07    1.470218e-06    -1.777695e-06    3.674627e-07    1.802016e-06    1.248173e-06    -4.728093e-07    -1.535904e-06
-4.367985e-06    -2.213134e-06    -5.512376e-06    -1.904709e-06    1.682544e-05    2.341139e-06    1.022423e-05    6.301385e-06    -1.660814e-06    -5.232966e-06    2.471221e-06    6.818351e-06    5.035065e-06    -6.4972e-07    -8.714003e-06
-8.445206e-07    -1.706765e-06    -8.456961e-07    8.833448e-07    2.341139e-06    7.481787e-06    2.106806e-06    -3.077257e-06    -1.156732e-06    -1.265952e-06    5.169142e-07    2.272261e-06    1.993379e-06    1.146361e-07    -2.899835e-06
-4.597568e-06    -4.471328e-06    -3.608695e-06    6.361723e-07    1.022423e-05    2.106806e-06    1.494939e-05    6.508715e-06    -2.827156e-06    -5.976005e-06    2.055349e-06    8.699392e-06    6.980027e-06    -5.644749e-07    -1.00855e-05
-3.407797e-06    -2.535129e-06    -1.798078e-06    9.819947e-07    6.301385e-06    -3.077257e-06    6.508715e-06    1.065716e-05    1.27674e-06    -6.33017e-06    1.809273e-06    5.7606e-06    4.122542e-06    -2.876308e-07    -6.237027e-06
2.927913e-08    -7.888725e-07    6.760955e-07    1.470218e-06    -1.660814e-06    -1.156732e-06    -2.827156e-06    1.27674e-06    7.010674e-06    -2.997433e-06    8.871959e-07    1.118801e-07    -3.563746e-07    5.230161e-07    -7.664322e-07
2.917351e-06    3.128338e-06    1.158326e-06    -1.777695e-06    -5.232966e-06    -1.265952e-06    -5.976005e-06    -6.33017e-06    -2.997433e-06    1.015424e-05    -1.924871e-06    -6.486707e-06    -4.56315e-06    -2.272027e-07    7.04045e-06
-1.619405e-06    -7.56082e-07    -5.347997e-07    3.674627e-07    2.471221e-06    5.169142e-07    2.055349e-06    1.809273e-06    8.871959e-07    -1.924871e-06    6.40453e-06    1.805346e-06    -1.789783e-06    3.080078e-09    -3.085656e-06
-3.591249e-06    -3.294681e-06    -1.46505e-06    1.802016e-06    6.818351e-06    2.272261e-06    8.699392e-06    5.7606e-06    1.118801e-07    -6.486707e-06    1.805346e-06    1.318194e-05    6.971675e-06    -3.502478e-06    -9.198236e-06
-2.76378e-06    -2.697659e-06    -1.132721e-06    1.248173e-06    5.035065e-06    1.993379e-06    6.980027e-06    4.122542e-06    -3.563746e-07    -4.56315e-06    -1.789783e-06    6.971675e-06    1.050383e-05    -7.422984e-07    -9.049029e-06
-3.866163e-07    4.019944e-07    3.548186e-07    -4.728093e-07    -6.4972e-07    1.146361e-07    -5.644749e-07    -2.876308e-07    5.230161e-07    -2.272027e-07    3.080078e-09    -3.502478e-06    -7.422984e-07    5.972233e-06    -1.824118e-06
5.09058e-06    3.839189e-06    2.208041e-06    -1.535904e-06    -8.714003e-06    -2.899835e-06    -1.00855e-05    -6.237027e-06    -7.664322e-07    7.04045e-06    -3.085656e-06    -9.198236e-06    -9.049029e-06    -1.824118e-06    1.634509e-05
