5.822814e-06    1.144062e-06    -3.347841e-07    5.3992e-07    -4.367985e-06    -8.445206e-07    -4.597568e-06    -3.407797e-06    2.927913e-08    2.917351e-06    1.150634e-06    2.118998e-06    1.571365e-06    9.98172e-07    -3.318784e-06
1.144062e-06    6.940317e-06    2.053654e-06    -4.019397e-06    -2.213134e-06    -1.706765e-06    -4.471328e-06    -2.535129e-06    -7.888725e-07    3.128338e-06    -1.248056e-07    2.222572e-06    2.326881e-06    1.628711e-06    -3.429628e-06
-3.347841e-07    2.053654e-06    6.090265e-06    2.954975e-07    -5.512376e-06    -8.456961e-07    -3.608695e-06    -1.798078e-06    6.760955e-07    1.158326e-06    -6.84608e-07    1.58113e-06    1.881945e-06    9.415036e-07    -2.762152e-06
5.3992e-07    -4.019397e-06    2.954975e-07    7.617706e-06    -1.904709e-06    8.833448e-07    6.361723e-07    9.819947e-07    1.470218e-06    -1.777695e-06    2.358061e-08    -3.755744e-07    -1.827771e-07    -5.256205e-07    2.887437e-07
-4.367985e-06    -2.213134e-06    -5.512376e-06    -1.904709e-06    1.682544e-05    2.341139e-06    1.022423e-05    6.301385e-06    -1.660814e-06    -5.232966e-06    -5.019557e-07    -3.945824e-06    -3.211756e-06    -1.491081e-06    5.687084e-06
-8.445206e-07    -1.706765e-06    -8.456961e-07    8.833448e-07    2.341139e-06    7.481787e-06    2.106806e-06    -3.077257e-06    -1.156732e-06    -1.265952e-06    -4.877101e-07    -1.633811e-06    -1.47416e-06    -2.924421e-07    2.189673e-06
-4.597568e-06    -4.471328e-06    -3.608695e-06    6.361723e-07    1.022423e-05    2.106806e-06    1.494939e-05    6.508715e-06    -2.827156e-06    -5.976005e-06    -4.136323e-07    -4.420359e-06    -3.826689e-06    -2.474452e-06    5.951302e-06
-3.407797e-06    -2.535129e-06    -1.798078e-06    9.819947e-07    6.301385e-06    -3.077257e-06    6.508715e-06    1.065716e-05    1.27674e-06    -6.33017e-06    -4.694285e-07    -2.012417e-06    -1.50689e-06    -1.779015e-06    3.032156e-06
2.927913e-08    -7.888725e-07    6.760955e-07    1.470218e-06    -1.660814e-06    -1.156732e-06    -2.827156e-06    1.27674e-06    7.010674e-06    -2.997433e-06    -8.497678e-07    6.803288e-08    1.11701e-06    1.099102e-07    -3.612761e-07
2.917351e-06    3.128338e-06    1.158326e-06    -1.777695e-06    -5.232966e-06    -1.265952e-06    -5.976005e-06    -6.33017e-06    -2.997433e-06    1.015424e-05    1.330807e-06    2.448977e-06    1.592332e-06    1.427249e-06    -2.840276e-06
1.150634e-06    -1.248056e-07    -6.84608e-07    2.358061e-08    -5.019557e-07    -4.877101e-07    -4.136323e-07    -4.694285e-07    -8.497678e-07    1.330807e-06    6.582398e-06    1.037564e-06    -2.446976e-06    -3.224219e-07    -8.358538e-07
2.118998e-06    2.222572e-06    1.58113e-06    -3.755744e-07    -3.945824e-06    -1.633811e-06    -4.420359e-06    -2.012417e-06    6.803288e-08    2.448977e-06    1.037564e-06    7.037613e-06    1.691766e-06    -2.041662e-06    -2.820863e-06
1.571365e-06    2.326881e-06    1.881945e-06    -1.827771e-07    -3.211756e-06    -1.47416e-06    -3.826689e-06    -1.50689e-06    1.11701e-06    1.592332e-06    -2.446976e-06    1.691766e-06    6.470306e-06    1.44606e-06    -4.993714e-06
9.98172e-07    1.628711e-06    9.415036e-07    -5.256205e-07    -1.491081e-06    -2.924421e-07    -2.474452e-06    -1.779015e-06    1.099102e-07    1.427249e-06    -3.224219e-07    -2.041662e-06    1.44606e-06    6.593983e-06    -4.096146e-06
-3.318784e-06    -3.429628e-06    -2.762152e-06    2.887437e-07    5.687084e-06    2.189673e-06    5.951302e-06    3.032156e-06    -3.612761e-07    -2.840276e-06    -8.358538e-07    -2.820863e-06    -4.993714e-06    -4.096146e-06    1.26802e-05
