5.822814e-06    1.144062e-06    -3.347841e-07    5.3992e-07    -4.367985e-06    2.784749e-06    2.218919e-06    1.032775e-06    -1.051526e-06    -3.689749e-06    -8.445206e-07    -4.597568e-06    -3.407797e-06    2.927913e-08    2.917351e-06    3.349093e-06    -6.608496e-06    -3.454185e-06    3.823609e-06    1.587017e-06    1.483385e-06    -5.257157e-06    -4.888164e-06    1.905396e-06    3.446401e-06
1.144062e-06    6.940317e-06    2.053654e-06    -4.019397e-06    -2.213134e-06    2.336209e-06    3.146429e-06    9.342465e-07    -1.728713e-06    -2.779039e-06    -1.706765e-06    -4.471328e-06    -2.535129e-06    -7.888725e-07    3.128338e-06    3.29739e-06    -5.983911e-06    -4.956974e-06    4.945379e-06    1.300821e-06    -7.207438e-07    -3.931406e-06    -2.319733e-06    8.37241e-08    3.141014e-06
-3.347841e-07    2.053654e-06    6.090265e-06    2.954975e-07    -5.512376e-06    8.637058e-07    1.935885e-06    1.227727e-06    -6.468777e-07    -1.56742e-06    -8.456961e-07    -3.608695e-06    -1.798078e-06    6.760955e-07    1.158326e-06    1.537024e-06    -2.981627e-06    -2.599224e-06    3.463043e-06    4.401319e-07    2.497325e-07    -2.357041e-06    -3.128492e-06    -3.087537e-07    2.74757e-06
5.3992e-07    -4.019397e-06    2.954975e-07    7.617706e-06    -1.904709e-06    -7.462035e-07    -6.621544e-07    4.191916e-07    1.294289e-06    1.500334e-06    8.833448e-07    6.361723e-07    9.819947e-07    1.470218e-06    -1.777695e-06    -1.649758e-06    2.629823e-06    2.052157e-06    -1.339279e-06    -2.874789e-07    1.532872e-06    1.676753e-07    -1.067685e-06    8.322953e-07    -4.270209e-07
-4.367985e-06    -2.213134e-06    -5.512376e-06    -1.904709e-06    1.682544e-05    -3.97297e-06    -4.10241e-06    -1.837802e-06    3.445397e-06    9.036637e-06    2.341139e-06    1.022423e-05    6.301385e-06    -1.660814e-06    -5.232966e-06    -7.360449e-06    1.258022e-05    6.902461e-06    -7.637992e-06    -1.964851e-06    -2.127431e-06    9.184043e-06    8.871461e-06    -1.967515e-06    -6.947669e-06
2.784749e-06    2.336209e-06    8.637058e-07    -7.462035e-07    -3.97297e-06    6.002168e-06    2.499985e-06    -7.291535e-07    -1.204992e-06    -4.233417e-06    -1.280339e-06    -4.953798e-06    -3.221097e-06    -5.766388e-07    3.541626e-06    4.534435e-06    -8.391298e-06    -4.416332e-06    5.013408e-06    1.570516e-06    7.765124e-07    -5.863339e-06    -4.171092e-06    1.983939e-06    3.494694e-06
2.218919e-06    3.146429e-06    1.935885e-06    -6.621544e-07    -4.10241e-06    2.499985e-06    7.134593e-06    1.792764e-06    -4.538308e-06    -3.642903e-06    -1.909104e-06    -5.303597e-06    -2.349203e-06    3.631827e-07    2.939264e-06    3.98963e-06    -7.700359e-06    -4.878702e-06    5.323538e-06    1.790204e-06    -2.080189e-07    -5.675558e-06    -3.811624e-06    1.002371e-06    4.130171e-06
1.032775e-06    9.342465e-07    1.227727e-06    4.191916e-07    -1.837802e-06    -7.291535e-07    1.792764e-06    5.383775e-06    3.909532e-07    -4.562798e-06    -1.083607e-06    -1.824596e-06    -2.352206e-07    8.633195e-07    6.444932e-07    9.703923e-07    -2.089524e-06    -1.913303e-06    1.735988e-06    1.133468e-06    4.655693e-07    -2.519925e-06    -2.626365e-06    5.359659e-07    2.177831e-06
-1.051526e-06    -1.728713e-06    -6.468777e-07    1.294289e-06    3.445397e-06    -1.204992e-06    -4.538308e-06    3.909532e-07    7.847648e-06    2.826005e-07    1.018024e-06    3.771726e-06    2.342504e-06    3.075531e-08    -2.454093e-06    -3.105792e-06    5.408227e-06    3.072238e-06    -3.102395e-06    -5.543797e-07    1.140414e-06    2.513274e-06    6.682436e-07    2.660474e-07    -1.995982e-06
-3.689749e-06    -2.779039e-06    -1.56742e-06    1.500334e-06    9.036637e-06    -4.233417e-06    -3.642903e-06    -4.562798e-06    2.826005e-07    1.605163e-05    3.04616e-06    8.097673e-06    4.40883e-06    -1.312564e-06    -4.863687e-06    -8.164974e-06    1.260066e-05    7.678628e-06    -6.729119e-06    -2.771182e-06    -1.381508e-06    9.984332e-06    7.275534e-06    -3.052156e-06    -6.24629e-06
-8.445206e-07    -1.706765e-06    -8.456961e-07    8.833448e-07    2.341139e-06    -1.280339e-06    -1.909104e-06    -1.083607e-06    1.018024e-06    3.04616e-06    7.481787e-06    2.106806e-06    -3.077257e-06    -1.156732e-06    -1.265952e-06    -1.285618e-06    3.320308e-06    1.757296e-06    -1.40712e-06    -1.309554e-06    5.127694e-08    2.845055e-06    1.945709e-06    -5.91615e-07    -2.084707e-06
-4.597568e-06    -4.471328e-06    -3.608695e-06    6.361723e-07    1.022423e-05    -4.953798e-06    -5.303597e-06    -1.824596e-06    3.771726e-06    8.097673e-06    2.106806e-06    1.494939e-05    6.508715e-06    -2.827156e-06    -5.976005e-06    -9.755369e-06    1.602647e-05    1.008225e-05    -1.092707e-05    -2.571097e-06    -6.517505e-07    1.019435e-05    7.708326e-06    -2.288263e-06    -7.064768e-06
-3.407797e-06    -2.535129e-06    -1.798078e-06    9.819947e-07    6.301385e-06    -3.221097e-06    -2.349203e-06    -2.352206e-07    2.342504e-06    4.40883e-06    -3.077257e-06    6.508715e-06    1.065716e-05    1.27674e-06    -6.33017e-06    -6.875067e-06    1.072965e-05    7.549982e-06    -7.272813e-06    -1.488646e-06    -6.169003e-07    5.872471e-06    4.712625e-06    -1.161334e-06    -4.160688e-06
2.927913e-08    -7.888725e-07    6.760955e-07    1.470218e-06    -1.660814e-06    -5.766388e-07    3.631827e-07    8.633195e-07    3.075531e-08    -1.312564e-06    -1.156732e-06    -2.827156e-06    1.27674e-06    7.010674e-06    -2.997433e-06    7.850544e-07    1.502578e-06    1.617317e-08    -6.473632e-08    -3.955704e-07    4.920775e-07    -7.152264e-07    -1.1105e-06    5.599036e-07    3.945929e-07
2.917351e-06    3.128338e-06    1.158326e-06    -1.777695e-06    -5.232966e-06    3.541626e-06    2.939264e-06    6.444932e-07    -2.454093e-06    -4.863687e-06    -1.265952e-06    -5.976005e-06    -6.33017e-06    -2.997433e-06    1.015424e-05    6.276457e-06    -1.230539e-05    -6.944259e-06    7.048724e-06    2.098026e-06    5.844216e-08    -6.1791e-06    -3.884241e-06    1.209352e-06    4.065877e-06
3.349093e-06    3.29739e-06    1.537024e-06    -1.649758e-06    -7.360449e-06    4.534435e-06    3.98963e-06    9.703923e-07    -3.105792e-06    -8.164974e-06    -1.285618e-06    -9.755369e-06    -6.875067e-06    7.850544e-07    6.276457e-06    1.28318e-05    -1.343508e-05    -1.148941e-05    7.33996e-06    2.126045e-06    -8.778979e-08    -8.830509e-06    -5.038114e-06    2.540553e-06    5.212517e-06
-6.608496e-06    -5.983911e-06    -2.981627e-06    2.629823e-06    1.258022e-05    -8.391298e-06    -7.700359e-06    -2.089524e-06    5.408227e-06    1.260066e-05    3.320308e-06    1.602647e-05    1.072965e-05    1.502578e-06    -1.230539e-05    -1.343508e-05    3.78281e-05    3.641432e-06    -1.623158e-05    -3.169238e-06    -7.924952e-07    1.557665e-05    9.932704e-06    -4.112868e-06    -9.644371e-06
-3.454185e-06    -4.956974e-06    -2.599224e-06    2.052157e-06    6.902461e-06    -4.416332e-06    -4.878702e-06    -1.913303e-06    3.072238e-06    7.678628e-06    1.757296e-06    1.008225e-05    7.549982e-06    1.617317e-08    -6.944259e-06    -1.148941e-05    3.641432e-06    2.348911e-05    -9.899701e-06    -4.074325e-06    6.577376e-07    8.06841e-06    5.136667e-06    -1.370494e-06    -5.723108e-06
3.823609e-06    4.945379e-06    3.463043e-06    -1.339279e-06    -7.637992e-06    5.013408e-06    5.323538e-06    1.735988e-06    -3.102395e-06    -6.729119e-06    -1.40712e-06    -1.092707e-05    -7.272813e-06    -6.473632e-08    7.048724e-06    7.33996e-06    -1.623158e-05    -9.899701e-06    1.418406e-05    1.99351e-06    -1.034288e-07    -8.887736e-06    -6.49023e-06    1.119469e-06    6.67078e-06
1.587017e-06    1.300821e-06    4.401319e-07    -2.874789e-07    -1.964851e-06    1.570516e-06    1.790204e-06    1.133468e-06    -5.543797e-07    -2.771182e-06    -1.309554e-06    -2.571097e-06    -1.488646e-06    -3.955704e-07    2.098026e-06    2.126045e-06    -3.169238e-06    -4.074325e-06    1.99351e-06    2.511805e-06    3.868308e-07    -2.944029e-06    -2.316343e-06    1.053311e-06    1.906273e-06
1.483385e-06    -7.207438e-07    2.497325e-07    1.532872e-06    -2.127431e-06    7.765124e-07    -2.080189e-07    4.655693e-07    1.140414e-06    -1.381508e-06    5.127694e-08    -6.517505e-07    -6.169003e-07    4.920775e-07    5.844216e-08    -8.778979e-08    -7.924952e-07    6.577376e-07    -1.034288e-07    3.868308e-07    7.237073e-06    -6.570187e-07    -6.570981e-06    -2.4095e-07    1.011372e-06
-5.257157e-06    -3.931406e-06    -2.357041e-06    1.676753e-07    9.184043e-06    -5.863339e-06    -5.675558e-06    -2.519925e-06    2.513274e-06    9.984332e-06    2.845055e-06    1.019435e-05    5.872471e-06    -7.152264e-07    -6.1791e-06    -8.830509e-06    1.557665e-05    8.06841e-06    -8.887736e-06    -2.944029e-06    -6.570187e-07    1.787854e-05    5.888056e-06    -8.092161e-06    -6.093986e-06
-4.888164e-06    -2.319733e-06    -3.128492e-06    -1.067685e-06    8.871461e-06    -4.171092e-06    -3.811624e-06    -2.626365e-06    6.682436e-07    7.275534e-06    1.945709e-06    7.708326e-06    4.712625e-06    -1.1105e-06    -3.884241e-06    -5.038114e-06    9.932704e-06    5.136667e-06    -6.49023e-06    -2.316343e-06    -6.570981e-06    5.888056e-06    1.463422e-05    -1.604699e-06    -7.426766e-06
1.905396e-06    8.37241e-08    -3.087537e-07    8.322953e-07    -1.967515e-06    1.983939e-06    1.002371e-06    5.359659e-07    2.660474e-07    -3.052156e-06    -5.91615e-07    -2.288263e-06    -1.161334e-06    5.599036e-07    1.209352e-06    2.540553e-06    -4.112868e-06    -1.370494e-06    1.119469e-06    1.053311e-06    -2.4095e-07    -8.092161e-06    -1.604699e-06    8.025108e-06    3.30577e-07
3.446401e-06    3.141014e-06    2.74757e-06    -4.270209e-07    -6.947669e-06    3.494694e-06    4.130171e-06    2.177831e-06    -1.995982e-06    -6.24629e-06    -2.084707e-06    -7.064768e-06    -4.160688e-06    3.945929e-07    4.065877e-06    5.212517e-06    -9.644371e-06    -5.723108e-06    6.67078e-06    1.906273e-06    1.011372e-06    -6.093986e-06    -7.426766e-06    3.30577e-07    7.432968e-06
