5.822814e-06    1.144062e-06    -3.347841e-07    5.3992e-07    -4.367985e-06    2.784749e-06    2.218919e-06    1.032775e-06    -1.051526e-06    -3.689749e-06    -8.445206e-07    -4.597568e-06    -3.407797e-06    2.927913e-08    2.917351e-06    -1.988696e-07    1.217381e-06    -5.376649e-07    1.253218e-06    1.985815e-07    6.620389e-06    -6.556769e-07    -6.846072e-06    -9.956667e-08    -7.898444e-07    1.483385e-06    -5.257157e-06    -4.888164e-06    1.905396e-06    3.446401e-06    -4.668993e-07    1.83322e-06    2.069394e-06    -1.177078e-06    -2.933617e-06
1.144062e-06    6.940317e-06    2.053654e-06    -4.019397e-06    -2.213134e-06    2.336209e-06    3.146429e-06    9.342465e-07    -1.728713e-06    -2.779039e-06    -1.706765e-06    -4.471328e-06    -2.535129e-06    -7.888725e-07    3.128338e-06    -6.118209e-08    -3.575457e-07    -2.871209e-07    1.3351e-06    4.374203e-07    4.26146e-06    -1.206323e-07    -2.145511e-06    -2.267265e-06    -6.658112e-07    -7.207438e-07    -3.931406e-06    -2.319733e-06    8.37241e-08    3.141014e-06    1.232961e-06    1.118725e-06    6.100088e-07    -1.616778e-06    -1.926899e-06
-3.347841e-07    2.053654e-06    6.090265e-06    2.954975e-07    -5.512376e-06    8.637058e-07    1.935885e-06    1.227727e-06    -6.468777e-07    -1.56742e-06    -8.456961e-07    -3.608695e-06    -1.798078e-06    6.760955e-07    1.158326e-06    8.025421e-07    -9.170014e-07    -1.537005e-06    1.601306e-06    4.303922e-07    3.491488e-06    1.280806e-07    -9.104492e-07    -7.906949e-07    -1.703731e-06    2.497325e-07    -2.357041e-06    -3.128492e-06    -3.087537e-07    2.74757e-06    4.11088e-07    1.492643e-06    1.156638e-06    -1.292632e-06    -1.936726e-06
5.3992e-07    -4.019397e-06    2.954975e-07    7.617706e-06    -1.904709e-06    -7.462035e-07    -6.621544e-07    4.191916e-07    1.294289e-06    1.500334e-06    8.833448e-07    6.361723e-07    9.819947e-07    1.470218e-06    -1.777695e-06    1.285857e-06    -1.408583e-06    -1.177437e-06    4.033921e-07    -1.525822e-08    -9.1762e-07    5.065792e-07    2.077652e-06    8.53336e-07    -9.465185e-07    1.532872e-06    1.676753e-07    -1.067685e-06    8.322953e-07    -4.270209e-07    -7.097075e-07    3.229972e-08    -1.950957e-07    2.765126e-07    7.846128e-07
-4.367985e-06    -2.213134e-06    -5.512376e-06    -1.904709e-06    1.682544e-05    -3.97297e-06    -4.10241e-06    -1.837802e-06    3.445397e-06    9.036637e-06    2.341139e-06    1.022423e-05    6.301385e-06    -1.660814e-06    -5.232966e-06    -3.934667e-07    -1.850288e-06    2.075912e-06    -3.110673e-06    -4.739776e-07    -1.30825e-05    2.899289e-07    1.182356e-05    4.49932e-07    3.066043e-07    -2.127431e-06    9.184043e-06    8.871461e-06    -1.967515e-06    -6.947669e-06    3.783606e-07    -3.430921e-06    -4.356023e-06    1.666386e-06    6.210474e-06
2.784749e-06    2.336209e-06    8.637058e-07    -7.462035e-07    -3.97297e-06    6.002168e-06    2.499985e-06    -7.291535e-07    -1.204992e-06    -4.233417e-06    -1.280339e-06    -4.953798e-06    -3.221097e-06    -5.766388e-07    3.541626e-06    -3.495821e-07    1.537177e-06    -2.75223e-07    1.288261e-06    1.867654e-07    7.432461e-06    -1.994054e-07    -7.430926e-06    -1.228026e-06    -1.887441e-07    7.765124e-07    -5.863339e-06    -4.171092e-06    1.983939e-06    3.494694e-06    2.479062e-07    1.766046e-06    1.777099e-06    -1.310161e-06    -2.966004e-06
2.218919e-06    3.146429e-06    1.935885e-06    -6.621544e-07    -4.10241e-06    2.499985e-06    7.134593e-06    1.792764e-06    -4.538308e-06    -3.642903e-06    -1.909104e-06    -5.303597e-06    -2.349203e-06    3.631827e-07    2.939264e-06    2.018324e-07    2.726e-07    -6.518382e-07    1.411968e-06    4.154211e-07    5.54591e-06    9.883185e-07    -4.116627e-06    -1.448733e-06    -1.742286e-06    -2.080189e-07    -5.675558e-06    -3.811624e-06    1.002371e-06    4.130171e-06    5.778804e-07    1.875456e-06    1.564039e-06    -1.621133e-06    -2.893027e-06
1.032775e-06    9.342465e-07    1.227727e-06    4.191916e-07    -1.837802e-06    -7.291535e-07    1.792764e-06    5.383775e-06    3.909532e-07    -4.562798e-06    -1.083607e-06    -1.824596e-06    -2.352206e-07    8.633195e-07    6.444932e-07    7.095472e-07    -8.637079e-07    -9.030707e-07    6.354235e-07    3.794719e-07    9.937284e-07    1.323658e-06    7.725171e-08    -5.40342e-08    -2.044219e-06    4.655693e-07    -2.519925e-06    -2.626365e-06    5.359659e-07    2.177831e-06    1.107767e-07    5.841426e-07    5.967858e-07    -6.768599e-07    -1.056822e-06
-1.051526e-06    -1.728713e-06    -6.468777e-07    1.294289e-06    3.445397e-06    -1.204992e-06    -4.538308e-06    3.909532e-07    7.847648e-06    2.826005e-07    1.018024e-06    3.771726e-06    2.342504e-06    3.075531e-08    -2.454093e-06    9.752737e-07    -1.267185e-06    -8.658649e-07    -6.660566e-07    2.335008e-08    -4.001137e-06    3.974699e-07    4.27801e-06    8.909778e-07    -1.113351e-06    1.140414e-06    2.513274e-06    6.682436e-07    2.660474e-07    -1.995982e-06    -5.08853e-07    -9.948266e-07    -1.094827e-06    4.279654e-07    2.267668e-06
-3.689749e-06    -2.779039e-06    -1.56742e-06    1.500334e-06    9.036637e-06    -4.233417e-06    -3.642903e-06    -4.562798e-06    2.826005e-07    1.605163e-05    3.04616e-06    8.097673e-06    4.40883e-06    -1.312564e-06    -4.863687e-06    -1.524929e-07    -1.746867e-06    8.76154e-07    -2.261628e-06    -3.192572e-07    -1.155756e-05    -1.13363e-06    1.086004e-05    7.639993e-07    2.777257e-08    -1.381508e-06    9.984332e-06    7.275534e-06    -3.052156e-06    -6.24629e-06    -2.864695e-08    -2.505665e-06    -3.204349e-06    1.377975e-06    4.894336e-06
-8.445206e-07    -1.706765e-06    -8.456961e-07    8.833448e-07    2.341139e-06    -1.280339e-06    -1.909104e-06    -1.083607e-06    1.018024e-06    3.04616e-06    7.481787e-06    2.106806e-06    -3.077257e-06    -1.156732e-06    -1.265952e-06    2.464487e-07    -2.935308e-07    -7.338631e-08    -7.495988e-07    -1.249462e-07    -2.179001e-06    -8.877771e-07    2.244062e-06    2.514435e-07    4.715029e-07    5.127694e-08    2.845055e-06    1.945709e-06    -5.91615e-07    -2.084707e-06    -2.79458e-07    -6.226356e-07    -5.772586e-07    2.030248e-07    1.584096e-06
-4.597568e-06    -4.471328e-06    -3.608695e-06    6.361723e-07    1.022423e-05    -4.953798e-06    -5.303597e-06    -1.824596e-06    3.771726e-06    8.097673e-06    2.106806e-06    1.494939e-05    6.508715e-06    -2.827156e-06    -5.976005e-06    9.568703e-07    -2.518098e-06    -3.461307e-07    -2.769606e-06    -7.295953e-08    -1.426498e-05    1.883786e-06    1.341026e-05    1.484146e-06    -6.545061e-07    -6.517505e-07    1.019435e-05    7.708326e-06    -2.288263e-06    -7.064768e-06    -1.390945e-06    -3.683762e-06    -3.93056e-06    2.407905e-06    7.243588e-06
-3.407797e-06    -2.535129e-06    -1.798078e-06    9.819947e-07    6.301385e-06    -3.221097e-06    -2.349203e-06    -2.352206e-07    2.342504e-06    4.40883e-06    -3.077257e-06    6.508715e-06    1.065716e-05    1.27674e-06    -6.33017e-06    1.733882e-06    -2.982903e-06    -1.071408e-06    -1.217516e-06    8.958705e-08    -1.00117e-05    2.889272e-06    1.12307e-05    8.086423e-07    -1.842942e-06    -6.169003e-07    5.872471e-06    4.712625e-06    -1.161334e-06    -4.160688e-06    -1.071047e-06    -2.581779e-06    -2.497797e-06    1.988813e-06    4.993355e-06
2.927913e-08    -7.888725e-07    6.760955e-07    1.470218e-06    -1.660814e-06    -5.766388e-07    3.631827e-07    8.633195e-07    3.075531e-08    -1.312564e-06    -1.156732e-06    -2.827156e-06    1.27674e-06    7.010674e-06    -2.997433e-06    1.416097e-06    -1.586535e-06    -1.137006e-06    9.234452e-07    -5.126885e-08    7.95841e-07    3.297444e-07    1.691634e-06    1.619016e-06    -8.875584e-07    4.920775e-07    -7.152264e-07    -1.1105e-06    5.599036e-07    3.945929e-07    -7.402617e-07    5.525694e-07    3.21334e-07    1.974359e-08    2.586588e-07
2.917351e-06    3.128338e-06    1.158326e-06    -1.777695e-06    -5.232966e-06    3.541626e-06    2.939264e-06    6.444932e-07    -2.454093e-06    -4.863687e-06    -1.265952e-06    -5.976005e-06    -6.33017e-06    -2.997433e-06    1.015424e-05    -2.288136e-06    3.522542e-06    1.899704e-06    2.408188e-07    3.603099e-08    6.963992e-06    -1.112375e-06    -1.04897e-05    -1.566389e-06    2.857345e-06    5.844216e-08    -6.1791e-06    -3.884241e-06    1.209352e-06    4.065877e-06    1.829711e-06    1.828359e-06    1.825239e-06    -1.823053e-06    -4.77093e-06
-1.988696e-07    -6.118209e-08    8.025421e-07    1.285857e-06    -3.934667e-07    -3.495821e-07    2.018324e-07    7.095472e-07    9.752737e-07    -1.524929e-07    2.464487e-07    9.568703e-07    1.733882e-06    1.416097e-06    -2.288136e-06    3.147431e-06    -2.270696e-06    -2.616707e-06    5.260565e-07    1.832993e-07    -1.33758e-06    1.546327e-06    4.169561e-06    3.727951e-07    -2.110031e-06    1.259362e-07    3.174295e-07    -4.525259e-08    2.084943e-07    -1.650996e-07    -1.131448e-06    -4.301079e-07    8.361947e-08    5.972722e-07    1.464961e-06
1.217381e-06    -3.575457e-07    -9.170014e-07    -1.408583e-06    -1.850288e-06    1.537177e-06    2.726e-07    -8.637079e-07    -1.267185e-06    -1.746867e-06    -2.935308e-07    -2.518098e-06    -2.982903e-06    -1.586535e-06    3.522542e-06    -2.270696e-06    8.999813e-06    -1.52951e-06    -2.158703e-06    7.417984e-08    4.35473e-06    -1.165344e-06    -9.146473e-06    7.204967e-07    1.268383e-06    3.57773e-07    -2.711573e-06    -1.75752e-06    1.032108e-06    1.371093e-06    -2.033496e-07    1.366504e-06    2.215715e-06    -4.497084e-07    -3.054949e-06
-5.376649e-07    -2.871209e-07    -1.537005e-06    -1.177437e-06    2.075912e-06    -2.75223e-07    -6.518382e-07    -9.030707e-07    -8.658649e-07    8.76154e-07    -7.338631e-08    -3.461307e-07    -1.071408e-06    -1.137006e-06    1.899704e-06    -2.616707e-06    -1.52951e-06    6.475147e-06    -1.035103e-06    -8.321831e-07    4.885394e-08    -1.694866e-06    -2.508325e-06    -4.33187e-07    2.881591e-06    -7.830666e-07    3.628148e-07    1.540687e-06    -2.132297e-08    -7.184111e-07    1.180325e-06    -2.302314e-07    -4.45687e-07    8.534755e-08    -9.110639e-07
1.253218e-06    1.3351e-06    1.601306e-06    4.033921e-07    -3.110673e-06    1.288261e-06    1.411968e-06    6.354235e-07    -6.660566e-07    -2.261628e-06    -7.495988e-07    -2.769606e-06    -1.217516e-06    9.234452e-07    2.408188e-07    5.260565e-07    -2.158703e-06    -1.035103e-06    3.602277e-06    -7.012462e-08    4.228231e-06    -1.761267e-08    -1.736077e-06    -4.830777e-07    -7.327867e-07    2.415774e-07    -2.259724e-06    -2.295307e-06    -1.331137e-07    2.151385e-06    8.208397e-07    1.055915e-06    4.606324e-07    -6.463205e-07    -1.764431e-06
1.985815e-07    4.374203e-07    4.303922e-07    -1.525822e-08    -4.739776e-07    1.867654e-07    4.154211e-07    3.794719e-07    2.335008e-08    -3.192572e-07    -1.249462e-07    -7.295953e-08    8.958705e-08    -5.126885e-08    3.603099e-08    1.832993e-07    7.417984e-08    -8.321831e-07    -7.012462e-08    5.490899e-07    -1.783151e-07    3.98343e-07    5.345336e-07    -3.89096e-07    -4.894065e-07    1.994976e-07    -1.496473e-07    -4.496367e-07    -4.852188e-08    2.613969e-07    -6.801364e-08    -8.368661e-08    4.643949e-10    -1.814252e-07    -4.2345e-08
6.620389e-06    4.26146e-06    3.491488e-06    -9.1762e-07    -1.30825e-05    7.432461e-06    5.54591e-06    9.937284e-07    -4.001137e-06    -1.155756e-05    -2.179001e-06    -1.426498e-05    -1.00117e-05    7.95841e-07    6.963992e-06    -1.33758e-06    4.35473e-06    4.885394e-08    4.228231e-06    -1.783151e-07    3.447127e-05    -1.75381e-06    -2.926069e-05    -3.41665e-06    1.053693e-06    2.092615e-06    -1.374836e-05    -1.128836e-05    3.817006e-06    9.287652e-06    5.086391e-09    6.186458e-06    6.556562e-06    -3.30752e-06    -9.839203e-06
-6.556769e-07    -1.206323e-07    1.280806e-07    5.065792e-07    2.899289e-07    -1.994054e-07    9.883185e-07    1.323658e-06    3.974699e-07    -1.13363e-06    -8.877771e-07    1.883786e-06    2.889272e-06    3.297444e-07    -1.112375e-06    1.546327e-06    -1.165344e-06    -1.694866e-06    -1.761267e-08    3.98343e-07    -1.75381e-06    1.633123e-05    -2.068668e-06    -7.985345e-06    1.689296e-06    -9.293722e-07    3.386045e-07    6.931232e-07    -3.793826e-07    1.842309e-07    3.352984e-08    -1.153125e-06    -5.262953e-07    1.018953e-06    1.043283e-06
-6.846072e-06    -2.145511e-06    -9.104492e-07    2.077652e-06    1.182356e-05    -7.430926e-06    -4.116627e-06    7.725171e-08    4.27801e-06    1.086004e-05    2.244062e-06    1.341026e-05    1.12307e-05    1.691634e-06    -1.04897e-05    4.169561e-06    -9.146473e-06    -2.508325e-06    -1.736077e-06    5.345336e-07    -2.926069e-05    -2.068668e-06    4.014613e-05    2.628551e-06    -8.016042e-06    -2.156122e-06    1.3215e-05    1.054285e-05    -4.071063e-06    -8.48025e-06    -5.752443e-07    -5.028594e-06    -7.048326e-06    1.985404e-06    1.178185e-05
-9.956667e-08    -2.267265e-06    -7.906949e-07    8.53336e-07    4.49932e-07    -1.228026e-06    -1.448733e-06    -5.40342e-08    8.909778e-07    7.639993e-07    2.514435e-07    1.484146e-06    8.086423e-07    1.619016e-06    -1.566389e-06    3.727951e-07    7.204967e-07    -4.33187e-07    -4.830777e-07    -3.89096e-07    -3.41665e-06    -7.985345e-06    2.628551e-06    1.515576e-05    -6.47047e-06    9.858674e-07    2.537499e-07    -4.705746e-08    1.218314e-06    -1.005559e-06    -1.190777e-06    3.866016e-07    5.969367e-07    4.961805e-07    -1.346914e-07
-7.898444e-07    -6.658112e-07    -1.703731e-06    -9.465185e-07    3.066043e-07    -1.887441e-07    -1.742286e-06    -2.044219e-06    -1.113351e-06    2.777257e-08    4.715029e-07    -6.545061e-07    -1.842942e-06    -8.875584e-07    2.857345e-06    -2.110031e-06    1.268383e-06    2.881591e-06    -7.327867e-07    -4.894065e-07    1.053693e-06    1.689296e-06    -8.016042e-06    -6.47047e-06    1.560759e-05    -6.385984e-07    1.544511e-06    1.943303e-06    -9.846375e-07    -1.194506e-06    1.498076e-06    -1.548826e-06    -1.214109e-06    1.058997e-06    1.396884e-07
1.483385e-06    -7.207438e-07    2.497325e-07    1.532872e-06    -2.127431e-06    7.765124e-07    -2.080189e-07    4.655693e-07    1.140414e-06    -1.381508e-06    5.127694e-08    -6.517505e-07    -6.169003e-07    4.920775e-07    5.844216e-08    1.259362e-07    3.57773e-07    -7.830666e-07    2.415774e-07    1.994976e-07    2.092615e-06    -9.293722e-07    -2.156122e-06    9.858674e-07    -6.385984e-07    7.237073e-06    -6.570187e-07    -6.570981e-06    -2.4095e-07    1.011372e-06    -8.069163e-07    1.739599e-07    8.501348e-07    6.350414e-07    -1.160485e-06
-5.257157e-06    -3.931406e-06    -2.357041e-06    1.676753e-07    9.184043e-06    -5.863339e-06    -5.675558e-06    -2.519925e-06    2.513274e-06    9.984332e-06    2.845055e-06    1.019435e-05    5.872471e-06    -7.152264e-07    -6.1791e-06    3.174295e-07    -2.711573e-06    3.628148e-07    -2.259724e-06    -1.496473e-07    -1.374836e-05    3.386045e-07    1.3215e-05    2.537499e-07    1.544511e-06    -6.570187e-07    1.787854e-05    5.888056e-06    -8.092161e-06    -6.093986e-06    -6.416635e-07    -3.889971e-06    -4.091613e-06    1.898361e-06    7.213631e-06
-4.888164e-06    -2.319733e-06    -3.128492e-06    -1.067685e-06    8.871461e-06    -4.171092e-06    -3.811624e-06    -2.626365e-06    6.682436e-07    7.275534e-06    1.945709e-06    7.708326e-06    4.712625e-06    -1.1105e-06    -3.884241e-06    -4.525259e-08    -1.75752e-06    1.540687e-06    -2.295307e-06    -4.496367e-07    -1.128836e-05    6.931232e-07    1.054285e-05    -4.705746e-08    1.943303e-06    -6.570981e-06    5.888056e-06    1.463422e-05    -1.604699e-06    -7.426766e-06    2.486172e-07    -3.087657e-06    -3.962144e-06    1.154462e-06    6.336565e-06
1.905396e-06    8.37241e-08    -3.087537e-07    8.322953e-07    -1.967515e-06    1.983939e-06    1.002371e-06    5.359659e-07    2.660474e-07    -3.052156e-06    -5.91615e-07    -2.288263e-06    -1.161334e-06    5.599036e-07    1.209352e-06    2.084943e-07    1.032108e-06    -2.132297e-08    -1.331137e-07    -4.852188e-08    3.817006e-06    -3.793826e-07    -4.071063e-06    1.218314e-06    -9.846375e-07    -2.4095e-07    -8.092161e-06    -1.604699e-06    8.025108e-06    3.30577e-07    -3.697271e-07    7.95904e-07    1.106649e-06    8.427943e-08    -1.70009e-06
3.446401e-06    3.141014e-06    2.74757e-06    -4.270209e-07    -6.947669e-06    3.494694e-06    4.130171e-06    2.177831e-06    -1.995982e-06    -6.24629e-06    -2.084707e-06    -7.064768e-06    -4.160688e-06    3.945929e-07    4.065877e-06    -1.650996e-07    1.371093e-06    -7.184111e-07    2.151385e-06    2.613969e-07    9.287652e-06    1.842309e-07    -8.48025e-06    -1.005559e-06    -1.194506e-06    1.011372e-06    -6.093986e-06    -7.426766e-06    3.30577e-07    7.432968e-06    5.028508e-07    2.834733e-06    3.050083e-06    -1.652626e-06    -5.168902e-06
-4.668993e-07    1.232961e-06    4.11088e-07    -7.097075e-07    3.783606e-07    2.479062e-07    5.778804e-07    1.107767e-07    -5.08853e-07    -2.864695e-08    -2.79458e-07    -1.390945e-06    -1.071047e-06    -7.402617e-07    1.829711e-06    -1.131448e-06    -2.033496e-07    1.180325e-06    8.208397e-07    -6.801364e-08    5.086391e-09    3.352984e-08    -5.752443e-07    -1.190777e-06    1.498076e-06    -8.069163e-07    -6.416635e-07    2.486172e-07    -3.697271e-07    5.028508e-07    5.372935e-06    -1.048605e-06    -3.038114e-06    1.074588e-07    -8.356004e-07
1.83322e-06    1.118725e-06    1.492643e-06    3.229972e-08    -3.430921e-06    1.766046e-06    1.875456e-06    5.841426e-07    -9.948266e-07    -2.505665e-06    -6.226356e-07    -3.683762e-06    -2.581779e-06    5.525694e-07    1.828359e-06    -4.301079e-07    1.366504e-06    -2.302314e-07    1.055915e-06    -8.368661e-08    6.186458e-06    -1.153125e-06    -5.028594e-06    3.866016e-07    -1.548826e-06    1.739599e-07    -3.889971e-06    -3.087657e-06    7.95904e-07    2.834733e-06    -1.048605e-06    6.412761e-06    2.074921e-06    -4.802022e-06    -1.870294e-06
2.069394e-06    6.100088e-07    1.156638e-06    -1.950957e-07    -4.356023e-06    1.777099e-06    1.564039e-06    5.967858e-07    -1.094827e-06    -3.204349e-06    -5.772586e-07    -3.93056e-06    -2.497797e-06    3.21334e-07    1.825239e-06    8.361947e-08    2.215715e-06    -4.45687e-07    4.606324e-07    4.643949e-10    6.556562e-06    -5.262953e-07    -7.048326e-06    5.969367e-07    -1.214109e-06    8.501348e-07    -4.091613e-06    -3.962144e-06    1.106649e-06    3.050083e-06    -3.038114e-06    2.074921e-06    6.704207e-06    -6.723546e-07    -5.456442e-06
-1.177078e-06    -1.616778e-06    -1.292632e-06    2.765126e-07    1.666386e-06    -1.310161e-06    -1.621133e-06    -6.768599e-07    4.279654e-07    1.377975e-06    2.030248e-07    2.407905e-06    1.988813e-06    1.974359e-08    -1.823053e-06    5.972722e-07    -4.497084e-07    8.534755e-08    -6.463205e-07    -1.814252e-07    -3.30752e-06    1.018953e-06    1.985404e-06    4.961805e-07    1.058997e-06    6.350414e-07    1.898361e-06    1.154462e-06    8.427943e-08    -1.652626e-06    1.074588e-07    -4.802022e-06    -6.723546e-07    7.346948e-06    -1.715072e-06
-2.933617e-06    -1.926899e-06    -1.936726e-06    7.846128e-07    6.210474e-06    -2.966004e-06    -2.893027e-06    -1.056822e-06    2.267668e-06    4.894336e-06    1.584096e-06    7.243588e-06    4.993355e-06    2.586588e-07    -4.77093e-06    1.464961e-06    -3.054949e-06    -9.110639e-07    -1.764431e-06    -4.2345e-08    -9.839203e-06    1.043283e-06    1.178185e-05    -1.346914e-07    1.396884e-07    -1.160485e-06    7.213631e-06    6.336565e-06    -1.70009e-06    -5.168902e-06    -8.356004e-07    -1.870294e-06    -5.456442e-06    -1.715072e-06    1.090784e-05
