5.822814e-06    1.144062e-06    -3.347841e-07    5.3992e-07    -4.367985e-06    1.571536e-06    -2.644095e-06    -2.226635e-06    1.317104e-06    8.288001e-07
1.144062e-06    6.940317e-06    2.053654e-06    -4.019397e-06    -2.213134e-06    -1.994812e-07    -2.376258e-06    -7.210409e-07    1.080705e-06    9.122618e-07
-3.347841e-07    2.053654e-06    6.090265e-06    2.954975e-07    -5.512376e-06    3.681441e-08    -4.998022e-07    -4.41819e-07    4.216337e-07    1.052044e-07
5.3992e-07    -4.019397e-06    2.954975e-07    7.617706e-06    -1.904709e-06    -1.30718e-07    2.446137e-06    1.278051e-06    -1.052024e-06    -1.111673e-06
-4.367985e-06    -2.213134e-06    -5.512376e-06    -1.904709e-06    1.682544e-05    -2.609434e-06    5.485054e-06    3.826327e-06    -3.251647e-06    -1.047269e-06
1.571536e-06    -1.994812e-07    3.681441e-08    -1.30718e-07    -2.609434e-06    7.847485e-06    -2.629038e-06    -6.800047e-06    1.485388e-06    6.371722e-07
-2.644095e-06    -2.376258e-06    -4.998022e-07    2.446137e-06    5.485054e-06    -2.629038e-06    1.568834e-05    3.959506e-06    -7.645079e-06    -1.579401e-06
-2.226635e-06    -7.210409e-07    -4.41819e-07    1.278051e-06    3.826327e-06    -6.800047e-06    3.959506e-06    1.179055e-05    -2.385329e-06    -4.950616e-06
1.317104e-06    1.080705e-06    4.216337e-07    -1.052024e-06    -3.251647e-06    1.485388e-06    -7.645079e-06    -2.385329e-06    7.302858e-06    -6.247371e-07
8.288001e-07    9.122618e-07    1.052044e-07    -1.111673e-06    -1.047269e-06    6.371722e-07    -1.579401e-06    -4.950616e-06    -6.247371e-07    6.513323e-06
