5.172255e-06    2.427888e-07    -2.809872e-06    -2.827094e-07    2.905719e-07    -1.328756e-07    -7.071262e-08    -4.592376e-08    7.270737e-08    2.400064e-07    3.643904e-07    -3.986668e-07    -6.618855e-07    3.417128e-07    2.663697e-07    7.437434e-08    -5.506039e-09    1.21976e-08    -1.04087e-08    -5.051537e-08    2.514928e-07    -5.484215e-08    -1.153385e-07    1.277381e-07    -7.564023e-08    6.22716e-08    -3.283857e-08    1.621353e-08    1.758319e-07    -1.490206e-07    -3.956715e-08    7.146652e-08    2.711828e-08    -8.850756e-08    8.355308e-08
2.427888e-07    3.569178e-06    -4.04574e-07    -2.42069e-06    8.808811e-07    -1.195317e-07    -5.63339e-08    2.064305e-08    5.185557e-08    7.181799e-08    -4.277904e-07    -1.187774e-07    -3.977814e-08    -2.76012e-07    3.560607e-07    -5.997555e-08    -4.425757e-08    7.697552e-08    3.00015e-09    -7.141012e-08    -1.834564e-07    5.356368e-07    2.498686e-07    -3.769178e-07    -1.277192e-07    -2.28811e-07    2.998268e-07    2.786813e-07    -1.418779e-07    -9.178854e-08    -1.805846e-08    8.046489e-09    4.980443e-08    -1.161783e-08    1.468879e-08
-2.809872e-06    -4.04574e-07    3.938312e-06    4.107296e-07    -2.125435e-06    1.162161e-07    -3.904354e-08    -6.130299e-08    1.48422e-08    -8.608081e-08    -2.001076e-07    -6.604241e-08    -5.238408e-08    -4.157957e-07    3.374902e-07    -2.098728e-08    -1.414647e-08    3.619338e-08    4.160641e-08    2.149384e-08    -2.614967e-07    4.000537e-07    5.179034e-07    -2.837928e-07    -2.02319e-07    -6.569379e-08    2.523692e-07    2.065291e-07    -1.178563e-07    -9.048285e-08    -2.970938e-08    -5.671031e-08    -2.442965e-08    -5.087606e-09    3.032629e-08
-2.827094e-07    -2.42069e-06    4.107296e-07    5.054463e-06    -2.842432e-06    2.0308e-07    5.567239e-08    -7.75813e-08    -1.648634e-07    -4.786235e-08    3.980162e-07    -4.584399e-07    -5.077927e-07    2.573538e-07    1.96081e-07    -3.428865e-08    -6.014957e-09    1.371563e-08    8.815109e-08    2.397101e-08    3.162733e-07    -8.002817e-08    -1.72543e-09    3.226079e-07    -2.58281e-07    1.658841e-07    -1.854516e-08    1.543255e-08    1.285654e-07    -1.224429e-07    7.274403e-09    1.102677e-08    -3.825746e-08    -2.586111e-08    3.051402e-08
2.905719e-07    8.808811e-07    -2.125435e-06    -2.842432e-06    6.504933e-06    1.672594e-08    6.874421e-08    9.065036e-08    -5.260534e-08    -3.535181e-07    -4.390533e-08    5.804974e-07    6.229161e-07    -7.086475e-08    -5.889895e-07    -1.454301e-07    -9.0868e-08    -1.706553e-08    7.459968e-08    1.602147e-07    -3.974396e-08    -4.60703e-07    -2.952286e-07    1.483495e-07    3.310849e-07    -1.788743e-08    -2.633531e-07    -2.114797e-07    -6.750309e-08    1.786454e-07    6.861599e-08    6.490961e-08    1.718849e-08    5.202393e-08    -8.952986e-08
-1.328756e-07    -1.195317e-07    1.162161e-07    2.0308e-07    1.672594e-08    5.182159e-06    3.853866e-07    -2.464886e-06    -2.743596e-07    -9.928149e-08    5.674552e-08    1.215475e-08    -2.048119e-08    -4.035942e-08    -8.910587e-08    2.667516e-07    -6.242125e-07    -4.402122e-07    5.207956e-07    1.429148e-07    3.175896e-07    -2.383132e-08    -4.70939e-08    1.975537e-07    -2.345089e-07    1.452236e-07    1.062958e-08    -1.802539e-08    1.021808e-07    -6.929427e-08    1.5306e-07    8.906832e-09    -9.780706e-08    -1.293058e-08    5.812654e-08
-7.071262e-08    -5.63339e-08    -3.904354e-08    5.567239e-08    6.874421e-08    3.853866e-07    4.010525e-06    -3.291143e-07    -2.734395e-06    8.042172e-07    5.591104e-08    5.62557e-08    3.296767e-08    -3.389619e-08    -1.567599e-07    -3.41022e-07    -8.942565e-08    -1.217882e-07    -3.647699e-07    5.075824e-07    -3.842579e-07    3.38814e-07    6.392908e-07    -2.438147e-07    -2.878457e-07    -1.727741e-07    2.022647e-07    3.570791e-07    -1.365025e-07    -9.296903e-08    1.114263e-09    4.874875e-08    -6.897453e-08    -4.978705e-08    7.589947e-08
-4.592376e-08    2.064305e-08    -6.130299e-08    -7.75813e-08    9.065036e-08    -2.464886e-06    -3.291143e-07    3.647567e-06    1.099244e-07    -1.724072e-06    -2.500299e-08    1.001467e-07    -4.591796e-09    -7.030543e-08    1.11297e-07    -2.676931e-07    -3.353711e-08    -9.429736e-08    -4.072184e-07    4.709093e-07    -3.512851e-07    5.80629e-07    4.514206e-07    -4.522314e-07    -7.243569e-08    -1.761509e-07    2.648812e-07    2.592284e-07    -8.526991e-08    -1.629667e-07    -1.142016e-07    -5.783841e-08    8.134886e-08    1.875785e-08    -1.084192e-08
7.270737e-08    5.185557e-08    1.48422e-08    -1.648634e-07    -5.260534e-08    -2.743596e-07    -2.734395e-06    1.099244e-07    5.123746e-06    -2.446878e-06    -3.630349e-08    -2.058856e-08    -5.253333e-08    8.978286e-08    8.988558e-08    2.27735e-07    -5.86682e-07    -3.660868e-07    4.694487e-07    1.170904e-07    4.269583e-07    -1.982516e-08    -2.801073e-07    2.166039e-07    -1.290793e-07    1.775605e-07    6.341617e-08    -5.725336e-08    1.186995e-07    -1.598682e-07    2.187631e-09    8.045425e-09    1.186762e-08    -9.458259e-08    9.615147e-08
2.400064e-07    7.181799e-08    -8.608081e-08    -4.786235e-08    -3.535181e-07    -9.928149e-08    8.042172e-07    -1.724072e-06    -2.446878e-06    5.950417e-06    -1.468598e-07    -1.639111e-07    2.685797e-08    2.134174e-07    1.617511e-08    1.660239e-07    7.964426e-07    3.837232e-07    -2.288069e-07    -5.122339e-07    -1.100071e-08    -5.218238e-07    -3.273898e-07    1.10853e-07    3.007753e-07    7.599144e-08    -2.445882e-07    -3.20313e-07    -2.807546e-08    3.208593e-07    8.02697e-08    -1.290349e-07    2.09955e-08    1.961559e-07    -1.946721e-07
3.643904e-07    -4.277904e-07    -2.001076e-07    3.980162e-07    -4.390533e-08    5.674552e-08    5.591104e-08    -2.500299e-08    -3.630349e-08    -1.468598e-07    4.725822e-06    -2.000979e-07    -2.906086e-06    -4.483164e-07    1.731308e-07    -4.467649e-08    -2.734826e-08    6.902142e-08    6.857893e-08    -3.009029e-08    4.789754e-07    -2.401718e-07    -1.942518e-07    4.422129e-07    -2.31069e-07    5.414115e-07    -3.977277e-07    -3.535355e-07    4.894915e-07    -1.74054e-07    -1.132741e-07    -7.988891e-08    8.597603e-08    2.795754e-08    3.889732e-08
-3.986668e-07    -1.187774e-07    -6.604241e-08    -4.584399e-07    5.804974e-07    1.215475e-08    5.62557e-08    1.001467e-07    -2.058856e-08    -1.639111e-07    -2.000979e-07    3.915343e-06    -1.885232e-07    -2.538816e-06    3.615295e-07    1.010476e-07    6.373484e-08    -8.029741e-08    -1.128079e-07    5.455828e-08    -3.71214e-07    7.847762e-07    5.675607e-07    -5.002398e-07    -2.227966e-07    -2.966925e-07    -1.094312e-07    -8.343532e-08    -2.908946e-07    3.337799e-07    8.30651e-09    -2.548356e-08    -6.466145e-08    6.387026e-08    8.688758e-08
-6.618855e-07    -3.977814e-08    -5.238408e-08    -5.077927e-07    6.229161e-07    -2.048119e-08    3.296767e-08    -4.591796e-09    -5.253333e-08    2.685797e-08    -2.906086e-06    -1.885232e-07    4.379507e-06    3.138876e-09    -1.650605e-06    -6.733583e-10    2.888692e-08    -1.393534e-11    4.564239e-08    -2.596733e-08    -4.779122e-07    7.333569e-07    6.486255e-07    -4.590227e-07    -2.454933e-07    -2.811261e-07    -1.038279e-07    -1.984657e-07    -3.113226e-07    4.867606e-07    5.794406e-08    -3.641904e-08    -9.589795e-08    5.449001e-08    5.310463e-08
3.417128e-07    -2.76012e-07    -4.157957e-07    2.573538e-07    -7.086475e-08    -4.035942e-08    -3.389619e-08    -7.030543e-08    8.978286e-08    2.134174e-07    -4.483164e-07    -2.538816e-06    3.138876e-09    4.626585e-06    -1.536757e-06    -2.51944e-08    2.580524e-08    1.604798e-08    7.967762e-09    -6.419836e-08    2.535671e-07    -1.869557e-07    -1.418587e-08    3.992982e-07    -2.724228e-07    4.574187e-07    -4.395301e-07    -4.14591e-07    4.384289e-07    8.833816e-09    -2.992966e-08    -1.527241e-08    1.617244e-08    1.460625e-08    3.723275e-08
2.663697e-07    3.560607e-07    3.374902e-07    1.96081e-07    -5.889895e-07    -8.910587e-08    -1.567599e-07    1.11297e-07    8.988558e-08    1.617511e-08    1.731308e-07    3.615295e-07    -1.650605e-06    -1.536757e-06    3.862514e-06    9.210886e-08    -7.033332e-09    -3.418396e-08    -1.100362e-07    3.505567e-09    8.705036e-08    -5.342004e-07    -4.7615e-07    8.553806e-08    4.6582e-07    -1.671471e-07    5.125826e-07    4.847047e-07    -1.297208e-07    -3.525961e-07    1.454713e-08    6.297549e-08    5.655251e-08    -6.362476e-08    -1.480941e-07
7.437434e-08    -5.997555e-08    -2.098728e-08    -3.428865e-08    -1.454301e-07    2.667516e-07    -3.41022e-07    -2.676931e-07    2.27735e-07    1.660239e-07    -4.467649e-08    1.010476e-07    -6.733583e-10    -2.51944e-08    9.210886e-08    4.633149e-06    -2.226528e-08    -2.577992e-06    -5.526539e-07    -3.784037e-08    2.797478e-07    -1.890432e-07    -1.974341e-07    3.880471e-07    -1.863882e-07    4.355623e-07    -2.92045e-07    -4.277583e-07    4.093628e-07    -3.561226e-08    -4.422651e-08    -6.759097e-08    8.665058e-08    -4.291688e-09    -7.240748e-08
-5.506039e-09    -4.425757e-08    -1.414647e-08    -6.014957e-09    -9.0868e-08    -6.242125e-07    -8.942565e-08    -3.353711e-08    -5.86682e-07    7.964426e-07    -2.734826e-08    6.373484e-08    2.888692e-08    2.580524e-08    -7.033332e-09    -2.226528e-08    4.314035e-06    -1.467289e-07    -2.935138e-06    3.404764e-07    -3.644724e-07    6.001708e-07    4.539575e-07    -4.914338e-07    -7.851233e-08    -2.645716e-07    -6.280989e-08    -1.518906e-07    -3.717165e-07    4.605441e-07    -8.645105e-09    -3.202757e-09    -1.103003e-07    -2.617664e-09    1.591118e-07
1.21976e-08    7.697552e-08    3.619338e-08    1.371563e-08    -1.706553e-08    -4.402122e-07    -1.217882e-07    -9.429736e-08    -3.660868e-07    3.837232e-07    6.902142e-08    -8.029741e-08    -1.393534e-11    1.604798e-08    -3.418396e-08    -2.577992e-06    -1.467289e-07    3.894266e-06    -7.059169e-08    -1.365414e-06    -3.876304e-07    6.545571e-07    7.18087e-07    -3.693809e-07    -3.002134e-07    -2.23685e-07    -2.143566e-07    -1.091695e-07    -2.694039e-07    3.866626e-07    -9.532347e-10    2.564343e-08    -6.362784e-08    2.166702e-08    1.345874e-07
-1.04087e-08    3.00015e-09    4.160641e-08    8.815109e-08    7.459968e-08    5.207956e-07    -3.647699e-07    -4.072184e-07    4.694487e-07    -2.288069e-07    6.857893e-08    -1.128079e-07    4.564239e-08    7.967762e-09    -1.100362e-07    -5.526539e-07    -2.935138e-06    -7.059169e-08    4.830318e-06    -1.433847e-06    4.063994e-07    -1.408717e-07    -1.503263e-08    4.697136e-07    -3.459882e-07    4.961483e-07    -4.289631e-07    -4.104387e-07    5.088352e-07    -1.237144e-07    -2.502888e-08    -6.297353e-09    7.010587e-08    9.216893e-09    -6.356717e-09
-5.051537e-08    -7.141012e-08    2.149384e-08    2.397101e-08    1.602147e-07    1.429148e-07    5.075824e-07    4.709093e-07    1.170904e-07    -5.122339e-07    -3.009029e-08    5.455828e-08    -2.596733e-08    -6.419836e-08    3.505567e-09    -3.784037e-08    3.404764e-07    -1.365414e-06    -1.433847e-06    3.642288e-06    6.724368e-08    -4.781996e-07    -6.290633e-07    -1.337332e-08    4.877199e-07    -2.158069e-07    5.564476e-07    5.62881e-07    -1.4952e-07    -3.552172e-07    5.065704e-08    2.23287e-08    -6.714699e-09    -1.785378e-08    -9.955084e-08
2.514928e-07    -1.834564e-07    -2.614967e-07    3.162733e-07    -3.974396e-08    3.175896e-07    -3.842579e-07    -3.512851e-07    4.269583e-07    -1.100071e-08    4.789754e-07    -3.71214e-07    -4.779122e-07    2.535671e-07    8.705036e-08    2.797478e-07    -3.644724e-07    -3.876304e-07    4.063994e-07    6.724368e-08    1.097541e-05    1.100321e-06    -8.138657e-06    -3.203094e-07    6.647987e-08    4.903821e-07    -4.478387e-07    -3.68527e-07    4.183617e-07    -1.594302e-07    8.340231e-08    3.872644e-07    2.379982e-07    -2.343316e-07    -2.191416e-07
-5.484215e-08    5.356368e-07    4.000537e-07    -8.002817e-08    -4.60703e-07    -2.383132e-08    3.38814e-07    5.80629e-07    -1.982516e-08    -5.218238e-07    -2.401718e-07    7.847762e-07    7.333569e-07    -1.869557e-07    -5.342004e-07    -1.890432e-07    6.001708e-07    6.545571e-07    -1.408717e-07    -4.781996e-07    1.100321e-06    1.30728e-05    -3.444884e-06    -8.142735e-06    2.563034e-06    -5.479267e-07    3.991868e-09    2.794175e-08    -4.4522e-07    4.228179e-07    -1.244976e-07    -6.069016e-08    -1.238451e-07    1.280849e-07    3.435425e-07
-1.153385e-07    2.498686e-07    5.179034e-07    -1.72543e-09    -2.952286e-07    -4.70939e-08    6.392908e-07    4.514206e-07    -2.801073e-07    -3.273898e-07    -1.942518e-07    5.675607e-07    6.486255e-07    -1.418587e-08    -4.7615e-07    -1.974341e-07    4.539575e-07    7.18087e-07    -1.503263e-08    -6.290633e-07    -8.138657e-06    -3.444884e-06    1.306918e-05    9.975466e-07    -5.104382e-06    -3.752677e-07    3.81465e-08    -4.029039e-08    -4.441351e-07    5.181916e-07    4.42147e-09    -1.822857e-07    -1.941325e-07    9.046192e-08    2.276461e-07
1.277381e-07    -3.769178e-07    -2.837928e-07    3.226079e-07    1.483495e-07    1.975537e-07    -2.438147e-07    -4.522314e-07    2.166039e-07    1.10853e-07    4.422129e-07    -5.002398e-07    -4.590227e-07    3.992982e-07    8.553806e-08    3.880471e-07    -4.914338e-07    -3.693809e-07    4.697136e-07    -1.337332e-08    -3.203094e-07    -8.142735e-06    9.975466e-07    1.096325e-05    -3.878048e-06    6.555428e-07    -5.154154e-07    -4.662214e-07    5.474601e-07    -1.107711e-07    7.649278e-08    1.788998e-07    2.004902e-07    -3.722686e-08    -3.65848e-07
-7.564023e-08    -1.277192e-07    -2.02319e-07    -2.58281e-07    3.310849e-07    -2.345089e-07    -2.878457e-07    -7.243569e-08    -1.290793e-07    3.007753e-07    -2.31069e-07    -2.227966e-07    -2.454933e-07    -2.724228e-07    4.6582e-07    -1.863882e-07    -7.851233e-08    -3.002134e-07    -3.459882e-07    4.877199e-07    6.647987e-08    2.563034e-06    -5.104382e-06    -3.878048e-06    8.086519e-06    -2.284732e-07    4.865585e-07    4.674068e-07    7.355616e-09    -4.061201e-07    -7.317661e-08    -2.088266e-07    -1.172596e-07    7.052103e-08    9.812826e-08
6.22716e-08    -2.28811e-07    -6.569379e-08    1.658841e-07    -1.788743e-08    1.452236e-07    -1.727741e-07    -1.761509e-07    1.775605e-07    7.599144e-08    5.414115e-07    -2.966925e-07    -2.811261e-07    4.574187e-07    -1.671471e-07    4.355623e-07    -2.645716e-07    -2.23685e-07    4.961483e-07    -2.158069e-07    4.903821e-07    -5.479267e-07    -3.752677e-07    6.555428e-07    -2.284732e-07    4.450782e-06    -2.010048e-07    -3.128666e-06    3.419283e-07    2.703366e-08    2.479095e-07    -5.762254e-07    -6.022247e-08    8.499306e-07    -4.708406e-07
-3.283857e-08    2.998268e-07    2.523692e-07    -1.854516e-08    -2.633531e-07    1.062958e-08    2.022647e-07    2.648812e-07    6.341617e-08    -2.445882e-07    -3.977277e-07    -1.094312e-07    -1.038279e-07    -4.395301e-07    5.125826e-07    -2.92045e-07    -6.280989e-08    -2.143566e-07    -4.289631e-07    5.564476e-07    -4.478387e-07    3.991868e-09    3.81465e-08    -5.154154e-07    4.865585e-07    -2.010048e-07    5.097023e-06    -1.304585e-06    -3.029647e-06    9.681869e-07    -4.019437e-07    6.125798e-08    -1.963543e-07    -6.328813e-07    8.028744e-07
1.621353e-08    2.786813e-07    2.065291e-07    1.543255e-08    -2.114797e-07    -1.802539e-08    3.570791e-07    2.592284e-07    -5.725336e-08    -3.20313e-07    -3.535355e-07    -8.343532e-08    -1.984657e-07    -4.14591e-07    4.847047e-07    -4.277583e-07    -1.518906e-07    -1.091695e-07    -4.104387e-07    5.62881e-07    -3.68527e-07    2.794175e-08    -4.029039e-08    -4.662214e-07    4.674068e-07    -3.128666e-06    -1.304585e-06    5.264917e-06    -8.953145e-08    -1.682977e-06    -2.054369e-07    1.605173e-08    -3.954012e-07    -6.400887e-07    9.617131e-07
1.758319e-07    -1.418779e-07    -1.178563e-07    1.285654e-07    -6.750309e-08    1.021808e-07    -1.365025e-07    -8.526991e-08    1.186995e-07    -2.807546e-08    4.894915e-07    -2.908946e-07    -3.113226e-07    4.384289e-07    -1.297208e-07    4.093628e-07    -3.717165e-07    -2.694039e-07    5.088352e-07    -1.4952e-07    4.183617e-07    -4.4522e-07    -4.441351e-07    5.474601e-07    7.355616e-09    3.419283e-07    -3.029647e-06    -8.953145e-08    4.412261e-06    -1.565472e-06    3.709478e-07    -5.894263e-07    -1.316183e-07    8.540834e-07    -4.656536e-07
-1.490206e-07    -9.178854e-08    -9.048285e-08    -1.224429e-07    1.786454e-07    -6.929427e-08    -9.296903e-08    -1.629667e-07    -1.598682e-07    3.208593e-07    -1.74054e-07    3.337799e-07    4.867606e-07    8.833816e-09    -3.525961e-07    -3.561226e-08    4.605441e-07    3.866626e-07    -1.237144e-07    -3.552172e-07    -1.594302e-07    4.228179e-07    5.181916e-07    -1.107711e-07    -4.061201e-07    2.703366e-08    9.681869e-07    -1.682977e-06    -1.565472e-06    2.880845e-06    -7.677999e-08    5.8565e-07    4.525336e-07    -2.301628e-07    -4.489618e-07
-3.956715e-08    -1.805846e-08    -2.970938e-08    7.274403e-09    6.861599e-08    1.5306e-07    1.114263e-09    -1.142016e-07    2.187631e-09    8.02697e-08    -1.132741e-07    8.30651e-09    5.794406e-08    -2.992966e-08    1.454713e-08    -4.422651e-08    -8.645105e-09    -9.532347e-10    -2.502888e-08    5.065704e-08    8.340231e-08    -1.244976e-07    4.42147e-09    7.649278e-08    -7.317661e-08    2.479095e-07    -4.019437e-07    -2.054369e-07    3.709478e-07    -7.677999e-08    3.069153e-06    -5.261763e-07    -2.192146e-06    3.374953e-07    8.121976e-08
7.146652e-08    8.046489e-09    -5.671031e-08    1.102677e-08    6.490961e-08    8.906832e-09    4.874875e-08    -5.783841e-08    8.045425e-09    -1.290349e-07    -7.988891e-08    -2.548356e-08    -3.641904e-08    -1.527241e-08    6.297549e-08    -6.759097e-08    -3.202757e-09    2.564343e-08    -6.297353e-09    2.23287e-08    3.872644e-07    -6.069016e-08    -1.822857e-07    1.788998e-07    -2.088266e-07    -5.762254e-07    6.125798e-08    1.605173e-08    -5.894263e-07    5.8565e-07    -5.261763e-07    3.847413e-06    1.141822e-07    -3.192157e-06    8.326779e-07
2.711828e-08    4.980443e-08    -2.442965e-08    -3.825746e-08    1.718849e-08    -9.780706e-08    -6.897453e-08    8.134886e-08    1.186762e-08    2.09955e-08    8.597603e-08    -6.466145e-08    -9.589795e-08    1.617244e-08    5.655251e-08    8.665058e-08    -1.103003e-07    -6.362784e-08    7.010587e-08    -6.714699e-09    2.379982e-07    -1.238451e-07    -1.941325e-07    2.004902e-07    -1.172596e-07    -6.022247e-08    -1.963543e-07    -3.954012e-07    -1.316183e-07    4.525336e-07    -2.192146e-06    1.141822e-07    3.763799e-06    3.70122e-09    -1.990408e-06
-8.850756e-08    -1.161783e-08    -5.087606e-09    -2.586111e-08    5.202393e-08    -1.293058e-08    -4.978705e-08    1.875785e-08    -9.458259e-08    1.961559e-07    2.795754e-08    6.387026e-08    5.449001e-08    1.460625e-08    -6.362476e-08    -4.291688e-09    -2.617664e-09    2.166702e-08    9.216893e-09    -1.785378e-08    -2.343316e-07    1.280849e-07    9.046192e-08    -3.722686e-08    7.052103e-08    8.499306e-07    -6.328813e-07    -6.400887e-07    8.540834e-07    -2.301628e-07    3.374953e-07    -3.192157e-06    3.70122e-09    5.55885e-06    -2.989057e-06
8.355308e-08    1.468879e-08    3.032629e-08    3.051402e-08    -8.952986e-08    5.812654e-08    7.589947e-08    -1.084192e-08    9.615147e-08    -1.946721e-07    3.889732e-08    8.688758e-08    5.310463e-08    3.723275e-08    -1.480941e-07    -7.240748e-08    1.591118e-07    1.345874e-07    -6.356717e-09    -9.955084e-08    -2.191416e-07    3.435425e-07    2.276461e-07    -3.65848e-07    9.812826e-08    -4.708406e-07    8.028744e-07    9.617131e-07    -4.656536e-07    -4.489618e-07    8.121976e-08    8.326779e-07    -1.990408e-06    -2.989057e-06    4.455677e-06
