8.56438e-06    1.656935e-06    -3.73977e-06    5.371598e-07    -1.851676e-06    8.580595e-07    1.729407e-06    1.137775e-06    2.783261e-07    -2.115449e-06    1.268098e-06    -2.016714e-06    -3.545351e-06    -9.366189e-07    1.515786e-06    -1.1283e-06    -2.206134e-06    -1.765771e-06    -8.673982e-07    3.994276e-06    1.967164e-06    -1.399051e-06    -1.871454e-06    8.443475e-07    -2.106757e-07
1.656935e-06    7.710914e-06    1.915862e-06    -2.814275e-06    -1.363248e-06    -1.395058e-07    2.836613e-06    2.564343e-06    9.923847e-07    -3.839685e-06    -6.106852e-07    -3.482954e-06    -4.472234e-06    -1.284907e-06    3.539548e-06    -1.072805e-06    -3.525608e-06    -2.740785e-06    -6.953641e-08    4.926347e-06    6.656317e-07    -2.870152e-06    -1.307499e-06    1.397132e-06    3.279701e-07
-3.73977e-06    1.915862e-06    8.080443e-06    6.411805e-07    -4.812911e-06    -5.172671e-07    1.641039e-06    1.875231e-06    1.649648e-06    -2.537654e-06    -1.073223e-06    -2.946969e-06    -3.268914e-06    -5.03609e-07    3.425219e-06    -5.05562e-07    -2.445497e-06    -1.85595e-06    9.507726e-07    2.336857e-06    -9.525753e-07    -1.666662e-06    -8.705361e-08    7.949339e-07    9.671399e-07
5.371598e-07    -2.814275e-06    6.411805e-07    7.31455e-06    -5.379579e-06    5.240194e-07    1.97802e-07    5.13681e-07    5.173608e-07    -1.666889e-06    9.785535e-07    -1.07737e-06    -1.542032e-06    -2.168535e-07    8.438092e-07    -4.475191e-07    -6.059497e-07    -5.762263e-07    7.179734e-08    6.997413e-07    2.336823e-07    5.324728e-07    -9.507971e-08    -1.276905e-07    3.099771e-07
-1.851676e-06    -1.363248e-06    -4.812911e-06    -5.379579e-06    1.304621e-05    -1.296483e-07    -2.516145e-06    -3.261733e-06    -2.154308e-06    4.55609e-06    -8.235275e-07    3.803943e-06    5.266083e-06    8.984314e-07    -3.165443e-06    1.130573e-06    3.495543e-06    3.32045e-06    -2.879754e-07    -4.775791e-06    -5.694934e-07    7.30683e-07    1.133581e-06    -6.578873e-07    -9.055328e-07
8.580595e-07    -1.395058e-07    -5.172671e-07    5.240194e-07    -1.296483e-07    6.582398e-06    1.037564e-06    -2.446976e-06    -3.224219e-07    -8.358538e-07    -1.533844e-07    -2.564435e-07    -6.553735e-07    -1.119717e-06    1.045931e-06    -5.79111e-07    -1.878093e-06    -1.341656e-06    -4.525454e-08    2.11391e-06    9.990798e-07    -1.227417e-06    -7.330688e-07    7.168063e-07    -1.627056e-07
1.729407e-06    2.836613e-06    1.641039e-06    1.97802e-07    -2.516145e-06    1.037564e-06    7.037613e-06    1.691766e-06    -2.041662e-06    -2.820863e-06    -1.549831e-07    -2.909264e-06    -3.718939e-06    -1.083083e-06    2.767963e-06    -1.402928e-06    -3.302604e-06    -2.832209e-06    -4.916302e-07    5.22088e-06    6.985208e-07    -2.290186e-06    -9.807634e-07    1.027228e-06    1.216215e-07
1.137775e-06    2.564343e-06    1.875231e-06    5.13681e-07    -3.261733e-06    -2.446976e-06    1.691766e-06    6.470306e-06    1.44606e-06    -4.993714e-06    1.977573e-07    -2.199524e-06    -3.218026e-06    -5.298504e-07    1.96817e-06    -9.37446e-07    -3.075269e-06    -2.837026e-06    -1.885593e-07    4.24162e-06    7.895658e-07    -7.674704e-07    -1.134664e-06    2.242607e-07    4.393143e-07
2.783261e-07    9.923847e-07    1.649648e-06    5.173608e-07    -2.154308e-06    -3.224219e-07    -2.041662e-06    1.44606e-06    6.593983e-06    -4.096146e-06    -8.280764e-08    -1.73437e-06    -2.361131e-06    -2.05657e-07    1.786921e-06    2.893107e-08    -2.929246e-06    -2.522031e-06    8.857182e-07    2.428154e-06    8.037824e-07    -1.498339e-06    -1.353623e-06    8.003465e-07    7.507207e-07
-2.115449e-06    -3.839685e-06    -2.537654e-06    -1.666889e-06    4.55609e-06    -8.358538e-07    -2.820863e-06    -4.993714e-06    -4.096146e-06    1.26802e-05    -3.503512e-07    3.731619e-06    5.301853e-06    1.937064e-06    -3.68274e-06    1.487256e-06    5.31682e-06    4.615481e-06    -2.687903e-07    -7.13067e-06    -1.584841e-06    2.645273e-06    1.92536e-06    -1.580322e-06    -6.221131e-07
1.268098e-06    -6.106852e-07    -1.073223e-06    9.785535e-07    -8.235275e-07    -1.533844e-07    -1.549831e-07    1.977573e-07    -8.280764e-08    -3.503512e-07    5.827196e-06    -1.955213e-08    -3.154162e-06    -4.402428e-07    -7.192624e-07    8.048214e-08    1.293159e-07    -4.260249e-08    -1.203722e-08    2.617042e-08    7.747456e-07    6.742933e-07    -4.235684e-07    -5.984909e-08    -2.877464e-07
-2.016714e-06    -3.482954e-06    -2.946969e-06    -1.07737e-06    3.803943e-06    -2.564435e-07    -2.909264e-06    -2.199524e-06    -1.73437e-06    3.731619e-06    -1.955213e-08    9.738602e-06    6.803159e-06    -1.049526e-06    -5.626806e-06    1.524282e-06    6.266211e-06    4.764146e-06    -5.888949e-07    -6.679432e-06    -1.767661e-06    6.581462e-06    4.01878e-06    -3.083778e-06    -2.259235e-06
-3.545351e-06    -4.472234e-06    -3.268914e-06    -1.542032e-06    5.266083e-06    -6.553735e-07    -3.718939e-06    -3.218026e-06    -2.361131e-06    5.301853e-06    -3.154162e-06    6.803159e-06    1.369764e-05    2.365745e-06    -8.996157e-06    2.235976e-06    8.12956e-06    6.294548e-06    -2.283009e-07    -9.633526e-06    -2.931082e-06    8.036044e-06    5.634203e-06    -3.676438e-06    -2.6955e-06
-9.366189e-07    -1.284907e-06    -5.03609e-07    -2.168535e-07    8.984314e-07    -1.119717e-06    -1.083083e-06    -5.298504e-07    -2.05657e-07    1.937064e-06    -4.402428e-07    -1.049526e-06    2.365745e-06    6.526551e-06    -3.922509e-06    1.480685e-06    2.236677e-06    1.522452e-06    6.831595e-07    -3.649017e-06    -1.151622e-06    2.479351e-06    2.03634e-06    -1.009899e-06    -9.70527e-07
1.515786e-06    3.539548e-06    3.425219e-06    8.438092e-07    -3.165443e-06    1.045931e-06    2.767963e-06    1.96817e-06    1.786921e-06    -3.68274e-06    -7.192624e-07    -5.626806e-06    -8.996157e-06    -3.922509e-06    1.153112e-05    -2.153208e-06    -6.974946e-06    -4.990406e-06    -4.443566e-09    7.665486e-06    1.56141e-06    -7.881477e-06    -4.462868e-06    3.269778e-06    2.951393e-06
-1.1283e-06    -1.072805e-06    -5.05562e-07    -4.475191e-07    1.130573e-06    -5.79111e-07    -1.402928e-06    -9.37446e-07    2.893107e-08    1.487256e-06    8.048214e-08    1.524282e-06    2.235976e-06    1.480685e-06    -2.153208e-06    6.40453e-06    1.805346e-06    -1.789783e-06    3.080078e-09    -3.085656e-06    -4.909688e-07    1.899976e-06    1.395126e-06    -7.851189e-07    -7.880762e-07
-2.206134e-06    -3.525608e-06    -2.445497e-06    -6.059497e-07    3.495543e-06    -1.878093e-06    -3.302604e-06    -3.075269e-06    -2.929246e-06    5.31682e-06    1.293159e-07    6.266211e-06    8.12956e-06    2.236677e-06    -6.974946e-06    1.805346e-06    1.318194e-05    6.971675e-06    -3.502478e-06    -9.198236e-06    -3.77802e-06    8.105785e-06    6.254768e-06    -3.562118e-06    -2.86172e-06
-1.765771e-06    -2.740785e-06    -1.85595e-06    -5.762263e-07    3.32045e-06    -1.341656e-06    -2.832209e-06    -2.837026e-06    -2.522031e-06    4.615481e-06    -4.260249e-08    4.764146e-06    6.294548e-06    1.522452e-06    -4.990406e-06    -1.789783e-06    6.971675e-06    1.050383e-05    -7.422984e-07    -9.049029e-06    -3.197122e-06    6.081361e-06    5.040086e-06    -2.630967e-06    -2.287448e-06
-8.673982e-07    -6.953641e-08    9.507726e-07    7.179734e-08    -2.879754e-07    -4.525454e-08    -4.916302e-07    -1.885593e-07    8.857182e-07    -2.687903e-07    -1.203722e-08    -5.888949e-07    -2.283009e-07    6.831595e-07    -4.443566e-09    3.080078e-09    -3.502478e-06    -7.422984e-07    5.972233e-06    -1.824118e-06    2.08661e-07    -1.931143e-07    -2.07931e-07    3.693437e-07    1.475217e-07
3.994276e-06    4.926347e-06    2.336857e-06    6.997413e-07    -4.775791e-06    2.11391e-06    5.22088e-06    4.24162e-06    2.428154e-06    -7.13067e-06    2.617042e-08    -6.679432e-06    -9.633526e-06    -3.649017e-06    7.665486e-06    -3.085656e-06    -9.198236e-06    -9.049029e-06    -1.824118e-06    1.634509e-05    4.219118e-06    -8.868738e-06    -7.098732e-06    4.018199e-06    2.928406e-06
1.967164e-06    6.656317e-07    -9.525753e-07    2.336823e-07    -5.694934e-07    9.990798e-07    6.985208e-07    7.895658e-07    8.037824e-07    -1.584841e-06    7.747456e-07    -1.767661e-06    -2.931082e-06    -1.151622e-06    1.56141e-06    -4.909688e-07    -3.77802e-06    -3.197122e-06    2.08661e-07    4.219118e-06    7.847485e-06    -2.629038e-06    -6.800047e-06    1.485388e-06    6.371722e-07
-1.399051e-06    -2.870152e-06    -1.666662e-06    5.324728e-07    7.30683e-07    -1.227417e-06    -2.290186e-06    -7.674704e-07    -1.498339e-06    2.645273e-06    6.742933e-07    6.581462e-06    8.036044e-06    2.479351e-06    -7.881477e-06    1.899976e-06    8.105785e-06    6.081361e-06    -1.931143e-07    -8.868738e-06    -2.629038e-06    1.568834e-05    3.959506e-06    -7.645079e-06    -1.579401e-06
-1.871454e-06    -1.307499e-06    -8.705361e-08    -9.507971e-08    1.133581e-06    -7.330688e-07    -9.807634e-07    -1.134664e-06    -1.353623e-06    1.92536e-06    -4.235684e-07    4.01878e-06    5.634203e-06    2.03634e-06    -4.462868e-06    1.395126e-06    6.254768e-06    5.040086e-06    -2.07931e-07    -7.098732e-06    -6.800047e-06    3.959506e-06    1.179055e-05    -2.385329e-06    -4.950616e-06
8.443475e-07    1.397132e-06    7.949339e-07    -1.276905e-07    -6.578873e-07    7.168063e-07    1.027228e-06    2.242607e-07    8.003465e-07    -1.580322e-06    -5.984909e-08    -3.083778e-06    -3.676438e-06    -1.009899e-06    3.269778e-06    -7.851189e-07    -3.562118e-06    -2.630967e-06    3.693437e-07    4.018199e-06    1.485388e-06    -7.645079e-06    -2.385329e-06    7.302858e-06    -6.247371e-07
-2.106757e-07    3.279701e-07    9.671399e-07    3.099771e-07    -9.055328e-07    -1.627056e-07    1.216215e-07    4.393143e-07    7.507207e-07    -6.221131e-07    -2.877464e-07    -2.259235e-06    -2.6955e-06    -9.70527e-07    2.951393e-06    -7.880762e-07    -2.86172e-06    -2.287448e-06    1.475217e-07    2.928406e-06    6.371722e-07    -1.579401e-06    -4.950616e-06    -6.247371e-07    6.513323e-06
