8.56438e-06    1.656935e-06    -3.73977e-06    5.371598e-07    -1.851676e-06    8.580595e-07    1.729407e-06    1.137775e-06    2.783261e-07    -2.115449e-06    -1.1283e-06    -2.206134e-06    -1.765771e-06    -8.673982e-07    3.994276e-06    -3.028617e-07    1.315423e-06    2.253193e-06    -1.226449e-08    -2.114849e-06
1.656935e-06    7.710914e-06    1.915862e-06    -2.814275e-06    -1.363248e-06    -1.395058e-07    2.836613e-06    2.564343e-06    9.923847e-07    -3.839685e-06    -1.072805e-06    -3.525608e-06    -2.740785e-06    -6.953641e-08    4.926347e-06    -5.04233e-07    4.146086e-06    2.501139e-06    -1.667501e-06    -1.472599e-06
-3.73977e-06    1.915862e-06    8.080443e-06    6.411805e-07    -4.812911e-06    -5.172671e-07    1.641039e-06    1.875231e-06    1.649648e-06    -2.537654e-06    -5.05562e-07    -2.445497e-06    -1.85595e-06    9.507726e-07    2.336857e-06    -6.443165e-07    3.572003e-06    1.95162e-06    -1.600296e-06    -9.815231e-07
5.371598e-07    -2.814275e-06    6.411805e-07    7.31455e-06    -5.379579e-06    5.240194e-07    1.97802e-07    5.13681e-07    5.173608e-07    -1.666889e-06    -4.475191e-07    -6.059497e-07    -5.762263e-07    7.179734e-08    6.997413e-07    2.213492e-07    2.36617e-07    9.127593e-07    7.087432e-07    -1.585564e-06
-1.851676e-06    -1.363248e-06    -4.812911e-06    -5.379579e-06    1.304621e-05    -1.296483e-07    -2.516145e-06    -3.261733e-06    -2.154308e-06    4.55609e-06    1.130573e-06    3.495543e-06    3.32045e-06    -2.879754e-07    -4.775791e-06    8.999559e-07    -3.642727e-06    -3.941057e-06    6.20602e-07    3.376258e-06
8.580595e-07    -1.395058e-07    -5.172671e-07    5.240194e-07    -1.296483e-07    6.582398e-06    1.037564e-06    -2.446976e-06    -3.224219e-07    -8.358538e-07    -5.79111e-07    -1.878093e-06    -1.341656e-06    -4.525454e-08    2.11391e-06    -5.233775e-07    5.915885e-07    1.59366e-06    9.304182e-08    -1.030706e-06
1.729407e-06    2.836613e-06    1.641039e-06    1.97802e-07    -2.516145e-06    1.037564e-06    7.037613e-06    1.691766e-06    -2.041662e-06    -2.820863e-06    -1.402928e-06    -3.302604e-06    -2.832209e-06    -4.916302e-07    5.22088e-06    -8.303225e-07    3.513852e-06    2.969066e-06    -1.452624e-06    -1.702254e-06
1.137775e-06    2.564343e-06    1.875231e-06    5.13681e-07    -3.261733e-06    -2.446976e-06    1.691766e-06    6.470306e-06    1.44606e-06    -4.993714e-06    -9.37446e-07    -3.075269e-06    -2.837026e-06    -1.885593e-07    4.24162e-06    -9.146068e-07    3.026293e-06    2.837679e-06    -1.082281e-06    -1.76508e-06
2.783261e-07    9.923847e-07    1.649648e-06    5.173608e-07    -2.154308e-06    -3.224219e-07    -2.041662e-06    1.44606e-06    6.593983e-06    -4.096146e-06    2.893107e-08    -2.929246e-06    -2.522031e-06    8.857182e-07    2.428154e-06    -6.000387e-07    1.990198e-06    2.030828e-06    -5.480062e-07    -1.342844e-06
-2.115449e-06    -3.839685e-06    -2.537654e-06    -1.666889e-06    4.55609e-06    -8.358538e-07    -2.820863e-06    -4.993714e-06    -4.096146e-06    1.26802e-05    1.487256e-06    5.31682e-06    4.615481e-06    -2.687903e-07    -7.13067e-06    9.031442e-07    -4.740979e-06    -4.195961e-06    1.321484e-06    3.107328e-06
-1.1283e-06    -1.072805e-06    -5.05562e-07    -4.475191e-07    1.130573e-06    -5.79111e-07    -1.402928e-06    -9.37446e-07    2.893107e-08    1.487256e-06    6.40453e-06    1.805346e-06    -1.789783e-06    3.080078e-09    -3.085656e-06    8.016299e-07    -1.931785e-06    -2.163539e-06    6.514408e-07    1.530271e-06
-2.206134e-06    -3.525608e-06    -2.445497e-06    -6.059497e-07    3.495543e-06    -1.878093e-06    -3.302604e-06    -3.075269e-06    -2.929246e-06    5.31682e-06    1.805346e-06    1.318194e-05    6.971675e-06    -3.502478e-06    -9.198236e-06    1.801574e-06    -6.702198e-06    -6.896276e-06    1.85715e-06    4.378182e-06
-1.765771e-06    -2.740785e-06    -1.85595e-06    -5.762263e-07    3.32045e-06    -1.341656e-06    -2.832209e-06    -2.837026e-06    -2.522031e-06    4.615481e-06    -1.789783e-06    6.971675e-06    1.050383e-05    -7.422984e-07    -9.049029e-06    1.766242e-06    -5.501545e-06    -5.924274e-06    1.567498e-06    3.507283e-06
-8.673982e-07    -6.953641e-08    9.507726e-07    7.179734e-08    -2.879754e-07    -4.525454e-08    -4.916302e-07    -1.885593e-07    8.857182e-07    -2.687903e-07    3.080078e-09    -3.502478e-06    -7.422984e-07    5.972233e-06    -1.824118e-06    2.683608e-07    -1.188092e-07    -2.127064e-07    1.78787e-07    7.169919e-08
3.994276e-06    4.926347e-06    2.336857e-06    6.997413e-07    -4.775791e-06    2.11391e-06    5.22088e-06    4.24162e-06    2.428154e-06    -7.13067e-06    -3.085656e-06    -9.198236e-06    -9.049029e-06    -1.824118e-06    1.634509e-05    -2.547978e-06    8.195564e-06    8.529724e-06    -2.53718e-06    -5.358236e-06
-3.028617e-07    -5.04233e-07    -6.443165e-07    2.213492e-07    8.999559e-07    -5.233775e-07    -8.303225e-07    -9.146068e-07    -6.000387e-07    9.031442e-07    8.016299e-07    1.801574e-06    1.766242e-06    2.683608e-07    -2.547978e-06    5.810362e-06    -1.468422e-06    -5.550408e-06    9.777093e-07    9.237669e-07
1.315423e-06    4.146086e-06    3.572003e-06    2.36617e-07    -3.642727e-06    5.915885e-07    3.513852e-06    3.026293e-06    1.990198e-06    -4.740979e-06    -1.931785e-06    -6.702198e-06    -5.501545e-06    -1.188092e-07    8.195564e-06    -1.468422e-06    1.138956e-05    3.532921e-06    -5.284722e-06    -2.000408e-06
2.253193e-06    2.501139e-06    1.95162e-06    9.127593e-07    -3.941057e-06    1.59366e-06    2.969066e-06    2.837679e-06    2.030828e-06    -4.195961e-06    -2.163539e-06    -6.896276e-06    -5.924274e-06    -2.127064e-07    8.529724e-06    -5.550408e-06    3.532921e-06    1.166372e-05    -1.632237e-06    -5.319604e-06
-1.226449e-08    -1.667501e-06    -1.600296e-06    7.087432e-07    6.20602e-07    9.304182e-08    -1.452624e-06    -1.082281e-06    -5.480062e-07    1.321484e-06    6.514408e-07    1.85715e-06    1.567498e-06    1.78787e-07    -2.53718e-06    9.777093e-07    -5.284722e-06    -1.632237e-06    5.708089e-06    -1.156352e-06
-2.114849e-06    -1.472599e-06    -9.815231e-07    -1.585564e-06    3.376258e-06    -1.030706e-06    -1.702254e-06    -1.76508e-06    -1.342844e-06    3.107328e-06    1.530271e-06    4.378182e-06    3.507283e-06    7.169919e-08    -5.358236e-06    9.237669e-07    -2.000408e-06    -5.319604e-06    -1.156352e-06    5.848153e-06
