8.56438e-06    1.656935e-06    -3.73977e-06    5.371598e-07    -1.851676e-06    8.580595e-07    1.729407e-06    1.137775e-06    2.783261e-07    -2.115449e-06    -1.1283e-06    -2.206134e-06    -1.765771e-06    -8.673982e-07    3.994276e-06    -7.355973e-07    1.617401e-06    2.257883e-06    -4.605523e-07    -2.833919e-06
1.656935e-06    7.710914e-06    1.915862e-06    -2.814275e-06    -1.363248e-06    -1.395058e-07    2.836613e-06    2.564343e-06    9.923847e-07    -3.839685e-06    -1.072805e-06    -3.525608e-06    -2.740785e-06    -6.953641e-08    4.926347e-06    1.080695e-06    1.482334e-06    1.548501e-06    -1.188522e-06    -3.182629e-06
-3.73977e-06    1.915862e-06    8.080443e-06    6.411805e-07    -4.812911e-06    -5.172671e-07    1.641039e-06    1.875231e-06    1.649648e-06    -2.537654e-06    -5.05562e-07    -2.445497e-06    -1.85595e-06    9.507726e-07    2.336857e-06    1.230689e-06    7.80759e-07    2.269184e-07    -1.591052e-06    -1.228718e-06
5.371598e-07    -2.814275e-06    6.411805e-07    7.31455e-06    -5.379579e-06    5.240194e-07    1.97802e-07    5.13681e-07    5.173608e-07    -1.666889e-06    -4.475191e-07    -6.059497e-07    -5.762263e-07    7.179734e-08    6.997413e-07    -9.285491e-07    1.048785e-06    4.052787e-07    -7.908764e-07    -1.799957e-07
-1.851676e-06    -1.363248e-06    -4.812911e-06    -5.379579e-06    1.304621e-05    -1.296483e-07    -2.516145e-06    -3.261733e-06    -2.154308e-06    4.55609e-06    1.130573e-06    3.495543e-06    3.32045e-06    -2.879754e-07    -4.775791e-06    1.001114e-06    -2.715132e-06    -2.01367e-06    2.301545e-06    2.384326e-06
8.580595e-07    -1.395058e-07    -5.172671e-07    5.240194e-07    -1.296483e-07    6.582398e-06    1.037564e-06    -2.446976e-06    -3.224219e-07    -8.358538e-07    -5.79111e-07    -1.878093e-06    -1.341656e-06    -4.525454e-08    2.11391e-06    -4.194073e-08    1.042243e-07    3.941521e-07    -3.310779e-08    -6.925684e-07
1.729407e-06    2.836613e-06    1.641039e-06    1.97802e-07    -2.516145e-06    1.037564e-06    7.037613e-06    1.691766e-06    -2.041662e-06    -2.820863e-06    -1.402928e-06    -3.302604e-06    -2.832209e-06    -4.916302e-07    5.22088e-06    5.208159e-07    1.273954e-06    1.364337e-06    -9.111702e-07    -2.654648e-06
1.137775e-06    2.564343e-06    1.875231e-06    5.13681e-07    -3.261733e-06    -2.446976e-06    1.691766e-06    6.470306e-06    1.44606e-06    -4.993714e-06    -9.37446e-07    -3.075269e-06    -2.837026e-06    -1.885593e-07    4.24162e-06    2.251774e-07    1.514257e-06    1.160144e-06    -1.477891e-06    -1.936522e-06
2.783261e-07    9.923847e-07    1.649648e-06    5.173608e-07    -2.154308e-06    -3.224219e-07    -2.041662e-06    1.44606e-06    6.593983e-06    -4.096146e-06    2.893107e-08    -2.929246e-06    -2.522031e-06    8.857182e-07    2.428154e-06    2.402016e-07    1.214994e-06    6.828013e-07    -1.261516e-06    -1.087171e-06
-2.115449e-06    -3.839685e-06    -2.537654e-06    -1.666889e-06    4.55609e-06    -8.358538e-07    -2.820863e-06    -4.993714e-06    -4.096146e-06    1.26802e-05    1.487256e-06    5.31682e-06    4.615481e-06    -2.687903e-07    -7.13067e-06    2.792027e-07    -3.030956e-06    -2.128458e-06    2.238492e-06    3.362007e-06
-1.1283e-06    -1.072805e-06    -5.05562e-07    -4.475191e-07    1.130573e-06    -5.79111e-07    -1.402928e-06    -9.37446e-07    2.893107e-08    1.487256e-06    6.40453e-06    1.805346e-06    -1.789783e-06    3.080078e-09    -3.085656e-06    -6.560894e-08    -6.54855e-07    -1.174165e-06    4.424348e-07    2.021903e-06
-2.206134e-06    -3.525608e-06    -2.445497e-06    -6.059497e-07    3.495543e-06    -1.878093e-06    -3.302604e-06    -3.075269e-06    -2.929246e-06    5.31682e-06    1.805346e-06    1.318194e-05    6.971675e-06    -3.502478e-06    -9.198236e-06    -1.081987e-06    -3.194677e-06    -3.361776e-06    2.238338e-06    6.216886e-06
-1.765771e-06    -2.740785e-06    -1.85595e-06    -5.762263e-07    3.32045e-06    -1.341656e-06    -2.832209e-06    -2.837026e-06    -2.522031e-06    4.615481e-06    -1.789783e-06    6.971675e-06    1.050383e-05    -7.422984e-07    -9.049029e-06    -5.726965e-07    -3.006883e-06    -2.507672e-06    2.103888e-06    4.516348e-06
-8.673982e-07    -6.953641e-08    9.507726e-07    7.179734e-08    -2.879754e-07    -4.525454e-08    -4.916302e-07    -1.885593e-07    8.857182e-07    -2.687903e-07    3.080078e-09    -3.502478e-06    -7.422984e-07    5.972233e-06    -1.824118e-06    -1.340807e-07    2.771992e-07    1.244574e-07    -3.071829e-07    3.319786e-07
3.994276e-06    4.926347e-06    2.336857e-06    6.997413e-07    -4.775791e-06    2.11391e-06    5.22088e-06    4.24162e-06    2.428154e-06    -7.13067e-06    -3.085656e-06    -9.198236e-06    -9.049029e-06    -1.824118e-06    1.634509e-05    4.211424e-07    4.009545e-06    4.672319e-06    -2.402497e-06    -7.803914e-06
-7.355973e-07    1.080695e-06    1.230689e-06    -9.285491e-07    1.001114e-06    -4.194073e-08    5.208159e-07    2.251774e-07    2.402016e-07    2.792027e-07    -6.560894e-08    -1.081987e-06    -5.726965e-07    -1.340807e-07    4.211424e-07    5.372935e-06    -1.048605e-06    -3.038114e-06    1.074588e-07    -8.356004e-07
1.617401e-06    1.482334e-06    7.80759e-07    1.048785e-06    -2.715132e-06    1.042243e-07    1.273954e-06    1.514257e-06    1.214994e-06    -3.030956e-06    -6.54855e-07    -3.194677e-06    -3.006883e-06    2.771992e-07    4.009545e-06    -1.048605e-06    6.412761e-06    2.074921e-06    -4.802022e-06    -1.870294e-06
2.257883e-06    1.548501e-06    2.269184e-07    4.052787e-07    -2.01367e-06    3.941521e-07    1.364337e-06    1.160144e-06    6.828013e-07    -2.128458e-06    -1.174165e-06    -3.361776e-06    -2.507672e-06    1.244574e-07    4.672319e-06    -3.038114e-06    2.074921e-06    6.704207e-06    -6.723546e-07    -5.456442e-06
-4.605523e-07    -1.188522e-06    -1.591052e-06    -7.908764e-07    2.301545e-06    -3.310779e-08    -9.111702e-07    -1.477891e-06    -1.261516e-06    2.238492e-06    4.424348e-07    2.238338e-06    2.103888e-06    -3.071829e-07    -2.402497e-06    1.074588e-07    -4.802022e-06    -6.723546e-07    7.346948e-06    -1.715072e-06
-2.833919e-06    -3.182629e-06    -1.228718e-06    -1.799957e-07    2.384326e-06    -6.925684e-07    -2.654648e-06    -1.936522e-06    -1.087171e-06    3.362007e-06    2.021903e-06    6.216886e-06    4.516348e-06    3.319786e-07    -7.803914e-06    -8.356004e-07    -1.870294e-06    -5.456442e-06    -1.715072e-06    1.090784e-05
