8.56438e-06    1.656935e-06    -3.73977e-06    5.371598e-07    -1.851676e-06    8.580595e-07    1.729407e-06    1.137775e-06    2.783261e-07    -2.115449e-06    1.268098e-06    -2.016714e-06    -3.545351e-06    -9.366189e-07    1.515786e-06    -1.1283e-06    -2.206134e-06    -1.765771e-06    -8.673982e-07    3.994276e-06    4.577488e-06    5.920166e-07    -5.452919e-06    1.160227e-06    -1.605819e-06    1.770169e-06    -4.176982e-06    -4.693695e-06    1.811935e-06    2.864125e-06    -7.355973e-07    1.617401e-06    2.257883e-06    -4.605523e-07    -2.833919e-06
1.656935e-06    7.710914e-06    1.915862e-06    -2.814275e-06    -1.363248e-06    -1.395058e-07    2.836613e-06    2.564343e-06    9.923847e-07    -3.839685e-06    -6.106852e-07    -3.482954e-06    -4.472234e-06    -1.284907e-06    3.539548e-06    -1.072805e-06    -3.525608e-06    -2.740785e-06    -6.953641e-08    4.926347e-06    4.927729e-06    9.805814e-07    -3.653002e-06    -1.736203e-06    -1.102949e-06    -3.749848e-08    -4.361636e-06    -3.717961e-06    -2.728233e-07    4.032175e-06    1.080695e-06    1.482334e-06    1.548501e-06    -1.188522e-06    -3.182629e-06
-3.73977e-06    1.915862e-06    8.080443e-06    6.411805e-07    -4.812911e-06    -5.172671e-07    1.641039e-06    1.875231e-06    1.649648e-06    -2.537654e-06    -1.073223e-06    -2.946969e-06    -3.268914e-06    -5.03609e-07    3.425219e-06    -5.05562e-07    -2.445497e-06    -1.85595e-06    9.507726e-07    2.336857e-06    3.475939e-06    -7.722325e-07    -7.083872e-07    -2.104706e-06    -3.187364e-07    -8.841579e-07    -2.738193e-06    -1.617688e-06    -8.178965e-09    2.354468e-06    1.230689e-06    7.80759e-07    2.269184e-07    -1.591052e-06    -1.228718e-06
5.371598e-07    -2.814275e-06    6.411805e-07    7.31455e-06    -5.379579e-06    5.240194e-07    1.97802e-07    5.13681e-07    5.173608e-07    -1.666889e-06    9.785535e-07    -1.07737e-06    -1.542032e-06    -2.168535e-07    8.438092e-07    -4.475191e-07    -6.059497e-07    -5.762263e-07    7.179734e-08    6.997413e-07    3.444185e-06    -1.195539e-06    -1.77012e-06    3.432543e-08    -1.460033e-07    1.61777e-06    -2.154694e-06    -2.602499e-06    1.40413e-06    1.00688e-06    -9.285491e-07    1.048785e-06    4.052787e-07    -7.908764e-07    -1.799957e-07
-1.851676e-06    -1.363248e-06    -4.812911e-06    -5.379579e-06    1.304621e-05    -1.296483e-07    -2.516145e-06    -3.261733e-06    -2.154308e-06    4.55609e-06    -8.235275e-07    3.803943e-06    5.266083e-06    8.984314e-07    -3.165443e-06    1.130573e-06    3.495543e-06    3.32045e-06    -2.879754e-07    -4.775791e-06    -7.669449e-06    6.038539e-07    4.154821e-06    2.64783e-07    2.701993e-06    -1.675401e-06    6.614959e-06    6.096781e-06    -2.45497e-06    -4.356541e-06    1.001114e-06    -2.715132e-06    -2.01367e-06    2.301545e-06    2.384326e-06
8.580595e-07    -1.395058e-07    -5.172671e-07    5.240194e-07    -1.296483e-07    6.582398e-06    1.037564e-06    -2.446976e-06    -3.224219e-07    -8.358538e-07    -1.533844e-07    -2.564435e-07    -6.553735e-07    -1.119717e-06    1.045931e-06    -5.79111e-07    -1.878093e-06    -1.341656e-06    -4.525454e-08    2.11391e-06    1.354494e-06    6.838463e-07    -2.912105e-06    2.515989e-07    -6.017289e-07    1.063625e-06    -2.200158e-06    -1.780145e-06    1.348081e-06    8.647273e-07    -4.194073e-08    1.042243e-07    3.941521e-07    -3.310779e-08    -6.925684e-07
1.729407e-06    2.836613e-06    1.641039e-06    1.97802e-07    -2.516145e-06    1.037564e-06    7.037613e-06    1.691766e-06    -2.041662e-06    -2.820863e-06    -1.549831e-07    -2.909264e-06    -3.718939e-06    -1.083083e-06    2.767963e-06    -1.402928e-06    -3.302604e-06    -2.832209e-06    -4.916302e-07    5.22088e-06    4.147643e-06    6.984765e-07    -3.377573e-06    -4.502299e-07    -1.780318e-06    3.336553e-08    -4.712402e-06    -3.494572e-06    8.630839e-07    3.596929e-06    5.208159e-07    1.273954e-06    1.364337e-06    -9.111702e-07    -2.654648e-06
1.137775e-06    2.564343e-06    1.875231e-06    5.13681e-07    -3.261733e-06    -2.446976e-06    1.691766e-06    6.470306e-06    1.44606e-06    -4.993714e-06    1.977573e-07    -2.199524e-06    -3.218026e-06    -5.298504e-07    1.96817e-06    -9.37446e-07    -3.075269e-06    -2.837026e-06    -1.885593e-07    4.24162e-06    4.138738e-06    1.061492e-06    -2.15151e-06    -1.240695e-06    -1.469586e-06    1.181784e-07    -4.19815e-06    -3.396516e-06    7.018181e-07    3.277825e-06    2.251774e-07    1.514257e-06    1.160144e-06    -1.477891e-06    -1.936522e-06
2.783261e-07    9.923847e-07    1.649648e-06    5.173608e-07    -2.154308e-06    -3.224219e-07    -2.041662e-06    1.44606e-06    6.593983e-06    -4.096146e-06    -8.280764e-08    -1.73437e-06    -2.361131e-06    -2.05657e-07    1.786921e-06    2.893107e-08    -2.929246e-06    -2.522031e-06    8.857182e-07    2.428154e-06    4.198112e-06    -4.915459e-07    -2.896585e-06    -7.179556e-07    -3.042986e-07    3.873492e-07    -3.218279e-06    -2.154613e-06    1.506259e-06    1.583625e-06    2.402016e-07    1.214994e-06    6.828013e-07    -1.261516e-06    -1.087171e-06
-2.115449e-06    -3.839685e-06    -2.537654e-06    -1.666889e-06    4.55609e-06    -8.358538e-07    -2.820863e-06    -4.993714e-06    -4.096146e-06    1.26802e-05    -3.503512e-07    3.731619e-06    5.301853e-06    1.937064e-06    -3.68274e-06    1.487256e-06    5.31682e-06    4.615481e-06    -2.687903e-07    -7.13067e-06    -8.42265e-06    -5.804122e-08    5.309332e-06    9.523234e-07    3.134868e-06    -1.397235e-06    7.163059e-06    6.22619e-06    -1.598926e-06    -5.152263e-06    2.792027e-07    -3.030956e-06    -2.128458e-06    2.238492e-06    3.362007e-06
1.268098e-06    -6.106852e-07    -1.073223e-06    9.785535e-07    -8.235275e-07    -1.533844e-07    -1.549831e-07    1.977573e-07    -8.280764e-08    -3.503512e-07    5.827196e-06    -1.955213e-08    -3.154162e-06    -4.402428e-07    -7.192624e-07    8.048214e-08    1.293159e-07    -4.260249e-08    -1.203722e-08    2.617042e-08    1.139138e-06    -3.287534e-07    -6.061937e-07    1.487517e-06    -5.962693e-07    8.524826e-07    -4.988176e-07    -1.027742e-06    4.493705e-07    2.093031e-07    -9.705479e-07    6.657407e-07    6.836877e-07    -6.408279e-08    -2.890841e-07
-2.016714e-06    -3.482954e-06    -2.946969e-06    -1.07737e-06    3.803943e-06    -2.564435e-07    -2.909264e-06    -2.199524e-06    -1.73437e-06    3.731619e-06    -1.955213e-08    9.738602e-06    6.803159e-06    -1.049526e-06    -5.626806e-06    1.524282e-06    6.266211e-06    4.764146e-06    -5.888949e-07    -6.679432e-06    -9.929483e-06    2.269145e-06    1.002691e-05    8.786675e-07    -1.429519e-06    -3.538209e-07    6.810655e-06    4.945959e-06    -1.409404e-06    -4.690804e-06    -1.417367e-06    -2.454215e-06    -2.360038e-06    1.802669e-06    5.090444e-06
-3.545351e-06    -4.472234e-06    -3.268914e-06    -1.542032e-06    5.266083e-06    -6.553735e-07    -3.718939e-06    -3.218026e-06    -2.361131e-06    5.301853e-06    -3.154162e-06    6.803159e-06    1.369764e-05    2.365745e-06    -8.996157e-06    2.235976e-06    8.12956e-06    6.294548e-06    -2.283009e-07    -9.633526e-06    -1.336896e-05    2.16269e-06    1.377831e-05    1.102279e-06    -8.298829e-07    -9.063442e-07    9.233315e-06    7.28933e-06    -2.091308e-06    -6.440817e-06    -9.890591e-07    -3.630108e-06    -3.895911e-06    2.459326e-06    6.91891e-06
-9.366189e-07    -1.284907e-06    -5.03609e-07    -2.168535e-07    8.984314e-07    -1.119717e-06    -1.083083e-06    -5.298504e-07    -2.05657e-07    1.937064e-06    -4.402428e-07    -1.049526e-06    2.365745e-06    6.526551e-06    -3.922509e-06    1.480685e-06    2.236677e-06    1.522452e-06    6.831595e-07    -3.649017e-06    -3.296621e-06    -1.146473e-07    5.370179e-06    6.365319e-07    -7.108377e-08    -4.412824e-07    2.47497e-06    2.244822e-06    -3.451615e-07    -1.993859e-06    4.968204e-08    -9.205053e-07    -1.292305e-06    4.10741e-07    2.368731e-06
1.515786e-06    3.539548e-06    3.425219e-06    8.438092e-07    -3.165443e-06    1.045931e-06    2.767963e-06    1.96817e-06    1.786921e-06    -3.68274e-06    -7.192624e-07    -5.626806e-06    -8.996157e-06    -3.922509e-06    1.153112e-05    -2.153208e-06    -6.974946e-06    -4.990406e-06    -4.443566e-09    7.665486e-06    9.668851e-06    -2.062124e-06    -1.175063e-05    -2.341362e-06    2.573841e-06    2.676024e-07    -6.922083e-06    -4.816067e-06    1.220911e-06    4.789609e-06    1.806891e-06    2.118793e-06    2.243349e-06    -1.912779e-06    -5.42892e-06
-1.1283e-06    -1.072805e-06    -5.05562e-07    -4.475191e-07    1.130573e-06    -5.79111e-07    -1.402928e-06    -9.37446e-07    2.893107e-08    1.487256e-06    8.048214e-08    1.524282e-06    2.235976e-06    1.480685e-06    -2.153208e-06    6.40453e-06    1.805346e-06    -1.789783e-06    3.080078e-09    -3.085656e-06    -2.641812e-06    -6.061728e-08    4.300103e-06    6.69058e-07    3.971897e-08    -8.501516e-07    1.805812e-06    2.674263e-06    -3.499357e-08    -1.935531e-06    -6.560894e-08    -6.54855e-07    -1.174165e-06    4.424348e-07    2.021903e-06
-2.206134e-06    -3.525608e-06    -2.445497e-06    -6.059497e-07    3.495543e-06    -1.878093e-06    -3.302604e-06    -3.075269e-06    -2.929246e-06    5.31682e-06    1.293159e-07    6.266211e-06    8.12956e-06    2.236677e-06    -6.974946e-06    1.805346e-06    1.318194e-05    6.971675e-06    -3.502478e-06    -9.198236e-06    -1.227434e-05    1.073699e-06    1.348065e-05    1.248543e-06    -9.289371e-07    -4.68646e-07    9.364363e-06    6.112839e-06    -2.780713e-06    -5.642292e-06    -1.081987e-06    -3.194677e-06    -3.361776e-06    2.238338e-06    6.216886e-06
-1.765771e-06    -2.740785e-06    -1.85595e-06    -5.762263e-07    3.32045e-06    -1.341656e-06    -2.832209e-06    -2.837026e-06    -2.522031e-06    4.615481e-06    -4.260249e-08    4.764146e-06    6.294548e-06    1.522452e-06    -4.990406e-06    -1.789783e-06    6.971675e-06    1.050383e-05    -7.422984e-07    -9.049029e-06    -1.012568e-05    1.017692e-06    1.011225e-05    6.688308e-07    2.082005e-08    -3.585154e-08    8.22746e-06    4.418567e-06    -2.771602e-06    -4.423496e-06    -5.726965e-07    -3.006883e-06    -2.507672e-06    2.103888e-06    4.516348e-06
-8.673982e-07    -6.953641e-08    9.507726e-07    7.179734e-08    -2.879754e-07    -4.525454e-08    -4.916302e-07    -1.885593e-07    8.857182e-07    -2.687903e-07    -1.203722e-08    -5.888949e-07    -2.283009e-07    6.831595e-07    -4.443566e-09    3.080078e-09    -3.502478e-06    -7.422984e-07    5.972233e-06    -1.824118e-06    1.552013e-06    -9.257474e-07    5.445897e-07    2.293379e-07    6.088612e-08    -1.718269e-07    -3.883841e-07    2.51538e-07    4.04381e-07    -1.896591e-07    -1.340807e-07    2.771992e-07    1.244574e-07    -3.071829e-07    3.319786e-07
3.994276e-06    4.926347e-06    2.336857e-06    6.997413e-07    -4.775791e-06    2.11391e-06    5.22088e-06    4.24162e-06    2.428154e-06    -7.13067e-06    2.617042e-08    -6.679432e-06    -9.633526e-06    -3.649017e-06    7.665486e-06    -3.085656e-06    -9.198236e-06    -9.049029e-06    -1.824118e-06    1.634509e-05    1.370517e-05    -3.417648e-07    -1.611384e-05    -1.229697e-06    -1.156062e-06    1.171321e-06    -1.100589e-05    -8.327121e-06    2.802922e-06    7.429035e-06    4.211424e-07    4.009545e-06    4.672319e-06    -2.402497e-06    -7.803914e-06
4.577488e-06    4.927729e-06    3.475939e-06    3.444185e-06    -7.669449e-06    1.354494e-06    4.147643e-06    4.138738e-06    4.198112e-06    -8.42265e-06    1.139138e-06    -9.929483e-06    -1.336896e-05    -3.296621e-06    9.668851e-06    -2.641812e-06    -1.227434e-05    -1.012568e-05    1.552013e-06    1.370517e-05    3.447127e-05    -1.75381e-06    -2.926069e-05    -3.41665e-06    1.053693e-06    2.092615e-06    -1.374836e-05    -1.128836e-05    3.817006e-06    9.287652e-06    5.086391e-09    6.186458e-06    6.556562e-06    -3.30752e-06    -9.839203e-06
5.920166e-07    9.805814e-07    -7.722325e-07    -1.195539e-06    6.038539e-07    6.838463e-07    6.984765e-07    1.061492e-06    -4.915459e-07    -5.804122e-08    -3.287534e-07    2.269145e-06    2.16269e-06    -1.146473e-07    -2.062124e-06    -6.061728e-08    1.073699e-06    1.017692e-06    -9.257474e-07    -3.417648e-07    -1.75381e-06    1.633123e-05    -2.068668e-06    -7.985345e-06    1.689296e-06    -9.293722e-07    3.386045e-07    6.931232e-07    -3.793826e-07    1.842309e-07    3.352984e-08    -1.153125e-06    -5.262953e-07    1.018953e-06    1.043283e-06
-5.452919e-06    -3.653002e-06    -7.083872e-07    -1.77012e-06    4.154821e-06    -2.912105e-06    -3.377573e-06    -2.15151e-06    -2.896585e-06    5.309332e-06    -6.061937e-07    1.002691e-05    1.377831e-05    5.370179e-06    -1.175063e-05    4.300103e-06    1.348065e-05    1.011225e-05    5.445897e-07    -1.611384e-05    -2.926069e-05    -2.068668e-06    4.014613e-05    2.628551e-06    -8.016042e-06    -2.156122e-06    1.3215e-05    1.054285e-05    -4.071063e-06    -8.48025e-06    -5.752443e-07    -5.028594e-06    -7.048326e-06    1.985404e-06    1.178185e-05
1.160227e-06    -1.736203e-06    -2.104706e-06    3.432543e-08    2.64783e-07    2.515989e-07    -4.502299e-07    -1.240695e-06    -7.179556e-07    9.523234e-07    1.487517e-06    8.786675e-07    1.102279e-06    6.365319e-07    -2.341362e-06    6.69058e-07    1.248543e-06    6.688308e-07    2.293379e-07    -1.229697e-06    -3.41665e-06    -7.985345e-06    2.628551e-06    1.515576e-05    -6.47047e-06    9.858674e-07    2.537499e-07    -4.705746e-08    1.218314e-06    -1.005559e-06    -1.190777e-06    3.866016e-07    5.969367e-07    4.961805e-07    -1.346914e-07
-1.605819e-06    -1.102949e-06    -3.187364e-07    -1.460033e-07    2.701993e-06    -6.017289e-07    -1.780318e-06    -1.469586e-06    -3.042986e-07    3.134868e-06    -5.962693e-07    -1.429519e-06    -8.298829e-07    -7.108377e-08    2.573841e-06    3.971897e-08    -9.289371e-07    2.082005e-08    6.088612e-08    -1.156062e-06    1.053693e-06    1.689296e-06    -8.016042e-06    -6.47047e-06    1.560759e-05    -6.385984e-07    1.544511e-06    1.943303e-06    -9.846375e-07    -1.194506e-06    1.498076e-06    -1.548826e-06    -1.214109e-06    1.058997e-06    1.396884e-07
1.770169e-06    -3.749848e-08    -8.841579e-07    1.61777e-06    -1.675401e-06    1.063625e-06    3.336553e-08    1.181784e-07    3.873492e-07    -1.397235e-06    8.524826e-07    -3.538209e-07    -9.063442e-07    -4.412824e-07    2.676024e-07    -8.501516e-07    -4.68646e-07    -3.585154e-08    -1.718269e-07    1.171321e-06    2.092615e-06    -9.293722e-07    -2.156122e-06    9.858674e-07    -6.385984e-07    7.237073e-06    -6.570187e-07    -6.570981e-06    -2.4095e-07    1.011372e-06    -8.069163e-07    1.739599e-07    8.501348e-07    6.350414e-07    -1.160485e-06
-4.176982e-06    -4.361636e-06    -2.738193e-06    -2.154694e-06    6.614959e-06    -2.200158e-06    -4.712402e-06    -4.19815e-06    -3.218279e-06    7.163059e-06    -4.988176e-07    6.810655e-06    9.233315e-06    2.47497e-06    -6.922083e-06    1.805812e-06    9.364363e-06    8.22746e-06    -3.883841e-07    -1.100589e-05    -1.374836e-05    3.386045e-07    1.3215e-05    2.537499e-07    1.544511e-06    -6.570187e-07    1.787854e-05    5.888056e-06    -8.092161e-06    -6.093986e-06    -6.416635e-07    -3.889971e-06    -4.091613e-06    1.898361e-06    7.213631e-06
-4.693695e-06    -3.717961e-06    -1.617688e-06    -2.602499e-06    6.096781e-06    -1.780145e-06    -3.494572e-06    -3.396516e-06    -2.154613e-06    6.22619e-06    -1.027742e-06    4.945959e-06    7.28933e-06    2.244822e-06    -4.816067e-06    2.674263e-06    6.112839e-06    4.418567e-06    2.51538e-07    -8.327121e-06    -1.128836e-05    6.931232e-07    1.054285e-05    -4.705746e-08    1.943303e-06    -6.570981e-06    5.888056e-06    1.463422e-05    -1.604699e-06    -7.426766e-06    2.486172e-07    -3.087657e-06    -3.962144e-06    1.154462e-06    6.336565e-06
1.811935e-06    -2.728233e-07    -8.178965e-09    1.40413e-06    -2.45497e-06    1.348081e-06    8.630839e-07    7.018181e-07    1.506259e-06    -1.598926e-06    4.493705e-07    -1.409404e-06    -2.091308e-06    -3.451615e-07    1.220911e-06    -3.499357e-08    -2.780713e-06    -2.771602e-06    4.04381e-07    2.802922e-06    3.817006e-06    -3.793826e-07    -4.071063e-06    1.218314e-06    -9.846375e-07    -2.4095e-07    -8.092161e-06    -1.604699e-06    8.025108e-06    3.30577e-07    -3.697271e-07    7.95904e-07    1.106649e-06    8.427943e-08    -1.70009e-06
2.864125e-06    4.032175e-06    2.354468e-06    1.00688e-06    -4.356541e-06    8.647273e-07    3.596929e-06    3.277825e-06    1.583625e-06    -5.152263e-06    2.093031e-07    -4.690804e-06    -6.440817e-06    -1.993859e-06    4.789609e-06    -1.935531e-06    -5.642292e-06    -4.423496e-06    -1.896591e-07    7.429035e-06    9.287652e-06    1.842309e-07    -8.48025e-06    -1.005559e-06    -1.194506e-06    1.011372e-06    -6.093986e-06    -7.426766e-06    3.30577e-07    7.432968e-06    5.028508e-07    2.834733e-06    3.050083e-06    -1.652626e-06    -5.168902e-06
-7.355973e-07    1.080695e-06    1.230689e-06    -9.285491e-07    1.001114e-06    -4.194073e-08    5.208159e-07    2.251774e-07    2.402016e-07    2.792027e-07    -9.705479e-07    -1.417367e-06    -9.890591e-07    4.968204e-08    1.806891e-06    -6.560894e-08    -1.081987e-06    -5.726965e-07    -1.340807e-07    4.211424e-07    5.086391e-09    3.352984e-08    -5.752443e-07    -1.190777e-06    1.498076e-06    -8.069163e-07    -6.416635e-07    2.486172e-07    -3.697271e-07    5.028508e-07    5.372935e-06    -1.048605e-06    -3.038114e-06    1.074588e-07    -8.356004e-07
1.617401e-06    1.482334e-06    7.80759e-07    1.048785e-06    -2.715132e-06    1.042243e-07    1.273954e-06    1.514257e-06    1.214994e-06    -3.030956e-06    6.657407e-07    -2.454215e-06    -3.630108e-06    -9.205053e-07    2.118793e-06    -6.54855e-07    -3.194677e-06    -3.006883e-06    2.771992e-07    4.009545e-06    6.186458e-06    -1.153125e-06    -5.028594e-06    3.866016e-07    -1.548826e-06    1.739599e-07    -3.889971e-06    -3.087657e-06    7.95904e-07    2.834733e-06    -1.048605e-06    6.412761e-06    2.074921e-06    -4.802022e-06    -1.870294e-06
2.257883e-06    1.548501e-06    2.269184e-07    4.052787e-07    -2.01367e-06    3.941521e-07    1.364337e-06    1.160144e-06    6.828013e-07    -2.128458e-06    6.836877e-07    -2.360038e-06    -3.895911e-06    -1.292305e-06    2.243349e-06    -1.174165e-06    -3.361776e-06    -2.507672e-06    1.244574e-07    4.672319e-06    6.556562e-06    -5.262953e-07    -7.048326e-06    5.969367e-07    -1.214109e-06    8.501348e-07    -4.091613e-06    -3.962144e-06    1.106649e-06    3.050083e-06    -3.038114e-06    2.074921e-06    6.704207e-06    -6.723546e-07    -5.456442e-06
-4.605523e-07    -1.188522e-06    -1.591052e-06    -7.908764e-07    2.301545e-06    -3.310779e-08    -9.111702e-07    -1.477891e-06    -1.261516e-06    2.238492e-06    -6.408279e-08    1.802669e-06    2.459326e-06    4.10741e-07    -1.912779e-06    4.424348e-07    2.238338e-06    2.103888e-06    -3.071829e-07    -2.402497e-06    -3.30752e-06    1.018953e-06    1.985404e-06    4.961805e-07    1.058997e-06    6.350414e-07    1.898361e-06    1.154462e-06    8.427943e-08    -1.652626e-06    1.074588e-07    -4.802022e-06    -6.723546e-07    7.346948e-06    -1.715072e-06
-2.833919e-06    -3.182629e-06    -1.228718e-06    -1.799957e-07    2.384326e-06    -6.925684e-07    -2.654648e-06    -1.936522e-06    -1.087171e-06    3.362007e-06    -2.890841e-07    5.090444e-06    6.91891e-06    2.368731e-06    -5.42892e-06    2.021903e-06    6.216886e-06    4.516348e-06    3.319786e-07    -7.803914e-06    -9.839203e-06    1.043283e-06    1.178185e-05    -1.346914e-07    1.396884e-07    -1.160485e-06    7.213631e-06    6.336565e-06    -1.70009e-06    -5.168902e-06    -8.356004e-07    -1.870294e-06    -5.456442e-06    -1.715072e-06    1.090784e-05
