8.56438e-06    1.656935e-06    -3.73977e-06    5.371598e-07    -1.851676e-06    8.580595e-07    1.729407e-06    1.137775e-06    2.783261e-07    -2.115449e-06    1.268098e-06    -2.016714e-06    -3.545351e-06    -9.366189e-07    1.515786e-06
1.656935e-06    7.710914e-06    1.915862e-06    -2.814275e-06    -1.363248e-06    -1.395058e-07    2.836613e-06    2.564343e-06    9.923847e-07    -3.839685e-06    -6.106852e-07    -3.482954e-06    -4.472234e-06    -1.284907e-06    3.539548e-06
-3.73977e-06    1.915862e-06    8.080443e-06    6.411805e-07    -4.812911e-06    -5.172671e-07    1.641039e-06    1.875231e-06    1.649648e-06    -2.537654e-06    -1.073223e-06    -2.946969e-06    -3.268914e-06    -5.03609e-07    3.425219e-06
5.371598e-07    -2.814275e-06    6.411805e-07    7.31455e-06    -5.379579e-06    5.240194e-07    1.97802e-07    5.13681e-07    5.173608e-07    -1.666889e-06    9.785535e-07    -1.07737e-06    -1.542032e-06    -2.168535e-07    8.438092e-07
-1.851676e-06    -1.363248e-06    -4.812911e-06    -5.379579e-06    1.304621e-05    -1.296483e-07    -2.516145e-06    -3.261733e-06    -2.154308e-06    4.55609e-06    -8.235275e-07    3.803943e-06    5.266083e-06    8.984314e-07    -3.165443e-06
8.580595e-07    -1.395058e-07    -5.172671e-07    5.240194e-07    -1.296483e-07    6.582398e-06    1.037564e-06    -2.446976e-06    -3.224219e-07    -8.358538e-07    -1.533844e-07    -2.564435e-07    -6.553735e-07    -1.119717e-06    1.045931e-06
1.729407e-06    2.836613e-06    1.641039e-06    1.97802e-07    -2.516145e-06    1.037564e-06    7.037613e-06    1.691766e-06    -2.041662e-06    -2.820863e-06    -1.549831e-07    -2.909264e-06    -3.718939e-06    -1.083083e-06    2.767963e-06
1.137775e-06    2.564343e-06    1.875231e-06    5.13681e-07    -3.261733e-06    -2.446976e-06    1.691766e-06    6.470306e-06    1.44606e-06    -4.993714e-06    1.977573e-07    -2.199524e-06    -3.218026e-06    -5.298504e-07    1.96817e-06
2.783261e-07    9.923847e-07    1.649648e-06    5.173608e-07    -2.154308e-06    -3.224219e-07    -2.041662e-06    1.44606e-06    6.593983e-06    -4.096146e-06    -8.280764e-08    -1.73437e-06    -2.361131e-06    -2.05657e-07    1.786921e-06
-2.115449e-06    -3.839685e-06    -2.537654e-06    -1.666889e-06    4.55609e-06    -8.358538e-07    -2.820863e-06    -4.993714e-06    -4.096146e-06    1.26802e-05    -3.503512e-07    3.731619e-06    5.301853e-06    1.937064e-06    -3.68274e-06
1.268098e-06    -6.106852e-07    -1.073223e-06    9.785535e-07    -8.235275e-07    -1.533844e-07    -1.549831e-07    1.977573e-07    -8.280764e-08    -3.503512e-07    5.827196e-06    -1.955213e-08    -3.154162e-06    -4.402428e-07    -7.192624e-07
-2.016714e-06    -3.482954e-06    -2.946969e-06    -1.07737e-06    3.803943e-06    -2.564435e-07    -2.909264e-06    -2.199524e-06    -1.73437e-06    3.731619e-06    -1.955213e-08    9.738602e-06    6.803159e-06    -1.049526e-06    -5.626806e-06
-3.545351e-06    -4.472234e-06    -3.268914e-06    -1.542032e-06    5.266083e-06    -6.553735e-07    -3.718939e-06    -3.218026e-06    -2.361131e-06    5.301853e-06    -3.154162e-06    6.803159e-06    1.369764e-05    2.365745e-06    -8.996157e-06
-9.366189e-07    -1.284907e-06    -5.03609e-07    -2.168535e-07    8.984314e-07    -1.119717e-06    -1.083083e-06    -5.298504e-07    -2.05657e-07    1.937064e-06    -4.402428e-07    -1.049526e-06    2.365745e-06    6.526551e-06    -3.922509e-06
1.515786e-06    3.539548e-06    3.425219e-06    8.438092e-07    -3.165443e-06    1.045931e-06    2.767963e-06    1.96817e-06    1.786921e-06    -3.68274e-06    -7.192624e-07    -5.626806e-06    -8.996157e-06    -3.922509e-06    1.153112e-05
