8.56438e-06    1.656935e-06    -3.73977e-06    5.371598e-07    -1.851676e-06    8.580595e-07    1.729407e-06    1.137775e-06    2.783261e-07    -2.115449e-06    -1.1283e-06    -2.206134e-06    -1.765771e-06    -8.673982e-07    3.994276e-06    5.101085e-07    9.951598e-07    -1.203334e-06    1.186232e-06    6.677359e-08
1.656935e-06    7.710914e-06    1.915862e-06    -2.814275e-06    -1.363248e-06    -1.395058e-07    2.836613e-06    2.564343e-06    9.923847e-07    -3.839685e-06    -1.072805e-06    -3.525608e-06    -2.740785e-06    -6.953641e-08    4.926347e-06    1.622979e-07    1.238174e-08    -9.630994e-07    1.894418e-06    4.464524e-07
-3.73977e-06    1.915862e-06    8.080443e-06    6.411805e-07    -4.812911e-06    -5.172671e-07    1.641039e-06    1.875231e-06    1.649648e-06    -2.537654e-06    -5.05562e-07    -2.445497e-06    -1.85595e-06    9.507726e-07    2.336857e-06    1.452291e-07    -7.947452e-07    -2.354594e-07    9.286419e-07    4.524747e-07
5.371598e-07    -2.814275e-06    6.411805e-07    7.31455e-06    -5.379579e-06    5.240194e-07    1.97802e-07    5.13681e-07    5.173608e-07    -1.666889e-06    -4.475191e-07    -6.059497e-07    -5.762263e-07    7.179734e-08    6.997413e-07    3.841983e-07    -5.409234e-07    -7.220262e-07    8.685375e-07    1.057219e-07
-1.851676e-06    -1.363248e-06    -4.812911e-06    -5.379579e-06    1.304621e-05    -1.296483e-07    -2.516145e-06    -3.261733e-06    -2.154308e-06    4.55609e-06    1.130573e-06    3.495543e-06    3.32045e-06    -2.879754e-07    -4.775791e-06    -1.1023e-06    6.237812e-07    1.798592e-06    -1.729553e-06    -5.501137e-07
8.580595e-07    -1.395058e-07    -5.172671e-07    5.240194e-07    -1.296483e-07    6.582398e-06    1.037564e-06    -2.446976e-06    -3.224219e-07    -8.358538e-07    -5.79111e-07    -1.878093e-06    -1.341656e-06    -4.525454e-08    2.11391e-06    -8.535279e-08    1.019997e-06    -3.567718e-07    1.33239e-07    7.493415e-08
1.729407e-06    2.836613e-06    1.641039e-06    1.97802e-07    -2.516145e-06    1.037564e-06    7.037613e-06    1.691766e-06    -2.041662e-06    -2.820863e-06    -1.402928e-06    -3.302604e-06    -2.832209e-06    -4.916302e-07    5.22088e-06    2.481087e-07    7.324402e-08    -6.877827e-07    1.40315e-06    3.536604e-07
1.137775e-06    2.564343e-06    1.875231e-06    5.13681e-07    -3.261733e-06    -2.446976e-06    1.691766e-06    6.470306e-06    1.44606e-06    -4.993714e-06    -9.37446e-07    -3.075269e-06    -2.837026e-06    -1.885593e-07    4.24162e-06    4.839747e-07    -4.755863e-07    -8.076503e-07    1.150788e-06    4.00371e-07
2.783261e-07    9.923847e-07    1.649648e-06    5.173608e-07    -2.154308e-06    -3.224219e-07    -2.041662e-06    1.44606e-06    6.593983e-06    -4.096146e-06    2.893107e-08    -2.929246e-06    -2.522031e-06    8.857182e-07    2.428154e-06    2.45434e-07    2.43231e-07    -3.442232e-07    6.344871e-07    9.599355e-08
-2.115449e-06    -3.839685e-06    -2.537654e-06    -1.666889e-06    4.55609e-06    -8.358538e-07    -2.820863e-06    -4.993714e-06    -4.096146e-06    1.26802e-05    1.487256e-06    5.31682e-06    4.615481e-06    -2.687903e-07    -7.13067e-06    -5.978723e-07    3.945709e-07    1.758988e-06    -2.799644e-06    -5.683653e-07
-1.1283e-06    -1.072805e-06    -5.05562e-07    -4.475191e-07    1.130573e-06    -5.79111e-07    -1.402928e-06    -9.37446e-07    2.893107e-08    1.487256e-06    6.40453e-06    1.805346e-06    -1.789783e-06    3.080078e-09    -3.085656e-06    9.035914e-07    -1.70394e-06    -1.234211e-07    -5.018605e-09    -1.940833e-07
-2.206134e-06    -3.525608e-06    -2.445497e-06    -6.059497e-07    3.495543e-06    -1.878093e-06    -3.302604e-06    -3.075269e-06    -2.929246e-06    5.31682e-06    1.805346e-06    1.318194e-05    6.971675e-06    -3.502478e-06    -9.198236e-06    1.679319e-06    -3.828731e-06    -1.223962e-06    -1.217867e-06    1.605227e-08
-1.765771e-06    -2.740785e-06    -1.85595e-06    -5.762263e-07    3.32045e-06    -1.341656e-06    -2.832209e-06    -2.837026e-06    -2.522031e-06    4.615481e-06    -1.789783e-06    6.971675e-06    1.050383e-05    -7.422984e-07    -9.049029e-06    9.603358e-07    -2.559287e-06    -9.077085e-07    -1.27486e-06    1.260342e-07
-8.673982e-07    -6.953641e-08    9.507726e-07    7.179734e-08    -2.879754e-07    -4.525454e-08    -4.916302e-07    -1.885593e-07    8.857182e-07    -2.687903e-07    3.080078e-09    -3.502478e-06    -7.422984e-07    5.972233e-06    -1.824118e-06    4.62102e-07    -4.366871e-07    -1.613283e-07    2.000262e-07    -3.83173e-08
3.994276e-06    4.926347e-06    2.336857e-06    6.997413e-07    -4.775791e-06    2.11391e-06    5.22088e-06    4.24162e-06    2.428154e-06    -7.13067e-06    -3.085656e-06    -9.198236e-06    -9.049029e-06    -1.824118e-06    1.634509e-05    -1.657129e-06    4.7911e-06    3.880366e-07    1.548246e-06    2.302625e-07
5.101085e-07    1.622979e-07    1.452291e-07    3.841983e-07    -1.1023e-06    -8.535279e-08    2.481087e-07    4.839747e-07    2.45434e-07    -5.978723e-07    9.035914e-07    1.679319e-06    9.603358e-07    4.62102e-07    -1.657129e-06    3.147431e-06    -2.270696e-06    -2.616707e-06    5.260565e-07    1.832993e-07
9.951598e-07    1.238174e-08    -7.947452e-07    -5.409234e-07    6.237812e-07    1.019997e-06    7.324402e-08    -4.755863e-07    2.43231e-07    3.945709e-07    -1.70394e-06    -3.828731e-06    -2.559287e-06    -4.366871e-07    4.7911e-06    -2.270696e-06    8.999813e-06    -1.52951e-06    -2.158703e-06    7.417984e-08
-1.203334e-06    -9.630994e-07    -2.354594e-07    -7.220262e-07    1.798592e-06    -3.567718e-07    -6.877827e-07    -8.076503e-07    -3.442232e-07    1.758988e-06    -1.234211e-07    -1.223962e-06    -9.077085e-07    -1.613283e-07    3.880366e-07    -2.616707e-06    -1.52951e-06    6.475147e-06    -1.035103e-06    -8.321831e-07
1.186232e-06    1.894418e-06    9.286419e-07    8.685375e-07    -1.729553e-06    1.33239e-07    1.40315e-06    1.150788e-06    6.344871e-07    -2.799644e-06    -5.018605e-09    -1.217867e-06    -1.27486e-06    2.000262e-07    1.548246e-06    5.260565e-07    -2.158703e-06    -1.035103e-06    3.602277e-06    -7.012462e-08
6.677359e-08    4.464524e-07    4.524747e-07    1.057219e-07    -5.501137e-07    7.493415e-08    3.536604e-07    4.00371e-07    9.599355e-08    -5.683653e-07    -1.940833e-07    1.605227e-08    1.260342e-07    -3.83173e-08    2.302625e-07    1.832993e-07    7.417984e-08    -8.321831e-07    -7.012462e-08    5.490899e-07
