5.172255e-06    2.427888e-07    -2.809872e-06    -2.827094e-07    2.905719e-07    2.911205e-07    -2.233982e-07    -1.99755e-07    1.958577e-07    -2.120842e-08    -3.956715e-08    7.146652e-08    2.711828e-08    -8.850756e-08    8.355308e-08
2.427888e-07    3.569178e-06    -4.04574e-07    -2.42069e-06    8.808811e-07    6.20396e-08    -1.454143e-07    -1.934505e-07    3.002849e-08    7.77025e-08    -1.805846e-08    8.046489e-09    4.980443e-08    -1.161783e-08    1.468879e-08
-2.809872e-06    -4.04574e-07    3.938312e-06    4.107296e-07    -2.125435e-06    8.886054e-08    -1.862158e-07    -2.087109e-07    3.102674e-10    1.29773e-07    -2.970938e-08    -5.671031e-08    -2.442965e-08    -5.087606e-09    3.032629e-08
-2.827094e-07    -2.42069e-06    4.107296e-07    5.054463e-06    -2.842432e-06    3.022306e-07    -2.37637e-07    -3.049726e-07    2.275724e-07    2.648341e-08    7.274403e-09    1.102677e-08    -3.825746e-08    -2.586111e-08    3.051402e-08
2.905719e-07    8.808811e-07    -2.125435e-06    -2.842432e-06    6.504933e-06    -3.293469e-07    3.89492e-07    4.459466e-07    -2.008369e-07    -1.505798e-07    6.861599e-08    6.490961e-08    1.718849e-08    5.202393e-08    -8.952986e-08
2.911205e-07    6.20396e-08    8.886054e-08    3.022306e-07    -3.293469e-07    1.522817e-06    -6.193391e-07    -1.167208e-06    3.210409e-07    3.583482e-08    -3.146999e-07    -2.012429e-07    2.211555e-07    3.491335e-07    7.976387e-08
-2.233982e-07    -1.454143e-07    -1.862158e-07    -2.37637e-07    3.89492e-07    -6.193391e-07    4.544071e-06    -2.302371e-06    -1.320329e-06    2.26815e-07    5.613745e-09    1.54532e-07    -5.978907e-10    -7.725797e-08    2.242403e-07
-1.99755e-07    -1.934505e-07    -2.087109e-07    -3.049726e-07    4.459466e-07    -1.167208e-06    -2.302371e-06    4.281386e-06    -4.117152e-07    -5.328397e-07    -1.438736e-08    1.340141e-07    2.659921e-07    6.014816e-08    -5.905567e-07
1.958577e-07    3.002849e-08    3.102674e-10    2.275724e-07    -2.008369e-07    3.210409e-07    -1.320329e-06    -4.117152e-07    1.53437e-06    -1.456893e-07    3.825729e-07    1.226598e-07    -2.178764e-07    -2.228058e-07    -1.474502e-07
-2.120842e-08    7.77025e-08    1.29773e-07    2.648341e-08    -1.505798e-07    3.583482e-08    2.26815e-07    -5.328397e-07    -1.456893e-07    4.091927e-07    -2.203029e-08    -1.356825e-07    -7.29253e-08    -9.58022e-09    -5.252465e-10
-3.956715e-08    -1.805846e-08    -2.970938e-08    7.274403e-09    6.861599e-08    -3.146999e-07    5.613745e-09    -1.438736e-08    3.825729e-07    -2.203029e-08    3.069153e-06    -5.261763e-07    -2.192146e-06    3.374953e-07    8.121976e-08
7.146652e-08    8.046489e-09    -5.671031e-08    1.102677e-08    6.490961e-08    -2.012429e-07    1.54532e-07    1.340141e-07    1.226598e-07    -1.356825e-07    -5.261763e-07    3.847413e-06    1.141822e-07    -3.192157e-06    8.326779e-07
2.711828e-08    4.980443e-08    -2.442965e-08    -3.825746e-08    1.718849e-08    2.211555e-07    -5.978907e-10    2.659921e-07    -2.178764e-07    -7.29253e-08    -2.192146e-06    1.141822e-07    3.763799e-06    3.70122e-09    -1.990408e-06
-8.850756e-08    -1.161783e-08    -5.087606e-09    -2.586111e-08    5.202393e-08    3.491335e-07    -7.725797e-08    6.014816e-08    -2.228058e-07    -9.58022e-09    3.374953e-07    -3.192157e-06    3.70122e-09    5.55885e-06    -2.989057e-06
8.355308e-08    1.468879e-08    3.032629e-08    3.051402e-08    -8.952986e-08    7.976387e-08    2.242403e-07    -5.905567e-07    -1.474502e-07    -5.252465e-10    8.121976e-08    8.326779e-07    -1.990408e-06    -2.989057e-06    4.455677e-06
