5.182159e-06    3.853866e-07    -2.464886e-06    -2.743596e-07    -9.928149e-08    1.5306e-07    8.906832e-09    -9.780706e-08    -1.293058e-08    5.812654e-08
3.853866e-07    4.010525e-06    -3.291143e-07    -2.734395e-06    8.042172e-07    1.114263e-09    4.874875e-08    -6.897453e-08    -4.978705e-08    7.589947e-08
-2.464886e-06    -3.291143e-07    3.647567e-06    1.099244e-07    -1.724072e-06    -1.142016e-07    -5.783841e-08    8.134886e-08    1.875785e-08    -1.084192e-08
-2.743596e-07    -2.734395e-06    1.099244e-07    5.123746e-06    -2.446878e-06    2.187631e-09    8.045425e-09    1.186762e-08    -9.458259e-08    9.615147e-08
-9.928149e-08    8.042172e-07    -1.724072e-06    -2.446878e-06    5.950417e-06    8.02697e-08    -1.290349e-07    2.09955e-08    1.961559e-07    -1.946721e-07
1.5306e-07    1.114263e-09    -1.142016e-07    2.187631e-09    8.02697e-08    3.069153e-06    -5.261763e-07    -2.192146e-06    3.374953e-07    8.121976e-08
8.906832e-09    4.874875e-08    -5.783841e-08    8.045425e-09    -1.290349e-07    -5.261763e-07    3.847413e-06    1.141822e-07    -3.192157e-06    8.326779e-07
-9.780706e-08    -6.897453e-08    8.134886e-08    1.186762e-08    2.09955e-08    -2.192146e-06    1.141822e-07    3.763799e-06    3.70122e-09    -1.990408e-06
-1.293058e-08    -4.978705e-08    1.875785e-08    -9.458259e-08    1.961559e-07    3.374953e-07    -3.192157e-06    3.70122e-09    5.55885e-06    -2.989057e-06
5.812654e-08    7.589947e-08    -1.084192e-08    9.615147e-08    -1.946721e-07    8.121976e-08    8.326779e-07    -1.990408e-06    -2.989057e-06    4.455677e-06
