4.031233e-06    -1.349133e-07    -2.383666e-06    -5.92292e-07    8.958909e-09    2.522611e-07    -6.991328e-08    -1.983939e-07    1.728943e-07    -4.877872e-08    3.806857e-07    -1.405726e-07    -3.790418e-07    4.38475e-07    -9.252479e-08    -2.42113e-08    -5.465718e-08    2.146841e-08    4.628573e-08    -3.635983e-08
-1.349133e-07    3.917273e-06    -3.736174e-07    -2.365704e-06    1.450855e-07    1.126963e-07    -1.721754e-07    -3.572851e-07    -1.50638e-08    1.653444e-07    -7.684052e-07    5.399969e-07    9.389698e-07    -6.18689e-07    -6.116604e-08    -1.983373e-08    5.825707e-09    3.879564e-08    1.273127e-07    -1.516347e-07
-2.383666e-06    -3.736174e-07    3.896848e-06    -1.752482e-07    -1.137147e-06    1.223775e-08    -3.395076e-07    -1.656714e-07    6.615273e-08    1.518517e-07    -7.764107e-07    4.68574e-07    1.026448e-06    -6.285484e-07    -6.020138e-08    5.07326e-08    3.642758e-08    -1.023082e-08    1.488412e-09    -1.258304e-07
-5.92292e-07    -2.365704e-06    -1.752482e-07    3.976115e-06    -9.157032e-07    2.268303e-07    -2.012523e-07    -1.158731e-07    2.188591e-07    -6.237872e-08    3.605359e-07    1.916535e-08    -4.426847e-07    3.943794e-07    -8.619537e-08    5.415537e-08    2.75359e-08    3.764125e-08    -1.06466e-07    -2.231564e-08
8.958909e-09    1.450855e-07    -1.137147e-06    -9.157032e-07    2.505312e-06    -2.985701e-07    3.414929e-07    4.375775e-07    -2.268836e-07    -1.133559e-07    3.980481e-07    -3.920922e-07    -5.935208e-07    1.957435e-07    1.426249e-07    -4.453383e-08    -1.262755e-08    -3.271179e-08    5.266398e-11    1.565979e-07
2.522611e-07    1.126963e-07    1.223775e-08    2.268303e-07    -2.985701e-07    4.198355e-06    -3.570896e-07    -3.268864e-06    -2.005086e-07    -1.219386e-07    -2.593112e-07    3.754339e-07    3.043467e-07    -1.476575e-07    -9.40225e-08    -4.279614e-07    -9.688824e-08    3.196944e-07    3.070012e-07    1.843657e-07
-6.991328e-08    -1.721754e-07    -3.395076e-07    -2.012523e-07    3.414929e-07    -3.570896e-07    1.233661e-05    -8.056497e-06    -2.337646e-06    6.702505e-07    4.644868e-07    -3.84062e-07    -6.863254e-07    2.936372e-07    1.314173e-07    5.161131e-08    -6.382884e-08    -3.717155e-07    6.069029e-08    8.485476e-07
-1.983939e-07    -3.572851e-07    -1.656714e-07    -1.158731e-07    4.375775e-07    -3.268864e-06    -8.056497e-06    1.231061e-05    -7.233887e-07    -1.183478e-06    3.687862e-07    -4.727328e-07    -4.241961e-07    2.551866e-07    9.716301e-08    -2.237816e-08    1.305968e-07    4.577215e-07    1.749905e-07    -1.002033e-06
1.728943e-07    -1.50638e-08    6.615273e-08    2.188591e-07    -2.268836e-07    -2.005086e-07    -2.337646e-06    -7.233887e-07    3.857491e-06    -3.243028e-07    -1.94757e-07    2.349337e-07    3.139268e-07    -8.157929e-08    -1.101688e-07    5.393521e-07    3.237655e-07    -1.117594e-07    -4.850874e-07    -4.689466e-07
-4.877872e-08    1.653444e-07    1.518517e-07    -6.237872e-08    -1.133559e-07    -1.219386e-07    6.702505e-07    -1.183478e-06    -3.243028e-07    1.055329e-06    -1.407761e-07    1.051815e-07    1.723801e-07    -1.413723e-07    5.758597e-09    -7.630763e-08    -1.197049e-07    -1.286879e-07    -7.033174e-08    3.119163e-08
3.806857e-07    -7.684052e-07    -7.764107e-07    3.605359e-07    3.980481e-07    -2.593112e-07    4.644868e-07    3.687862e-07    -1.94757e-07    -1.407761e-07    1.522817e-06    -6.193391e-07    -1.167208e-06    3.210409e-07    3.583482e-08    -3.146999e-07    -2.012429e-07    2.211555e-07    3.491335e-07    7.976387e-08
-1.405726e-07    5.399969e-07    4.68574e-07    1.916535e-08    -3.920922e-07    3.754339e-07    -3.84062e-07    -4.727328e-07    2.349337e-07    1.051815e-07    -6.193391e-07    4.544071e-06    -2.302371e-06    -1.320329e-06    2.26815e-07    5.613745e-09    1.54532e-07    -5.978907e-10    -7.725797e-08    2.242403e-07
-3.790418e-07    9.389698e-07    1.026448e-06    -4.426847e-07    -5.935208e-07    3.043467e-07    -6.863254e-07    -4.241961e-07    3.139268e-07    1.723801e-07    -1.167208e-06    -2.302371e-06    4.281386e-06    -4.117152e-07    -5.328397e-07    -1.438736e-08    1.340141e-07    2.659921e-07    6.014816e-08    -5.905567e-07
4.38475e-07    -6.18689e-07    -6.285484e-07    3.943794e-07    1.957435e-07    -1.476575e-07    2.936372e-07    2.551866e-07    -8.157929e-08    -1.413723e-07    3.210409e-07    -1.320329e-06    -4.117152e-07    1.53437e-06    -1.456893e-07    3.825729e-07    1.226598e-07    -2.178764e-07    -2.228058e-07    -1.474502e-07
-9.252479e-08    -6.116604e-08    -6.020138e-08    -8.619537e-08    1.426249e-07    -9.40225e-08    1.314173e-07    9.716301e-08    -1.101688e-07    5.758597e-09    3.583482e-08    2.26815e-07    -5.328397e-07    -1.456893e-07    4.091927e-07    -2.203029e-08    -1.356825e-07    -7.29253e-08    -9.58022e-09    -5.252465e-10
-2.42113e-08    -1.983373e-08    5.07326e-08    5.415537e-08    -4.453383e-08    -4.279614e-07    5.161131e-08    -2.237816e-08    5.393521e-07    -7.630763e-08    -3.146999e-07    5.613745e-09    -1.438736e-08    3.825729e-07    -2.203029e-08    3.069153e-06    -5.261763e-07    -2.192146e-06    3.374953e-07    8.121976e-08
-5.465718e-08    5.825707e-09    3.642758e-08    2.75359e-08    -1.262755e-08    -9.688824e-08    -6.382884e-08    1.305968e-07    3.237655e-07    -1.197049e-07    -2.012429e-07    1.54532e-07    1.340141e-07    1.226598e-07    -1.356825e-07    -5.261763e-07    3.847413e-06    1.141822e-07    -3.192157e-06    8.326779e-07
2.146841e-08    3.879564e-08    -1.023082e-08    3.764125e-08    -3.271179e-08    3.196944e-07    -3.717155e-07    4.577215e-07    -1.117594e-07    -1.286879e-07    2.211555e-07    -5.978907e-10    2.659921e-07    -2.178764e-07    -7.29253e-08    -2.192146e-06    1.141822e-07    3.763799e-06    3.70122e-09    -1.990408e-06
4.628573e-08    1.273127e-07    1.488412e-09    -1.06466e-07    5.266398e-11    3.070012e-07    6.069029e-08    1.749905e-07    -4.850874e-07    -7.033174e-08    3.491335e-07    -7.725797e-08    6.014816e-08    -2.228058e-07    -9.58022e-09    3.374953e-07    -3.192157e-06    3.70122e-09    5.55885e-06    -2.989057e-06
-3.635983e-08    -1.516347e-07    -1.258304e-07    -2.231564e-08    1.565979e-07    1.843657e-07    8.485476e-07    -1.002033e-06    -4.689466e-07    3.119163e-08    7.976387e-08    2.242403e-07    -5.905567e-07    -1.474502e-07    -5.252465e-10    8.121976e-08    8.326779e-07    -1.990408e-06    -2.989057e-06    4.455677e-06
