1.522817e-06    -6.193391e-07    -1.167208e-06    3.210409e-07    3.583482e-08    9.410025e-08    -2.471219e-07    -3.3536e-07    2.327549e-08    2.733033e-07    -3.146999e-07    -2.012429e-07    2.211555e-07    3.491335e-07    7.976387e-08
-6.193391e-07    4.544071e-06    -2.302371e-06    -1.320329e-06    2.26815e-07    -1.572264e-07    -1.70982e-07    3.36284e-08    3.513223e-08    9.566797e-08    5.613745e-09    1.54532e-07    -5.978907e-10    -7.725797e-08    2.242403e-07
-1.167208e-06    -2.302371e-06    4.281386e-06    -4.117152e-07    -5.328397e-07    -1.938184e-08    5.196001e-07    3.267416e-07    -1.345392e-07    -3.139557e-07    -1.438736e-08    1.340141e-07    2.659921e-07    6.014816e-08    -5.905567e-07
3.210409e-07    -1.320329e-06    -4.117152e-07    1.53437e-06    -1.456893e-07    8.529021e-08    -2.311492e-07    -1.630939e-07    5.456771e-08    9.15669e-08    3.825729e-07    1.226598e-07    -2.178764e-07    -2.228058e-07    -1.474502e-07
3.583482e-08    2.26815e-07    -5.328397e-07    -1.456893e-07    4.091927e-07    1.536631e-09    4.402508e-08    5.846757e-08    -1.154205e-08    -2.366637e-08    -2.203029e-08    -1.356825e-07    -7.29253e-08    -9.58022e-09    -5.252465e-10
9.410025e-08    -1.572264e-07    -1.938184e-08    8.529021e-08    1.536631e-09    1.081016e-05    3.549973e-07    -8.377573e-06    1.736126e-07    2.270764e-07    3.783093e-08    3.093601e-08    1.874694e-07    2.138734e-08    -2.233691e-07
-2.471219e-07    -1.70982e-07    5.196001e-07    -2.311492e-07    4.402508e-08    3.549973e-07    1.249359e-05    -2.934063e-06    -8.304608e-06    2.022522e-06    -2.329481e-08    1.721804e-07    1.582067e-07    2.917168e-08    -3.369594e-07
-3.3536e-07    3.36284e-08    3.267416e-07    -1.630939e-07    5.846757e-08    -8.377573e-06    -2.934063e-06    1.264536e-05    5.710938e-08    -3.571724e-06    8.207869e-08    -7.363115e-10    -8.545894e-08    1.164223e-07    -9.731235e-08
2.327549e-08    3.513223e-08    -1.345392e-07    5.456771e-08    -1.154205e-08    1.736126e-07    -8.304608e-06    5.710938e-08    1.104064e-05    -3.105478e-06    1.049986e-07    1.798088e-08    5.217771e-08    -4.257168e-08    -3.65403e-08
2.733033e-07    9.566797e-08    -3.139557e-07    9.15669e-08    -2.366637e-08    2.270764e-07    2.022522e-06    -3.571724e-06    -3.105478e-06    5.495815e-06    -1.407944e-07    -6.655231e-08    -5.256592e-08    -5.755051e-08    2.322902e-07
-3.146999e-07    5.613745e-09    -1.438736e-08    3.825729e-07    -2.203029e-08    3.783093e-08    -2.329481e-08    8.207869e-08    1.049986e-07    -1.407944e-07    3.069153e-06    -5.261763e-07    -2.192146e-06    3.374953e-07    8.121976e-08
-2.012429e-07    1.54532e-07    1.340141e-07    1.226598e-07    -1.356825e-07    3.093601e-08    1.721804e-07    -7.363115e-10    1.798088e-08    -6.655231e-08    -5.261763e-07    3.847413e-06    1.141822e-07    -3.192157e-06    8.326779e-07
2.211555e-07    -5.978907e-10    2.659921e-07    -2.178764e-07    -7.29253e-08    1.874694e-07    1.582067e-07    -8.545894e-08    5.217771e-08    -5.256592e-08    -2.192146e-06    1.141822e-07    3.763799e-06    3.70122e-09    -1.990408e-06
3.491335e-07    -7.725797e-08    6.014816e-08    -2.228058e-07    -9.58022e-09    2.138734e-08    2.917168e-08    1.164223e-07    -4.257168e-08    -5.755051e-08    3.374953e-07    -3.192157e-06    3.70122e-09    5.55885e-06    -2.989057e-06
7.976387e-08    2.242403e-07    -5.905567e-07    -1.474502e-07    -5.252465e-10    -2.233691e-07    -3.369594e-07    -9.731235e-08    -3.65403e-08    2.322902e-07    8.121976e-08    8.326779e-07    -1.990408e-06    -2.989057e-06    4.455677e-06
