3.230536e-06    6.521993e-07    -8.292902e-07    -4.694414e-08    -8.449585e-07    7.48368e-07    -2.473225e-06    -5.916819e-07    7.197023e-07    7.709358e-07    -1.920129e-07    1.173705e-07    5.883832e-07    -6.348507e-08    -8.125174e-07
6.521993e-07    4.815387e-06    1.475379e-06    -1.762443e-07    -3.655233e-06    3.058983e-06    -6.989337e-06    -3.482016e-06    4.354112e-06    1.350862e-06    4.894192e-07    1.203532e-06    1.721257e-06    -9.604726e-07    -2.832618e-06
-8.292902e-07    1.475379e-06    4.226065e-06    1.280345e-06    -3.448641e-06    2.213912e-06    -3.561911e-06    -3.578079e-06    3.162051e-06    1.496647e-06    1.89872e-07    1.41345e-06    1.210259e-06    -1.676517e-06    -1.628764e-06
-4.694414e-08    -1.762443e-07    1.280345e-06    3.315228e-06    -2.547434e-06    2.525676e-06    -3.695313e-06    -3.03564e-06    2.820241e-06    8.557797e-07    1.262151e-07    1.391874e-06    9.628537e-07    -1.577975e-06    -1.208906e-06
-8.449585e-07    -3.655233e-06    -3.448641e-06    -2.547434e-06    8.46548e-06    -4.08806e-06    8.725626e-06    5.084635e-06    -6.284608e-06    -1.915206e-06    4.98176e-07    -3.19821e-06    -2.580723e-06    2.585703e-06    3.484496e-06
7.48368e-07    3.058983e-06    2.213912e-06    2.525676e-06    -4.08806e-06    9.058368e-06    -1.225435e-05    -8.840395e-06    7.09576e-06    2.036562e-06    7.592322e-07    2.710382e-06    3.389179e-06    -2.189495e-06    -5.073399e-06
-2.473225e-06    -6.989337e-06    -3.561911e-06    -3.695313e-06    8.725626e-06    -1.225435e-05    2.640138e-05    1.169717e-05    -1.438958e-05    -3.910931e-06    -1.423236e-06    -4.676836e-06    -6.625929e-06    3.815488e-06    1.066712e-05
-5.916819e-07    -3.482016e-06    -3.578079e-06    -3.03564e-06    5.084635e-06    -8.840395e-06    1.169717e-05    1.287541e-05    -8.982866e-06    -3.87357e-06    -2.112423e-06    -2.829293e-06    -2.553338e-06    3.452569e-06    5.18941e-06
7.197023e-07    4.354112e-06    3.162051e-06    2.820241e-06    -6.284608e-06    7.09576e-06    -1.438958e-05    -8.982866e-06    1.120152e-05    2.183827e-06    2.022326e-06    3.376023e-06    3.570519e-06    -3.371695e-06    -6.693936e-06
7.709358e-07    1.350862e-06    1.496647e-06    8.557797e-07    -1.915206e-06    2.036562e-06    -3.910931e-06    -3.87357e-06    2.183827e-06    2.902669e-06    1.775576e-07    7.433229e-07    9.849517e-07    -1.145725e-06    -1.645254e-06
-1.920129e-07    4.894192e-07    1.89872e-07    1.262151e-07    4.98176e-07    7.592322e-07    -1.423236e-06    -2.112423e-06    2.022326e-06    1.775576e-07    4.002588e-06    -1.224321e-06    -1.88157e-06    2.219525e-07    -8.008506e-07
1.173705e-07    1.203532e-06    1.41345e-06    1.391874e-06    -3.19821e-06    2.710382e-06    -4.676836e-06    -2.829293e-06    3.376023e-06    7.433229e-07    -1.224321e-06    4.522789e-06    2.2663e-06    -3.119028e-06    -2.141938e-06
5.883832e-07    1.721257e-06    1.210259e-06    9.628537e-07    -2.580723e-06    3.389179e-06    -6.625929e-06    -2.553338e-06    3.570519e-06    9.849517e-07    -1.88157e-06    2.2663e-06    5.084414e-06    -1.095633e-06    -4.586901e-06
-6.348507e-08    -9.604726e-07    -1.676517e-06    -1.577975e-06    2.585703e-06    -2.189495e-06    3.815488e-06    3.452569e-06    -3.371695e-06    -1.145725e-06    2.219525e-07    -3.119028e-06    -1.095633e-06    4.012977e-06    5.345152e-07
-8.125174e-07    -2.832618e-06    -1.628764e-06    -1.208906e-06    3.484496e-06    -5.073399e-06    1.066712e-05    5.18941e-06    -6.693936e-06    -1.645254e-06    -8.008506e-07    -2.141938e-06    -4.586901e-06    5.345152e-07    7.937913e-06
