6.867902e-06    -4.759725e-06    -7.350703e-06    1.113934e-06    2.777515e-06    -1.510425e-07    1.001871e-06    2.186484e-06    -1.631207e-07    -3.361189e-06
-4.759725e-06    1.306539e-05    1.000034e-05    -4.688718e-06    -6.59452e-06    5.843641e-07    -4.072111e-06    -4.598025e-06    3.09233e-06    6.400805e-06
-7.350703e-06    1.000034e-05    1.445614e-05    -1.675097e-06    -8.651078e-06    -4.790029e-07    -3.353194e-06    -4.075297e-06    2.526526e-06    6.772186e-06
1.113934e-06    -4.688718e-06    -1.675097e-06    4.719441e-06    -2.889734e-07    -1.390085e-06    1.383502e-06    8.494648e-07    -8.795293e-07    -5.571494e-07
2.777515e-06    -6.59452e-06    -8.651078e-06    -2.889734e-07    8.011456e-06    1.071715e-06    2.226647e-06    3.20702e-06    -1.911918e-06    -5.394339e-06
-1.510425e-07    5.843641e-07    -4.790029e-07    -1.390085e-06    1.071715e-06    4.002588e-06    -1.224321e-06    -1.88157e-06    2.219525e-07    -8.008506e-07
1.001871e-06    -4.072111e-06    -3.353194e-06    1.383502e-06    2.226647e-06    -1.224321e-06    4.522789e-06    2.2663e-06    -3.119028e-06    -2.141938e-06
2.186484e-06    -4.598025e-06    -4.075297e-06    8.494648e-07    3.20702e-06    -1.88157e-06    2.2663e-06    5.084414e-06    -1.095633e-06    -4.586901e-06
-1.631207e-07    3.09233e-06    2.526526e-06    -8.795293e-07    -1.911918e-06    2.219525e-07    -3.119028e-06    -1.095633e-06    4.012977e-06    5.345152e-07
-3.361189e-06    6.400805e-06    6.772186e-06    -5.571494e-07    -5.394339e-06    -8.008506e-07    -2.141938e-06    -4.586901e-06    5.345152e-07    7.937913e-06
