4.979792e-06    2.512916e-06    -2.175512e-07    -1.460202e-06    -4.258484e-06    -1.409557e-06    -5.008728e-06    -2.944088e-06    -6.344639e-07    3.511195e-06    1.587981e-06    -9.597586e-07    1.888005e-07    2.634549e-06    -2.010924e-06    4.088913e-06    -7.99716e-06    -4.331309e-06    4.763872e-06    1.644704e-06    -4.347576e-07    1.646696e-06    -1.553436e-07    1.179789e-06    1.879546e-07    2.107265e-06    -4.264868e-06    -2.5129e-06    2.073258e-06    1.01634e-06    -1.133947e-06    4.201511e-06    4.956836e-06    -8.57654e-07    -3.29448e-06    3.628725e-08    1.748803e-06    2.176575e-06    -1.575685e-06    -2.954672e-06
2.512916e-06    5.399385e-06    1.74499e-06    -3.076662e-06    -4.050674e-06    -1.824844e-06    -5.60656e-06    -2.204932e-06    3.807621e-07    2.906268e-06    1.362071e-06    -1.427572e-06    -4.280543e-07    2.269259e-06    -6.208923e-07    3.813427e-06    -7.586244e-06    -4.826281e-06    5.266467e-06    1.762035e-06    1.358924e-07    3.003124e-07    -6.316317e-07    1.388346e-06    4.190594e-07    1.370894e-06    -3.223836e-06    -1.840726e-06    1.60205e-06    5.575135e-07    -1.204015e-06    4.571682e-06    4.459853e-06    -1.488077e-06    -2.537316e-06    6.041612e-07    1.747703e-06    1.895242e-06    -1.882168e-06    -2.852941e-06
-2.175512e-07    1.74499e-06    3.794063e-06    8.61164e-09    -3.11176e-06    -1.116361e-06    -2.120194e-06    -2.686842e-07    9.604007e-07    7.434016e-07    1.61673e-07    -4.749369e-07    -7.330671e-07    4.763608e-08    9.849071e-07    8.815047e-07    -2.14287e-06    -1.868089e-06    1.830704e-06    1.157613e-06    5.485643e-07    -8.124912e-07    -7.872844e-07    6.15624e-07    4.024572e-07    1.981985e-07    1.59555e-07    -1.549988e-07    -4.031004e-08    -3.67896e-07    -7.426507e-08    1.258792e-06    1.471581e-06    -3.203949e-07    -1.065778e-06    1.950065e-07    5.772297e-07    6.918447e-07    -7.815302e-07    -1.133248e-06
-1.460202e-06    -3.076662e-06    8.61164e-09    4.199323e-06    2.58675e-06    9.864714e-07    4.042436e-06    2.36044e-06    6.323084e-08    -2.605743e-06    -1.423103e-06    7.775309e-07    -6.581647e-07    -1.954569e-06    1.639675e-06    -3.354417e-06    5.824356e-06    3.450239e-06    -3.490743e-06    -5.945248e-07    7.518078e-07    -1.068481e-06    -5.421219e-07    -8.789954e-07    -2.016811e-08    -9.42945e-07    3.934217e-06    1.568587e-06    -1.981464e-06    -7.746838e-07    8.469613e-07    -4.196684e-06    -2.987183e-06    1.732642e-06    1.571759e-06    -7.242535e-07    -8.494212e-07    -1.259053e-06    6.353489e-07    2.318165e-06
-4.258484e-06    -4.050674e-06    -3.11176e-06    2.58675e-06    1.21106e-05    3.121933e-06    8.271395e-06    4.277682e-06    -1.400289e-06    -4.884958e-06    -3.00299e-06    1.689549e-06    5.429621e-07    -4.235503e-06    2.329626e-06    -7.353012e-06    1.182176e-05    7.585329e-06    -6.439961e-06    -2.798866e-06    2.249783e-07    -2.0716e-06    4.715544e-07    -1.954367e-06    -3.046555e-07    -3.641977e-06    6.274127e-06    3.865088e-06    -3.350285e-06    -8.780004e-07    1.062653e-06    -6.112092e-06    -7.16633e-06    1.183007e-06    4.896849e-06    2.148033e-07    -2.412793e-06    -3.788014e-06    1.644252e-06    4.961822e-06
-1.409557e-06    -1.824844e-06    -1.116361e-06    9.864714e-07    3.121933e-06    3.399707e-06    2.125229e-06    -5.915166e-07    -5.227191e-07    -1.309164e-06    -5.66873e-07    6.307223e-07    -2.525437e-07    -9.222435e-07    6.504231e-07    -1.530965e-06    3.385318e-06    2.132505e-06    -1.813284e-06    -1.192527e-06    2.048283e-07    -3.101345e-07    3.040288e-08    -7.860982e-07    -1.390437e-07    -9.142039e-07    1.981524e-06    3.954346e-07    -1.085581e-06    1.484939e-07    1.65713e-07    -2.35517e-06    -1.506399e-06    1.164701e-06    7.093879e-07    -2.749373e-07    -4.2565e-07    -6.663767e-07    2.471288e-07    1.486051e-06
-5.008728e-06    -5.60656e-06    -2.120194e-06    4.042436e-06    8.271395e-06    2.125229e-06    1.348276e-05    6.354984e-06    -1.615957e-06    -6.311525e-06    -3.75545e-06    1.83129e-06    1.181387e-07    -4.8149e-06    3.207757e-06    -8.754483e-06    1.548506e-05    9.698283e-06    -1.053455e-05    -2.782926e-06    8.574937e-07    -2.436418e-06    -2.430449e-07    -2.927937e-06    -8.819495e-08    -3.417522e-06    8.6905e-06    5.105472e-06    -4.017555e-06    -2.037316e-06    2.366545e-06    -8.665894e-06    -1.040584e-05    2.127292e-06    6.26622e-06    -1.31937e-06    -3.6109e-06    -4.69255e-06    2.986148e-06    7.292411e-06
-2.944088e-06    -2.204932e-06    -2.686842e-07    2.36044e-06    4.277682e-06    -5.915166e-07    6.354984e-06    7.522459e-06    1.032646e-06    -5.41534e-06    -2.403235e-06    -2.895621e-07    -1.175616e-06    -2.344563e-06    3.229555e-06    -5.81874e-06    9.606011e-06    6.66631e-06    -6.198217e-06    -1.538025e-06    1.705299e-06    -2.875544e-06    -1.098018e-06    -1.148834e-06    1.041826e-07    -2.142895e-06    6.465096e-06    4.367685e-06    -3.144589e-06    -2.506532e-06    2.118826e-06    -6.786916e-06    -7.678292e-06    1.704352e-06    5.275769e-06    -8.622209e-07    -2.453266e-06    -2.73495e-06    2.114595e-06    4.824955e-06
-6.344639e-07    3.807621e-07    9.604007e-07    6.323084e-08    -1.400289e-06    -5.227191e-07    -1.615957e-06    1.032646e-06    4.863043e-06    -2.402271e-06    7.461028e-07    -1.184449e-06    -2.742995e-06    4.023984e-07    1.859922e-06    2.978215e-07    1.979933e-06    -6.745109e-08    -2.11509e-07    -3.009917e-07    1.388196e-06    -1.631117e-06    -1.049342e-06    9.060206e-07    -6.313526e-08    3.114019e-07    2.016587e-06    5.46635e-07    -8.7746e-07    -7.909147e-07    6.282063e-07    -3.521789e-06    -5.950873e-07    1.791856e-06    6.937961e-07    -6.950722e-07    8.183195e-07    2.518621e-07    -2.792666e-07    3.718487e-07
3.511195e-06    2.906268e-06    7.434016e-07    -2.605743e-06    -4.884958e-06    -1.309164e-06    -6.311525e-06    -5.41534e-06    -2.402271e-06    8.308284e-06    1.473375e-06    5.612305e-07    2.853903e-06    2.335052e-06    -3.879723e-06    5.770924e-06    -1.170496e-05    -6.550012e-06    6.590582e-06    2.097012e-06    -2.248313e-06    3.536003e-06    1.806385e-06    2.720178e-07    3.266548e-08    2.193177e-06    -7.573957e-06    -3.98433e-06    3.226172e-06    2.286349e-06    -1.766492e-06    8.861359e-06    6.665002e-06    -3.081615e-06    -4.560136e-06    1.808725e-06    1.422485e-06    2.162467e-06    -1.853908e-06    -4.745393e-06
1.587981e-06    1.362071e-06    1.61673e-07    -1.423103e-06    -3.00299e-06    -5.66873e-07    -3.75545e-06    -2.403235e-06    7.461028e-07    1.473375e-06    4.083067e-06    -7.209514e-07    -2.108591e-06    1.132269e-06    -8.348474e-07    2.840175e-06    -3.597327e-06    -3.303034e-06    2.815874e-06    7.436144e-07    -6.082877e-08    2.323224e-09    2.926472e-08    1.771751e-06    -1.575009e-07    7.045634e-07    -2.456561e-06    -8.196664e-07    1.013203e-06    7.42406e-07    -3.564216e-07    2.540059e-06    2.820235e-06    -7.037958e-07    -1.702344e-06    1.394932e-07    1.199978e-06    9.861485e-07    -8.047153e-07    -1.640699e-06
-9.597586e-07    -1.427572e-06    -4.749369e-07    7.775309e-07    1.689549e-06    6.307223e-07    1.83129e-06    -2.895621e-07    -1.184449e-06    5.612305e-07    -7.209514e-07    3.225865e-06    1.042384e-06    -2.33534e-06    -4.072581e-07    -9.38493e-07    1.487121e-06    4.977301e-07    -1.097942e-06    -1.446921e-07    -1.473705e-06    1.252347e-06    1.357823e-06    -1.359577e-06    -9.324615e-08    -2.820305e-07    4.1523e-08    -6.093431e-07    -2.714229e-07    7.598597e-07    4.661831e-08    7.182514e-07    -6.154338e-07    -5.229507e-07    -1.901894e-08    3.371288e-07    -4.396399e-07    -6.515453e-07    1.068301e-07    2.333117e-07
1.888005e-07    -4.280543e-07    -7.330671e-07    -6.581647e-07    5.429621e-07    -2.525437e-07    1.181387e-07    -1.175616e-06    -2.742995e-06    2.853903e-06    -2.108591e-06    1.042384e-06    5.821202e-06    -1.991838e-08    -3.365409e-06    8.905141e-07    -3.199186e-06    -7.683166e-07    7.65041e-07    1.22051e-07    -2.253336e-06    2.835959e-06    2.353824e-06    -1.386226e-06    -2.777561e-07    6.10294e-07    -3.931993e-06    -1.537622e-06    1.776711e-06    7.936778e-07    -7.680823e-07    3.837696e-06    9.556376e-07    -2.335915e-06    -3.122407e-07    1.726003e-06    -1.196943e-06    -1.419015e-07    9.629813e-07    -1.703287e-06
2.634549e-06    2.269259e-06    4.763608e-08    -1.954569e-06    -4.235503e-06    -9.222435e-07    -4.8149e-06    -2.344563e-06    4.023984e-07    2.335052e-06    1.132269e-06    -2.33534e-06    -1.991838e-08    5.180488e-06    -2.360911e-06    4.251251e-06    -7.016555e-06    -3.634311e-06    3.735659e-06    1.119161e-06    1.07461e-07    1.774204e-06    3.650488e-09    1.065317e-06    -2.731508e-07    2.562326e-06    -4.286575e-06    -2.93809e-06    2.286041e-06    8.58345e-07    -9.549517e-07    2.070941e-06    3.965316e-06    1.771012e-07    -2.407617e-06    -3.265991e-07    1.802032e-06    2.539183e-06    -1.111112e-06    -2.718849e-06
-2.010924e-06    -6.208923e-07    9.849071e-07    1.639675e-06    2.329626e-06    6.504231e-07    3.207757e-06    3.229555e-06    1.859922e-06    -3.879723e-06    -8.348474e-07    -4.072581e-07    -3.365409e-06    -2.360911e-06    5.410115e-06    -3.400489e-06    6.850523e-06    3.047364e-06    -3.095198e-06    -7.913964e-07    2.205365e-06    -3.767497e-06    -1.87677e-06    -9.289153e-08    4.747778e-07    -2.460943e-06    6.072207e-06    3.463832e-06    -2.828042e-06    -1.590499e-06    7.344501e-07    -4.817995e-06    -3.756892e-06    1.71584e-06    2.587553e-06    -7.405631e-07    -7.806831e-07    -1.698685e-06    1.03549e-07    3.521735e-06
4.088913e-06    3.813427e-06    8.815047e-07    -3.354417e-06    -7.353012e-06    -1.530965e-06    -8.754483e-06    -5.81874e-06    2.978215e-07    5.770924e-06    2.840175e-06    -9.38493e-07    8.905141e-07    4.251251e-06    -3.400489e-06    9.058368e-06    -1.225435e-05    -8.840395e-06    7.09576e-06    2.036562e-06    -1.432672e-06    3.057826e-06    1.365897e-06    1.261298e-06    -1.457783e-07    3.063166e-06    -7.97651e-06    -4.781357e-06    3.62469e-06    2.425762e-06    -2.137618e-06    7.297582e-06    7.821983e-06    -1.869887e-06    -4.815683e-06    7.592322e-07    2.710382e-06    3.389179e-06    -2.189495e-06    -5.073399e-06
-7.99716e-06    -7.586244e-06    -2.14287e-06    5.824356e-06    1.182176e-05    3.385318e-06    1.548506e-05    9.606011e-06    1.979933e-06    -1.170496e-05    -3.597327e-06    1.487121e-06    -3.199186e-06    -7.016555e-06    6.850523e-06    -1.225435e-05    2.640138e-05    1.169717e-05    -1.438958e-05    -3.910931e-06    2.720366e-06    -6.309337e-06    -1.49591e-06    -2.116746e-06    -1.529283e-07    -5.749699e-06    1.46039e-05    8.734428e-06    -7.038213e-06    -3.628709e-06    3.170626e-06    -1.479669e-05    -1.423622e-05    3.875739e-06    9.594852e-06    -1.423236e-06    -4.676836e-06    -6.625929e-06    3.815488e-06    1.066712e-05
-4.331309e-06    -4.826281e-06    -1.868089e-06    3.450239e-06    7.585329e-06    2.132505e-06    9.698283e-06    6.66631e-06    -6.745109e-08    -6.550012e-06    -3.303034e-06    4.977301e-07    -7.683166e-07    -3.634311e-06    3.047364e-06    -8.840395e-06    1.169717e-05    1.287541e-05    -8.982866e-06    -3.87357e-06    1.943899e-06    -2.420045e-06    -1.913128e-06    -1.803892e-06    3.071207e-08    -2.646755e-06    8.118226e-06    4.676333e-06    -3.516487e-06    -2.824013e-06    3.172322e-06    -9.411131e-06    -9.280982e-06    3.445128e-06    5.254429e-06    -2.112423e-06    -2.829293e-06    -2.553338e-06    3.452569e-06    5.18941e-06
4.763872e-06    5.266467e-06    1.830704e-06    -3.490743e-06    -6.439961e-06    -1.813284e-06    -1.053455e-05    -6.198217e-06    -2.11509e-07    6.590582e-06    2.815874e-06    -1.097942e-06    7.65041e-07    3.735659e-06    -3.095198e-06    7.09576e-06    -1.438958e-05    -8.982866e-06    1.120152e-05    2.183827e-06    -1.342834e-06    2.376484e-06    5.963582e-07    2.442879e-06    1.838399e-07    2.966968e-06    -8.279416e-06    -4.940641e-06    3.819527e-06    2.32177e-06    -2.478466e-06    9.436415e-06    9.317669e-06    -2.941591e-06    -5.634798e-06    2.022326e-06    3.376023e-06    3.570519e-06    -3.371695e-06    -6.693936e-06
1.644704e-06    1.762035e-06    1.157613e-06    -5.945248e-07    -2.798866e-06    -1.192527e-06    -2.782926e-06    -1.538025e-06    -3.009917e-07    2.097012e-06    7.436144e-07    -1.446921e-07    1.22051e-07    1.119161e-06    -7.913964e-07    2.036562e-06    -3.910931e-06    -3.87357e-06    2.183827e-06    2.902669e-06    -4.965437e-07    8.90586e-07    3.764843e-07    2.737349e-07    1.472219e-07    1.035536e-06    -1.984204e-06    -1.370228e-06    8.346437e-07    6.096853e-07    -8.386778e-07    2.576821e-06    2.922578e-06    -7.891852e-07    -1.888013e-06    1.775576e-07    7.433229e-07    9.849517e-07    -1.145725e-06    -1.645254e-06
-4.347576e-07    1.358924e-07    5.485643e-07    7.518078e-07    2.249783e-07    2.048283e-07    8.574937e-07    1.705299e-06    1.388196e-06    -2.248313e-06    -6.082877e-08    -1.473705e-06    -2.253336e-06    1.07461e-07    2.205365e-06    -1.432672e-06    2.720366e-06    1.943899e-06    -1.342834e-06    -4.965437e-07    2.988247e-06    -1.991629e-06    -2.093622e-06    3.125771e-07    3.228359e-08    -7.438068e-07    3.069401e-06    1.750671e-06    -1.132182e-06    -1.331355e-06    4.603781e-07    -3.174399e-06    -1.648667e-06    1.406204e-06    1.235279e-06    -1.035976e-06    -2.50505e-07    -6.040582e-09    4.27634e-07    1.482977e-06
1.646696e-06    3.003124e-07    -8.124912e-07    -1.068481e-06    -2.0716e-06    -3.101345e-07    -2.436418e-06    -2.875544e-06    -1.631117e-06    3.536003e-06    2.323224e-09    1.252347e-06    2.835959e-06    1.774204e-06    -3.767497e-06    3.057826e-06    -6.309337e-06    -2.420045e-06    2.376484e-06    8.90586e-07    -1.991629e-06    6.198898e-06    8.836452e-07    -1.557639e-06    -2.231747e-07    3.185e-06    -5.001617e-06    -4.755374e-06    2.605618e-06    1.774988e-06    -5.493751e-07    3.41014e-06    3.503011e-06    -4.351503e-07    -3.045405e-06    -2.245936e-07    1.275546e-06    2.580883e-06    -4.778677e-07    -3.376521e-06
-1.553436e-07    -6.316317e-07    -7.872844e-07    -5.421219e-07    4.715544e-07    3.040288e-08    -2.430449e-07    -1.098018e-06    -1.049342e-06    1.806385e-06    2.926472e-08    1.357823e-06    2.353824e-06    3.650488e-09    -1.87677e-06    1.365897e-06    -1.49591e-06    -1.913128e-06    5.963582e-07    3.764843e-07    -2.093622e-06    8.836452e-07    3.886072e-06    -8.659798e-07    -1.07937e-06    -1.712013e-08    -2.672415e-06    -8.839957e-07    7.441112e-07    1.232922e-06    -5.793591e-07    2.15252e-06    4.571019e-07    -1.420023e-06    5.560374e-08    1.260834e-06    -3.708008e-07    -5.6981e-07    1.586001e-07    -6.411609e-07
1.179789e-06    1.388346e-06    6.15624e-07    -8.789954e-07    -1.954367e-06    -7.860982e-07    -2.927937e-06    -1.148834e-06    9.060206e-07    2.720178e-07    1.771751e-06    -1.359577e-06    -1.386226e-06    1.065317e-06    -9.289153e-08    1.261298e-06    -2.116746e-06    -1.803892e-06    2.442879e-06    2.737349e-07    3.125771e-07    -1.557639e-06    -8.659798e-07    3.447616e-06    -3.463314e-07    5.34739e-07    -1.218037e-06    3.497614e-08    8.213148e-07    -3.257256e-07    -4.169196e-07    1.427332e-06    2.232184e-06    -6.511446e-07    -9.361801e-07    6.244759e-07    1.001223e-06    6.494267e-07    -6.255753e-07    -1.709132e-06
1.879546e-07    4.190594e-07    4.024572e-07    -2.016811e-08    -3.046555e-07    -1.390437e-07    -8.819495e-08    1.041826e-07    -6.313526e-08    3.266548e-08    -1.575009e-07    -9.324615e-08    -2.777561e-07    -2.731508e-07    4.747778e-07    -1.457783e-07    -1.529283e-07    3.071207e-08    1.838399e-07    1.472219e-07    3.228359e-08    -2.231747e-07    -1.07937e-06    -3.463314e-07    1.594115e-06    -1.997471e-07    4.038594e-07    2.168435e-07    -2.069894e-07    -9.065238e-08    1.145689e-08    3.817849e-07    1.578755e-07    -7.607833e-08    -2.021692e-07    -1.005427e-07    -1.198792e-07    -1.23213e-08    -2.335938e-07    -7.613764e-08
2.107265e-06    1.370894e-06    1.981985e-07    -9.42945e-07    -3.641977e-06    -9.142039e-07    -3.417522e-06    -2.142895e-06    3.114019e-07    2.193177e-06    7.045634e-07    -2.820305e-07    6.10294e-07    2.562326e-06    -2.460943e-06    3.063166e-06    -5.749699e-06    -2.646755e-06    2.966968e-06    1.035536e-06    -7.438068e-07    3.185e-06    -1.712013e-08    5.34739e-07    -1.997471e-07    5.206065e-06    -3.781262e-06    -5.183583e-06    2.147384e-06    8.908594e-07    -3.64974e-07    1.7882e-06    3.76033e-06    3.739258e-07    -2.799448e-06    -4.587206e-07    1.843757e-06    2.856479e-06    -7.967641e-07    -3.646327e-06
-4.264868e-06    -3.223836e-06    1.59555e-07    3.934217e-06    6.274127e-06    1.981524e-06    8.6905e-06    6.465096e-06    2.016587e-06    -7.573957e-06    -2.456561e-06    4.1523e-08    -3.931993e-06    -4.286575e-06    6.072207e-06    -7.97651e-06    1.46039e-05    8.118226e-06    -8.279416e-06    -1.984204e-06    3.069401e-06    -5.001617e-06    -2.672415e-06    -1.218037e-06    4.038594e-07    -3.781262e-06    1.295298e-05    5.32707e-06    -6.291279e-06    -2.286183e-06    2.256176e-06    -1.043307e-05    -8.481418e-06    3.757525e-06    5.126754e-06    -2.228444e-06    -2.046945e-06    -3.607634e-06    1.174233e-06    7.353017e-06
-2.5129e-06    -1.840726e-06    -1.549988e-07    1.568587e-06    3.865088e-06    3.954346e-07    5.105472e-06    4.367685e-06    5.46635e-07    -3.98433e-06    -8.196664e-07    -6.093431e-07    -1.537622e-06    -2.93809e-06    3.463832e-06    -4.781357e-06    8.734428e-06    4.676333e-06    -4.940641e-06    -1.370228e-06    1.750671e-06    -4.755374e-06    -8.839957e-07    3.497614e-08    2.168435e-07    -5.183583e-06    5.32707e-06    8.002449e-06    -2.992026e-06    -3.020549e-06    1.224759e-06    -4.2008e-06    -6.14054e-06    1.212447e-07    4.651188e-06    1.899324e-07    -2.999455e-06    -3.943578e-06    1.908122e-06    5.258796e-06
2.073258e-06    1.60205e-06    -4.031004e-08    -1.981464e-06    -3.350285e-06    -1.085581e-06    -4.017555e-06    -3.144589e-06    -8.7746e-07    3.226172e-06    1.013203e-06    -2.714229e-07    1.776711e-06    2.286041e-06    -2.828042e-06    3.62469e-06    -7.038213e-06    -3.516487e-06    3.819527e-06    8.346437e-07    -1.132182e-06    2.605618e-06    7.441112e-07    8.213148e-07    -2.069894e-07    2.147384e-06    -6.291279e-06    -2.992026e-06    4.501522e-06    5.118659e-07    -1.013677e-06    4.80108e-06    4.086111e-06    -1.595829e-06    -2.644861e-06    7.470029e-07    9.654386e-07    2.069368e-06    -3.031474e-07    -3.841958e-06
1.01634e-06    5.575135e-07    -3.67896e-07    -7.746838e-07    -8.780004e-07    1.484939e-07    -2.037316e-06    -2.506532e-06    -7.909147e-07    2.286349e-06    7.42406e-07    7.598597e-07    7.936778e-07    8.58345e-07    -1.590499e-06    2.425762e-06    -3.628709e-06    -2.824013e-06    2.32177e-06    6.096853e-07    -1.331355e-06    1.774988e-06    1.232922e-06    -3.257256e-07    -9.065238e-08    8.908594e-07    -2.286183e-06    -3.020549e-06    5.118659e-07    3.083442e-06    -8.754079e-07    2.67907e-06    2.726731e-06    -5.255047e-07    -2.054109e-06    1.790857e-07    1.509119e-06    1.073308e-06    -1.368029e-06    -1.735591e-06
-1.133947e-06    -1.204015e-06    -7.426507e-08    8.469613e-07    1.062653e-06    1.65713e-07    2.366545e-06    2.118826e-06    6.282063e-07    -1.766492e-06    -3.564216e-07    4.661831e-08    -7.680823e-07    -9.549517e-07    7.344501e-07    -2.137618e-06    3.170626e-06    3.172322e-06    -2.478466e-06    -8.386778e-07    4.603781e-07    -5.493751e-07    -5.793591e-07    -4.169196e-07    1.145689e-08    -3.64974e-07    2.256176e-06    1.224759e-06    -1.013677e-06    -8.754079e-07    3.535645e-06    -2.593624e-06    -4.360092e-06    1.270009e-06    1.338564e-06    -1.116873e-06    -4.971113e-07    -6.106873e-07    1.002655e-06    1.463958e-06
4.201511e-06    4.571682e-06    1.258792e-06    -4.196684e-06    -6.112092e-06    -2.35517e-06    -8.665894e-06    -6.786916e-06    -3.521789e-06    8.861359e-06    2.540059e-06    7.182514e-07    3.837696e-06    2.070941e-06    -4.817995e-06    7.297582e-06    -1.479669e-05    -9.411131e-06    9.436415e-06    2.576821e-06    -3.174399e-06    3.41014e-06    2.15252e-06    1.427332e-06    3.817849e-07    1.7882e-06    -1.043307e-05    -4.2008e-06    4.80108e-06    2.67907e-06    -2.593624e-06    1.607521e-05    8.217366e-06    -7.258583e-06    -4.920429e-06    3.344931e-06    1.140064e-06    2.303476e-06    -1.997642e-06    -6.494662e-06
4.956836e-06    4.459853e-06    1.471581e-06    -2.987183e-06    -7.16633e-06    -1.506399e-06    -1.040584e-05    -7.678292e-06    -5.950873e-07    6.665002e-06    2.820235e-06    -6.154338e-07    9.556376e-07    3.965316e-06    -3.756892e-06    7.821983e-06    -1.423622e-05    -9.280982e-06    9.317669e-06    2.922578e-06    -1.648667e-06    3.503011e-06    4.571019e-07    2.232184e-06    1.578755e-07    3.76033e-06    -8.481418e-06    -6.14054e-06    4.086111e-06    2.726731e-06    -4.360092e-06    8.217366e-06    1.316667e-05    -1.923214e-06    -7.950075e-06    1.098895e-06    3.754704e-06    4.769366e-06    -3.138922e-06    -7.512522e-06
-8.57654e-07    -1.488077e-06    -3.203949e-07    1.732642e-06    1.183007e-06    1.164701e-06    2.127292e-06    1.704352e-06    1.791856e-06    -3.081615e-06    -7.037958e-07    -5.229507e-07    -2.335915e-06    1.771012e-07    1.71584e-06    -1.869887e-06    3.875739e-06    3.445128e-06    -2.941591e-06    -7.891852e-07    1.406204e-06    -4.351503e-07    -1.420023e-06    -6.511446e-07    -7.607833e-08    3.739258e-07    3.757525e-06    1.212447e-07    -1.595829e-06    -5.255047e-07    1.270009e-06    -7.258583e-06    -1.923214e-06    5.376072e-06    -2.548979e-07    -2.554971e-06    9.586219e-07    5.624106e-07    9.934202e-10    1.645372e-06
-3.29448e-06    -2.537316e-06    -1.065778e-06    1.571759e-06    4.896849e-06    7.093879e-07    6.26622e-06    5.275769e-06    6.937961e-07    -4.560136e-06    -1.702344e-06    -1.901894e-08    -3.122407e-07    -2.407617e-06    2.587553e-06    -4.815683e-06    9.594852e-06    5.254429e-06    -5.634798e-06    -1.888013e-06    1.235279e-06    -3.045405e-06    5.560374e-08    -9.361801e-07    -2.021692e-07    -2.799448e-06    5.126754e-06    4.651188e-06    -2.644861e-06    -2.054109e-06    1.338564e-06    -4.920429e-06    -7.950075e-06    -2.548979e-07    7.218052e-06    4.114107e-07    -3.074874e-06    -3.614978e-06    2.350925e-06    4.908064e-06
3.628725e-08    6.041612e-07    1.950065e-07    -7.242535e-07    2.148033e-07    -2.749373e-07    -1.31937e-06    -8.622209e-07    -6.950722e-07    1.808725e-06    1.394932e-07    3.371288e-07    1.726003e-06    -3.265991e-07    -7.405631e-07    7.592322e-07    -1.423236e-06    -2.112423e-06    2.022326e-06    1.775576e-07    -1.035976e-06    -2.245936e-07    1.260834e-06    6.244759e-07    -1.005427e-07    -4.587206e-07    -2.228444e-06    1.899324e-07    7.470029e-07    1.790857e-07    -1.116873e-06    3.344931e-06    1.098895e-06    -2.554971e-06    4.114107e-07    4.002588e-06    -1.224321e-06    -1.88157e-06    2.219525e-07    -8.008506e-07
1.748803e-06    1.747703e-06    5.772297e-07    -8.494212e-07    -2.412793e-06    -4.2565e-07    -3.6109e-06    -2.453266e-06    8.183195e-07    1.422485e-06    1.199978e-06    -4.396399e-07    -1.196943e-06    1.802032e-06    -7.806831e-07    2.710382e-06    -4.676836e-06    -2.829293e-06    3.376023e-06    7.433229e-07    -2.50505e-07    1.275546e-06    -3.708008e-07    1.001223e-06    -1.198792e-07    1.843757e-06    -2.046945e-06    -2.999455e-06    9.654386e-07    1.509119e-06    -4.971113e-07    1.140064e-06    3.754704e-06    9.586219e-07    -3.074874e-06    -1.224321e-06    4.522789e-06    2.2663e-06    -3.119028e-06    -2.141938e-06
2.176575e-06    1.895242e-06    6.918447e-07    -1.259053e-06    -3.788014e-06    -6.663767e-07    -4.69255e-06    -2.73495e-06    2.518621e-07    2.162467e-06    9.861485e-07    -6.515453e-07    -1.419015e-07    2.539183e-06    -1.698685e-06    3.389179e-06    -6.625929e-06    -2.553338e-06    3.570519e-06    9.849517e-07    -6.040582e-09    2.580883e-06    -5.6981e-07    6.494267e-07    -1.23213e-08    2.856479e-06    -3.607634e-06    -3.943578e-06    2.069368e-06    1.073308e-06    -6.106873e-07    2.303476e-06    4.769366e-06    5.624106e-07    -3.614978e-06    -1.88157e-06    2.2663e-06    5.084414e-06    -1.095633e-06    -4.586901e-06
-1.575685e-06    -1.882168e-06    -7.815302e-07    6.353489e-07    1.644252e-06    2.471288e-07    2.986148e-06    2.114595e-06    -2.792666e-07    -1.853908e-06    -8.047153e-07    1.068301e-07    9.629813e-07    -1.111112e-06    1.03549e-07    -2.189495e-06    3.815488e-06    3.452569e-06    -3.371695e-06    -1.145725e-06    4.27634e-07    -4.778677e-07    1.586001e-07    -6.255753e-07    -2.335938e-07    -7.967641e-07    1.174233e-06    1.908122e-06    -3.031474e-07    -1.368029e-06    1.002655e-06    -1.997642e-06    -3.138922e-06    9.934202e-10    2.350925e-06    2.219525e-07    -3.119028e-06    -1.095633e-06    4.012977e-06    5.345152e-07
-2.954672e-06    -2.852941e-06    -1.133248e-06    2.318165e-06    4.961822e-06    1.486051e-06    7.292411e-06    4.824955e-06    3.718487e-07    -4.745393e-06    -1.640699e-06    2.333117e-07    -1.703287e-06    -2.718849e-06    3.521735e-06    -5.073399e-06    1.066712e-05    5.18941e-06    -6.693936e-06    -1.645254e-06    1.482977e-06    -3.376521e-06    -6.411609e-07    -1.709132e-06    -7.613764e-08    -3.646327e-06    7.353017e-06    5.258796e-06    -3.841958e-06    -1.735591e-06    1.463958e-06    -6.494662e-06    -7.512522e-06    1.645372e-06    4.908064e-06    -8.008506e-07    -2.141938e-06    -4.586901e-06    5.345152e-07    7.937913e-06
