4.083067e-06    -7.209514e-07    -2.108591e-06    1.132269e-06    -8.348474e-07    2.840175e-06    -3.597327e-06    -3.303034e-06    2.815874e-06    7.436144e-07    -6.082877e-08    2.323224e-09    2.926472e-08    1.771751e-06    -1.575009e-07    1.394932e-07    1.199978e-06    9.861485e-07    -8.047153e-07    -1.640699e-06
-7.209514e-07    3.225865e-06    1.042384e-06    -2.33534e-06    -4.072581e-07    -9.38493e-07    1.487121e-06    4.977301e-07    -1.097942e-06    -1.446921e-07    -1.473705e-06    1.252347e-06    1.357823e-06    -1.359577e-06    -9.324615e-08    3.371288e-07    -4.396399e-07    -6.515453e-07    1.068301e-07    2.333117e-07
-2.108591e-06    1.042384e-06    5.821202e-06    -1.991838e-08    -3.365409e-06    8.905141e-07    -3.199186e-06    -7.683166e-07    7.65041e-07    1.22051e-07    -2.253336e-06    2.835959e-06    2.353824e-06    -1.386226e-06    -2.777561e-07    1.726003e-06    -1.196943e-06    -1.419015e-07    9.629813e-07    -1.703287e-06
1.132269e-06    -2.33534e-06    -1.991838e-08    5.180488e-06    -2.360911e-06    4.251251e-06    -7.016555e-06    -3.634311e-06    3.735659e-06    1.119161e-06    1.07461e-07    1.774204e-06    3.650488e-09    1.065317e-06    -2.731508e-07    -3.265991e-07    1.802032e-06    2.539183e-06    -1.111112e-06    -2.718849e-06
-8.348474e-07    -4.072581e-07    -3.365409e-06    -2.360911e-06    5.410115e-06    -3.400489e-06    6.850523e-06    3.047364e-06    -3.095198e-06    -7.913964e-07    2.205365e-06    -3.767497e-06    -1.87677e-06    -9.289153e-08    4.747778e-07    -7.405631e-07    -7.806831e-07    -1.698685e-06    1.03549e-07    3.521735e-06
2.840175e-06    -9.38493e-07    8.905141e-07    4.251251e-06    -3.400489e-06    9.058368e-06    -1.225435e-05    -8.840395e-06    7.09576e-06    2.036562e-06    -1.432672e-06    3.057826e-06    1.365897e-06    1.261298e-06    -1.457783e-07    7.592322e-07    2.710382e-06    3.389179e-06    -2.189495e-06    -5.073399e-06
-3.597327e-06    1.487121e-06    -3.199186e-06    -7.016555e-06    6.850523e-06    -1.225435e-05    2.640138e-05    1.169717e-05    -1.438958e-05    -3.910931e-06    2.720366e-06    -6.309337e-06    -1.49591e-06    -2.116746e-06    -1.529283e-07    -1.423236e-06    -4.676836e-06    -6.625929e-06    3.815488e-06    1.066712e-05
-3.303034e-06    4.977301e-07    -7.683166e-07    -3.634311e-06    3.047364e-06    -8.840395e-06    1.169717e-05    1.287541e-05    -8.982866e-06    -3.87357e-06    1.943899e-06    -2.420045e-06    -1.913128e-06    -1.803892e-06    3.071207e-08    -2.112423e-06    -2.829293e-06    -2.553338e-06    3.452569e-06    5.18941e-06
2.815874e-06    -1.097942e-06    7.65041e-07    3.735659e-06    -3.095198e-06    7.09576e-06    -1.438958e-05    -8.982866e-06    1.120152e-05    2.183827e-06    -1.342834e-06    2.376484e-06    5.963582e-07    2.442879e-06    1.838399e-07    2.022326e-06    3.376023e-06    3.570519e-06    -3.371695e-06    -6.693936e-06
7.436144e-07    -1.446921e-07    1.22051e-07    1.119161e-06    -7.913964e-07    2.036562e-06    -3.910931e-06    -3.87357e-06    2.183827e-06    2.902669e-06    -4.965437e-07    8.90586e-07    3.764843e-07    2.737349e-07    1.472219e-07    1.775576e-07    7.433229e-07    9.849517e-07    -1.145725e-06    -1.645254e-06
-6.082877e-08    -1.473705e-06    -2.253336e-06    1.07461e-07    2.205365e-06    -1.432672e-06    2.720366e-06    1.943899e-06    -1.342834e-06    -4.965437e-07    2.988247e-06    -1.991629e-06    -2.093622e-06    3.125771e-07    3.228359e-08    -1.035976e-06    -2.50505e-07    -6.040582e-09    4.27634e-07    1.482977e-06
2.323224e-09    1.252347e-06    2.835959e-06    1.774204e-06    -3.767497e-06    3.057826e-06    -6.309337e-06    -2.420045e-06    2.376484e-06    8.90586e-07    -1.991629e-06    6.198898e-06    8.836452e-07    -1.557639e-06    -2.231747e-07    -2.245936e-07    1.275546e-06    2.580883e-06    -4.778677e-07    -3.376521e-06
2.926472e-08    1.357823e-06    2.353824e-06    3.650488e-09    -1.87677e-06    1.365897e-06    -1.49591e-06    -1.913128e-06    5.963582e-07    3.764843e-07    -2.093622e-06    8.836452e-07    3.886072e-06    -8.659798e-07    -1.07937e-06    1.260834e-06    -3.708008e-07    -5.6981e-07    1.586001e-07    -6.411609e-07
1.771751e-06    -1.359577e-06    -1.386226e-06    1.065317e-06    -9.289153e-08    1.261298e-06    -2.116746e-06    -1.803892e-06    2.442879e-06    2.737349e-07    3.125771e-07    -1.557639e-06    -8.659798e-07    3.447616e-06    -3.463314e-07    6.244759e-07    1.001223e-06    6.494267e-07    -6.255753e-07    -1.709132e-06
-1.575009e-07    -9.324615e-08    -2.777561e-07    -2.731508e-07    4.747778e-07    -1.457783e-07    -1.529283e-07    3.071207e-08    1.838399e-07    1.472219e-07    3.228359e-08    -2.231747e-07    -1.07937e-06    -3.463314e-07    1.594115e-06    -1.005427e-07    -1.198792e-07    -1.23213e-08    -2.335938e-07    -7.613764e-08
1.394932e-07    3.371288e-07    1.726003e-06    -3.265991e-07    -7.405631e-07    7.592322e-07    -1.423236e-06    -2.112423e-06    2.022326e-06    1.775576e-07    -1.035976e-06    -2.245936e-07    1.260834e-06    6.244759e-07    -1.005427e-07    4.002588e-06    -1.224321e-06    -1.88157e-06    2.219525e-07    -8.008506e-07
1.199978e-06    -4.396399e-07    -1.196943e-06    1.802032e-06    -7.806831e-07    2.710382e-06    -4.676836e-06    -2.829293e-06    3.376023e-06    7.433229e-07    -2.50505e-07    1.275546e-06    -3.708008e-07    1.001223e-06    -1.198792e-07    -1.224321e-06    4.522789e-06    2.2663e-06    -3.119028e-06    -2.141938e-06
9.861485e-07    -6.515453e-07    -1.419015e-07    2.539183e-06    -1.698685e-06    3.389179e-06    -6.625929e-06    -2.553338e-06    3.570519e-06    9.849517e-07    -6.040582e-09    2.580883e-06    -5.6981e-07    6.494267e-07    -1.23213e-08    -1.88157e-06    2.2663e-06    5.084414e-06    -1.095633e-06    -4.586901e-06
-8.047153e-07    1.068301e-07    9.629813e-07    -1.111112e-06    1.03549e-07    -2.189495e-06    3.815488e-06    3.452569e-06    -3.371695e-06    -1.145725e-06    4.27634e-07    -4.778677e-07    1.586001e-07    -6.255753e-07    -2.335938e-07    2.219525e-07    -3.119028e-06    -1.095633e-06    4.012977e-06    5.345152e-07
-1.640699e-06    2.333117e-07    -1.703287e-06    -2.718849e-06    3.521735e-06    -5.073399e-06    1.066712e-05    5.18941e-06    -6.693936e-06    -1.645254e-06    1.482977e-06    -3.376521e-06    -6.411609e-07    -1.709132e-06    -7.613764e-08    -8.008506e-07    -2.141938e-06    -4.586901e-06    5.345152e-07    7.937913e-06
