1.396117e-06    -2.673813e-07    -7.756888e-07    1.99134e-07    2.714163e-10    7.387261e-08    8.600142e-09    -4.126658e-08    -4.364032e-08    -2.244174e-08
-2.673813e-07    1.364518e-06    -7.825551e-08    -9.580399e-07    2.871904e-07    4.112755e-11    -2.731494e-09    7.309007e-09    -9.920706e-09    -6.579456e-09
-7.756888e-07    -7.825551e-08    1.46125e-06    1.298563e-07    -7.32563e-07    -8.757662e-09    1.408007e-08    6.48329e-09    2.118271e-10    2.492161e-08
1.99134e-07    -9.580399e-07    1.298563e-07    1.565009e-06    -8.046493e-07    1.887165e-08    2.238994e-08    -1.545899e-08    6.316715e-09    1.42434e-08
2.714163e-10    2.871904e-07    -7.32563e-07    -8.046493e-07    1.422658e-06    -5.065349e-08    -4.482455e-08    2.785475e-08    4.68241e-08    7.992714e-09
7.387261e-08    4.112755e-11    -8.757662e-09    1.887165e-08    -5.065349e-08    1.508915e-06    -4.163723e-09    -1.015196e-06    -1.498986e-07    3.214666e-08
8.600142e-09    -2.731494e-09    1.408007e-08    2.238994e-08    -4.482455e-08    -4.163723e-09    1.44204e-06    -7.630112e-08    -8.281394e-07    1.405873e-07
-4.126658e-08    7.309007e-09    6.48329e-09    -1.545899e-08    2.785475e-08    -1.015196e-06    -7.630112e-08    1.461503e-06    4.31616e-08    -4.556048e-07
-4.364032e-08    -9.920706e-09    2.118271e-10    6.316715e-09    4.68241e-08    -1.498986e-07    -8.281394e-07    4.31616e-08    1.479273e-06    -5.360425e-07
-2.244174e-08    -6.579456e-09    2.492161e-08    1.42434e-08    7.992714e-09    3.214666e-08    1.405873e-07    -4.556048e-07    -5.360425e-07    1.271812e-06
