1.396117e-06    -2.673813e-07    -7.756888e-07    1.99134e-07    2.714163e-10    1.086121e-08    -2.92151e-08    -2.211039e-08    -1.258182e-08    8.19439e-08    1.053168e-07    -1.355364e-07    -1.775557e-07    1.099099e-07    7.83817e-08
-2.673813e-07    1.364518e-06    -7.825551e-08    -9.580399e-07    2.871904e-07    -2.010049e-08    -2.966636e-09    -1.935971e-08    2.206624e-08    2.090312e-08    -1.548373e-07    -1.628637e-08    2.40385e-08    -1.453223e-07    1.174596e-07
-7.756888e-07    -7.825551e-08    1.46125e-06    1.298563e-07    -7.32563e-07    -2.081398e-08    -2.163161e-08    2.65412e-08    4.868153e-08    -4.059918e-08    -7.20847e-08    -4.739487e-08    -6.339157e-08    -1.165614e-07    1.29371e-07
1.99134e-07    -9.580399e-07    1.298563e-07    1.565009e-06    -8.046493e-07    3.255793e-08    -6.143481e-09    -1.388681e-09    -2.241273e-08    -1.953944e-08    1.822386e-07    -1.622111e-07    -2.063892e-07    1.384657e-07    3.748614e-08
2.714163e-10    2.871904e-07    -7.32563e-07    -8.046493e-07    1.422658e-06    1.191062e-08    3.982286e-08    1.511599e-08    -4.054587e-08    -7.181326e-08    -5.743657e-08    2.270561e-07    2.641659e-07    -3.093098e-09    -2.222339e-07
1.086121e-08    -2.010049e-08    -2.081398e-08    3.255793e-08    1.191062e-08    1.384648e-06    -3.114386e-07    -7.431074e-07    2.056233e-07    -1.353625e-09    2.871547e-08    -1.418486e-08    -3.247293e-08    1.596206e-08    1.321022e-08
-2.92151e-08    -2.966636e-09    -2.163161e-08    -6.143481e-09    3.982286e-08    -3.114386e-07    1.383074e-06    -4.187749e-08    -9.751589e-07    2.859316e-07    7.301924e-09    1.440861e-08    9.385261e-09    -5.492507e-09    -6.570151e-09
-2.211039e-08    -1.935971e-08    2.65412e-08    -1.388681e-09    1.511599e-08    -7.431074e-07    -4.187749e-08    1.46743e-06    1.340621e-07    -7.675104e-07    2.212873e-09    4.816555e-08    -3.079301e-09    -4.045275e-08    -7.075074e-09
-1.258182e-08    2.206624e-08    4.868153e-08    -2.241273e-08    -4.054587e-08    2.056233e-07    -9.751589e-07    1.340621e-07    1.556799e-06    -7.876328e-07    -1.843401e-08    -2.137342e-09    -6.141563e-09    -2.224625e-10    1.269645e-09
8.19439e-08    2.090312e-08    -4.059918e-08    -1.953944e-08    -7.181326e-08    -1.353625e-09    2.859316e-07    -7.675104e-07    -7.876328e-07    1.441199e-06    2.544842e-08    -5.076202e-08    -2.485405e-08    3.940598e-09    3.205838e-08
1.053168e-07    -1.548373e-07    -7.20847e-08    1.822386e-07    -5.743657e-08    2.871547e-08    7.301924e-09    2.212873e-09    -1.843401e-08    2.544842e-08    1.500904e-06    -6.792759e-08    -9.316614e-07    -1.044795e-07    6.552873e-08
-1.355364e-07    -1.628637e-08    -4.739487e-08    -1.622111e-07    2.270561e-07    -1.418486e-08    1.440861e-08    4.816555e-08    -2.137342e-09    -5.076202e-08    -6.792759e-08    1.449781e-06    -8.824959e-08    -8.700961e-07    1.157145e-07
-1.775557e-07    2.40385e-08    -6.339157e-08    -2.063892e-07    2.641659e-07    -3.247293e-08    9.385261e-09    -3.079301e-09    -6.141563e-09    -2.485405e-08    -9.316614e-07    -8.824959e-08    1.473615e-06    1.564405e-08    -5.819284e-07
1.099099e-07    -1.453223e-07    -1.165614e-07    1.384657e-07    -3.093098e-09    1.596206e-08    -5.492507e-09    -4.045275e-08    -2.224625e-10    3.940598e-09    -1.044795e-07    -8.700961e-07    1.564405e-08    1.490392e-06    -5.003959e-07
7.83817e-08    1.174596e-07    1.29371e-07    3.748614e-08    -2.222339e-07    1.321022e-08    -6.570151e-09    -7.075074e-09    1.269645e-09    3.205838e-08    6.552873e-08    1.157145e-07    -5.819284e-07    -5.003959e-07    1.359764e-06
