1.396117e-06    -2.673813e-07    -7.756888e-07    1.99134e-07    2.714163e-10    1.086121e-08    -2.92151e-08    -2.211039e-08    -1.258182e-08    8.19439e-08    1.179776e-07    -1.613273e-07    -1.463332e-07    9.6996e-08    6.102661e-08    1.020919e-07    -7.12819e-08    -3.122575e-08    7.757929e-08    -1.871193e-08    1.270326e-07    -1.061022e-07    -1.201355e-07    9.627431e-08    1.302544e-08
-2.673813e-07    1.364518e-06    -7.825551e-08    -9.580399e-07    2.871904e-07    -2.010049e-08    -2.966636e-09    -1.935971e-08    2.206624e-08    2.090312e-08    -2.099392e-07    3.136907e-08    4.999654e-08    -2.169716e-07    1.695643e-07    -4.634551e-08    -1.002601e-07    -8.166254e-08    -5.953874e-08    1.103471e-07    -1.539356e-07    -3.089591e-08    -8.781484e-09    -1.009739e-07    1.416149e-07
-7.756888e-07    -7.825551e-08    1.46125e-06    1.298563e-07    -7.32563e-07    -2.081398e-08    -2.163161e-08    2.65412e-08    4.868153e-08    -4.059918e-08    -1.243025e-07    -7.984305e-08    -1.276767e-07    -1.24792e-07    2.115468e-07    7.077003e-08    -1.807203e-07    -2.250506e-07    3.067616e-08    1.170805e-07    -4.542949e-08    -1.513779e-07    -1.166934e-07    -1.893307e-08    1.566049e-07
1.99134e-07    -9.580399e-07    1.298563e-07    1.565009e-06    -8.046493e-07    3.255793e-08    -6.143481e-09    -1.388681e-09    -2.241273e-08    -1.953944e-08    2.035114e-07    -2.3338e-07    -2.753985e-07    2.001718e-07    5.147374e-08    1.959617e-07    -9.341293e-08    -1.39947e-07    1.321098e-07    -2.200699e-08    2.295068e-07    -1.946208e-07    -2.064257e-07    1.915212e-07    6.275442e-09
2.714163e-10    2.871904e-07    -7.32563e-07    -8.046493e-07    1.422658e-06    1.191062e-08    3.982286e-08    1.511599e-08    -4.054587e-08    -7.181326e-08    -3.526586e-08    3.039741e-07    3.391984e-07    -3.915449e-08    -2.780645e-07    -2.109593e-07    2.544076e-07    3.053736e-07    -1.229747e-07    -1.050853e-07    -1.320381e-07    3.144941e-07    2.866822e-07    -1.119509e-07    -1.752603e-07
1.086121e-08    -2.010049e-08    -2.081398e-08    3.255793e-08    1.191062e-08    1.384648e-06    -3.114386e-07    -7.431074e-07    2.056233e-07    -1.353625e-09    7.885484e-09    1.537934e-08    9.623505e-11    -6.390726e-09    1.879485e-09    9.571119e-08    -5.521538e-08    -1.076676e-07    9.52197e-08    3.003924e-08    1.269221e-07    -1.137721e-07    -1.201187e-07    9.769134e-08    1.815033e-08
-2.92151e-08    -2.966636e-09    -2.163161e-08    -6.143481e-09    3.982286e-08    -3.114386e-07    1.383074e-06    -4.187749e-08    -9.751589e-07    2.859316e-07    2.22133e-09    2.413505e-08    1.553822e-08    -1.677964e-08    -7.988787e-09    -3.546256e-08    -9.443926e-08    -5.723373e-08    -6.974779e-08    8.094162e-08    -1.115789e-07    -8.569451e-09    -4.753572e-08    -1.42582e-07    1.641829e-07
-2.211039e-08    -1.935971e-08    2.65412e-08    -1.388681e-09    1.511599e-08    -7.431074e-07    -4.187749e-08    1.46743e-06    1.340621e-07    -7.675104e-07    -1.684957e-08    -8.428089e-10    1.794637e-08    2.773518e-09    1.943792e-09    6.023236e-08    -1.898918e-07    -1.875982e-07    2.327311e-08    9.522359e-08    -6.831859e-08    -1.552635e-07    -1.098348e-07    -9.360706e-09    1.410793e-07
-1.258182e-08    2.206624e-08    4.868153e-08    -2.241273e-08    -4.054587e-08    2.056233e-07    -9.751589e-07    1.340621e-07    1.556799e-06    -7.876328e-07    -1.365199e-08    -9.791956e-09    -1.636656e-08    1.092186e-08    1.364886e-08    1.967883e-07    -9.683937e-08    -1.826644e-07    1.495264e-07    -1.705388e-08    1.866673e-07    -2.200276e-07    -1.588802e-07    2.163048e-07    -3.222068e-08
8.19439e-08    2.090312e-08    -4.059918e-08    -1.953944e-08    -7.181326e-08    -1.353625e-09    2.859316e-07    -7.675104e-07    -7.876328e-07    1.441199e-06    4.860784e-09    -1.855664e-08    -1.216213e-08    2.960069e-08    -1.481714e-08    -2.096286e-07    2.923179e-07    3.462011e-07    -1.616953e-07    -1.071405e-07    -1.148106e-07    3.041967e-07    2.907203e-07    -1.204728e-07    -1.607352e-07
1.179776e-07    -2.099392e-07    -1.243025e-07    2.035114e-07    -3.526586e-08    7.885484e-09    2.22133e-09    -1.684957e-08    -1.365199e-08    4.860784e-09    1.472261e-06    -2.771836e-08    -8.060405e-07    -1.670963e-07    5.869345e-09    2.277149e-07    2.463567e-08    -7.274089e-08    2.284364e-07    -1.6379e-07    3.804995e-08    -3.187122e-08    -1.980044e-08    5.441729e-08    -3.939509e-08
-1.613273e-07    3.136907e-08    -7.984305e-08    -2.3338e-07    3.039741e-07    1.537934e-08    2.413505e-08    -8.428089e-10    -9.791956e-09    -1.855664e-08    -2.771836e-08    1.40532e-06    -1.165064e-07    -8.28338e-07    8.458467e-08    -3.851125e-07    3.184623e-07    4.195932e-07    -3.112969e-07    -4.237352e-08    -6.70733e-08    5.988851e-08    9.18005e-08    -4.516917e-08    -6.176875e-08
-1.463332e-07    4.999654e-08    -1.276767e-07    -2.753985e-07    3.391984e-07    9.623505e-11    1.553822e-08    1.794637e-08    -1.636656e-08    -1.216213e-08    -8.060405e-07    -1.165064e-07    1.404402e-06    -2.098517e-08    -5.475253e-07    -4.174546e-07    3.553373e-07    4.458711e-07    -3.349608e-07    -1.455987e-08    -4.410051e-08    1.038665e-07    8.432859e-08    -4.808666e-08    -3.032187e-08
9.6996e-08    -2.169716e-07    -1.24792e-07    2.001718e-07    -3.915449e-08    -6.390726e-09    -1.677964e-08    2.773518e-09    1.092186e-08    2.960069e-08    -1.670963e-07    -8.28338e-07    -2.098517e-08    1.487765e-06    -4.545773e-07    2.190603e-07    2.421523e-08    -6.053385e-08    2.340137e-07    -1.634464e-07    5.932099e-08    4.913883e-09    -3.252447e-08    4.411542e-08    -1.071576e-08
6.102661e-08    1.695643e-07    2.115468e-07    5.147374e-08    -2.780645e-07    1.879485e-09    -7.988787e-09    1.943792e-09    1.364886e-08    -1.481714e-08    5.869345e-09    8.458467e-08    -5.475253e-07    -4.545773e-07    1.395502e-06    1.830015e-07    -3.828083e-07    -3.709494e-07    1.162611e-07    1.867564e-07    7.225795e-09    -8.094066e-08    -5.793387e-08    6.520137e-09    3.105016e-08
1.020919e-07    -4.634551e-08    7.077003e-08    1.959617e-07    -2.109593e-07    9.571119e-08    -3.546256e-08    6.023236e-08    1.967883e-07    -2.096286e-07    2.277149e-07    -3.851125e-07    -4.174546e-07    2.190603e-07    1.830015e-07    1.367607e-06    -3.399759e-07    -6.355789e-07    1.187194e-07    -1.167139e-07    3.354334e-08    -1.380677e-07    -1.307825e-07    9.544439e-09    1.301588e-07
-7.12819e-08    -1.002601e-07    -1.807203e-07    -9.341293e-08    2.544076e-07    -5.521538e-08    -9.443926e-08    -1.898918e-07    -9.683937e-08    2.923179e-07    2.463567e-08    3.184623e-07    3.553373e-07    2.421523e-08    -3.828083e-07    -3.399759e-07    1.754976e-06    8.989151e-08    -7.144456e-07    -6.704824e-08    -2.002054e-08    1.527271e-08    2.191349e-08    1.204611e-08    -1.715279e-08
-3.122575e-08    -8.166254e-08    -2.250506e-07    -1.39947e-07    3.053736e-07    -1.076676e-07    -5.723373e-08    -1.875982e-07    -1.826644e-07    3.462011e-07    -7.274089e-08    4.195932e-07    4.458711e-07    -6.053385e-08    -3.709494e-07    -6.355789e-07    8.989151e-08    1.706385e-06    -2.692439e-07    -7.773005e-07    -3.13789e-08    1.160704e-07    8.097663e-08    -1.872486e-08    -7.882596e-08
7.757929e-08    -5.953874e-08    3.067616e-08    1.321098e-07    -1.229747e-07    9.52197e-08    -6.974779e-08    2.327311e-08    1.495264e-07    -1.616953e-07    2.284364e-07    -3.112969e-07    -3.349608e-07    2.340137e-07    1.162611e-07    1.187194e-07    -7.144456e-07    -2.692439e-07    1.419714e-06    -4.286468e-07    1.382536e-08    -1.144419e-07    -1.043101e-07    1.362816e-08    9.282015e-08
-1.871193e-08    1.103471e-07    1.170805e-07    -2.200699e-08    -1.050853e-07    3.003924e-08    8.094162e-08    9.522359e-08    -1.705388e-08    -1.071405e-07    -1.6379e-07    -4.237352e-08    -1.455987e-08    -1.634464e-07    1.867564e-07    -1.167139e-07    -6.704824e-08    -7.773005e-07    -4.286468e-07    1.454712e-06    2.281338e-08    2.956983e-08    2.129257e-08    1.900171e-08    -4.046157e-08
1.270326e-07    -1.539356e-07    -4.542949e-08    2.295068e-07    -1.320381e-07    1.269221e-07    -1.115789e-07    -6.831859e-08    1.866673e-07    -1.148106e-07    3.804995e-08    -6.70733e-08    -4.410051e-08    5.932099e-08    7.225795e-09    3.354334e-08    -2.002054e-08    -3.13789e-08    1.382536e-08    2.281338e-08    1.524268e-06    4.071538e-08    -9.663342e-07    1.71821e-08    -4.28011e-08
-1.061022e-07    -3.089591e-08    -1.513779e-07    -1.946208e-07    3.144941e-07    -1.137721e-07    -8.569451e-09    -1.552635e-07    -2.200276e-07    3.041967e-07    -3.187122e-08    5.988851e-08    1.038665e-07    4.913883e-09    -8.094066e-08    -1.380677e-07    1.527271e-08    1.160704e-07    -1.144419e-07    2.956983e-08    4.071538e-08    1.535696e-06    -4.457601e-09    -9.856275e-07    1.236277e-07
-1.201355e-07    -8.781484e-09    -1.166934e-07    -2.064257e-07    2.866822e-07    -1.201187e-07    -4.753572e-08    -1.098348e-07    -1.588802e-07    2.907203e-07    -1.980044e-08    9.18005e-08    8.432859e-08    -3.252447e-08    -5.793387e-08    -1.307825e-07    2.191349e-08    8.097663e-08    -1.043101e-07    2.129257e-08    -9.663342e-07    -4.457601e-09    1.49287e-06    2.70754e-08    -6.639486e-07
9.627431e-08    -1.009739e-07    -1.893307e-08    1.915212e-07    -1.119509e-07    9.769134e-08    -1.42582e-07    -9.360706e-09    2.163048e-07    -1.204728e-07    5.441729e-08    -4.516917e-08    -4.808666e-08    4.411542e-08    6.520137e-09    9.544439e-09    1.204611e-08    -1.872486e-08    1.362816e-08    1.900171e-08    1.71821e-08    -9.856275e-07    2.70754e-08    1.505614e-06    -5.797934e-07
1.302544e-08    1.416149e-07    1.566049e-07    6.275442e-09    -1.752603e-07    1.815033e-08    1.641829e-07    1.410793e-07    -3.222068e-08    -1.607352e-07    -3.939509e-08    -6.176875e-08    -3.032187e-08    -1.071576e-08    3.105016e-08    1.301588e-07    -1.715279e-08    -7.882596e-08    9.282015e-08    -4.046157e-08    -4.28011e-08    1.236277e-07    -6.639486e-07    -5.797934e-07    1.400004e-06
