1.396117e-06    -2.673813e-07    -7.756888e-07    1.99134e-07    2.714163e-10    3.116699e-08    -1.225877e-08    1.205992e-08    5.392065e-08    -3.415857e-08
-2.673813e-07    1.364518e-06    -7.825551e-08    -9.580399e-07    2.871904e-07    -7.144125e-08    7.563857e-08    8.621357e-08    -8.210296e-08    -7.88841e-09
-7.756888e-07    -7.825551e-08    1.46125e-06    1.298563e-07    -7.32563e-07    -3.784854e-09    9.279655e-08    5.248186e-08    -1.608751e-08    -7.047401e-08
1.99134e-07    -9.580399e-07    1.298563e-07    1.565009e-06    -8.046493e-07    1.140157e-07    1.758822e-08    -2.981427e-08    6.464805e-08    -7.197255e-08
2.714163e-10    2.871904e-07    -7.32563e-07    -8.046493e-07    1.422658e-06    -4.61164e-08    -1.198222e-07    -7.105143e-08    -2.069482e-08    1.357788e-07
3.116699e-08    -7.144125e-08    -3.784854e-09    1.140157e-07    -4.61164e-08    1.4927e-06    1.011661e-07    -9.729293e-07    5.491024e-08    -1.085604e-08
-1.225877e-08    7.563857e-08    9.279655e-08    1.758822e-08    -1.198222e-07    1.011661e-07    1.476813e-06    -2.318646e-07    -9.495468e-07    2.910746e-07
1.205992e-08    8.621357e-08    5.248186e-08    -2.981427e-08    -7.105143e-08    -9.729293e-07    -2.318646e-07    1.505898e-06    6.52095e-08    -6.835474e-07
5.392065e-08    -8.210296e-08    -1.608751e-08    6.464805e-08    -2.069482e-08    5.491024e-08    -9.495468e-07    6.52095e-08    1.505401e-06    -6.461711e-07
-3.415857e-08    -7.88841e-09    -7.047401e-08    -7.197255e-08    1.357788e-07    -1.085604e-08    2.910746e-07    -6.835474e-07    -6.461711e-07    1.414867e-06
