1.396117e-06    -2.673813e-07    -7.756888e-07    1.99134e-07    2.714163e-10    1.086121e-08    -2.92151e-08    -2.211039e-08    -1.258182e-08    8.19439e-08    3.116699e-08    -1.225877e-08    1.205992e-08    5.392065e-08    -3.415857e-08
-2.673813e-07    1.364518e-06    -7.825551e-08    -9.580399e-07    2.871904e-07    -2.010049e-08    -2.966636e-09    -1.935971e-08    2.206624e-08    2.090312e-08    -7.144125e-08    7.563857e-08    8.621357e-08    -8.210296e-08    -7.88841e-09
-7.756888e-07    -7.825551e-08    1.46125e-06    1.298563e-07    -7.32563e-07    -2.081398e-08    -2.163161e-08    2.65412e-08    4.868153e-08    -4.059918e-08    -3.784854e-09    9.279655e-08    5.248186e-08    -1.608751e-08    -7.047401e-08
1.99134e-07    -9.580399e-07    1.298563e-07    1.565009e-06    -8.046493e-07    3.255793e-08    -6.143481e-09    -1.388681e-09    -2.241273e-08    -1.953944e-08    1.140157e-07    1.758822e-08    -2.981427e-08    6.464805e-08    -7.197255e-08
2.714163e-10    2.871904e-07    -7.32563e-07    -8.046493e-07    1.422658e-06    1.191062e-08    3.982286e-08    1.511599e-08    -4.054587e-08    -7.181326e-08    -4.61164e-08    -1.198222e-07    -7.105143e-08    -2.069482e-08    1.357788e-07
1.086121e-08    -2.010049e-08    -2.081398e-08    3.255793e-08    1.191062e-08    1.384648e-06    -3.114386e-07    -7.431074e-07    2.056233e-07    -1.353625e-09    2.843978e-08    -1.294052e-08    -1.068667e-08    3.156737e-08    -2.159422e-08
-2.92151e-08    -2.966636e-09    -2.163161e-08    -6.143481e-09    3.982286e-08    -3.114386e-07    1.383074e-06    -4.187749e-08    -9.751589e-07    2.859316e-07    -6.370584e-08    9.441346e-08    6.927496e-08    -6.903787e-08    -9.921483e-09
-2.211039e-08    -1.935971e-08    2.65412e-08    -1.388681e-09    1.511599e-08    -7.431074e-07    -4.187749e-08    1.46743e-06    1.340621e-07    -7.675104e-07    -5.109623e-08    1.042524e-07    9.143323e-08    -1.61627e-08    -6.826616e-08
-1.258182e-08    2.206624e-08    4.868153e-08    -2.241273e-08    -4.054587e-08    2.056233e-07    -9.751589e-07    1.340621e-07    1.556799e-06    -7.876328e-07    5.383119e-08    -1.834857e-08    3.037195e-08    1.059555e-07    -9.098307e-08
8.19439e-08    2.090312e-08    -4.059918e-08    -1.953944e-08    -7.181326e-08    -1.353625e-09    2.859316e-07    -7.675104e-07    -7.876328e-07    1.441199e-06    7.714339e-09    -1.087008e-07    -1.128954e-07    -6.269561e-09    1.135862e-07
3.116699e-08    -7.144125e-08    -3.784854e-09    1.140157e-07    -4.61164e-08    2.843978e-08    -6.370584e-08    -5.109623e-08    5.383119e-08    7.714339e-09    1.4927e-06    1.011661e-07    -9.729293e-07    5.491024e-08    -1.085604e-08
-1.225877e-08    7.563857e-08    9.279655e-08    1.758822e-08    -1.198222e-07    -1.294052e-08    9.441346e-08    1.042524e-07    -1.834857e-08    -1.087008e-07    1.011661e-07    1.476813e-06    -2.318646e-07    -9.495468e-07    2.910746e-07
1.205992e-08    8.621357e-08    5.248186e-08    -2.981427e-08    -7.105143e-08    -1.068667e-08    6.927496e-08    9.143323e-08    3.037195e-08    -1.128954e-07    -9.729293e-07    -2.318646e-07    1.505898e-06    6.52095e-08    -6.835474e-07
5.392065e-08    -8.210296e-08    -1.608751e-08    6.464805e-08    -2.069482e-08    3.156737e-08    -6.903787e-08    -1.61627e-08    1.059555e-07    -6.269561e-09    5.491024e-08    -9.495468e-07    6.52095e-08    1.505401e-06    -6.461711e-07
-3.415857e-08    -7.88841e-09    -7.047401e-08    -7.197255e-08    1.357788e-07    -2.159422e-08    -9.921483e-09    -6.826616e-08    -9.098307e-08    1.135862e-07    -1.085604e-08    2.910746e-07    -6.835474e-07    -6.461711e-07    1.414867e-06
