1.396117e-06    -2.673813e-07    -7.756888e-07    1.99134e-07    2.714163e-10    1.086121e-08    -2.92151e-08    -2.211039e-08    -1.258182e-08    8.19439e-08    7.387261e-08    8.600142e-09    -4.126658e-08    -4.364032e-08    -2.244174e-08    1.270326e-07    -1.061022e-07    -1.201355e-07    9.627431e-08    1.302544e-08
-2.673813e-07    1.364518e-06    -7.825551e-08    -9.580399e-07    2.871904e-07    -2.010049e-08    -2.966636e-09    -1.935971e-08    2.206624e-08    2.090312e-08    4.112755e-11    -2.731494e-09    7.309007e-09    -9.920706e-09    -6.579456e-09    -1.539356e-07    -3.089591e-08    -8.781484e-09    -1.009739e-07    1.416149e-07
-7.756888e-07    -7.825551e-08    1.46125e-06    1.298563e-07    -7.32563e-07    -2.081398e-08    -2.163161e-08    2.65412e-08    4.868153e-08    -4.059918e-08    -8.757662e-09    1.408007e-08    6.48329e-09    2.118271e-10    2.492161e-08    -4.542949e-08    -1.513779e-07    -1.166934e-07    -1.893307e-08    1.566049e-07
1.99134e-07    -9.580399e-07    1.298563e-07    1.565009e-06    -8.046493e-07    3.255793e-08    -6.143481e-09    -1.388681e-09    -2.241273e-08    -1.953944e-08    1.887165e-08    2.238994e-08    -1.545899e-08    6.316715e-09    1.42434e-08    2.295068e-07    -1.946208e-07    -2.064257e-07    1.915212e-07    6.275442e-09
2.714163e-10    2.871904e-07    -7.32563e-07    -8.046493e-07    1.422658e-06    1.191062e-08    3.982286e-08    1.511599e-08    -4.054587e-08    -7.181326e-08    -5.065349e-08    -4.482455e-08    2.785475e-08    4.68241e-08    7.992714e-09    -1.320381e-07    3.144941e-07    2.866822e-07    -1.119509e-07    -1.752603e-07
1.086121e-08    -2.010049e-08    -2.081398e-08    3.255793e-08    1.191062e-08    1.384648e-06    -3.114386e-07    -7.431074e-07    2.056233e-07    -1.353625e-09    1.562692e-07    -1.472609e-07    -1.710487e-07    9.201876e-08    2.983259e-08    1.269221e-07    -1.137721e-07    -1.201187e-07    9.769134e-08    1.815033e-08
-2.92151e-08    -2.966636e-09    -2.163161e-08    -6.143481e-09    3.982286e-08    -3.114386e-07    1.383074e-06    -4.187749e-08    -9.751589e-07    2.859316e-07    -2.297264e-07    -5.058601e-08    5.791726e-08    -6.669195e-08    1.321616e-07    -1.115789e-07    -8.569451e-09    -4.753572e-08    -1.42582e-07    1.641829e-07
-2.211039e-08    -1.935971e-08    2.65412e-08    -1.388681e-09    1.511599e-08    -7.431074e-07    -4.187749e-08    1.46743e-06    1.340621e-07    -7.675104e-07    -1.344854e-07    -8.585061e-08    -3.482152e-08    -9.376988e-08    1.614027e-07    -6.831859e-08    -1.552635e-07    -1.098348e-07    -9.360706e-09    1.410793e-07
-1.258182e-08    2.206624e-08    4.868153e-08    -2.241273e-08    -4.054587e-08    2.056233e-07    -9.751589e-07    1.340621e-07    1.556799e-06    -7.876328e-07    2.094451e-07    -1.671153e-07    -2.013321e-07    1.204078e-07    1.846568e-08    1.866673e-07    -2.200276e-07    -1.588802e-07    2.163048e-07    -3.222068e-08
8.19439e-08    2.090312e-08    -4.059918e-08    -1.953944e-08    -7.181326e-08    -1.353625e-09    2.859316e-07    -7.675104e-07    -7.876328e-07    1.441199e-06    1.436637e-08    2.880985e-07    1.745638e-07    -5.78376e-08    -1.926993e-07    -1.148106e-07    3.041967e-07    2.907203e-07    -1.204728e-07    -1.607352e-07
7.387261e-08    4.112755e-11    -8.757662e-09    1.887165e-08    -5.065349e-08    1.562692e-07    -2.297264e-07    -1.344854e-07    2.094451e-07    1.436637e-08    1.508915e-06    -4.163723e-09    -1.015196e-06    -1.498986e-07    3.214666e-08    1.261526e-07    -5.798323e-08    -3.156883e-08    1.031936e-07    -8.213376e-08
8.600142e-09    -2.731494e-09    1.408007e-08    2.238994e-08    -4.482455e-08    -1.472609e-07    -5.058601e-08    -8.585061e-08    -1.671153e-07    2.880985e-07    -4.163723e-09    1.44204e-06    -7.630112e-08    -8.281394e-07    1.405873e-07    -5.650731e-08    1.468537e-07    1.859831e-07    -5.592217e-08    -1.076076e-07
-4.126658e-08    7.309007e-09    6.48329e-09    -1.545899e-08    2.785475e-08    -1.710487e-07    5.791726e-08    -3.482152e-08    -2.013321e-07    1.745638e-07    -1.015196e-06    -7.630112e-08    1.461503e-06    4.31616e-08    -4.556048e-07    -1.129283e-07    1.573371e-07    1.332859e-07    -8.71584e-08    -3.147593e-08
-4.364032e-08    -9.920706e-09    2.118271e-10    6.316715e-09    4.68241e-08    9.201876e-08    -6.669195e-08    -9.376988e-08    1.204078e-07    -5.78376e-08    -1.498986e-07    -8.281394e-07    4.31616e-08    1.479273e-06    -5.360425e-07    5.803387e-08    1.326224e-09    -5.427165e-08    2.163671e-08    -7.188328e-09
-2.244174e-08    -6.579456e-09    2.492161e-08    1.42434e-08    7.992714e-09    2.983259e-08    1.321616e-07    1.614027e-07    1.846568e-08    -1.926993e-07    3.214666e-08    1.405873e-07    -4.556048e-07    -5.360425e-07    1.271812e-06    1.019502e-08    -1.162623e-07    -1.031634e-07    1.503526e-08    8.944015e-08
1.270326e-07    -1.539356e-07    -4.542949e-08    2.295068e-07    -1.320381e-07    1.269221e-07    -1.115789e-07    -6.831859e-08    1.866673e-07    -1.148106e-07    1.261526e-07    -5.650731e-08    -1.129283e-07    5.803387e-08    1.019502e-08    1.524268e-06    4.071538e-08    -9.663342e-07    1.71821e-08    -4.28011e-08
-1.061022e-07    -3.089591e-08    -1.513779e-07    -1.946208e-07    3.144941e-07    -1.137721e-07    -8.569451e-09    -1.552635e-07    -2.200276e-07    3.041967e-07    -5.798323e-08    1.468537e-07    1.573371e-07    1.326224e-09    -1.162623e-07    4.071538e-08    1.535696e-06    -4.457601e-09    -9.856275e-07    1.236277e-07
-1.201355e-07    -8.781484e-09    -1.166934e-07    -2.064257e-07    2.866822e-07    -1.201187e-07    -4.753572e-08    -1.098348e-07    -1.588802e-07    2.907203e-07    -3.156883e-08    1.859831e-07    1.332859e-07    -5.427165e-08    -1.031634e-07    -9.663342e-07    -4.457601e-09    1.49287e-06    2.70754e-08    -6.639486e-07
9.627431e-08    -1.009739e-07    -1.893307e-08    1.915212e-07    -1.119509e-07    9.769134e-08    -1.42582e-07    -9.360706e-09    2.163048e-07    -1.204728e-07    1.031936e-07    -5.592217e-08    -8.71584e-08    2.163671e-08    1.503526e-08    1.71821e-08    -9.856275e-07    2.70754e-08    1.505614e-06    -5.797934e-07
1.302544e-08    1.416149e-07    1.566049e-07    6.275442e-09    -1.752603e-07    1.815033e-08    1.641829e-07    1.410793e-07    -3.222068e-08    -1.607352e-07    -8.213376e-08    -1.076076e-07    -3.147593e-08    -7.188328e-09    8.944015e-08    -4.28011e-08    1.236277e-07    -6.639486e-07    -5.797934e-07    1.400004e-06
