1.396117e-06    -2.673813e-07    -7.756888e-07    1.99134e-07    2.714163e-10    1.020919e-07    -7.12819e-08    -3.122575e-08    7.757929e-08    -1.871193e-08
-2.673813e-07    1.364518e-06    -7.825551e-08    -9.580399e-07    2.871904e-07    -4.634551e-08    -1.002601e-07    -8.166254e-08    -5.953874e-08    1.103471e-07
-7.756888e-07    -7.825551e-08    1.46125e-06    1.298563e-07    -7.32563e-07    7.077003e-08    -1.807203e-07    -2.250506e-07    3.067616e-08    1.170805e-07
1.99134e-07    -9.580399e-07    1.298563e-07    1.565009e-06    -8.046493e-07    1.959617e-07    -9.341293e-08    -1.39947e-07    1.321098e-07    -2.200699e-08
2.714163e-10    2.871904e-07    -7.32563e-07    -8.046493e-07    1.422658e-06    -2.109593e-07    2.544076e-07    3.053736e-07    -1.229747e-07    -1.050853e-07
1.020919e-07    -4.634551e-08    7.077003e-08    1.959617e-07    -2.109593e-07    1.367607e-06    -3.399759e-07    -6.355789e-07    1.187194e-07    -1.167139e-07
-7.12819e-08    -1.002601e-07    -1.807203e-07    -9.341293e-08    2.544076e-07    -3.399759e-07    1.754976e-06    8.989151e-08    -7.144456e-07    -6.704824e-08
-3.122575e-08    -8.166254e-08    -2.250506e-07    -1.39947e-07    3.053736e-07    -6.355789e-07    8.989151e-08    1.706385e-06    -2.692439e-07    -7.773005e-07
7.757929e-08    -5.953874e-08    3.067616e-08    1.321098e-07    -1.229747e-07    1.187194e-07    -7.144456e-07    -2.692439e-07    1.419714e-06    -4.286468e-07
-1.871193e-08    1.103471e-07    1.170805e-07    -2.200699e-08    -1.050853e-07    -1.167139e-07    -6.704824e-08    -7.773005e-07    -4.286468e-07    1.454712e-06
