1.396117e-06    -2.673813e-07    -7.756888e-07    1.99134e-07    2.714163e-10    1.086121e-08    -2.92151e-08    -2.211039e-08    -1.258182e-08    8.19439e-08    7.387261e-08    8.600142e-09    -4.126658e-08    -4.364032e-08    -2.244174e-08
-2.673813e-07    1.364518e-06    -7.825551e-08    -9.580399e-07    2.871904e-07    -2.010049e-08    -2.966636e-09    -1.935971e-08    2.206624e-08    2.090312e-08    4.112755e-11    -2.731494e-09    7.309007e-09    -9.920706e-09    -6.579456e-09
-7.756888e-07    -7.825551e-08    1.46125e-06    1.298563e-07    -7.32563e-07    -2.081398e-08    -2.163161e-08    2.65412e-08    4.868153e-08    -4.059918e-08    -8.757662e-09    1.408007e-08    6.48329e-09    2.118271e-10    2.492161e-08
1.99134e-07    -9.580399e-07    1.298563e-07    1.565009e-06    -8.046493e-07    3.255793e-08    -6.143481e-09    -1.388681e-09    -2.241273e-08    -1.953944e-08    1.887165e-08    2.238994e-08    -1.545899e-08    6.316715e-09    1.42434e-08
2.714163e-10    2.871904e-07    -7.32563e-07    -8.046493e-07    1.422658e-06    1.191062e-08    3.982286e-08    1.511599e-08    -4.054587e-08    -7.181326e-08    -5.065349e-08    -4.482455e-08    2.785475e-08    4.68241e-08    7.992714e-09
1.086121e-08    -2.010049e-08    -2.081398e-08    3.255793e-08    1.191062e-08    1.384648e-06    -3.114386e-07    -7.431074e-07    2.056233e-07    -1.353625e-09    1.562692e-07    -1.472609e-07    -1.710487e-07    9.201876e-08    2.983259e-08
-2.92151e-08    -2.966636e-09    -2.163161e-08    -6.143481e-09    3.982286e-08    -3.114386e-07    1.383074e-06    -4.187749e-08    -9.751589e-07    2.859316e-07    -2.297264e-07    -5.058601e-08    5.791726e-08    -6.669195e-08    1.321616e-07
-2.211039e-08    -1.935971e-08    2.65412e-08    -1.388681e-09    1.511599e-08    -7.431074e-07    -4.187749e-08    1.46743e-06    1.340621e-07    -7.675104e-07    -1.344854e-07    -8.585061e-08    -3.482152e-08    -9.376988e-08    1.614027e-07
-1.258182e-08    2.206624e-08    4.868153e-08    -2.241273e-08    -4.054587e-08    2.056233e-07    -9.751589e-07    1.340621e-07    1.556799e-06    -7.876328e-07    2.094451e-07    -1.671153e-07    -2.013321e-07    1.204078e-07    1.846568e-08
8.19439e-08    2.090312e-08    -4.059918e-08    -1.953944e-08    -7.181326e-08    -1.353625e-09    2.859316e-07    -7.675104e-07    -7.876328e-07    1.441199e-06    1.436637e-08    2.880985e-07    1.745638e-07    -5.78376e-08    -1.926993e-07
7.387261e-08    4.112755e-11    -8.757662e-09    1.887165e-08    -5.065349e-08    1.562692e-07    -2.297264e-07    -1.344854e-07    2.094451e-07    1.436637e-08    1.508915e-06    -4.163723e-09    -1.015196e-06    -1.498986e-07    3.214666e-08
8.600142e-09    -2.731494e-09    1.408007e-08    2.238994e-08    -4.482455e-08    -1.472609e-07    -5.058601e-08    -8.585061e-08    -1.671153e-07    2.880985e-07    -4.163723e-09    1.44204e-06    -7.630112e-08    -8.281394e-07    1.405873e-07
-4.126658e-08    7.309007e-09    6.48329e-09    -1.545899e-08    2.785475e-08    -1.710487e-07    5.791726e-08    -3.482152e-08    -2.013321e-07    1.745638e-07    -1.015196e-06    -7.630112e-08    1.461503e-06    4.31616e-08    -4.556048e-07
-4.364032e-08    -9.920706e-09    2.118271e-10    6.316715e-09    4.68241e-08    9.201876e-08    -6.669195e-08    -9.376988e-08    1.204078e-07    -5.78376e-08    -1.498986e-07    -8.281394e-07    4.31616e-08    1.479273e-06    -5.360425e-07
-2.244174e-08    -6.579456e-09    2.492161e-08    1.42434e-08    7.992714e-09    2.983259e-08    1.321616e-07    1.614027e-07    1.846568e-08    -1.926993e-07    3.214666e-08    1.405873e-07    -4.556048e-07    -5.360425e-07    1.271812e-06
