1    0.009148284    -0.5227716    -0.02662411    -0.09164891    -0.07882301    0.007646385    0.1192401    -0.0343122    -0.09016064    0.04006806    -0.1115475    -0.08557762    0.006125684    0.08227164    0.03516326    -0.0736607    -0.09286372    0.009222585    0.06892707    -0.100262    -0.05876979    0.1153365    0.08746204    -0.01207187
0.009148284    1    -0.6390093    -0.4031495    0.1813855    0.0363528    -0.06141078    -0.02327589    0.02080157    0.04933726    0.04388741    0.06274625    0.005305931    -0.0277772    -0.01278972    0.01072083    -0.0190577    -0.03371766    -0.02416454    0.03808288    -0.00643592    0.007629718    -0.04101519    -0.002514353    0.101324
-0.5227716    -0.6390093    1    -0.06712646    -0.3321347    0.13328    0.008431393    -0.1470135    0.08302932    0.03029962    -0.03849275    0.07251749    0.05238162    0.009959625    -0.06612134    -0.05773052    0.04677782    0.08727584    0.01561111    -0.04863121    0.008517349    0.02727629    0.02599453    0.01829302    -0.0881724
-0.02662411    -0.4031495    -0.06712646    1    -0.130076    -0.07388538    0.01882861    0.09124265    -0.02663602    -0.06094702    -0.0002939451    -0.1271884    -0.06982744    0.01937836    0.06894424    0.04500068    -0.03100721    -0.05463955    -0.0003248221    0.01787668    0.1530265    0.0912724    -0.0306517    -0.1043167    -0.1119837
-0.09164891    0.1813855    -0.3321347    -0.130076    1    -0.1542298    0.04494515    0.1098803    -0.1195906    0.002665364    0.004354857    0.002183377    -0.0260074    0.007198117    0.01047251    -0.02445379    0.07231441    0.06902858    -0.03180805    -0.05570177    -0.01698752    -0.09226233    -0.04700224    -0.01030879    -0.02343041
-0.07882301    0.0363528    0.13328    -0.07388538    -0.1542298    1    -0.3425514    -0.24755    0.1688995    0.007790085    0.0561059    0.1217325    0.08793841    0.05943937    -0.1758835    0.02901511    -0.005855489    -0.03062845    -0.009909169    0.01139331    -0.08447945    -0.07770937    0.05651413    0.1102664    0.02200722
0.007646385    -0.06141078    0.008431393    0.01882861    0.04494515    -0.3425514    1    -0.6241456    -0.2792986    0.1218277    -0.02080198    -0.04531908    -0.09273979    0.00684859    0.06702777    -0.02392559    -0.04965056    0.01132815    0.03570315    -0.003304345    -0.01779192    0.02507684    0.01382804    0.01303361    0.01928556
0.1192401    -0.02327589    -0.1470135    0.09124265    0.1098803    -0.24755    -0.6241456    1    -0.2963397    -0.2330515    0.04299885    -0.1500416    -0.09930072    0.012095    0.1347162    0.002630206    -0.03693125    -0.02631473    0.01795838    0.009025377    -0.01887102    0.02595673    0.07922218    0.0074203    -0.1310156
-0.0343122    0.02080157    0.08302932    -0.02663602    -0.1195906    0.1688995    -0.2792986    -0.2963397    1    -0.3314129    0.08984877    0.05476429    0.06937548    0.07581966    -0.169319    0.02855622    0.04183903    -0.0376764    -0.0668836    0.05776846    0.2354998    0.07558538    -0.1578722    -0.08792805    -0.01408765
-0.09016064    0.04933726    0.03029962    -0.06094702    0.002665364    0.007790085    0.1218277    -0.2330515    -0.3314129    1    -0.1367907    0.1422554    0.1075135    -0.1201543    0.01726863    -0.02732812    0.08717869    0.08234134    -0.003210931    -0.06594606    -0.1188029    -0.1060314    0.02790666    -0.02140475    -0.006324006
0.04006806    0.04388741    -0.03849275    -0.0002939451    0.004354857    0.0561059    -0.02080198    0.04299885    0.08984877    -0.1367907    1    0.002486199    -0.6084731    0.05587275    -0.03522792    -0.03085402    -0.06601472    -0.002321455    0.04534488    0.00805132    0.09095607    -0.06859168    -0.009341701    0.1407293    -0.161299
-0.1115475    0.06274625    0.07251749    -0.1271884    0.002183377    0.1217325    -0.04531908    -0.1500416    0.05476429    0.1422554    0.002486199    1    -0.2610428    -0.5998652    0.2709889    0.003459199    -0.01118822    -0.002977006    0.001103807    -0.005799886    -0.1110361    -0.06292476    -0.006989258    -0.06792301    0.16369
-0.08557762    0.005305931    0.05238162    -0.06982744    -0.0260074    0.08793841    -0.09273979    -0.09930072    0.06937548    0.1075135    -0.6084731    -0.2610428    1    0.02869043    -0.4800809    0.0271373    0.05240755    -0.05048661    -0.0742926    0.05519576    -0.05352539    0.01811998    -0.1078386    -0.09816858    0.2236656
0.006125684    -0.0277772    0.009959625    0.01937836    0.007198117    0.05943937    0.00684859    0.012095    0.07581966    -0.1201543    0.05587275    -0.5998652    0.02869043    1    -0.3962035    -0.05470971    -0.04252443    0.01918557    0.03508117    0.01677816    0.06787055    -0.03876995    -0.0425336    0.112223    -0.1113637
0.08227164    -0.01278972    -0.06612134    0.06894424    0.01047251    -0.1758835    0.06702777    0.1347162    -0.169319    0.01726863    -0.03522792    0.2709889    -0.4800809    -0.3962035    1    0.06271732    0.06692771    0.008209261    -0.047532    -0.02421797    0.02353699    0.09098666    0.06354639    -0.07686904    -0.0244858
0.03516326    0.01072083    -0.05773052    0.04500068    -0.02445379    0.02901511    -0.02392559    0.002630206    0.02855622    -0.02732812    -0.03085402    0.003459199    0.0271373    -0.05470971    0.06271732    1    0.1113    -0.7716235    -0.2948739    0.2616917    0.1896235    0.05061179    -0.1184294    -0.0748676    0.04929889
-0.0736607    -0.0190577    0.04677782    -0.03100721    0.07231441    -0.005855489    -0.04965056    -0.03693125    0.04183903    0.08717869    -0.06601472    -0.01118822    0.05240755    -0.04252443    0.06692771    0.1113    1    0.1167179    -0.7951628    0.1122501    0.02308711    0.1659117    -0.0458403    -0.1726403    0.0949835
-0.09286372    -0.03371766    0.08727584    -0.05463955    0.06902858    -0.03062845    0.01132815    -0.02631473    -0.0376764    0.08234134    -0.002321455    -0.002977006    -0.05048661    0.01918557    0.008209261    -0.7716235    0.1167179    1    0.2636114    -0.66048    -0.1397133    0.01043808    0.1574417    0.02809964    -0.09859233
0.009222585    -0.02416454    0.01561111    -0.0003248221    -0.03180805    -0.009909169    0.03570315    0.01795838    -0.0668836    -0.003210931    0.04534488    0.001103807    -0.0742926    0.03508117    -0.047532    -0.2948739    -0.7951628    0.2636114    1    -0.5298588    -0.0778675    -0.1371504    0.114669    0.2094833    -0.1530774
0.06892707    0.03808288    -0.04863121    0.01787668    -0.05570177    0.01139331    -0.003304345    0.009025377    0.05776846    -0.06594606    0.00805132    -0.005799886    0.05519576    0.01677816    -0.02421797    0.2616917    0.1122501    -0.66048    -0.5298588    1    0.02978344    0.02352367    -0.1501051    -0.07216762    0.2179818
-0.100262    -0.00643592    0.008517349    0.1530265    -0.01698752    -0.08447945    -0.01779192    -0.01887102    0.2354998    -0.1188029    0.09095607    -0.1110361    -0.05352539    0.06787055    0.02353699    0.1896235    0.02308711    -0.1397133    -0.0778675    0.02978344    1    -0.1376514    -0.6676179    0.09997202    0.0203232
-0.05876979    0.007629718    0.02727629    0.0912724    -0.09226233    -0.07770937    0.02507684    0.02595673    0.07558538    -0.1060314    -0.06859168    -0.06292476    0.01811998    -0.03876995    0.09098666    0.05061179    0.1659117    0.01043808    -0.1371504    0.02352367    -0.1376514    1    0.03542279    -0.676552    0.1943159
0.1153365    -0.04101519    0.02599453    -0.0306517    -0.04700224    0.05651413    0.01382804    0.07922218    -0.1578722    0.02790666    -0.009341701    -0.006989258    -0.1078386    -0.0425336    0.06354639    -0.1184294    -0.0458403    0.1574417    0.114669    -0.1501051    -0.6676179    0.03542279    1    -0.05155417    -0.452103
0.08746204    -0.002514353    0.01829302    -0.1043167    -0.01030879    0.1102664    0.01303361    0.0074203    -0.08792805    -0.02140475    0.1407293    -0.06792301    -0.09816858    0.112223    -0.07686904    -0.0748676    -0.1726403    0.02809964    0.2094833    -0.07216762    0.09997202    -0.676552    -0.05155417    1    -0.5967933
-0.01207187    0.101324    -0.0881724    -0.1119837    -0.02343041    0.02200722    0.01928556    -0.1310156    -0.01408765    -0.006324006    -0.161299    0.16369    0.2236656    -0.1113637    -0.0244858    0.04929889    0.0949835    -0.09859233    -0.1530774    0.2179818    0.0203232    0.1943159    -0.452103    -0.5967933    1
