1    0.2292549    -0.7925327    -0.3398313    0.2443113    0.1378754    0.01430813    -0.07594447    -0.006305397    -0.04839362
0.2292549    1    0.0582692    -0.7753216    0.1000554    0.005578518    0.157625    0.004036359    -0.09551998    -0.01131214
-0.7925327    0.0582692    1    0.2852451    -0.6086443    -0.116667    0.05693531    0.1096152    -0.03011969    -0.0003704035
-0.3398313    -0.7753216    0.2852451    1    -0.503745    0.007558403    -0.1073676    0.0242853    0.09828785    -0.02716121
0.2443113    0.1000554    -0.6086443    -0.503745    1    -0.01359294    -0.03985826    -0.05819444    -0.004065534    0.1113071
0.1378754    0.005578518    -0.116667    0.007558403    -0.01359294    1    -0.1376514    -0.6676179    0.09997202    0.0203232
0.01430813    0.157625    0.05693531    -0.1073676    -0.03985826    -0.1376514    1    0.03542279    -0.676552    0.1943159
-0.07594447    0.004036359    0.1096152    0.0242853    -0.05819444    -0.6676179    0.03542279    1    -0.05155417    -0.452103
-0.006305397    -0.09551998    -0.03011969    0.09828785    -0.004065534    0.09997202    -0.676552    -0.05155417    1    -0.5967933
-0.04839362    -0.01131214    -0.0003704035    -0.02716121    0.1113071    0.0203232    0.1943159    -0.452103    -0.5967933    1
