1    0.009148284    -0.5227716    -0.02662411    -0.09164891    -0.07882301    0.007646385    0.1192401    -0.0343122    -0.09016064    0.009958584    -0.01855465    0.001048079    0.02651015    -0.04221713    -0.100262    -0.05876979    0.1153365    0.08746204    -0.01207187
0.009148284    1    -0.6390093    -0.4031495    0.1813855    0.0363528    -0.06141078    -0.02327589    0.02080157    0.04933726    -0.01769647    -0.01577872    -0.01748958    0.01069618    0.03755191    -0.00643592    0.007629718    -0.04101519    -0.002514353    0.101324
-0.5227716    -0.6390093    1    -0.06712646    -0.3321347    0.13328    0.008431393    -0.1470135    0.08302932    0.03029962    -0.003801953    -0.01626889    0.01207049    0.009705242    0.01396077    0.008517349    0.02727629    0.02599453    0.01829302    -0.0881724
-0.02662411    -0.4031495    -0.06712646    1    -0.130076    -0.07388538    0.01882861    0.09124265    -0.02663602    -0.06094702    0.01837402    -0.01615723    -0.03614271    -0.0360189    0.0375783    0.1530265    0.0912724    -0.0306517    -0.1043167    -0.1119837
-0.09164891    0.1813855    -0.3321347    -0.130076    1    -0.1542298    0.04494515    0.1098803    -0.1195906    0.002665364    0.01457464    0.05059889    0.01769066    -0.01764498    -0.04266305    -0.01698752    -0.09226233    -0.04700224    -0.01030879    -0.02343041
-0.07882301    0.0363528    0.13328    -0.07388538    -0.1542298    1    -0.3425514    -0.24755    0.1688995    0.007790085    -0.1453446    -0.1716474    0.1132302    0.19118    0.01407584    -0.08447945    -0.07770937    0.05651413    0.1102664    0.02200722
0.007646385    -0.06141078    0.008431393    0.01882861    0.04494515    -0.3425514    1    -0.6241456    -0.2792986    0.1218277    0.03714502    0.1370234    -0.009296749    -0.08270393    0.0667338    -0.01779192    0.02507684    0.01382804    0.01303361    0.01928556
0.1192401    -0.02327589    -0.1470135    0.09124265    0.1098803    -0.24755    -0.6241456    1    -0.2963397    -0.2330515    -0.00478214    -0.02904938    0.0527791    0.05035648    -0.1605414    -0.01887102    0.02595673    0.07922218    0.0074203    -0.1310156
-0.0343122    0.02080157    0.08302932    -0.02663602    -0.1195906    0.1688995    -0.2792986    -0.2963397    1    -0.3314129    0.102882    0.02494316    -0.08181711    -0.05895945    -0.04539112    0.2354998    0.07558538    -0.1578722    -0.08792805    -0.01408765
-0.09016064    0.04933726    0.03029962    -0.06094702    0.002665364    0.007790085    0.1218277    -0.2330515    -0.3314129    1    -0.03601382    -0.06748301    -0.01016155    -0.03317605    -0.02385132    -0.1188029    -0.1060314    0.02790666    -0.02140475    -0.006324006
0.009958584    -0.01769647    -0.003801953    0.01837402    0.01457464    -0.1453446    0.03714502    -0.00478214    0.102882    -0.03601382    1    -0.01208665    -0.7751805    -0.07643994    0.1642374    -0.009373055    -0.01509577    0.03224401    0.03383987    -0.09029222
-0.01855465    -0.01577872    -0.01626889    -0.01615723    0.05059889    -0.1716474    0.1370234    -0.02904938    0.02494316    -0.06748301    -0.01208665    1    0.1663351    -0.7695498    0.07538156    -0.08040596    0.01265609    -0.02910225    0.01985668    0.01507886
0.001048079    -0.01748958    0.01207049    -0.03614271    0.01769066    0.1132302    -0.009296749    0.0527791    -0.08181711    -0.01016155    -0.7751805    0.1663351    1    0.03349777    -0.5361289    -0.04407242    0.0121205    -0.01012586    -0.02725932    0.05512654
0.02651015    0.01069618    0.009705242    -0.0360189    -0.01764498    0.19118    -0.08270393    0.05035648    -0.05895945    -0.03317605    -0.07643994    -0.7695498    0.03349777    1    -0.4759833    0.1151806    0.006940934    -0.05450186    -0.01843987    0.04088486
-0.04221713    0.03755191    0.01396077    0.0375783    -0.04266305    0.01407584    0.0667338    -0.1605414    -0.04539112    -0.02385132    0.1642374    0.07538156    -0.5361289    -0.4759833    1    -0.102393    -0.0620109    0.09590239    0.07637262    0.01052134
-0.100262    -0.00643592    0.008517349    0.1530265    -0.01698752    -0.08447945    -0.01779192    -0.01887102    0.2354998    -0.1188029    -0.009373055    -0.08040596    -0.04407242    0.1151806    -0.102393    1    -0.1376514    -0.6676179    0.09997202    0.0203232
-0.05876979    0.007629718    0.02727629    0.0912724    -0.09226233    -0.07770937    0.02507684    0.02595673    0.07558538    -0.1060314    -0.01509577    0.01265609    0.0121205    0.006940934    -0.0620109    -0.1376514    1    0.03542279    -0.676552    0.1943159
0.1153365    -0.04101519    0.02599453    -0.0306517    -0.04700224    0.05651413    0.01382804    0.07922218    -0.1578722    0.02790666    0.03224401    -0.02910225    -0.01012586    -0.05450186    0.09590239    -0.6676179    0.03542279    1    -0.05155417    -0.452103
0.08746204    -0.002514353    0.01829302    -0.1043167    -0.01030879    0.1102664    0.01303361    0.0074203    -0.08792805    -0.02140475    0.03383987    0.01985668    -0.02725932    -0.01843987    0.07637262    0.09997202    -0.676552    -0.05155417    1    -0.5967933
-0.01207187    0.101324    -0.0881724    -0.1119837    -0.02343041    0.02200722    0.01928556    -0.1310156    -0.01408765    -0.006324006    -0.09029222    0.01507886    0.05512654    0.04088486    0.01052134    0.0203232    0.1943159    -0.452103    -0.5967933    1
