1    -0.1750601    -0.4248295    0.2174913    0.002515153    0.08417821    0.03365734    -0.08765574    0.06743536    -0.03421618    -0.02445343    -0.00728827    0.02983422    0.02248903    -0.04256319    0.06960626    -0.05946263    0.01124724    0.06525906    -0.0422528    -0.03868388    0.02683497    0.02435256    -0.03779789    0.01498125    -0.0324485    0.03713678    -0.01089743    -0.0252368    0.02411072    0.0009747135    0.03327251    -0.05064715    -0.0215638    0.05025186
-0.1750601    1    -0.01491714    -0.6222392    0.2333305    0.01301839    -0.05051267    -0.03481799    0.08244198    0.04738014    -0.05551138    0.07994208    0.03391737    -0.06721558    0.03860115    0.05904949    -0.003635176    -0.07226143    0.02426811    0.06971675    0.02570057    0.005629873    -0.02206836    0.0267326    -0.01257761    0.06517634    -0.02067189    -0.0349201    0.02311271    -0.007536412    0.03858535    -0.04293042    -0.03044503    0.020002    0.0008537819
-0.4248295    -0.01491714    1    0.05952327    -0.5232977    0.02684463    -0.06595245    -0.01000153    0.01066658    0.06929134    -0.007382865    0.1051694    0.01888647    -0.1032105    0.01341977    -0.03717377    -0.0524544    -0.01608579    0.07371991    0.07790413    0.05941823    -0.02345454    -0.03673244    -0.0009793452    0.0164058    0.07469758    -0.07160698    -0.04301916    0.03843172    -0.007932219    0.002771592    -0.05800285    0.03287454    0.02958227    -0.02717925
0.2174913    -0.6222392    0.05952327    1    -0.5990358    0.1007842    -0.003344613    -0.07037752    -0.004614059    0.002774564    0.04355567    -0.03030949    0.0303423    0.01397458    -0.0790857    0.03295568    -0.03238618    -0.03195911    0.05777876    0.04540745    0.01295194    -0.007756155    -0.01507274    -0.04536799    0.0123655    -0.01060321    0.00331427    -0.004962427    -0.03767499    0.01569491    0.009905022    0.03889825    -0.01558606    -0.06794439    0.05679076
0.002515153    0.2333305    -0.5232977    -0.5990358    1    -0.106741    0.07079975    0.08252189    -0.07358928    -0.04753515    -0.01461965    -0.07896462    -0.04492463    0.07609251    0.04925242    -0.05598918    0.07469587    0.06070256    -0.1086727    -0.1021506    0.01103227    0.02341695    -0.00105645    0.003877634    -0.02687516    -0.0139021    0.006085149    0.01554656    0.001828074    -0.0170674    -0.01513226    -0.03677966    0.009636552    0.05131929    -0.06605082
0.08417821    0.01301839    0.02684463    0.1007842    -0.106741    1    0.009148284    -0.5227716    -0.02662411    -0.09164891    -0.0172943    -0.08619019    -0.1194365    0.02510887    0.144111    0.4204961    -0.2341166    -0.2264663    0.4998609    -0.0821902    0.1386391    0.08816061    -0.03314759    -0.1297317    -0.1288084    0.005091197    0.02243629    0.05565761    0.01011421    -0.1166541    -0.100262    -0.05876979    0.1153365    0.08746204    -0.01207187
0.03365734    -0.05051267    -0.06595245    -0.003344613    0.07079975    0.009148284    1    -0.6390093    -0.4031495    0.1813855    -0.05176339    0.007979561    0.04184545    0.02394302    -0.03378189    -0.2274046    0.1175345    0.1908151    -0.1545485    -0.1289595    -0.0195929    0.02779592    0.07049557    0.02577592    -0.1272831    0.02871934    0.009693684    -0.03261973    0.03209977    -0.02410192    -0.00643592    0.007629718    -0.04101519    -0.002514353    0.101324
-0.08765574    -0.03481799    -0.01000153    -0.07037752    0.08252189    -0.5227716    -0.6390093    1    -0.06712646    -0.3321347    0.01877774    0.03570221    0.09175993    -0.009396609    -0.09759834    -0.2122947    0.1960092    0.1364153    -0.2960502    -0.07907293    0.02174639    0.003933316    -0.06161711    -0.003440981    0.1605904    0.0007899139    0.009874467    -0.008705152    -0.02039757    0.07858117    0.008517349    0.02727629    0.02599453    0.01829302    -0.0881724
0.06743536    0.08244198    0.01066658    -0.004614059    -0.07358928    -0.02662411    -0.4031495    -0.06712646    1    -0.130076    0.02353981    -0.03979718    -0.1015043    -0.01176881    0.1012205    0.45942    -0.200229    -0.2124393    0.3807536    -0.0990365    -0.1525124    -0.01174401    0.1347067    0.07572466    -0.02105252    -0.02708129    0.03772605    0.07853927    -0.01878144    -0.07378712    0.1530265    0.0912724    -0.0306517    -0.1043167    -0.1119837
-0.03421618    0.04738014    0.06929134    0.002774564    -0.04753515    -0.09164891    0.1813855    -0.3321347    -0.130076    1    0.02877624    0.04178249    -0.004381089    -0.03369374    -0.01847862    -0.1253436    -0.116752    -0.07265703    -0.0724626    0.4619384    -0.01962446    -0.08758819    -0.1067967    0.02100698    0.1683764    -0.00673613    -0.0844615    -0.07383136    0.01516558    0.05537724    -0.01698752    -0.09226233    -0.04700224    -0.01030879    -0.02343041
-0.02445343    -0.05551138    -0.007382865    0.04355567    -0.01461965    -0.0172943    -0.05176339    0.01877774    0.02353981    0.02877624    1    0.1175183    -0.6888881    -0.007499106    0.04592695    0.003247247    -0.009592399    -0.01904375    0.0007578802    0.03226231    0.05779381    -0.1090101    0.009181866    0.1207891    -0.1029446    0.03706809    -0.02777498    -0.0009125502    0.04669799    -0.06501368    0.03811379    0.0649115    -0.01489147    -0.01745127    -0.04125743
-0.00728827    0.07994208    0.1051694    -0.03030949    -0.07896462    -0.08619019    0.007979561    0.03570221    -0.03979718    0.04178249    0.1175183    1    -0.2907878    -0.6958708    0.2802592    -0.07782294    0.01018996    0.02807792    -0.03670038    0.04059141    -0.02805541    -0.08229511    -0.08719055    -0.05946678    0.1862357    0.008134685    -0.05955376    -0.06734158    -0.001248415    0.0888398    0.003563782    -0.03867463    -0.0274839    0.0240722    0.01749138
0.02983422    0.03391737    0.01888647    0.0303423    -0.04492463    -0.1194365    0.04184545    0.09175993    -0.1015043    -0.004381089    -0.6888881    -0.2907878    1    0.09759804    -0.538035    -0.09255916    0.06569828    0.05244081    -0.1052417    0.002946527    -0.07832443    0.01206705    -0.05838536    -0.0788725    0.1861061    -0.04862106    0.0101111    -0.02845086    -0.05266294    0.1308193    -0.04921008    -0.006044469    0.01836305    -0.003917189    0.04829828
0.02248903    -0.06721558    -0.1032105    0.01397458    0.07609251    0.02510887    0.02394302    -0.009396609    -0.01176881    -0.03369374    -0.007499106    -0.6958708    0.09759804    1    -0.4298296    0.009908147    0.02584176    -0.01165603    0.00215075    0.002114588    0.06681686    -0.06112158    0.008848863    0.1275067    -0.121465    0.03795101    -0.0132637    0.01598057    0.05548065    -0.07454921    0.02671605    0.07705192    0.02414094    -0.006282117    -0.04155574
-0.04256319    0.03860115    0.01341977    -0.0790857    0.04925242    0.144111    -0.03378189    -0.09759834    0.1012205    -0.01847862    0.04592695    0.2802592    -0.538035    -0.4298296    1    0.08729528    -0.1167188    -0.0003244897    0.1339029    -0.04678849    0.03392326    0.1139882    0.06910205    -0.03286044    -0.1417786    0.001941615    0.01869545    0.05218478    0.02072014    -0.1223152    -0.02745773    -0.07163876    0.009207482    0.04189701    -0.04891097
0.06960626    0.05904949    -0.03717377    0.03295568    -0.05598918    0.4204961    -0.2274046    -0.2122947    0.45942    -0.1253436    0.003247247    -0.07782294    -0.09255916    0.009908147    0.08729528    1    0.1802937    -0.5691702    -0.2002636    -0.1141258    -0.03518199    0.04406992    0.08748384    -0.006565689    -0.09400843    -0.1603644    0.01298608    0.1604654    0.08648642    -0.03671642    0.02973779    0.05498523    0.07407697    -0.01060514    -0.09392598
-0.05946263    -0.003635176    -0.0524544    -0.03238618    0.07469587    -0.2341166    0.1175345    0.1960092    -0.200229    -0.116752    -0.009592399    0.01018996    0.06569828    0.02584176    -0.1167188    0.1802937    1    -0.712963    -0.5634511    0.2419349    -0.004117329    -0.05887365    0.02810096    0.07208845    -0.01944009    -0.02048981    -0.04206599    -0.01845305    0.05780439    0.1025666    -0.00674628    0.01408197    0.04352533    0.03240485    -0.03614079
0.01124724    -0.07226143    -0.01608579    -0.03195911    0.06070256    -0.2264663    0.1908151    0.1364153    -0.2124393    -0.07265703    -0.01904375    0.02807792    0.05244081    -0.01165603    -0.0003244897    -0.5691702    -0.712963    1    0.1600804    -0.4300399    0.004094961    0.08498085    -0.01357486    -0.04992367    0.03569054    0.04503312    0.06082599    -0.01556947    -0.04923939    -0.05356981    0.008916974    0.02095433    -0.05981778    -0.02081737    0.05972902
0.06525906    0.02426811    0.07371991    0.05777876    -0.1086727    0.4998609    -0.1545485    -0.2960502    0.3807536    -0.0724626    0.0007578802    -0.03670038    -0.1052417    0.00215075    0.1339029    -0.2002636    -0.5634511    0.1600804    1    -0.04550196    0.04088292    0.03016526    -0.01105948    -0.05378308    -0.03262829    0.1436854    0.03978726    -0.04075165    -0.09282286    -0.1352477    0.006911928    -0.03437708    0.01492334    0.008254262    -0.02685137
-0.0422528    0.06971675    0.07790413    0.04540745    -0.1021506    -0.0821902    -0.1289595    -0.07907293    -0.0990365    0.4619384    0.03226231    0.04059141    0.002946527    0.002114588    -0.04678849    -0.1141258    0.2419349    -0.4300399    -0.04550196    1    -0.01434644    -0.1607475    -0.08457745    0.04869665    0.08412436    -0.04299442    -0.1391635    -0.0326559    0.01498628    -0.005949784    -0.05358654    -0.09921473    -0.02379207    -0.006139206    0.05736875
-0.03868388    0.02570057    0.05941823    0.01295194    0.01103227    0.1386391    -0.0195929    0.02174639    -0.1525124    -0.01962446    0.05779381    -0.02805541    -0.07832443    0.06681686    0.03392326    -0.03518199    -0.004117329    0.004094961    0.04088292    -0.01434644    1    0.05016715    -0.7652618    -0.2164396    0.2527462    0.5959399    0.008867918    -0.4352198    -0.1327181    0.1665932    0.1757093    -0.01902461    -0.08365833    -0.06035079    0.02954738
0.02683497    0.005629873    -0.02345454    -0.007756155    0.02341695    0.08816061    0.02779592    0.003933316    -0.01174401    -0.08758819    -0.1090101    -0.08229511    0.01206705    -0.06112158    0.1139882    0.04406992    -0.05887365    0.08498085    0.03016526    -0.1607475    0.05016715    1    0.07725506    -0.7808682    0.1179414    0.03727942    0.5768487    0.003365721    -0.4236526    0.06463427    0.04511379    0.1572304    -0.01627114    -0.09815471    -0.01748515
0.02435256    -0.02206836    -0.03673244    -0.01507274    -0.00105645    -0.03314759    0.07049557    -0.06161711    0.1347067    -0.1067967    0.009181866    -0.08719055    -0.05838536    0.008848863    0.06910205    0.08748384    0.02810096    -0.01357486    -0.01105948    -0.08457745    -0.7652618    0.07725506    1    0.210168    -0.6410685    -0.4368008    0.05310049    0.5855373    0.1218832    -0.4151067    -0.1032741    0.05570676    0.1396427    0.0561913    -0.1408994
-0.03779789    0.0267326    -0.0009793452    -0.04536799    0.003877634    -0.1297317    0.02577592    -0.003440981    0.07572466    0.02100698    0.1207891    -0.05946678    -0.0788725    0.1275067    -0.03286044    -0.006565689    0.07208845    -0.04992367    -0.05378308    0.04869665    -0.2164396    -0.7808682    0.210168    1    -0.5415401    -0.1096388    -0.43125    0.1203527    0.5588632    -0.3183744    -0.02245147    -0.0877916    0.04534361    0.128129    -0.06091721
0.01498125    -0.01257761    0.0164058    0.0123655    -0.02687516    -0.1288084    -0.1272831    0.1605904    -0.02105252    0.1683764    -0.1029446    0.1862357    0.1861061    -0.121465    -0.1417786    -0.09400843    -0.01944009    0.03569054    -0.03262829    0.08412436    0.2527462    0.1179414    -0.6410685    -0.5415401    1    0.08022032    0.03772683    -0.3454525    -0.2947401    0.6483583    -0.06040446    -0.04292855    -0.09685357    -0.04914318    0.253015
-0.0324485    0.06517634    0.07469758    -0.01060321    -0.0139021    0.005091197    0.02871934    0.0007899139    -0.02708129    -0.00673613    0.03706809    0.008134685    -0.04862106    0.03795101    0.001941615    -0.1603644    -0.02048981    0.04503312    0.1436854    -0.04299442    0.5959399    0.03727942    -0.4368008    -0.1096388    0.08022032    1    -0.07100112    -0.728322    -0.04729772    0.1596486    0.5977577    -0.08046202    -0.3984988    0.0001008383    0.04818253
0.03713678    -0.02067189    -0.07160698    0.00331427    0.006085149    0.02243629    0.009693684    0.009874467    0.03772605    -0.0844615    -0.02777498    -0.05955376    0.0101111    -0.0132637    0.01869545    0.01298608    -0.04206599    0.06082599    0.03978726    -0.1391635    0.008867918    0.5768487    0.05310049    -0.43125    0.03772683    -0.07100112    1    0.0881019    -0.7726396    0.1730508    -0.02102613    0.5589629    0.01665341    -0.4008157    0.09564381
-0.01089743    -0.0349201    -0.04301916    -0.004962427    0.01554656    0.05565761    -0.03261973    -0.008705152    0.07853927    -0.07383136    -0.0009125502    -0.06734158    -0.02845086    0.01598057    0.05218478    0.1604654    -0.01845305    -0.01556947    -0.04075165    -0.0326559    -0.4352198    0.003365721    0.5855373    0.1203527    -0.3454525    -0.728322    0.0881019    1    0.04617607    -0.5515985    -0.4168925    0.06428404    0.5812836    0.01412991    -0.3068639
-0.0252368    0.02311271    0.03843172    -0.03767499    0.001828074    0.01011421    0.03209977    -0.02039757    -0.01878144    0.01516558    0.04669799    -0.001248415    -0.05266294    0.05548065    0.02072014    0.08648642    0.05780439    -0.04923939    -0.09282286    0.01498628    -0.1327181    -0.4236526    0.1218832    0.5588632    -0.2947401    -0.04729772    -0.7726396    0.04617607    1    -0.5459898    0.007878584    -0.412785    0.01791493    0.5618735    -0.3169163
0.02411072    -0.007536412    -0.007932219    0.01569491    -0.0170674    -0.1166541    -0.02410192    0.07858117    -0.07378712    0.05537724    -0.06501368    0.0888398    0.1308193    -0.07454921    -0.1223152    -0.03671642    0.1025666    -0.05356981    -0.1352477    -0.005949784    0.1665932    0.06463427    -0.4151067    -0.3183744    0.6483583    0.1596486    0.1730508    -0.5515985    -0.5459898    1    0.0122435    0.08702397    -0.3026942    -0.3122294    0.6186472
0.0009747135    0.03858535    0.002771592    0.009905022    -0.01513226    -0.100262    -0.00643592    0.008517349    0.1530265    -0.01698752    0.03811379    0.003563782    -0.04921008    0.02671605    -0.02745773    0.02973779    -0.00674628    0.008916974    0.006911928    -0.05358654    0.1757093    0.04511379    -0.1032741    -0.02245147    -0.06040446    0.5977577    -0.02102613    -0.4168925    0.007878584    0.0122435    1    -0.1376514    -0.6676179    0.09997202    0.0203232
0.03327251    -0.04293042    -0.05800285    0.03889825    -0.03677966    -0.05876979    0.007629718    0.02727629    0.0912724    -0.09226233    0.0649115    -0.03867463    -0.006044469    0.07705192    -0.07163876    0.05498523    0.01408197    0.02095433    -0.03437708    -0.09921473    -0.01902461    0.1572304    0.05570676    -0.0877916    -0.04292855    -0.08046202    0.5589629    0.06428404    -0.412785    0.08702397    -0.1376514    1    0.03542279    -0.676552    0.1943159
-0.05064715    -0.03044503    0.03287454    -0.01558606    0.009636552    0.1153365    -0.04101519    0.02599453    -0.0306517    -0.04700224    -0.01489147    -0.0274839    0.01836305    0.02414094    0.009207482    0.07407697    0.04352533    -0.05981778    0.01492334    -0.02379207    -0.08365833    -0.01627114    0.1396427    0.04534361    -0.09685357    -0.3984988    0.01665341    0.5812836    0.01791493    -0.3026942    -0.6676179    0.03542279    1    -0.05155417    -0.452103
-0.0215638    0.020002    0.02958227    -0.06794439    0.05131929    0.08746204    -0.002514353    0.01829302    -0.1043167    -0.01030879    -0.01745127    0.0240722    -0.003917189    -0.006282117    0.04189701    -0.01060514    0.03240485    -0.02081737    0.008254262    -0.006139206    -0.06035079    -0.09815471    0.0561913    0.128129    -0.04914318    0.0001008383    -0.4008157    0.01412991    0.5618735    -0.3122294    0.09997202    -0.676552    -0.05155417    1    -0.5967933
0.05025186    0.0008537819    -0.02717925    0.05679076    -0.06605082    -0.01207187    0.101324    -0.0881724    -0.1119837    -0.02343041    -0.04125743    0.01749138    0.04829828    -0.04155574    -0.04891097    -0.09392598    -0.03614079    0.05972902    -0.02685137    0.05736875    0.02954738    -0.01748515    -0.1408994    -0.06091721    0.253015    0.04818253    0.09564381    -0.3068639    -0.3169163    0.6186472    0.0203232    0.1943159    -0.452103    -0.5967933    1
