1    -0.05330177    -0.7076816    -0.05428078    -0.0042453    0.08878861    -0.01884682    -0.0562046    0.0542777    -0.02178732    0.03953787    0.01803296    -0.03444617    -0.00245133    0.01230655
-0.05330177    1    -0.07540401    -0.5736487    0.1523894    -0.01361854    0.005656384    -0.04410005    0.01842059    0.0200206    0.04427399    -0.02454241    -0.06456931    0.01969453    0.02887436
-0.7076816    -0.07540401    1    0.02279707    -0.3127617    0.0109562    -0.02203385    -0.04005337    0.01756891    0.05742907    -0.03807851    -0.0233246    0.01719042    -0.005266336    0.03917351
-0.05428078    -0.5736487    0.02279707    1    -0.3869901    0.1181875    -0.05167475    -0.0246916    0.01408683    0.05936459    -0.04755737    0.009178364    0.0478331    -0.002207048    -0.002304873
-0.0042453    0.1523894    -0.3127617    -0.3869901    1    -0.104417    0.09152064    0.03042259    -0.04195618    -0.06146077    -0.0001597905    -0.04925163    -0.0207082    0.05939772    -0.05770238
0.08878861    -0.01361854    0.0109562    0.1181875    -0.104417    1    -0.3425514    -0.24755    0.1688995    0.007790085    -0.08447945    -0.07770937    0.05651413    0.1102664    0.02200722
-0.01884682    0.005656384    -0.02203385    -0.05167475    0.09152064    -0.3425514    1    -0.6241456    -0.2792986    0.1218277    -0.01779192    0.02507684    0.01382804    0.01303361    0.01928556
-0.0562046    -0.04410005    -0.04005337    -0.0246916    0.03042259    -0.24755    -0.6241456    1    -0.2963397    -0.2330515    -0.01887102    0.02595673    0.07922218    0.0074203    -0.1310156
0.0542777    0.01842059    0.01756891    0.01408683    -0.04195618    0.1688995    -0.2792986    -0.2963397    1    -0.3314129    0.2354998    0.07558538    -0.1578722    -0.08792805    -0.01408765
-0.02178732    0.0200206    0.05742907    0.05936459    -0.06146077    0.007790085    0.1218277    -0.2330515    -0.3314129    1    -0.1188029    -0.1060314    0.02790666    -0.02140475    -0.006324006
0.03953787    0.04427399    -0.03807851    -0.04755737    -0.0001597905    -0.08447945    -0.01779192    -0.01887102    0.2354998    -0.1188029    1    -0.1376514    -0.6676179    0.09997202    0.0203232
0.01803296    -0.02454241    -0.0233246    0.009178364    -0.04925163    -0.07770937    0.02507684    0.02595673    0.07558538    -0.1060314    -0.1376514    1    0.03542279    -0.676552    0.1943159
-0.03444617    -0.06456931    0.01719042    0.0478331    -0.0207082    0.05651413    0.01382804    0.07922218    -0.1578722    0.02790666    -0.6676179    0.03542279    1    -0.05155417    -0.452103
-0.00245133    0.01969453    -0.005266336    -0.002207048    0.05939772    0.1102664    0.01303361    0.0074203    -0.08792805    -0.02140475    0.09997202    -0.676552    -0.05155417    1    -0.5967933
0.01230655    0.02887436    0.03917351    -0.002304873    -0.05770238    0.02200722    0.01928556    -0.1310156    -0.01408765    -0.006324006    0.0203232    0.1943159    -0.452103    -0.5967933    1
