1    0.009148284    -0.5227716    -0.02662411    -0.09164891    -0.07882301    0.007646385    0.1192401    -0.0343122    -0.09016064    0.009958584    -0.01855465    0.001048079    0.02651015    -0.04221713    0.03516326    -0.0736607    -0.09286372    0.009222585    0.06892707    -0.100262    -0.05876979    0.1153365    0.08746204    -0.01207187
0.009148284    1    -0.6390093    -0.4031495    0.1813855    0.0363528    -0.06141078    -0.02327589    0.02080157    0.04933726    -0.01769647    -0.01577872    -0.01748958    0.01069618    0.03755191    0.01072083    -0.0190577    -0.03371766    -0.02416454    0.03808288    -0.00643592    0.007629718    -0.04101519    -0.002514353    0.101324
-0.5227716    -0.6390093    1    -0.06712646    -0.3321347    0.13328    0.008431393    -0.1470135    0.08302932    0.03029962    -0.003801953    -0.01626889    0.01207049    0.009705242    0.01396077    -0.05773052    0.04677782    0.08727584    0.01561111    -0.04863121    0.008517349    0.02727629    0.02599453    0.01829302    -0.0881724
-0.02662411    -0.4031495    -0.06712646    1    -0.130076    -0.07388538    0.01882861    0.09124265    -0.02663602    -0.06094702    0.01837402    -0.01615723    -0.03614271    -0.0360189    0.0375783    0.04500068    -0.03100721    -0.05463955    -0.0003248221    0.01787668    0.1530265    0.0912724    -0.0306517    -0.1043167    -0.1119837
-0.09164891    0.1813855    -0.3321347    -0.130076    1    -0.1542298    0.04494515    0.1098803    -0.1195906    0.002665364    0.01457464    0.05059889    0.01769066    -0.01764498    -0.04266305    -0.02445379    0.07231441    0.06902858    -0.03180805    -0.05570177    -0.01698752    -0.09226233    -0.04700224    -0.01030879    -0.02343041
-0.07882301    0.0363528    0.13328    -0.07388538    -0.1542298    1    -0.3425514    -0.24755    0.1688995    0.007790085    -0.1453446    -0.1716474    0.1132302    0.19118    0.01407584    0.02901511    -0.005855489    -0.03062845    -0.009909169    0.01139331    -0.08447945    -0.07770937    0.05651413    0.1102664    0.02200722
0.007646385    -0.06141078    0.008431393    0.01882861    0.04494515    -0.3425514    1    -0.6241456    -0.2792986    0.1218277    0.03714502    0.1370234    -0.009296749    -0.08270393    0.0667338    -0.02392559    -0.04965056    0.01132815    0.03570315    -0.003304345    -0.01779192    0.02507684    0.01382804    0.01303361    0.01928556
0.1192401    -0.02327589    -0.1470135    0.09124265    0.1098803    -0.24755    -0.6241456    1    -0.2963397    -0.2330515    -0.00478214    -0.02904938    0.0527791    0.05035648    -0.1605414    0.002630206    -0.03693125    -0.02631473    0.01795838    0.009025377    -0.01887102    0.02595673    0.07922218    0.0074203    -0.1310156
-0.0343122    0.02080157    0.08302932    -0.02663602    -0.1195906    0.1688995    -0.2792986    -0.2963397    1    -0.3314129    0.102882    0.02494316    -0.08181711    -0.05895945    -0.04539112    0.02855622    0.04183903    -0.0376764    -0.0668836    0.05776846    0.2354998    0.07558538    -0.1578722    -0.08792805    -0.01408765
-0.09016064    0.04933726    0.03029962    -0.06094702    0.002665364    0.007790085    0.1218277    -0.2330515    -0.3314129    1    -0.03601382    -0.06748301    -0.01016155    -0.03317605    -0.02385132    -0.02732812    0.08717869    0.08234134    -0.003210931    -0.06594606    -0.1188029    -0.1060314    0.02790666    -0.02140475    -0.006324006
0.009958584    -0.01769647    -0.003801953    0.01837402    0.01457464    -0.1453446    0.03714502    -0.00478214    0.102882    -0.03601382    1    -0.01208665    -0.7751805    -0.07643994    0.1642374    -0.08559248    -0.08869695    0.06333517    0.09972967    -0.06495509    -0.009373055    -0.01509577    0.03224401    0.03383987    -0.09029222
-0.01855465    -0.01577872    -0.01626889    -0.01615723    0.05059889    -0.1716474    0.1370234    -0.02904938    0.02494316    -0.06748301    -0.01208665    1    0.1663351    -0.7695498    0.07538156    -0.05503422    -0.07214735    0.01842307    0.058144    -0.01838038    -0.08040596    0.01265609    -0.02910225    0.01985668    0.01507886
0.001048079    -0.01748958    0.01207049    -0.03614271    0.01769066    0.1132302    -0.009296749    0.0527791    -0.08181711    -0.01016155    -0.7751805    0.1663351    1    0.03349777    -0.5361289    0.0420364    0.020539    -0.07228639    -0.08153302    0.1128415    -0.04407242    0.0121205    -0.01012586    -0.02725932    0.05512654
0.02651015    0.01069618    0.009705242    -0.0360189    -0.01764498    0.19118    -0.08270393    0.05035648    -0.05895945    -0.03317605    -0.07643994    -0.7695498    0.03349777    1    -0.4759833    0.122356    0.05143977    -0.1273624    -0.1081123    0.1068853    0.1151806    0.006940934    -0.05450186    -0.01843987    0.04088486
-0.04221713    0.03755191    0.01396077    0.0375783    -0.04266305    0.01407584    0.0667338    -0.1605414    -0.04539112    -0.02385132    0.1642374    0.07538156    -0.5361289    -0.4759833    1    -0.1026178    -0.02330576    0.1565235    0.1366398    -0.1809644    -0.102393    -0.0620109    0.09590239    0.07637262    0.01052134
0.03516326    0.01072083    -0.05773052    0.04500068    -0.02445379    0.02901511    -0.02392559    0.002630206    0.02855622    -0.02732812    -0.08559248    -0.05503422    0.0420364    0.122356    -0.1026178    1    0.1113    -0.7716235    -0.2948739    0.2616917    0.1896235    0.05061179    -0.1184294    -0.0748676    0.04929889
-0.0736607    -0.0190577    0.04677782    -0.03100721    0.07231441    -0.005855489    -0.04965056    -0.03693125    0.04183903    0.08717869    -0.08869695    -0.07214735    0.020539    0.05143977    -0.02330576    0.1113    1    0.1167179    -0.7951628    0.1122501    0.02308711    0.1659117    -0.0458403    -0.1726403    0.0949835
-0.09286372    -0.03371766    0.08727584    -0.05463955    0.06902858    -0.03062845    0.01132815    -0.02631473    -0.0376764    0.08234134    0.06333517    0.01842307    -0.07228639    -0.1273624    0.1565235    -0.7716235    0.1167179    1    0.2636114    -0.66048    -0.1397133    0.01043808    0.1574417    0.02809964    -0.09859233
0.009222585    -0.02416454    0.01561111    -0.0003248221    -0.03180805    -0.009909169    0.03570315    0.01795838    -0.0668836    -0.003210931    0.09972967    0.058144    -0.08153302    -0.1081123    0.1366398    -0.2948739    -0.7951628    0.2636114    1    -0.5298588    -0.0778675    -0.1371504    0.114669    0.2094833    -0.1530774
0.06892707    0.03808288    -0.04863121    0.01787668    -0.05570177    0.01139331    -0.003304345    0.009025377    0.05776846    -0.06594606    -0.06495509    -0.01838038    0.1128415    0.1068853    -0.1809644    0.2616917    0.1122501    -0.66048    -0.5298588    1    0.02978344    0.02352367    -0.1501051    -0.07216762    0.2179818
-0.100262    -0.00643592    0.008517349    0.1530265    -0.01698752    -0.08447945    -0.01779192    -0.01887102    0.2354998    -0.1188029    -0.009373055    -0.08040596    -0.04407242    0.1151806    -0.102393    0.1896235    0.02308711    -0.1397133    -0.0778675    0.02978344    1    -0.1376514    -0.6676179    0.09997202    0.0203232
-0.05876979    0.007629718    0.02727629    0.0912724    -0.09226233    -0.07770937    0.02507684    0.02595673    0.07558538    -0.1060314    -0.01509577    0.01265609    0.0121205    0.006940934    -0.0620109    0.05061179    0.1659117    0.01043808    -0.1371504    0.02352367    -0.1376514    1    0.03542279    -0.676552    0.1943159
0.1153365    -0.04101519    0.02599453    -0.0306517    -0.04700224    0.05651413    0.01382804    0.07922218    -0.1578722    0.02790666    0.03224401    -0.02910225    -0.01012586    -0.05450186    0.09590239    -0.1184294    -0.0458403    0.1574417    0.114669    -0.1501051    -0.6676179    0.03542279    1    -0.05155417    -0.452103
0.08746204    -0.002514353    0.01829302    -0.1043167    -0.01030879    0.1102664    0.01303361    0.0074203    -0.08792805    -0.02140475    0.03383987    0.01985668    -0.02725932    -0.01843987    0.07637262    -0.0748676    -0.1726403    0.02809964    0.2094833    -0.07216762    0.09997202    -0.676552    -0.05155417    1    -0.5967933
-0.01207187    0.101324    -0.0881724    -0.1119837    -0.02343041    0.02200722    0.01928556    -0.1310156    -0.01408765    -0.006324006    -0.09029222    0.01507886    0.05512654    0.04088486    0.01052134    0.04929889    0.0949835    -0.09859233    -0.1530774    0.2179818    0.0203232    0.1943159    -0.452103    -0.5967933    1
