1    -0.1750601    -0.4248295    0.2174913    0.002515153    0.07395104    -0.1131871    -0.1369199    0.07386933    0.07649416    0.08417821    0.03365734    -0.08765574    0.06743536    -0.03421618    0.06960626    -0.05946263    0.01124724    0.06525906    -0.0422528    -0.0301812    0.03886998    0.01183948    -0.03772405    0.0271299    -0.03868388    0.02683497    0.02435256    -0.03779789    0.01498125    -0.0324485    0.03713678    -0.01089743    -0.0252368    0.02411072    0.0009747135    0.03327251    -0.05064715    -0.0215638    0.05025186
-0.1750601    1    -0.01491714    -0.6222392    0.2333305    -0.07732744    0.01778574    0.01058778    -0.1651793    0.08876159    0.01301839    -0.05051267    -0.03481799    0.08244198    0.04738014    0.05904949    -0.003635176    -0.07226143    0.02426811    0.06971675    0.02743777    -0.01267183    0.01421855    0.04788913    -0.1172447    0.02570057    0.005629873    -0.02206836    0.0267326    -0.01257761    0.06517634    -0.02067189    -0.0349201    0.02311271    -0.007536412    0.03858535    -0.04293042    -0.03044503    0.020002    0.0008537819
-0.4248295    -0.01491714    1    0.05952327    -0.5232977    -0.1276178    -0.08015054    -0.01464825    -0.09411968    0.2261081    0.02684463    -0.06595245    -0.01000153    0.01066658    0.06929134    -0.03717377    -0.0524544    -0.01608579    0.07371991    0.07790413    0.05713032    -0.03903473    -0.03661051    0.02900273    -0.04906185    0.05941823    -0.02345454    -0.03673244    -0.0009793452    0.0164058    0.07469758    -0.07160698    -0.04301916    0.03843172    -0.007932219    0.002771592    -0.05800285    0.03287454    0.02958227    -0.02717925
0.2174913    -0.6222392    0.05952327    1    -0.5990358    0.08927624    -0.1740325    -0.180289    0.1381758    0.09513753    0.1007842    -0.003344613    -0.07037752    -0.004614059    0.002774564    0.03295568    -0.03238618    -0.03195911    0.05777876    0.04540745    0.01915614    -0.005837187    -0.0352114    -0.03927754    0.06889826    0.01295194    -0.007756155    -0.01507274    -0.04536799    0.0123655    -0.01060321    0.00331427    -0.004962427    -0.03767499    0.01569491    0.009905022    0.03889825    -0.01558606    -0.06794439    0.05679076
0.002515153    0.2333305    -0.5232977    -0.5990358    1    -0.0001732517    0.1783414    0.2074047    -0.02316448    -0.2377356    -0.106741    0.07079975    0.08252189    -0.07358928    -0.04753515    -0.05598918    0.07469587    0.06070256    -0.1086727    -0.1021506    -0.03576383    -0.004759098    0.0147203    0.04331806    -0.02235641    0.01103227    0.02341695    -0.00105645    0.003877634    -0.02687516    -0.0139021    0.006085149    0.01554656    0.001828074    -0.0170674    -0.01513226    -0.03677966    0.009636552    0.05131929    -0.06605082
0.07395104    -0.07732744    -0.1276178    0.08927624    -0.0001732517    1    -0.06409369    -0.6033327    -0.117936    0.005767962    0.07528157    -0.05717756    -0.01027071    0.04660172    -0.03122617    0.01610019    -0.06951527    0.01076136    0.09534299    -0.01308736    -0.02250176    0.01587454    0.02393126    -0.01888183    0.03645    -0.003667107    0.01434533    0.02196922    0.01293101    -0.05925186    0.02093308    -0.01606784    -0.006830882    0.02804108    -0.05309203    0.02304323    -0.005218953    -0.01366843    0.0039977    -0.01342778
-0.1131871    0.01778574    -0.08015054    -0.1740325    0.1783414    -0.06409369    1    -0.09900662    -0.5676348    0.03544622    0.01469773    -0.03027661    -0.06975475    0.05468785    0.1215033    0.09035622    0.0005434782    -0.09284294    -0.03065628    0.05221953    -0.03746975    0.03675218    0.01029787    -0.01799916    0.02044175    0.01871929    -0.05181283    -0.05050695    0.04179945    0.002959576    -0.01204764    0.02077989    0.001403953    -0.01595646    0.01200544    0.005991629    0.01629427    0.008106591    -0.01540845    -0.02872888
-0.1369199    0.01058778    -0.01464825    -0.180289    0.2074047    -0.6033327    -0.09900662    1    -0.06336199    -0.3576137    0.01801939    -0.01991905    -0.02466597    -0.0008445505    0.05731621    -0.008745422    -0.0367233    -0.004724281    0.02556267    0.0508789    -0.001972195    -0.04271607    0.03486935    0.08047891    -0.07520727    0.03143309    -0.0316137    -0.01585068    0.02629431    -0.0393443    0.001555386    -0.01761126    0.03318254    -0.007484851    -0.04273721    -0.0349048    -0.02486632    0.08516028    0.01497621    -0.08319
0.07386933    -0.1651793    -0.09411968    0.1381758    -0.02316448    -0.117936    -0.5676348    -0.06336199    1    -0.2964738    0.05440848    -0.02268755    -0.01978409    0.01962171    -0.02471152    0.07562052    -0.005852118    -0.0299171    -0.007934935    -0.00913873    0.0122577    -0.02619333    -0.001349864    -0.004806057    0.03549004    -0.02343289    0.06052918    0.03467632    -0.06485584    0.01284983    -0.03154554    0.0003895109    0.02274462    -0.0151352    0.0230612    0.01134116    -0.008842299    -0.03169866    0.004983702    0.03282264
0.07649416    0.08876159    0.2261081    0.09513753    -0.2377356    0.005767962    0.03544622    -0.3576137    -0.2964738    1    -0.1149766    0.09323799    0.08222961    -0.0937733    -0.07162653    -0.1073837    0.07627857    0.08079149    -0.08159052    -0.03085781    0.02793176    0.01605795    -0.04636856    -0.02977209    -0.007754299    -0.008418857    0.00471083    -0.01117648    0.0101948    0.04207786    0.01671633    0.02775073    -0.05549356    0.004671751    0.04606816    0.0281875    0.01514631    -0.04976897    -0.01577846    0.07491813
0.08417821    0.01301839    0.02684463    0.1007842    -0.106741    0.07528157    0.01469773    0.01801939    0.05440848    -0.1149766    1    0.009148284    -0.5227716    -0.02662411    -0.09164891    0.4204961    -0.2341166    -0.2264663    0.4998609    -0.0821902    -0.09500936    -0.04857144    0.09199428    0.1465895    -0.0361348    0.1386391    0.08816061    -0.03314759    -0.1297317    -0.1288084    0.005091197    0.02243629    0.05565761    0.01011421    -0.1166541    -0.100262    -0.05876979    0.1153365    0.08746204    -0.01207187
0.03365734    -0.05051267    -0.06595245    -0.003344613    0.07079975    -0.05717756    -0.03027661    -0.01991905    -0.02268755    0.09323799    0.009148284    1    -0.6390093    -0.4031495    0.1813855    -0.2274046    0.1175345    0.1908151    -0.1545485    -0.1289595    0.02270523    0.02356563    -0.01064763    -0.005119366    0.03059679    -0.0195929    0.02779592    0.07049557    0.02577592    -0.1272831    0.02871934    0.009693684    -0.03261973    0.03209977    -0.02410192    -0.00643592    0.007629718    -0.04101519    -0.002514353    0.101324
-0.08765574    -0.03481799    -0.01000153    -0.07037752    0.08252189    -0.01027071    -0.06975475    -0.02466597    -0.01978409    0.08222961    -0.5227716    -0.6390093    1    -0.06712646    -0.3321347    -0.2122947    0.1960092    0.1364153    -0.2960502    -0.07907293    -0.01825714    0.02081036    0.006465236    -0.03346213    -0.04900878    0.02174639    0.003933316    -0.06161711    -0.003440981    0.1605904    0.0007899139    0.009874467    -0.008705152    -0.02039757    0.07858117    0.008517349    0.02727629    0.02599453    0.01829302    -0.0881724
0.06743536    0.08244198    0.01066658    -0.004614059    -0.07358928    0.04660172    0.05468785    -0.0008445505    0.01962171    -0.0937733    -0.02662411    -0.4031495    -0.06712646    1    -0.130076    0.45942    -0.200229    -0.2124393    0.3807536    -0.0990365    0.09560845    0.06679849    -0.03443567    -0.08306449    -0.03507913    -0.1525124    -0.01174401    0.1347067    0.07572466    -0.02105252    -0.02708129    0.03772605    0.07853927    -0.01878144    -0.07378712    0.1530265    0.0912724    -0.0306517    -0.1043167    -0.1119837
-0.03421618    0.04738014    0.06929134    0.002774564    -0.04753515    -0.03122617    0.1215033    0.05731621    -0.02471152    -0.07162653    -0.09164891    0.1813855    -0.3321347    -0.130076    1    -0.1253436    -0.116752    -0.07265703    -0.0724626    0.4619384    -0.00663808    -0.08476189    0.002361076    0.01933151    -0.0583411    -0.01962446    -0.08758819    -0.1067967    0.02100698    0.1683764    -0.00673613    -0.0844615    -0.07383136    0.01516558    0.05537724    -0.01698752    -0.09226233    -0.04700224    -0.01030879    -0.02343041
0.06960626    0.05904949    -0.03717377    0.03295568    -0.05598918    0.01610019    0.09035622    -0.008745422    0.07562052    -0.1073837    0.4204961    -0.2274046    -0.2122947    0.45942    -0.1253436    1    0.1802937    -0.5691702    -0.2002636    -0.1141258    -0.02657914    0.02333335    0.06434097    0.0121997    -0.04081714    -0.03518199    0.04406992    0.08748384    -0.006565689    -0.09400843    -0.1603644    0.01298608    0.1604654    0.08648642    -0.03671642    0.02973779    0.05498523    0.07407697    -0.01060514    -0.09392598
-0.05946263    -0.003635176    -0.0524544    -0.03238618    0.07469587    -0.06951527    0.0005434782    -0.0367233    -0.005852118    0.07627857    -0.2341166    0.1175345    0.1960092    -0.200229    -0.116752    0.1802937    1    -0.712963    -0.5634511    0.2419349    0.0250954    -0.001546188    -0.02327891    -0.04330114    0.04686558    -0.004117329    -0.05887365    0.02810096    0.07208845    -0.01944009    -0.02048981    -0.04206599    -0.01845305    0.05780439    0.1025666    -0.00674628    0.01408197    0.04352533    0.03240485    -0.03614079
0.01124724    -0.07226143    -0.01608579    -0.03195911    0.06070256    0.01076136    -0.09284294    -0.004724281    -0.0299171    0.08079149    -0.2264663    0.1908151    0.1364153    -0.2124393    -0.07265703    -0.5691702    -0.712963    1    0.1600804    -0.4300399    -0.01829581    0.04458221    0.01341398    0.004460754    -0.0483019    0.004094961    0.08498085    -0.01357486    -0.04992367    0.03569054    0.04503312    0.06082599    -0.01556947    -0.04923939    -0.05356981    0.008916974    0.02095433    -0.05981778    -0.02081737    0.05972902
0.06525906    0.02426811    0.07371991    0.05777876    -0.1086727    0.09534299    -0.03065628    0.02556267    -0.007934935    -0.08159052    0.4998609    -0.1545485    -0.2960502    0.3807536    -0.0724626    -0.2002636    -0.5634511    0.1600804    1    -0.04550196    0.01616432    -0.01443337    -0.002664458    0.05834922    -0.03377706    0.04088292    0.03016526    -0.01105948    -0.05378308    -0.03262829    0.1436854    0.03978726    -0.04075165    -0.09282286    -0.1352477    0.006911928    -0.03437708    0.01492334    0.008254262    -0.02685137
-0.0422528    0.06971675    0.07790413    0.04540745    -0.1021506    -0.01308736    0.05221953    0.0508789    -0.00913873    -0.03085781    -0.0821902    -0.1289595    -0.07907293    -0.0990365    0.4619384    -0.1141258    0.2419349    -0.4300399    -0.04550196    1    0.008956748    -0.08283623    -0.04643421    -0.007185673    0.07781389    -0.01434644    -0.1607475    -0.08457745    0.04869665    0.08412436    -0.04299442    -0.1391635    -0.0326559    0.01498628    -0.005949784    -0.05358654    -0.09921473    -0.02379207    -0.006139206    0.05736875
-0.0301812    0.02743777    0.05713032    0.01915614    -0.03576383    -0.02250176    -0.03746975    -0.001972195    0.0122577    0.02793176    -0.09500936    0.02270523    -0.01825714    0.09560845    -0.00663808    -0.02657914    0.0250954    -0.01829581    0.01616432    0.008956748    1    -0.2296069    -0.743259    0.1712309    0.09838464    -0.09466229    -0.0715232    0.1254426    0.1020719    -0.09814372    0.006530926    -0.03947968    0.03750794    0.03185616    -0.04585543    0.0856522    -0.04523471    -0.01801394    0.04003625    -0.04664262
0.03886998    -0.01267183    -0.03903473    -0.005837187    -0.004759098    0.01587454    0.03675218    -0.04271607    -0.02619333    0.01605795    -0.04857144    0.02356563    0.02081036    0.06679849    -0.08476189    0.02333335    -0.001546188    0.04458221    -0.01443337    -0.08283623    -0.2296069    1    0.1247282    -0.7481843    0.2853823    -0.1264362    0.005904659    0.1259589    0.04967899    -0.06030593    -0.08144681    0.01689136    0.06378073    0.01200096    -0.01464213    -0.005273077    0.02508515    0.01570861    -0.03861038    0.02998282
0.01183948    0.01421855    -0.03661051    -0.0352114    0.0147203    0.02393126    0.01029787    0.03486935    -0.001349864    -0.04636856    0.09199428    -0.01064763    0.006465236    -0.03443567    0.002361076    0.06434097    -0.02327891    0.01341398    -0.002664458    -0.04643421    -0.743259    0.1247282    1    -0.1546872    -0.4145793    0.07838862    0.07185313    -0.08737956    -0.05895017    0.04098928    -0.003309477    0.03555262    -0.03412421    -0.016646    0.02094423    -0.04089768    0.01373279    0.02227346    -0.03342417    0.01561103
-0.03772405    0.04788913    0.02900273    -0.03927754    0.04331806    -0.01888183    -0.01799916    0.08047891    -0.004806057    -0.02977209    0.1465895    -0.005119366    -0.03346213    -0.08306449    0.01933151    0.0121997    -0.04330114    0.004460754    0.05834922    -0.007185673    0.1712309    -0.7481843    -0.1546872    1    -0.613247    0.1565662    0.04850491    -0.0843628    -0.09004409    0.01908044    0.1005528    0.001196171    -0.03533969    -0.01682176    -0.02159411    0.02113682    -0.02903033    0.01013477    0.07918532    -0.08067909
0.0271299    -0.1172447    -0.04906185    0.06889826    -0.02235641    0.03645    0.02044175    -0.07520727    0.03549004    -0.007754299    -0.0361348    0.03059679    -0.04900878    -0.03507913    -0.0583411    -0.04081714    0.04686558    -0.0483019    -0.03377706    0.07781389    0.09838464    0.2853823    -0.4145793    -0.613247    1    -0.1061007    -0.07601201    0.05149282    0.0668769    -0.05802803    -0.0691689    -0.01399772    0.03570988    0.02110807    -0.01630614    -0.03872268    0.03142138    -0.01628364    -0.03578866    0.07470589
-0.03868388    0.02570057    0.05941823    0.01295194    0.01103227    -0.003667107    0.01871929    0.03143309    -0.02343289    -0.008418857    0.1386391    -0.0195929    0.02174639    -0.1525124    -0.01962446    -0.03518199    -0.004117329    0.004094961    0.04088292    -0.01434644    -0.09466229    -0.1264362    0.07838862    0.1565662    -0.1061007    1    0.05016715    -0.7652618    -0.2164396    0.2527462    0.5959399    0.008867918    -0.4352198    -0.1327181    0.1665932    0.1757093    -0.01902461    -0.08365833    -0.06035079    0.02954738
0.02683497    0.005629873    -0.02345454    -0.007756155    0.02341695    0.01434533    -0.05181283    -0.0316137    0.06052918    0.00471083    0.08816061    0.02779592    0.003933316    -0.01174401    -0.08758819    0.04406992    -0.05887365    0.08498085    0.03016526    -0.1607475    -0.0715232    0.005904659    0.07185313    0.04850491    -0.07601201    0.05016715    1    0.07725506    -0.7808682    0.1179414    0.03727942    0.5768487    0.003365721    -0.4236526    0.06463427    0.04511379    0.1572304    -0.01627114    -0.09815471    -0.01748515
0.02435256    -0.02206836    -0.03673244    -0.01507274    -0.00105645    0.02196922    -0.05050695    -0.01585068    0.03467632    -0.01117648    -0.03314759    0.07049557    -0.06161711    0.1347067    -0.1067967    0.08748384    0.02810096    -0.01357486    -0.01105948    -0.08457745    0.1254426    0.1259589    -0.08737956    -0.0843628    0.05149282    -0.7652618    0.07725506    1    0.210168    -0.6410685    -0.4368008    0.05310049    0.5855373    0.1218832    -0.4151067    -0.1032741    0.05570676    0.1396427    0.0561913    -0.1408994
-0.03779789    0.0267326    -0.0009793452    -0.04536799    0.003877634    0.01293101    0.04179945    0.02629431    -0.06485584    0.0101948    -0.1297317    0.02577592    -0.003440981    0.07572466    0.02100698    -0.006565689    0.07208845    -0.04992367    -0.05378308    0.04869665    0.1020719    0.04967899    -0.05895017    -0.09004409    0.0668769    -0.2164396    -0.7808682    0.210168    1    -0.5415401    -0.1096388    -0.43125    0.1203527    0.5588632    -0.3183744    -0.02245147    -0.0877916    0.04534361    0.128129    -0.06091721
0.01498125    -0.01257761    0.0164058    0.0123655    -0.02687516    -0.05925186    0.002959576    -0.0393443    0.01284983    0.04207786    -0.1288084    -0.1272831    0.1605904    -0.02105252    0.1683764    -0.09400843    -0.01944009    0.03569054    -0.03262829    0.08412436    -0.09814372    -0.06030593    0.04098928    0.01908044    -0.05802803    0.2527462    0.1179414    -0.6410685    -0.5415401    1    0.08022032    0.03772683    -0.3454525    -0.2947401    0.6483583    -0.06040446    -0.04292855    -0.09685357    -0.04914318    0.253015
-0.0324485    0.06517634    0.07469758    -0.01060321    -0.0139021    0.02093308    -0.01204764    0.001555386    -0.03154554    0.01671633    0.005091197    0.02871934    0.0007899139    -0.02708129    -0.00673613    -0.1603644    -0.02048981    0.04503312    0.1436854    -0.04299442    0.006530926    -0.08144681    -0.003309477    0.1005528    -0.0691689    0.5959399    0.03727942    -0.4368008    -0.1096388    0.08022032    1    -0.07100112    -0.728322    -0.04729772    0.1596486    0.5977577    -0.08046202    -0.3984988    0.0001008383    0.04818253
0.03713678    -0.02067189    -0.07160698    0.00331427    0.006085149    -0.01606784    0.02077989    -0.01761126    0.0003895109    0.02775073    0.02243629    0.009693684    0.009874467    0.03772605    -0.0844615    0.01298608    -0.04206599    0.06082599    0.03978726    -0.1391635    -0.03947968    0.01689136    0.03555262    0.001196171    -0.01399772    0.008867918    0.5768487    0.05310049    -0.43125    0.03772683    -0.07100112    1    0.0881019    -0.7726396    0.1730508    -0.02102613    0.5589629    0.01665341    -0.4008157    0.09564381
-0.01089743    -0.0349201    -0.04301916    -0.004962427    0.01554656    -0.006830882    0.001403953    0.03318254    0.02274462    -0.05549356    0.05565761    -0.03261973    -0.008705152    0.07853927    -0.07383136    0.1604654    -0.01845305    -0.01556947    -0.04075165    -0.0326559    0.03750794    0.06378073    -0.03412421    -0.03533969    0.03570988    -0.4352198    0.003365721    0.5855373    0.1203527    -0.3454525    -0.728322    0.0881019    1    0.04617607    -0.5515985    -0.4168925    0.06428404    0.5812836    0.01412991    -0.3068639
-0.0252368    0.02311271    0.03843172    -0.03767499    0.001828074    0.02804108    -0.01595646    -0.007484851    -0.0151352    0.004671751    0.01011421    0.03209977    -0.02039757    -0.01878144    0.01516558    0.08648642    0.05780439    -0.04923939    -0.09282286    0.01498628    0.03185616    0.01200096    -0.016646    -0.01682176    0.02110807    -0.1327181    -0.4236526    0.1218832    0.5588632    -0.2947401    -0.04729772    -0.7726396    0.04617607    1    -0.5459898    0.007878584    -0.412785    0.01791493    0.5618735    -0.3169163
0.02411072    -0.007536412    -0.007932219    0.01569491    -0.0170674    -0.05309203    0.01200544    -0.04273721    0.0230612    0.04606816    -0.1166541    -0.02410192    0.07858117    -0.07378712    0.05537724    -0.03671642    0.1025666    -0.05356981    -0.1352477    -0.005949784    -0.04585543    -0.01464213    0.02094423    -0.02159411    -0.01630614    0.1665932    0.06463427    -0.4151067    -0.3183744    0.6483583    0.1596486    0.1730508    -0.5515985    -0.5459898    1    0.0122435    0.08702397    -0.3026942    -0.3122294    0.6186472
0.0009747135    0.03858535    0.002771592    0.009905022    -0.01513226    0.02304323    0.005991629    -0.0349048    0.01134116    0.0281875    -0.100262    -0.00643592    0.008517349    0.1530265    -0.01698752    0.02973779    -0.00674628    0.008916974    0.006911928    -0.05358654    0.0856522    -0.005273077    -0.04089768    0.02113682    -0.03872268    0.1757093    0.04511379    -0.1032741    -0.02245147    -0.06040446    0.5977577    -0.02102613    -0.4168925    0.007878584    0.0122435    1    -0.1376514    -0.6676179    0.09997202    0.0203232
0.03327251    -0.04293042    -0.05800285    0.03889825    -0.03677966    -0.005218953    0.01629427    -0.02486632    -0.008842299    0.01514631    -0.05876979    0.007629718    0.02727629    0.0912724    -0.09226233    0.05498523    0.01408197    0.02095433    -0.03437708    -0.09921473    -0.04523471    0.02508515    0.01373279    -0.02903033    0.03142138    -0.01902461    0.1572304    0.05570676    -0.0877916    -0.04292855    -0.08046202    0.5589629    0.06428404    -0.412785    0.08702397    -0.1376514    1    0.03542279    -0.676552    0.1943159
-0.05064715    -0.03044503    0.03287454    -0.01558606    0.009636552    -0.01366843    0.008106591    0.08516028    -0.03169866    -0.04976897    0.1153365    -0.04101519    0.02599453    -0.0306517    -0.04700224    0.07407697    0.04352533    -0.05981778    0.01492334    -0.02379207    -0.01801394    0.01570861    0.02227346    0.01013477    -0.01628364    -0.08365833    -0.01627114    0.1396427    0.04534361    -0.09685357    -0.3984988    0.01665341    0.5812836    0.01791493    -0.3026942    -0.6676179    0.03542279    1    -0.05155417    -0.452103
-0.0215638    0.020002    0.02958227    -0.06794439    0.05131929    0.0039977    -0.01540845    0.01497621    0.004983702    -0.01577846    0.08746204    -0.002514353    0.01829302    -0.1043167    -0.01030879    -0.01060514    0.03240485    -0.02081737    0.008254262    -0.006139206    0.04003625    -0.03861038    -0.03342417    0.07918532    -0.03578866    -0.06035079    -0.09815471    0.0561913    0.128129    -0.04914318    0.0001008383    -0.4008157    0.01412991    0.5618735    -0.3122294    0.09997202    -0.676552    -0.05155417    1    -0.5967933
0.05025186    0.0008537819    -0.02717925    0.05679076    -0.06605082    -0.01342778    -0.02872888    -0.08319    0.03282264    0.07491813    -0.01207187    0.101324    -0.0881724    -0.1119837    -0.02343041    -0.09392598    -0.03614079    0.05972902    -0.02685137    0.05736875    -0.04664262    0.02998282    0.01561103    -0.08067909    0.07470589    0.02954738    -0.01748515    -0.1408994    -0.06091721    0.253015    0.04818253    0.09564381    -0.3068639    -0.3169163    0.6186472    0.0203232    0.1943159    -0.452103    -0.5967933    1
