1    0.02409479    -0.5540134    0.007876378    0.0002197257    0.132995    -0.05465933    -0.05062425    0.06901994    -0.06360917    -0.02254841    -0.0003931387    0.003168792    -0.02378233    0.04388652
0.02409479    1    -0.07524301    -0.5866202    0.1660791    -0.03039086    -0.008980488    -0.03751321    0.006952266    0.07168989    5.571004e-05    -0.05983796    0.008045654    0.04308305    -0.024182
-0.5540134    -0.07524301    1    -0.01726578    -0.3431392    -0.0206239    -0.06614131    -0.0091057    0.04241525    0.106119    -0.01049385    -0.01099746    0.02220994    -0.03795854    0.02219328
0.007876378    -0.5866202    -0.01726578    1    -0.4829047    0.1296223    -0.06690343    -0.05201975    0.06639658    0.03880164    -0.03095036    0.0626854    -0.0174325    -0.05520915    0.04700352
0.0002197257    0.1660791    -0.3431392    -0.4829047    1    -0.05484127    0.089462    0.06829514    -0.09673566    -0.1015253    0.03868073    -0.006114126    -0.01105012    0.04315339    -0.02387041
0.132995    -0.03039086    -0.0206239    0.1296223    -0.05484127    1    -0.3425514    -0.24755    0.1688995    0.007790085    -0.08447945    -0.07770937    0.05651413    0.1102664    0.02200722
-0.05465933    -0.008980488    -0.06614131    -0.06690343    0.089462    -0.3425514    1    -0.6241456    -0.2792986    0.1218277    -0.01779192    0.02507684    0.01382804    0.01303361    0.01928556
-0.05062425    -0.03751321    -0.0091057    -0.05201975    0.06829514    -0.24755    -0.6241456    1    -0.2963397    -0.2330515    -0.01887102    0.02595673    0.07922218    0.0074203    -0.1310156
0.06901994    0.006952266    0.04241525    0.06639658    -0.09673566    0.1688995    -0.2792986    -0.2963397    1    -0.3314129    0.2354998    0.07558538    -0.1578722    -0.08792805    -0.01408765
-0.06360917    0.07168989    0.106119    0.03880164    -0.1015253    0.007790085    0.1218277    -0.2330515    -0.3314129    1    -0.1188029    -0.1060314    0.02790666    -0.02140475    -0.006324006
-0.02254841    5.571004e-05    -0.01049385    -0.03095036    0.03868073    -0.08447945    -0.01779192    -0.01887102    0.2354998    -0.1188029    1    -0.1376514    -0.6676179    0.09997202    0.0203232
-0.0003931387    -0.05983796    -0.01099746    0.0626854    -0.006114126    -0.07770937    0.02507684    0.02595673    0.07558538    -0.1060314    -0.1376514    1    0.03542279    -0.676552    0.1943159
0.003168792    0.008045654    0.02220994    -0.0174325    -0.01105012    0.05651413    0.01382804    0.07922218    -0.1578722    0.02790666    -0.6676179    0.03542279    1    -0.05155417    -0.452103
-0.02378233    0.04308305    -0.03795854    -0.05520915    0.04315339    0.1102664    0.01303361    0.0074203    -0.08792805    -0.02140475    0.09997202    -0.676552    -0.05155417    1    -0.5967933
0.04388652    -0.024182    0.02219328    0.04700352    -0.02387041    0.02200722    0.01928556    -0.1310156    -0.01408765    -0.006324006    0.0203232    0.1943159    -0.452103    -0.5967933    1
