1    0.009148284    -0.5227716    -0.02662411    -0.09164891    -0.07882301    0.007646385    0.1192401    -0.0343122    -0.09016064    -0.09500936    -0.04857144    0.09199428    0.1465895    -0.0361348    -0.100262    -0.05876979    0.1153365    0.08746204    -0.01207187
0.009148284    1    -0.6390093    -0.4031495    0.1813855    0.0363528    -0.06141078    -0.02327589    0.02080157    0.04933726    0.02270523    0.02356563    -0.01064763    -0.005119366    0.03059679    -0.00643592    0.007629718    -0.04101519    -0.002514353    0.101324
-0.5227716    -0.6390093    1    -0.06712646    -0.3321347    0.13328    0.008431393    -0.1470135    0.08302932    0.03029962    -0.01825714    0.02081036    0.006465236    -0.03346213    -0.04900878    0.008517349    0.02727629    0.02599453    0.01829302    -0.0881724
-0.02662411    -0.4031495    -0.06712646    1    -0.130076    -0.07388538    0.01882861    0.09124265    -0.02663602    -0.06094702    0.09560845    0.06679849    -0.03443567    -0.08306449    -0.03507913    0.1530265    0.0912724    -0.0306517    -0.1043167    -0.1119837
-0.09164891    0.1813855    -0.3321347    -0.130076    1    -0.1542298    0.04494515    0.1098803    -0.1195906    0.002665364    -0.00663808    -0.08476189    0.002361076    0.01933151    -0.0583411    -0.01698752    -0.09226233    -0.04700224    -0.01030879    -0.02343041
-0.07882301    0.0363528    0.13328    -0.07388538    -0.1542298    1    -0.3425514    -0.24755    0.1688995    0.007790085    0.1704847    0.1486006    -0.1184506    -0.149646    0.004453775    -0.08447945    -0.07770937    0.05651413    0.1102664    0.02200722
0.007646385    -0.06141078    0.008431393    0.01882861    0.04494515    -0.3425514    1    -0.6241456    -0.2792986    0.1218277    -0.02690586    0.006442792    0.09219105    0.04895535    -0.1754709    -0.01779192    0.02507684    0.01382804    0.01303361    0.01928556
0.1192401    -0.02327589    -0.1470135    0.09124265    0.1098803    -0.24755    -0.6241456    1    -0.2963397    -0.2330515    0.00364856    -0.001524695    -0.02054624    -0.00354238    0.1007749    -0.01887102    0.02595673    0.07922218    0.0074203    -0.1310156
-0.0343122    0.02080157    0.08302932    -0.02663602    -0.1195906    0.1688995    -0.2792986    -0.2963397    1    -0.3314129    -0.06930924    -0.08401437    0.06103516    0.1061077    -0.00217204    0.2354998    0.07558538    -0.1578722    -0.08792805    -0.01408765
-0.09016064    0.04933726    0.03029962    -0.06094702    0.002665364    0.007790085    0.1218277    -0.2330515    -0.3314129    1    -0.01267065    -0.00614099    -0.1081869    -0.07353396    0.255919    -0.1188029    -0.1060314    0.02790666    -0.02140475    -0.006324006
-0.09500936    0.02270523    -0.01825714    0.09560845    -0.00663808    0.1704847    -0.02690586    0.00364856    -0.06930924    -0.01267065    1    -0.2296069    -0.743259    0.1712309    0.09838464    0.0856522    -0.04523471    -0.01801394    0.04003625    -0.04664262
-0.04857144    0.02356563    0.02081036    0.06679849    -0.08476189    0.1486006    0.006442792    -0.001524695    -0.08401437    -0.00614099    -0.2296069    1    0.1247282    -0.7481843    0.2853823    -0.005273077    0.02508515    0.01570861    -0.03861038    0.02998282
0.09199428    -0.01064763    0.006465236    -0.03443567    0.002361076    -0.1184506    0.09219105    -0.02054624    0.06103516    -0.1081869    -0.743259    0.1247282    1    -0.1546872    -0.4145793    -0.04089768    0.01373279    0.02227346    -0.03342417    0.01561103
0.1465895    -0.005119366    -0.03346213    -0.08306449    0.01933151    -0.149646    0.04895535    -0.00354238    0.1061077    -0.07353396    0.1712309    -0.7481843    -0.1546872    1    -0.613247    0.02113682    -0.02903033    0.01013477    0.07918532    -0.08067909
-0.0361348    0.03059679    -0.04900878    -0.03507913    -0.0583411    0.004453775    -0.1754709    0.1007749    -0.00217204    0.255919    0.09838464    0.2853823    -0.4145793    -0.613247    1    -0.03872268    0.03142138    -0.01628364    -0.03578866    0.07470589
-0.100262    -0.00643592    0.008517349    0.1530265    -0.01698752    -0.08447945    -0.01779192    -0.01887102    0.2354998    -0.1188029    0.0856522    -0.005273077    -0.04089768    0.02113682    -0.03872268    1    -0.1376514    -0.6676179    0.09997202    0.0203232
-0.05876979    0.007629718    0.02727629    0.0912724    -0.09226233    -0.07770937    0.02507684    0.02595673    0.07558538    -0.1060314    -0.04523471    0.02508515    0.01373279    -0.02903033    0.03142138    -0.1376514    1    0.03542279    -0.676552    0.1943159
0.1153365    -0.04101519    0.02599453    -0.0306517    -0.04700224    0.05651413    0.01382804    0.07922218    -0.1578722    0.02790666    -0.01801394    0.01570861    0.02227346    0.01013477    -0.01628364    -0.6676179    0.03542279    1    -0.05155417    -0.452103
0.08746204    -0.002514353    0.01829302    -0.1043167    -0.01030879    0.1102664    0.01303361    0.0074203    -0.08792805    -0.02140475    0.04003625    -0.03861038    -0.03342417    0.07918532    -0.03578866    0.09997202    -0.676552    -0.05155417    1    -0.5967933
-0.01207187    0.101324    -0.0881724    -0.1119837    -0.02343041    0.02200722    0.01928556    -0.1310156    -0.01408765    -0.006324006    -0.04664262    0.02998282    0.01561103    -0.08067909    0.07470589    0.0203232    0.1943159    -0.452103    -0.5967933    1
