1    -0.1750601    -0.4248295    0.2174913    0.002515153    -0.03238841    0.04783724    -0.02160848    -0.001132487    0.004781861    0.01583179    0.02431362    -0.007301438    0.0004676572    -0.02911357    0.07395104    -0.1131871    -0.1369199    0.07386933    0.07649416    0.08417821    0.03365734    -0.08765574    0.06743536    -0.03421618    0.08045247    -0.07690611    -0.0909989    0.07327928    0.03840799    0.06960626    -0.05946263    0.01124724    0.06525906    -0.0422528    -0.03868388    0.02683497    0.02435256    -0.03779789    0.01498125    -0.02241952    0.02945679    0.008760102    -0.02560259    0.02023621    -0.0324485    0.03713678    -0.01089743    -0.0252368    0.02411072    0.0009747135    0.03327251    -0.05064715    -0.0215638    0.05025186
-0.1750601    1    -0.01491714    -0.6222392    0.2333305    -0.01114538    -0.056802    0.04319913    0.04859191    -0.01306501    0.001579019    -0.05518153    -0.00146553    0.03063148    0.01764472    -0.07732744    0.01778574    0.01058778    -0.1651793    0.08876159    0.01301839    -0.05051267    -0.03481799    0.08244198    0.04738014    -0.03606889    -0.04560146    -0.0428654    -0.03354765    0.1364674    0.05904949    -0.003635176    -0.07226143    0.02426811    0.06971675    0.02570057    0.005629873    -0.02206836    0.0267326    -0.01257761    0.05364091    -0.01631893    -0.03769026    0.0274596    -0.001477796    0.06517634    -0.02067189    -0.0349201    0.02311271    -0.007536412    0.03858535    -0.04293042    -0.03044503    0.020002    0.0008537819
-0.4248295    -0.01491714    1    0.05952327    -0.5232977    -0.02410398    -0.02140263    0.002887439    -0.02615133    0.04397876    -0.05796589    -0.03024736    0.06909816    -0.01396418    0.01045658    -0.1276178    -0.08015054    -0.01464825    -0.09411968    0.2261081    0.02684463    -0.06595245    -0.01000153    0.01066658    0.06929134    -0.02822615    -0.0611769    -0.0250126    -0.02210743    0.1312862    -0.03717377    -0.0524544    -0.01608579    0.07371991    0.07790413    0.05941823    -0.02345454    -0.03673244    -0.0009793452    0.0164058    0.02445593    -0.02934515    -0.0160448    0.03610256    0.01897256    0.07469758    -0.07160698    -0.04301916    0.03843172    -0.007932219    0.002771592    -0.05800285    0.03287454    0.02958227    -0.02717925
0.2174913    -0.6222392    0.05952327    1    -0.5990358    -0.004350109    0.04695518    0.007053844    -0.04386999    -0.0358891    -0.01307645    0.04277145    -0.00368078    -0.02400563    0.005144751    0.08927624    -0.1740325    -0.180289    0.1381758    0.09513753    0.1007842    -0.003344613    -0.07037752    -0.004614059    0.002774564    0.119538    -0.1185249    -0.09677928    0.1441567    -0.03057524    0.03295568    -0.03238618    -0.03195911    0.05777876    0.04540745    0.01295194    -0.007756155    -0.01507274    -0.04536799    0.0123655    -0.02507977    -0.005862087    -0.00900583    -0.01177597    0.05591542    -0.01060321    0.00331427    -0.004962427    -0.03767499    0.01569491    0.009905022    0.03889825    -0.01558606    -0.06794439    0.05679076
0.002515153    0.2333305    -0.5232977    -0.5990358    1    0.02357466    -0.006217423    0.004515984    0.02179571    -0.03559496    -0.01467582    -0.03386515    0.001945455    0.07431929    0.00592173    -0.0001732517    0.1783414    0.2074047    -0.02316448    -0.2377356    -0.106741    0.07079975    0.08252189    -0.07358928    -0.04753515    -0.0827866    0.1297842    0.129556    -0.07433294    -0.1390769    -0.05598918    0.07469587    0.06070256    -0.1086727    -0.1021506    0.01103227    0.02341695    -0.00105645    0.003877634    -0.02687516    -0.01221327    -0.01065451    0.02797767    0.007083841    -0.0721387    -0.0139021    0.006085149    0.01554656    0.001828074    -0.0170674    -0.01513226    -0.03677966    0.009636552    0.05131929    -0.06605082
-0.03238841    -0.01114538    -0.02410398    -0.004350109    0.02357466    1    -0.1946423    -0.4709472    0.235111    -0.02529814    0.1140332    -0.1149303    -0.1449753    0.114778    -0.0131029    -0.08566339    0.02077572    0.02551791    0.03708786    0.00229714    0.04644491    -0.0389853    -0.0121119    0.04363976    0.03307405    0.1125817    -0.08291987    -0.0868434    0.1033577    -0.01966699    0.04370249    -0.02391211    -0.02552311    0.04000411    0.01861263    -0.05441887    0.03259111    0.042098    -0.01144002    0.01634724    -0.02306903    -0.02257848    -0.00329915    0.01303041    -0.000340857    -0.05806814    -0.01905838    0.03358171    0.01492308    0.01209968    -0.09196398    0.007111502    0.01919093    -0.0115296    0.03615598
0.04783724    -0.056802    -0.02140263    0.04695518    -0.006217423    -0.1946423    1    0.005353657    -0.6506694    0.2672641    -0.1459943    -0.001696117    0.01492947    -0.07833049    0.1819539    0.02729262    -0.003498174    0.01101164    0.002570376    -0.05719703    0.1012212    -0.009957278    -0.07720498    -0.0490888    0.03962412    -0.05889785    -0.00170725    -0.01437208    -0.06253377    0.1102095    0.02430503    -0.06125764    -0.01451888    0.02676009    0.06309214    0.04852323    -0.04285439    0.004806626    0.01411818    -0.07562327    0.005602549    -0.03680413    0.0319904    0.0575555    -0.04738499    0.04425848    -0.0529086    0.01351094    0.04822084    -0.08463976    -0.01949221    -0.04198734    0.02874585    0.03525049    -0.04166531
-0.02160848    0.04319913    0.002887439    0.007053844    0.004515984    -0.4709472    0.005353657    1    0.06514224    -0.5083593    -0.06495123    -0.08069654    -0.03107886    -0.09139743    0.1451873    0.03900224    0.02140272    -0.01039284    -0.07307121    0.03432822    0.04635416    -0.05806395    -0.03856506    0.02784477    0.05042768    -0.006737235    -0.0705223    -0.09045187    -0.01487817    0.1719383    0.05158124    -0.0245993    -0.06011067    0.01643522    0.0675262    0.004058885    -0.009180644    -0.03947601    -0.03934062    0.04766085    0.04527836    0.01276498    -0.01115731    -0.03657144    0.03227499    -0.01245327    0.03746201    0.001815271    -0.07141561    0.04733052    0.02641534    -0.02992343    0.002548544    -0.05080884    0.04667453
-0.001132487    0.04859191    -0.02615133    -0.04386999    0.02179571    0.235111    -0.6506694    0.06514224    1    -0.6078586    0.1143026    -0.1579019    -0.1080708    0.1031727    -0.03598729    -0.01128964    0.04635509    -0.002379128    -0.02643029    0.001209666    0.009532761    -0.04699024    -0.03107697    0.1385891    0.0276312    0.1557245    -0.128178    -0.1220098    0.1055599    0.01355246    0.04406171    -0.03355917    -0.03772896    0.08385934    0.003023485    -0.06069623    0.03151801    0.03092303    -0.04632147    0.05767631    0.03839176    0.008092684    -0.05395704    -0.02746769    0.04783365    -0.03970691    0.02975632    0.01790455    -0.05704641    0.04815327    0.0144666    0.05111462    -0.03096351    -0.06306929    0.04605624
0.004781861    -0.01306501    0.04397876    -0.0358891    -0.03559496    -0.02529814    0.2672641    -0.5083593    -0.6078586    1    -0.01478654    0.2231314    0.1023372    -0.06043291    -0.09014418    -0.002921072    -0.01608019    0.01543202    0.03704312    -0.04123738    -0.04923306    0.09537406    0.0359335    -0.1084731    -0.05204156    -0.1497256    0.1351196    0.1929388    -0.05353459    -0.1540285    -0.06877164    0.03305229    0.08397911    -0.07236744    -0.0665572    0.03167666    0.02441669    0.004928975    0.02656286    -0.09268848    -0.03858226    -0.004696596    0.03972183    0.01929935    -0.03458975    0.04737169    -0.02647088    -0.03644412    0.05826634    -0.06837055    0.01933827    -0.02711124    0.02084406    0.05430986    -0.08850135
0.01583179    0.001579019    -0.05796589    -0.01307645    -0.01467582    0.1140332    -0.1459943    -0.06495123    0.1143026    -0.01478654    1    -0.05330177    -0.7076816    -0.05428078    -0.0042453    -0.03260079    0.04732671    0.01778713    -0.05149739    0.0435914    0.1205809    -0.0195571    -0.03430588    0.1832693    -0.1758772    0.06776238    -0.02909069    -0.05157999    0.09786863    -0.03936133    0.1292805    -0.02905203    -0.01637126    0.1429335    -0.1773975    -0.02008128    -0.008669348    0.0272147    0.003696634    -0.0004168177    0.002093887    0.02048352    0.02063264    -0.006095347    -0.007212894    -0.006319745    0.009255209    0.00631614    -0.01061578    0.01239531    0.03953787    0.01803296    -0.03444617    -0.00245133    0.01230655
0.02431362    -0.05518153    -0.03024736    0.04277145    -0.03386515    -0.1149303    -0.001696117    -0.08069654    -0.1579019    0.2231314    -0.05330177    1    -0.07540401    -0.5736487    0.1523894    -0.0765811    0.03770422    0.02687694    -0.009595471    0.02003757    -0.2967546    0.1836645    0.1326629    -0.2475724    0.03799511    -0.1231257    0.09225474    0.1340024    -0.03097577    -0.1056858    -0.2357386    0.1366384    0.1434264    -0.2609235    -0.003228105    0.05603823    -0.028976    -0.08332444    0.005903699    0.07526527    0.03479583    -0.02790178    -0.07154669    -0.002558912    0.06706808    0.0673721    -0.03364962    -0.08817947    -0.003244635    0.08286073    0.04427399    -0.02454241    -0.06456931    0.01969453    0.02887436
-0.007301438    -0.00146553    0.06909816    -0.00368078    0.001945455    -0.1449753    0.01492947    -0.03107886    -0.1080708    0.1023372    -0.7076816    -0.07540401    1    0.02279707    -0.3127617    0.0293918    -0.05910624    -0.03413501    0.05623993    0.01685803    -0.2400843    0.1107482    0.1600784    -0.270639    0.008548179    -0.08321984    0.05146319    0.1189997    -0.0913666    -0.04086966    -0.2233964    0.1347205    0.1083599    -0.2361557    0.0491654    0.03877699    -0.01065999    -0.06132909    0.008843833    0.04384166    -0.02324548    -0.03661892    -0.005758309    0.008126567    0.02786618    0.02154099    -0.02813244    -0.0410433    0.01165591    0.04540292    -0.03807851    -0.0233246    0.01719042    -0.005266336    0.03917351
0.0004676572    0.03063148    -0.01396418    -0.02400563    0.07431929    0.114778    -0.07833049    -0.09139743    0.1031727    -0.06043291    -0.05428078    -0.5736487    0.02279707    1    -0.3869901    0.02373267    -0.05732573    0.02646388    0.03542455    -0.07071895    0.155387    -0.05601919    -0.01083686    0.1295691    -0.1747252    0.09599078    -0.003982683    -0.0688805    0.01762167    -0.01287073    0.1379205    -0.02525905    -0.03133128    0.1245969    -0.1349282    -0.0403027    0.001521182    0.03320285    0.02812571    -0.03200737    -0.03112628    0.03882332    0.04119881    0.001469158    -0.02400253    -0.03164912    -0.02072688    0.03418504    0.05189316    -0.04382735    -0.04755737    0.009178364    0.0478331    -0.002207048    -0.002304873
-0.02911357    0.01764472    0.01045658    0.005144751    0.00592173    -0.0131029    0.1819539    0.1451873    -0.03598729    -0.09014418    -0.0042453    0.1523894    -0.3127617    -0.3869901    1    -0.005918094    0.03424026    0.01210992    -0.03345085    -0.02709558    0.09288183    -0.1325013    -0.07781408    0.06533048    0.1569593    -0.02017131    -0.03503825    -0.06068469    -0.01466209    0.1395132    0.07152251    -0.124748    -0.06443682    0.07188556    0.1120773    0.0300873    0.00612896    0.002842135    -0.03238808    -0.02539443    -0.009932937    -0.02537119    -0.01046215    0.02956306    -0.006138259    -0.02123556    0.002051975    0.03605577    0.001595791    -0.05355421    -0.0001597905    -0.04925163    -0.0207082    0.05939772    -0.05770238
0.07395104    -0.07732744    -0.1276178    0.08927624    -0.0001732517    -0.08566339    0.02729262    0.03900224    -0.01128964    -0.002921072    -0.03260079    -0.0765811    0.0293918    0.02373267    -0.005918094    1    -0.06409369    -0.6033327    -0.117936    0.005767962    0.07528157    -0.05717756    -0.01027071    0.04660172    -0.03122617    0.004912869    -0.02372919    -0.01944006    0.02564671    -0.005627487    0.01610019    -0.06951527    0.01076136    0.09534299    -0.01308736    -0.003667107    0.01434533    0.02196922    0.01293101    -0.05925186    0.007598915    0.01456095    -0.01459661    -0.003319771    -0.01710018    0.02093308    -0.01606784    -0.006830882    0.02804108    -0.05309203    0.02304323    -0.005218953    -0.01366843    0.0039977    -0.01342778
-0.1131871    0.01778574    -0.08015054    -0.1740325    0.1783414    0.02077572    -0.003498174    0.02140272    0.04635509    -0.01608019    0.04732671    0.03770422    -0.05910624    -0.05732573    0.03424026    -0.06409369    1    -0.09900662    -0.5676348    0.03544622    0.01469773    -0.03027661    -0.06975475    0.05468785    0.1215033    -0.04350291    -0.004177662    0.09391179    0.01177709    -0.08812059    0.09035622    0.0005434782    -0.09284294    -0.03065628    0.05221953    0.01871929    -0.05181283    -0.05050695    0.04179945    0.002959576    0.01692247    0.02917717    0.008233981    -0.06900505    0.001992819    -0.01204764    0.02077989    0.001403953    -0.01595646    0.01200544    0.005991629    0.01629427    0.008106591    -0.01540845    -0.02872888
-0.1369199    0.01058778    -0.01464825    -0.180289    0.2074047    0.02551791    0.01101164    -0.01039284    -0.002379128    0.01543202    0.01778713    0.02687694    -0.03413501    0.02646388    0.01210992    -0.6033327    -0.09900662    1    -0.06336199    -0.3576137    0.01801939    -0.01991905    -0.02466597    -0.0008445505    0.05731621    0.005152301    0.07123273    0.008917819    -0.04820343    -0.0311183    -0.008745422    -0.0367233    -0.004724281    0.02556267    0.0508789    0.03143309    -0.0316137    -0.01585068    0.02629431    -0.0393443    -0.01084667    -0.009885302    0.05640804    -0.00089148    -0.05603712    0.001555386    -0.01761126    0.03318254    -0.007484851    -0.04273721    -0.0349048    -0.02486632    0.08516028    0.01497621    -0.08319
0.07386933    -0.1651793    -0.09411968    0.1381758    -0.02316448    0.03708786    0.002570376    -0.07307121    -0.02643029    0.03704312    -0.05149739    -0.009595471    0.05623993    0.03542455    -0.03345085    -0.117936    -0.5676348    -0.06336199    1    -0.2964738    0.05440848    -0.02268755    -0.01978409    0.01962171    -0.02471152    0.01527309    0.03310413    -0.02823734    0.002585586    0.0247469    0.07562052    -0.005852118    -0.0299171    -0.007934935    -0.00913873    -0.02343289    0.06052918    0.03467632    -0.06485584    0.01284983    -0.03714263    -0.02476232    -0.003573712    0.03269481    0.007849347    -0.03154554    0.0003895109    0.02274462    -0.0151352    0.0230612    0.01134116    -0.008842299    -0.03169866    0.004983702    0.03282264
0.07649416    0.08876159    0.2261081    0.09513753    -0.2377356    0.00229714    -0.05719703    0.03432822    0.001209666    -0.04123738    0.0435914    0.02003757    0.01685803    -0.07071895    -0.02709558    0.005767962    0.03544622    -0.3576137    -0.2964738    1    -0.1149766    0.09323799    0.08222961    -0.0937733    -0.07162653    0.01485464    -0.08676033    -0.02104514    0.04509317    0.03677732    -0.1073837    0.07627857    0.08079149    -0.08159052    -0.03085781    -0.008418857    0.00471083    -0.01117648    0.0101948    0.04207786    0.05275606    0.01668235    -0.07406812    -0.0006279842    0.08257611    0.01671633    0.02775073    -0.05549356    0.004671751    0.04606816    0.0281875    0.01514631    -0.04976897    -0.01577846    0.07491813
0.08417821    0.01301839    0.02684463    0.1007842    -0.106741    0.04644491    0.1012212    0.04635416    0.009532761    -0.04923306    0.1205809    -0.2967546    -0.2400843    0.155387    0.09288183    0.07528157    0.01469773    0.01801939    0.05440848    -0.1149766    1    0.009148284    -0.5227716    -0.02662411    -0.09164891    0.05168243    -0.09617298    -0.1273466    0.02797354    0.1492788    0.4204961    -0.2341166    -0.2264663    0.4998609    -0.0821902    0.1386391    0.08816061    -0.03314759    -0.1297317    -0.1288084    -0.1272921    -0.02041685    0.1386705    0.09049412    0.00631868    0.005091197    0.02243629    0.05565761    0.01011421    -0.1166541    -0.100262    -0.05876979    0.1153365    0.08746204    -0.01207187
0.03365734    -0.05051267    -0.06595245    -0.003344613    0.07079975    -0.0389853    -0.009957278    -0.05806395    -0.04699024    0.09537406    -0.0195571    0.1836645    0.1107482    -0.05601919    -0.1325013    -0.05717756    -0.03027661    -0.01991905    -0.02268755    0.09323799    0.009148284    1    -0.6390093    -0.4031495    0.1813855    -0.03359698    -0.0405213    0.03108868    0.04828485    -0.02653285    -0.2274046    0.1175345    0.1908151    -0.1545485    -0.1289595    -0.0195929    0.02779592    0.07049557    0.02577592    -0.1272831    0.06475995    0.00670669    -0.08408302    0.01186074    0.09775365    0.02871934    0.009693684    -0.03261973    0.03209977    -0.02410192    -0.00643592    0.007629718    -0.04101519    -0.002514353    0.101324
-0.08765574    -0.03481799    -0.01000153    -0.07037752    0.08252189    -0.0121119    -0.07720498    -0.03856506    -0.03107697    0.0359335    -0.03430588    0.1326629    0.1600784    -0.01083686    -0.07781408    -0.01027071    -0.06975475    -0.02466597    -0.01978409    0.08222961    -0.5227716    -0.6390093    1    -0.06712646    -0.3321347    -0.03443427    0.1287801    0.07713886    -0.08160062    -0.08783008    -0.2122947    0.1960092    0.1364153    -0.2960502    -0.07907293    0.02174639    0.003933316    -0.06161711    -0.003440981    0.1605904    -0.04153019    0.00517999    0.06601665    0.01198953    -0.1120292    0.0007899139    0.009874467    -0.008705152    -0.02039757    0.07858117    0.008517349    0.02727629    0.02599453    0.01829302    -0.0881724
0.06743536    0.08244198    0.01066658    -0.004614059    -0.07358928    0.04363976    -0.0490888    0.02784477    0.1385891    -0.1084731    0.1832693    -0.2475724    -0.270639    0.1295691    0.06533048    0.04660172    0.05468785    -0.0008445505    0.01962171    -0.0937733    -0.02662411    -0.4031495    -0.06712646    1    -0.130076    0.05850694    -0.1058591    -0.07050676    0.06214866    0.08638473    0.45942    -0.200229    -0.2124393    0.3807536    -0.0990365    -0.1525124    -0.01174401    0.1347067    0.07572466    -0.02105252    0.127231    0.09507164    -0.03372277    -0.114653    -0.1192847    -0.02708129    0.03772605    0.07853927    -0.01878144    -0.07378712    0.1530265    0.0912724    -0.0306517    -0.1043167    -0.1119837
-0.03421618    0.04738014    0.06929134    0.002774564    -0.04753515    0.03307405    0.03962412    0.05042768    0.0276312    -0.05204156    -0.1758772    0.03799511    0.008548179    -0.1747252    0.1569593    -0.03122617    0.1215033    0.05731621    -0.02471152    -0.07162653    -0.09164891    0.1813855    -0.3321347    -0.130076    1    -0.006558311    0.04147418    0.017508    -0.01797759    -0.02433592    -0.1253436    -0.116752    -0.07265703    -0.0724626    0.4619384    -0.01962446    -0.08758819    -0.1067967    0.02100698    0.1683764    -0.02097872    -0.08957165    -0.07083698    -0.02239378    0.02192319    -0.00673613    -0.0844615    -0.07383136    0.01516558    0.05537724    -0.01698752    -0.09226233    -0.04700224    -0.01030879    -0.02343041
0.08045247    -0.03606889    -0.02822615    0.119538    -0.0827866    0.1125817    -0.05889785    -0.006737235    0.1557245    -0.1497256    0.06776238    -0.1231257    -0.08321984    0.09599078    -0.02017131    0.004912869    -0.04350291    0.005152301    0.01527309    0.01485464    0.05168243    -0.03359698    -0.03443427    0.05850694    -0.006558311    1    0.0416845    -0.7534453    -0.07856249    0.08736875    0.0316579    -0.05171671    -0.008127827    0.06716212    0.0193786    0.05358964    -0.09566903    0.01407236    0.07424532    -0.05939981    0.01315789    0.03447173    0.02969894    -0.004472645    -0.03402248    0.06491292    -0.08783711    0.01703698    0.05084744    -0.05346482    0.00842127    0.02994683    0.02517646    -0.01692716    -0.01852224
-0.07690611    -0.04560146    -0.0611769    -0.1185249    0.1297842    -0.08291987    -0.00170725    -0.0705223    -0.128178    0.1351196    -0.02909069    0.09225474    0.05146319    -0.003982683    -0.03503825    -0.02372919    -0.004177662    0.07123273    0.03310413    -0.08676033    -0.09617298    -0.0405213    0.1287801    -0.1058591    0.04147418    0.0416845    1    -0.220745    -0.7680268    0.1760315    -0.1051961    0.02387862    0.05185905    -0.07125035    0.03913429    -0.01551211    0.003946173    -0.08642587    -0.105248    0.1961661    -0.04715567    -0.006231137    0.02947198    -0.001007373    -0.001916083    -0.005501604    0.004635608    -0.02617324    -0.05303656    0.09271849    -0.004542744    -0.03163716    -0.008899058    0.06320033    -0.0249436
-0.0909989    -0.0428654    -0.0250126    -0.09677928    0.129556    -0.0868434    -0.01437208    -0.09045187    -0.1220098    0.1929388    -0.05157999    0.1340024    0.1189997    -0.0688805    -0.06068469    -0.01944006    0.09391179    0.008917819    -0.02823734    -0.02104514    -0.1273466    0.03108868    0.07713886    -0.07050676    0.017508    -0.7534453    -0.220745    1    0.05457984    -0.4539195    -0.05979963    0.08516478    0.01064528    -0.1203532    0.001821103    -0.06272539    -0.01194206    -0.09389979    -0.03887333    0.1568439    -0.03665424    0.01839079    0.01929632    -0.02737088    0.00246218    -0.09215185    0.05982941    -0.01852999    -0.05101991    0.09314656    -0.03623932    0.04263955    0.0264194    -0.01795736    -0.004440584
0.07327928    -0.03354765    -0.02210743    0.1441567    -0.07433294    0.1033577    -0.06253377    -0.01487817    0.1055599    -0.05353459    0.09786863    -0.03097577    -0.0913666    0.01762167    -0.01466209    0.02564671    0.01177709    -0.04820343    0.002585586    0.04509317    0.02797354    0.04828485    -0.08160062    0.06214866    -0.01797759    -0.07856249    -0.7680268    0.05457984    1    -0.3206691    0.05208402    0.01437357    -0.04227616    0.02363694    -0.02765765    0.03157683    -0.06082448    0.0227204    0.1370287    -0.1426721    0.06079203    0.03150306    -0.01032573    -0.0155718    -0.02803601    0.022386    -0.02876085    0.01044916    0.0817403    -0.09150593    0.01918204    0.03027521    0.01889109    -0.03680868    -0.008244375
0.03840799    0.1364674    0.1312862    -0.03057524    -0.1390769    -0.01966699    0.1102095    0.1719383    0.01355246    -0.1540285    -0.03936133    -0.1056858    -0.04086966    -0.01287073    0.1395132    -0.005627487    -0.08812059    -0.0311183    0.0247469    0.03677732    0.1492788    -0.02653285    -0.08783008    0.08638473    -0.02433592    0.08736875    0.1760315    -0.4539195    -0.3206691    1    0.09880376    -0.1022697    -0.000121861    0.1156254    -0.03573489    0.01528098    0.1717524    0.1637211    -0.06162261    -0.1827065    0.01131843    -0.05666096    -0.04880353    0.03874425    0.03262475    0.03363894    0.05936517    0.03737423    -0.04236998    -0.06246687    0.03400765    -0.08088546    -0.04279001    0.01694961    0.01981231
0.06960626    0.05904949    -0.03717377    0.03295568    -0.05598918    0.04370249    0.02430503    0.05158124    0.04406171    -0.06877164    0.1292805    -0.2357386    -0.2233964    0.1379205    0.07152251    0.01610019    0.09035622    -0.008745422    0.07562052    -0.1073837    0.4204961    -0.2274046    -0.2122947    0.45942    -0.1253436    0.0316579    -0.1051961    -0.05979963    0.05208402    0.09880376    1    0.1802937    -0.5691702    -0.2002636    -0.1141258    -0.03518199    0.04406992    0.08748384    -0.006565689    -0.09400843    0.002072449    0.07737635    0.06396886    -0.02752499    -0.07243562    -0.1603644    0.01298608    0.1604654    0.08648642    -0.03671642    0.02973779    0.05498523    0.07407697    -0.01060514    -0.09392598
-0.05946263    -0.003635176    -0.0524544    -0.03238618    0.07469587    -0.02391211    -0.06125764    -0.0245993    -0.03355917    0.03305229    -0.02905203    0.1366384    0.1347205    -0.02525905    -0.124748    -0.06951527    0.0005434782    -0.0367233    -0.005852118    0.07627857    -0.2341166    0.1175345    0.1960092    -0.200229    -0.116752    -0.05171671    0.02387862    0.08516478    0.01437357    -0.1022697    0.1802937    1    -0.712963    -0.5634511    0.2419349    -0.004117329    -0.05887365    0.02810096    0.07208845    -0.01944009    -0.007546856    -0.01243617    0.01225864    0.02522846    -0.01440876    -0.02048981    -0.04206599    -0.01845305    0.05780439    0.1025666    -0.00674628    0.01408197    0.04352533    0.03240485    -0.03614079
0.01124724    -0.07226143    -0.01608579    -0.03195911    0.06070256    -0.02552311    -0.01451888    -0.06011067    -0.03772896    0.08397911    -0.01637126    0.1434264    0.1083599    -0.03133128    -0.06443682    0.01076136    -0.09284294    -0.004724281    -0.0299171    0.08079149    -0.2264663    0.1908151    0.1364153    -0.2124393    -0.07265703    -0.008127827    0.05185905    0.01064528    -0.04227616    -0.000121861    -0.5691702    -0.712963    1    0.1600804    -0.4300399    0.004094961    0.08498085    -0.01357486    -0.04992367    0.03569054    0.03160495    0.02645571    -0.03095185    -0.005834921    0.01190503    0.04503312    0.06082599    -0.01556947    -0.04923939    -0.05356981    0.008916974    0.02095433    -0.05981778    -0.02081737    0.05972902
0.06525906    0.02426811    0.07371991    0.05777876    -0.1086727    0.04000411    0.02676009    0.01643522    0.08385934    -0.07236744    0.1429335    -0.2609235    -0.2361557    0.1245969    0.07188556    0.09534299    -0.03065628    0.02556267    -0.007934935    -0.08159052    0.4998609    -0.1545485    -0.2960502    0.3807536    -0.0724626    0.06716212    -0.07125035    -0.1203532    0.02363694    0.1156254    -0.2002636    -0.5634511    0.1600804    1    -0.04550196    0.04088292    0.03016526    -0.01105948    -0.05378308    -0.03262829    -0.01894724    -0.01822931    0.04700578    0.01852502    -0.0371248    0.1436854    0.03978726    -0.04075165    -0.09282286    -0.1352477    0.006911928    -0.03437708    0.01492334    0.008254262    -0.02685137
-0.0422528    0.06971675    0.07790413    0.04540745    -0.1021506    0.01861263    0.06309214    0.0675262    0.003023485    -0.0665572    -0.1773975    -0.003228105    0.0491654    -0.1349282    0.1120773    -0.01308736    0.05221953    0.0508789    -0.00913873    -0.03085781    -0.0821902    -0.1289595    -0.07907293    -0.0990365    0.4619384    0.0193786    0.03913429    0.001821103    -0.02765765    -0.03573489    -0.1141258    0.2419349    -0.4300399    -0.04550196    1    -0.01434644    -0.1607475    -0.08457745    0.04869665    0.08412436    -0.04841896    -0.1168799    -0.03812896    0.007186327    0.08302554    -0.04299442    -0.1391635    -0.0326559    0.01498628    -0.005949784    -0.05358654    -0.09921473    -0.02379207    -0.006139206    0.05736875
-0.03868388    0.02570057    0.05941823    0.01295194    0.01103227    -0.05441887    0.04852323    0.004058885    -0.06069623    0.03167666    -0.02008128    0.05603823    0.03877699    -0.0403027    0.0300873    -0.003667107    0.01871929    0.03143309    -0.02343289    -0.008418857    0.1386391    -0.0195929    0.02174639    -0.1525124    -0.01962446    0.05358964    -0.01551211    -0.06272539    0.03157683    0.01528098    -0.03518199    -0.004117329    0.004094961    0.04088292    -0.01434644    1    0.05016715    -0.7652618    -0.2164396    0.2527462    0.09293558    -0.04479658    -0.06658394    0.008783134    0.03758904    0.5959399    0.008867918    -0.4352198    -0.1327181    0.1665932    0.1757093    -0.01902461    -0.08365833    -0.06035079    0.02954738
0.02683497    0.005629873    -0.02345454    -0.007756155    0.02341695    0.03259111    -0.04285439    -0.009180644    0.03151801    0.02441669    -0.008669348    -0.028976    -0.01065999    0.001521182    0.00612896    0.01434533    -0.05181283    -0.0316137    0.06052918    0.00471083    0.08816061    0.02779592    0.003933316    -0.01174401    -0.08758819    -0.09566903    0.003946173    -0.01194206    -0.06082448    0.1717524    0.04406992    -0.05887365    0.08498085    0.03016526    -0.1607475    0.05016715    1    0.07725506    -0.7808682    0.1179414    0.008163831    0.05353282    0.05082531    -0.01102475    -0.07750115    0.03727942    0.5768487    0.003365721    -0.4236526    0.06463427    0.04511379    0.1572304    -0.01627114    -0.09815471    -0.01748515
0.02435256    -0.02206836    -0.03673244    -0.01507274    -0.00105645    0.042098    0.004806626    -0.03947601    0.03092303    0.004928975    0.0272147    -0.08332444    -0.06132909    0.03320285    0.002842135    0.02196922    -0.05050695    -0.01585068    0.03467632    -0.01117648    -0.03314759    0.07049557    -0.06161711    0.1347067    -0.1067967    0.01407236    -0.08642587    -0.09389979    0.0227204    0.1637211    0.08748384    0.02810096    -0.01357486    -0.01105948    -0.08457745    -0.7652618    0.07725506    1    0.210168    -0.6410685    -0.0330146    0.0576957    0.07353514    0.03507434    -0.1227615    -0.4368008    0.05310049    0.5855373    0.1218832    -0.4151067    -0.1032741    0.05570676    0.1396427    0.0561913    -0.1408994
-0.03779789    0.0267326    -0.0009793452    -0.04536799    0.003877634    -0.01144002    0.01411818    -0.03934062    -0.04632147    0.02656286    0.003696634    0.005903699    0.008843833    0.02812571    -0.03238808    0.01293101    0.04179945    0.02629431    -0.06485584    0.0101948    -0.1297317    0.02577592    -0.003440981    0.07572466    0.02100698    0.07424532    -0.105248    -0.03887333    0.1370287    -0.06162261    -0.006565689    0.07208845    -0.04992367    -0.05378308    0.04869665    -0.2164396    -0.7808682    0.210168    1    -0.5415401    0.00979504    0.01938877    -0.01888935    -0.00858777    0.01606729    -0.1096388    -0.43125    0.1203527    0.5588632    -0.3183744    -0.02245147    -0.0877916    0.04534361    0.128129    -0.06091721
0.01498125    -0.01257761    0.0164058    0.0123655    -0.02687516    0.01634724    -0.07562327    0.04766085    0.05767631    -0.09268848    -0.0004168177    0.07526527    0.04384166    -0.03200737    -0.02539443    -0.05925186    0.002959576    -0.0393443    0.01284983    0.04207786    -0.1288084    -0.1272831    0.1605904    -0.02105252    0.1683764    -0.05939981    0.1961661    0.1568439    -0.1426721    -0.1827065    -0.09400843    -0.01944009    0.03569054    -0.03262829    0.08412436    0.2527462    0.1179414    -0.6410685    -0.5415401    1    -0.0401096    -0.08124945    -0.04597078    0.002510157    0.1348547    0.08022032    0.03772683    -0.3454525    -0.2947401    0.6483583    -0.06040446    -0.04292855    -0.09685357    -0.04914318    0.253015
-0.02241952    0.05364091    0.02445593    -0.02507977    -0.01221327    -0.02306903    0.005602549    0.04527836    0.03839176    -0.03858226    0.002093887    0.03479583    -0.02324548    -0.03112628    -0.009932937    0.007598915    0.01692247    -0.01084667    -0.03714263    0.05275606    -0.1272921    0.06475995    -0.04153019    0.127231    -0.02097872    0.01315789    -0.04715567    -0.03665424    0.06079203    0.01131843    0.002072449    -0.007546856    0.03160495    -0.01894724    -0.04841896    0.09293558    0.008163831    -0.0330146    0.00979504    -0.0401096    1    -0.07105915    -0.7590877    -0.01713896    0.1621592    0.4901566    -0.06330202    -0.3104338    0.04517631    0.01507915    0.5651818    -0.07591573    -0.3791486    0.02046658    0.05912382
0.02945679    -0.01631893    -0.02934515    -0.005862087    -0.01065451    -0.02257848    -0.03680413    0.01276498    0.008092684    -0.004696596    0.02048352    -0.02790178    -0.03661892    0.03882332    -0.02537119    0.01456095    0.02917717    -0.009885302    -0.02476232    0.01668235    -0.02041685    0.00670669    0.00517999    0.09507164    -0.08957165    0.03447173    -0.006231137    0.01839079    0.03150306    -0.05666096    0.07737635    -0.01243617    0.02645571    -0.01822931    -0.1168799    -0.04479658    0.05353282    0.0576957    0.01938877    -0.08124945    -0.07105915    1    0.1470227    -0.7767391    0.1245049    -0.05950677    0.4975764    0.05829945    -0.3400704    0.05433921    -0.01595864    0.567215    -0.01557446    -0.3836528    0.1134179
0.008760102    -0.03769026    -0.0160448    -0.00900583    0.02797767    -0.00329915    0.0319904    -0.01115731    -0.05395704    0.03972183    0.02063264    -0.07154669    -0.005758309    0.04119881    -0.01046215    -0.01459661    0.008233981    0.05640804    -0.003573712    -0.07406812    0.1386705    -0.08408302    0.06601665    -0.03372277    -0.07083698    0.02969894    0.02947198    0.01929632    -0.01032573    -0.04880353    0.06396886    0.01225864    -0.03095185    0.04700578    -0.03812896    -0.06658394    0.05082531    0.07353514    -0.01888935    -0.04597078    -0.7590877    0.1470227    1    0.002426858    -0.537623    -0.3778434    0.1453115    0.4654506    -0.08348665    -0.2108781    -0.4268955    0.1098905    0.5484164    -0.0421708    -0.2612182
-0.02560259    0.0274596    0.03610256    -0.01177597    0.007083841    0.01303041    0.0575555    -0.03657144    -0.02746769    0.01929935    -0.006095347    -0.002558912    0.008126567    0.001469158    0.02956306    -0.003319771    -0.06900505    -0.00089148    0.03269481    -0.0006279842    0.09049412    0.01186074    0.01198953    -0.114653    -0.02239378    -0.004472645    -0.001007373    -0.02737088    -0.0155718    0.03874425    -0.02752499    0.02522846    -0.005834921    0.01852502    0.007186327    0.008783134    -0.01102475    0.03507434    -0.00858777    0.002510157    -0.01713896    -0.7767391    0.002426858    1    -0.5020596    0.02734744    -0.3955663    0.03704601    0.4580118    -0.2645729    0.0005135338    -0.4349766    0.05602662    0.548529    -0.3259449
0.02023621    -0.001477796    0.01897256    0.05591542    -0.0721387    -0.000340857    -0.04738499    0.03227499    0.04783365    -0.03458975    -0.007212894    0.06706808    0.02786618    -0.02400253    -0.006138259    -0.01710018    0.001992819    -0.05603712    0.007849347    0.08257611    0.00631868    0.09775365    -0.1120292    -0.1192847    0.02192319    -0.03402248    -0.001916083    0.00246218    -0.02803601    0.03262475    -0.07243562    -0.01440876    0.01190503    -0.0371248    0.08302554    0.03758904    -0.07750115    -0.1227615    0.01606729    0.1348547    0.1621592    0.1245049    -0.537623    -0.5020596    1    0.06724454    0.007292789    -0.3149082    -0.1906506    0.4838275    0.02246198    0.0491411    -0.3031119    -0.2666663    0.5751196
-0.0324485    0.06517634    0.07469758    -0.01060321    -0.0139021    -0.05806814    0.04425848    -0.01245327    -0.03970691    0.04737169    -0.006319745    0.0673721    0.02154099    -0.03164912    -0.02123556    0.02093308    -0.01204764    0.001555386    -0.03154554    0.01671633    0.005091197    0.02871934    0.0007899139    -0.02708129    -0.00673613    0.06491292    -0.005501604    -0.09215185    0.022386    0.03363894    -0.1603644    -0.02048981    0.04503312    0.1436854    -0.04299442    0.5959399    0.03727942    -0.4368008    -0.1096388    0.08022032    0.4901566    -0.05950677    -0.3778434    0.02734744    0.06724454    1    -0.07100112    -0.728322    -0.04729772    0.1596486    0.5977577    -0.08046202    -0.3984988    0.0001008383    0.04818253
0.03713678    -0.02067189    -0.07160698    0.00331427    0.006085149    -0.01905838    -0.0529086    0.03746201    0.02975632    -0.02647088    0.009255209    -0.03364962    -0.02813244    -0.02072688    0.002051975    -0.01606784    0.02077989    -0.01761126    0.0003895109    0.02775073    0.02243629    0.009693684    0.009874467    0.03772605    -0.0844615    -0.08783711    0.004635608    0.05982941    -0.02876085    0.05936517    0.01298608    -0.04206599    0.06082599    0.03978726    -0.1391635    0.008867918    0.5768487    0.05310049    -0.43125    0.03772683    -0.06330202    0.4975764    0.1453115    -0.3955663    0.007292789    -0.07100112    1    0.0881019    -0.7726396    0.1730508    -0.02102613    0.5589629    0.01665341    -0.4008157    0.09564381
-0.01089743    -0.0349201    -0.04301916    -0.004962427    0.01554656    0.03358171    0.01351094    0.001815271    0.01790455    -0.03644412    0.00631614    -0.08817947    -0.0410433    0.03418504    0.03605577    -0.006830882    0.001403953    0.03318254    0.02274462    -0.05549356    0.05565761    -0.03261973    -0.008705152    0.07853927    -0.07383136    0.01703698    -0.02617324    -0.01852999    0.01044916    0.03737423    0.1604654    -0.01845305    -0.01556947    -0.04075165    -0.0326559    -0.4352198    0.003365721    0.5855373    0.1203527    -0.3454525    -0.3104338    0.05829945    0.4654506    0.03704601    -0.3149082    -0.728322    0.0881019    1    0.04617607    -0.5515985    -0.4168925    0.06428404    0.5812836    0.01412991    -0.3068639
-0.0252368    0.02311271    0.03843172    -0.03767499    0.001828074    0.01492308    0.04822084    -0.07141561    -0.05704641    0.05826634    -0.01061578    -0.003244635    0.01165591    0.05189316    0.001595791    0.02804108    -0.01595646    -0.007484851    -0.0151352    0.004671751    0.01011421    0.03209977    -0.02039757    -0.01878144    0.01516558    0.05084744    -0.05303656    -0.05101991    0.0817403    -0.04236998    0.08648642    0.05780439    -0.04923939    -0.09282286    0.01498628    -0.1327181    -0.4236526    0.1218832    0.5588632    -0.2947401    0.04517631    -0.3400704    -0.08348665    0.4580118    -0.1906506    -0.04729772    -0.7726396    0.04617607    1    -0.5459898    0.007878584    -0.412785    0.01791493    0.5618735    -0.3169163
0.02411072    -0.007536412    -0.007932219    0.01569491    -0.0170674    0.01209968    -0.08463976    0.04733052    0.04815327    -0.06837055    0.01239531    0.08286073    0.04540292    -0.04382735    -0.05355421    -0.05309203    0.01200544    -0.04273721    0.0230612    0.04606816    -0.1166541    -0.02410192    0.07858117    -0.07378712    0.05537724    -0.05346482    0.09271849    0.09314656    -0.09150593    -0.06246687    -0.03671642    0.1025666    -0.05356981    -0.1352477    -0.005949784    0.1665932    0.06463427    -0.4151067    -0.3183744    0.6483583    0.01507915    0.05433921    -0.2108781    -0.2645729    0.4838275    0.1596486    0.1730508    -0.5515985    -0.5459898    1    0.0122435    0.08702397    -0.3026942    -0.3122294    0.6186472
0.0009747135    0.03858535    0.002771592    0.009905022    -0.01513226    -0.09196398    -0.01949221    0.02641534    0.0144666    0.01933827    0.03953787    0.04427399    -0.03807851    -0.04755737    -0.0001597905    0.02304323    0.005991629    -0.0349048    0.01134116    0.0281875    -0.100262    -0.00643592    0.008517349    0.1530265    -0.01698752    0.00842127    -0.004542744    -0.03623932    0.01918204    0.03400765    0.02973779    -0.00674628    0.008916974    0.006911928    -0.05358654    0.1757093    0.04511379    -0.1032741    -0.02245147    -0.06040446    0.5651818    -0.01595864    -0.4268955    0.0005135338    0.02246198    0.5977577    -0.02102613    -0.4168925    0.007878584    0.0122435    1    -0.1376514    -0.6676179    0.09997202    0.0203232
