1    -0.0653515    -0.7025817    -0.07246449    -0.03990777    0.1239674    -0.07089753    -0.02619431    0.07643802    0.01880399    0.0459031    -0.04679347    -0.0162912    0.071306    -0.05553205    0.007099553    0.02733702    -0.05443675    0.005809154    0.05036793    -0.0211035    -0.02844851    0.04425556    0.03614543    -0.04129023
-0.0653515    1    -0.05452125    -0.5470611    0.1192943    0.006670565    -0.02209787    -0.03278482    -0.01332771    0.05799486    -0.02125433    0.108748    0.04464735    -0.04977563    -0.06059233    0.004822596    -0.01518732    -0.0102655    -0.01851174    0.01752086    -0.05571547    0.03124489    -0.005263358    0.01292093    0.0196505
-0.7025817    -0.05452125    1    0.01906412    -0.3010253    -0.02040162    0.03300264    -0.05692963    -0.0295625    0.04139035    -0.02112941    0.05848748    0.03008021    -0.03767364    -0.04752427    -0.004914606    -0.007113497    0.001473684    -0.02597089    0.00983138    -0.01354869    0.02381293    -0.0120049    -0.0008737186    0.03446948
-0.07246449    -0.5470611    0.01906412    1    -0.3474456    0.1331762    -0.04061764    -0.05768512    0.08323573    -0.03061974    0.0396367    0.02124012    -0.03615557    -0.01981168    0.01135266    -0.02173738    0.01739484    0.01787867    -3.967328e-05    -0.02967924    0.04149865    0.02677067    -0.03036496    -0.04351334    0.04054505
-0.03990777    0.1192943    -0.3010253    -0.3474456    1    -0.07219191    0.04413709    0.05102562    -0.04480811    -0.005025426    -0.007595226    -0.02463731    -0.05001719    -0.007893455    0.0855424    0.04141451    0.01632143    -0.01504354    -0.01318981    0.03223727    0.01341937    -0.0240525    0.003897094    -0.01999872    0.009542477
0.1239674    0.006670565    -0.02040162    0.1331762    -0.07219191    1    -0.3425514    -0.24755    0.1688995    0.007790085    0.05389543    -0.04041079    -0.07738388    0.0345248    0.05482764    0.1704847    0.1486006    -0.1184506    -0.149646    0.004453775    -0.08447945    -0.07770937    0.05651413    0.1102664    0.02200722
-0.07089753    -0.02209787    0.03300264    -0.04061764    0.04413709    -0.3425514    1    -0.6241456    -0.2792986    0.1218277    -0.0578075    0.00617488    0.07724433    -0.001794454    -0.04895622    -0.02690586    0.006442792    0.09219105    0.04895535    -0.1754709    -0.01779192    0.02507684    0.01382804    0.01303361    0.01928556
-0.02619431    -0.03278482    -0.05692963    -0.05768512    0.05102562    -0.24755    -0.6241456    1    -0.2963397    -0.2330515    0.01083277    0.0509241    0.004399219    -0.04552222    -0.007806166    0.00364856    -0.001524695    -0.02054624    -0.00354238    0.1007749    -0.01887102    0.02595673    0.07922218    0.0074203    -0.1310156
0.07643802    -0.01332771    -0.0295625    0.08323573    -0.04480811    0.1688995    -0.2792986    -0.2963397    1    -0.3314129    0.01160255    -0.06977074    -0.06388856    0.02241983    0.07978027    -0.06930924    -0.08401437    0.06103516    0.1061077    -0.00217204    0.2354998    0.07558538    -0.1578722    -0.08792805    -0.01408765
0.01880399    0.05799486    0.04139035    -0.03061974    -0.005025426    0.007790085    0.1218277    -0.2330515    -0.3314129    1    0.01080253    -0.01518604    0.01995498    0.03607049    -0.04102867    -0.01267065    -0.00614099    -0.1081869    -0.07353396    0.255919    -0.1188029    -0.1060314    0.02790666    -0.02140475    -0.006324006
0.0459031    -0.02125433    -0.02112941    0.0396367    -0.007595226    0.05389543    -0.0578075    0.01083277    0.01160255    0.01080253    1    -0.02954475    -0.6886428    -0.02435365    0.001571975    0.01563207    0.03944733    -0.04878728    0.01403903    0.008049107    0.1248173    -0.1155325    -0.1105805    0.1767402    -0.05914807
-0.04679347    0.108748    0.05848748    0.02124012    -0.02463731    -0.04041079    0.00617488    0.0509241    -0.06977074    -0.01518604    -0.02954475    1    -0.230843    -0.6910545    0.2013255    -0.05954499    0.03417341    0.0154458    -0.03931256    0.03904448    -0.102223    -0.01980947    -0.01923039    -0.07527398    0.1578336
-0.0162912    0.04464735    0.03008021    -0.03615557    -0.05001719    -0.07738388    0.07724433    0.004399219    -0.06388856    0.01995498    -0.6886428    -0.230843    1    -0.006458427    -0.3909671    -0.03895372    0.00825929    0.0700736    -0.02627683    -0.0203351    -0.09236206    0.009773263    0.02511242    -0.1310994    0.1178758
0.071306    -0.04977563    -0.03767364    -0.01981168    -0.007893455    0.0345248    -0.001794454    -0.04552222    0.02241983    0.03607049    -0.02435365    -0.6910545    -0.006458427    1    -0.3307153    0.07530365    -0.03014948    -0.01112012    0.05435111    -0.06637589    0.06959323    -0.06669911    -0.02460443    0.11518    -0.08923101
-0.05553205    -0.06059233    -0.04752427    0.01135266    0.0855424    0.05482764    -0.04895622    -0.007806166    0.07978027    -0.04102867    0.001571975    0.2013255    -0.3909671    -0.3307153    1    -0.01274756    -0.03079329    0.005564181    -0.01992162    0.03004776    0.01616435    0.1203652    0.0702878    -0.007335686    -0.1173098
0.007099553    0.004822596    -0.004914606    -0.02173738    0.04141451    0.1704847    -0.02690586    0.00364856    -0.06930924    -0.01267065    0.01563207    -0.05954499    -0.03895372    0.07530365    -0.01274756    1    -0.2296069    -0.743259    0.1712309    0.09838464    0.0856522    -0.04523471    -0.01801394    0.04003625    -0.04664262
0.02733702    -0.01518732    -0.007113497    0.01739484    0.01632143    0.1486006    0.006442792    -0.001524695    -0.08401437    -0.00614099    0.03944733    0.03417341    0.00825929    -0.03014948    -0.03079329    -0.2296069    1    0.1247282    -0.7481843    0.2853823    -0.005273077    0.02508515    0.01570861    -0.03861038    0.02998282
-0.05443675    -0.0102655    0.001473684    0.01787867    -0.01504354    -0.1184506    0.09219105    -0.02054624    0.06103516    -0.1081869    -0.04878728    0.0154458    0.0700736    -0.01112012    0.005564181    -0.743259    0.1247282    1    -0.1546872    -0.4145793    -0.04089768    0.01373279    0.02227346    -0.03342417    0.01561103
0.005809154    -0.01851174    -0.02597089    -3.967328e-05    -0.01318981    -0.149646    0.04895535    -0.00354238    0.1061077    -0.07353396    0.01403903    -0.03931256    -0.02627683    0.05435111    -0.01992162    0.1712309    -0.7481843    -0.1546872    1    -0.613247    0.02113682    -0.02903033    0.01013477    0.07918532    -0.08067909
0.05036793    0.01752086    0.00983138    -0.02967924    0.03223727    0.004453775    -0.1754709    0.1007749    -0.00217204    0.255919    0.008049107    0.03904448    -0.0203351    -0.06637589    0.03004776    0.09838464    0.2853823    -0.4145793    -0.613247    1    -0.03872268    0.03142138    -0.01628364    -0.03578866    0.07470589
-0.0211035    -0.05571547    -0.01354869    0.04149865    0.01341937    -0.08447945    -0.01779192    -0.01887102    0.2354998    -0.1188029    0.1248173    -0.102223    -0.09236206    0.06959323    0.01616435    0.0856522    -0.005273077    -0.04089768    0.02113682    -0.03872268    1    -0.1376514    -0.6676179    0.09997202    0.0203232
-0.02844851    0.03124489    0.02381293    0.02677067    -0.0240525    -0.07770937    0.02507684    0.02595673    0.07558538    -0.1060314    -0.1155325    -0.01980947    0.009773263    -0.06669911    0.1203652    -0.04523471    0.02508515    0.01373279    -0.02903033    0.03142138    -0.1376514    1    0.03542279    -0.676552    0.1943159
0.04425556    -0.005263358    -0.0120049    -0.03036496    0.003897094    0.05651413    0.01382804    0.07922218    -0.1578722    0.02790666    -0.1105805    -0.01923039    0.02511242    -0.02460443    0.0702878    -0.01801394    0.01570861    0.02227346    0.01013477    -0.01628364    -0.6676179    0.03542279    1    -0.05155417    -0.452103
0.03614543    0.01292093    -0.0008737186    -0.04351334    -0.01999872    0.1102664    0.01303361    0.0074203    -0.08792805    -0.02140475    0.1767402    -0.07527398    -0.1310994    0.11518    -0.007335686    0.04003625    -0.03861038    -0.03342417    0.07918532    -0.03578866    0.09997202    -0.676552    -0.05155417    1    -0.5967933
-0.04129023    0.0196505    0.03446948    0.04054505    0.009542477    0.02200722    0.01928556    -0.1310156    -0.01408765    -0.006324006    -0.05914807    0.1578336    0.1178758    -0.08923101    -0.1173098    -0.04664262    0.02998282    0.01561103    -0.08067909    0.07470589    0.0203232    0.1943159    -0.452103    -0.5967933    1
