1    -0.4924505    -0.7054835    0.3611449    0.4141846    0.007573405    -0.09494389    0.11964    -0.3007986    -0.5511384    -0.1640016    -0.02548231    -0.1829249    -0.02720215    0.5313607    -0.3354704    -0.4800485    -0.2797922    0.7020332    0.4938457
-0.4924505    1    0.08228721    -0.2997195    -0.3227701    0.3033301    -0.04139888    -0.2269915    0.3402841    0.1191016    -0.355393    0.6203002    0.634053    -0.5515871    -0.1910928    -0.112078    0.5164543    0.2644979    -0.5252971    -0.1630551
-0.7054835    0.08228721    1    -0.6997083    -0.7668561    -0.009646858    0.07035583    -0.2524445    0.5382575    0.5802196    0.2471275    0.006313134    0.0929569    0.00403206    -0.3775664    0.2170847    0.4453827    0.5162713    -0.425796    -0.6576748
0.3611449    -0.2997195    -0.6997083    1    0.6725413    -0.4275137    0.2026487    0.5657247    -0.6246294    -0.4651053    -0.004508441    -0.2707455    -0.2778927    0.2058479    0.1377371    0.1800347    -0.4014566    -0.4605535    0.2456188    0.2904838
0.4141846    -0.3227701    -0.7668561    0.6725413    1    0.01750218    -0.2351273    0.208669    -0.661986    -0.2328754    0.1356096    -0.4312588    -0.4012923    0.4539832    0.1191499    -0.05042047    -0.5367452    -0.7275744    0.2537986    0.7488172
0.007573405    0.3033301    -0.009646858    -0.4275137    0.01750218    1    -0.6137704    -0.7678002    0.1118527    0.30932    -0.1297455    0.2876422    0.1824231    -0.3112307    0.2463888    -0.422175    -0.1121066    -0.06292709    0.1455874    0.4278426
-0.09494389    -0.04139888    0.07035583    0.2026487    -0.2351273    -0.6137704    1    0.2471991    -0.2761927    -0.1933259    0.07380277    0.1688133    -0.006518571    -0.129872    0.08189471    -0.0652213    0.3584756    0.6123041    -0.131951    -0.6115809
0.11964    -0.2269915    -0.2524445    0.5657247    0.208669    -0.7678002    0.2471991    1    -0.2926835    -0.5403442    -0.1894304    -0.402806    -0.02567302    0.3187113    -0.2173454    0.5314322    -0.1535417    -0.2802113    0.0127233    -0.08519039
-0.3007986    0.3402841    0.5382575    -0.6246294    -0.661986    0.1118527    -0.2761927    -0.2926835    1    0.1404911    -0.006217005    0.2301336    0.1623519    -0.1746788    -0.1375966    0.2007947    0.405193    0.2751605    -0.2202456    -0.4426769
-0.5511384    0.1191016    0.5802196    -0.4651053    -0.2328754    0.30932    -0.1933259    -0.5403442    0.1404911    1    0.3175245    2.616519e-05    0.01762366    -0.003192868    -0.3597338    -0.08099821    0.08679434    0.1144265    -0.3435869    -0.04401741
-0.1640016    -0.355393    0.2471275    -0.004508441    0.1356096    -0.1297455    0.07380277    -0.1894304    -0.006217005    0.3175245    1    -0.4940523    -0.7980263    0.5877026    -0.05248583    -0.03369999    -0.1368613    -0.06141028    0.1690028    -0.06030197
-0.02548231    0.6203002    0.006313134    -0.2707455    -0.4312588    0.2876422    0.1688133    -0.402806    0.2301336    2.616519e-05    -0.4940523    1    0.6633678    -0.919559    0.2514939    -0.4175993    0.496912    0.5049862    -0.3058308    -0.1812951
-0.1829249    0.634053    0.0929569    -0.2778927    -0.4012923    0.1824231    -0.006518571    -0.02567302    0.1623519    0.01762366    -0.7980263    0.6633678    1    -0.6690281    -0.2904265    -0.1535836    0.4736449    0.3058722    -0.5118195    -0.1333943
-0.02720215    -0.5515871    0.00403206    0.2058479    0.4539832    -0.3112307    -0.129872    0.3187113    -0.1746788    -0.003192868    0.5877026    -0.919559    -0.6690281    1    -0.3812425    0.3766513    -0.4137165    -0.5205688    0.2010094    0.1927882
0.5313607    -0.1910928    -0.3775664    0.1377371    0.1191499    0.2463888    0.08189471    -0.2173454    -0.1375966    -0.3597338    -0.05248583    0.2514939    -0.2904265    -0.3812425    1    -0.347076    -0.1547964    0.1617728    0.5166647    0.114101
-0.3354704    -0.112078    0.2170847    0.1800347    -0.05042047    -0.422175    -0.0652213    0.5314322    0.2007947    -0.08099821    -0.03369999    -0.4175993    -0.1535836    0.3766513    -0.347076    1    -0.2148984    -0.3250346    -0.1133392    -0.2377995
-0.4800485    0.5164543    0.4453827    -0.4014566    -0.5367452    -0.1121066    0.3584756    -0.1535417    0.405193    0.08679434    -0.1368613    0.496912    0.4736449    -0.4137165    -0.1547964    -0.2148984    1    0.7139087    -0.7516584    -0.6643788
-0.2797922    0.2644979    0.5162713    -0.4605535    -0.7275744    -0.06292709    0.6123041    -0.2802113    0.2751605    0.1144265    -0.06141028    0.5049862    0.3058722    -0.5205688    0.1617728    -0.3250346    0.7139087    1    -0.2948376    -0.7957498
0.7020332    -0.5252971    -0.425796    0.2456188    0.2537986    0.1455874    -0.131951    0.0127233    -0.2202456    -0.3435869    0.1690028    -0.3058308    -0.5118195    0.2010094    0.5166647    -0.1133392    -0.7516584    -0.2948376    1    0.3750733
0.4938457    -0.1630551    -0.6576748    0.2904838    0.7488172    0.4278426    -0.6115809    -0.08519039    -0.4426769    -0.04401741    -0.06030197    -0.1812951    -0.1333943    0.1927882    0.114101    -0.2377995    -0.6643788    -0.7957498    0.3750733    1
