1    -0.3594829    -0.5702683    0.2343407    0.2264468    -0.02761892    -0.03744236    0.1233234    -0.2056044    -0.2834862    -0.04144614    -0.01635906    -0.1070501    -0.02361579    0.1939621    -0.2376624    -0.2271752    -0.1179585    0.3115946    0.3145826
-0.3594829    1    -0.175771    -0.3437631    -0.05963109    0.1763928    -0.03617346    -0.1537612    0.2137411    0.089387    -0.09302178    0.2106499    0.2321392    -0.2301049    -0.03050632    -0.06226729    0.2134715    0.1325317    -0.1829406    -0.04588148
-0.5702683    -0.175771    1    -0.4582405    -0.7041022    0.03816087    0.00252434    -0.1434255    0.3601811    0.2700696    0.08253731    -0.02684084    0.04625202    0.02805658    -0.1451585    0.1327166    0.2346385    0.2971465    -0.1614077    -0.4609059
0.2343407    -0.3437631    -0.4582405    1    0.3417084    -0.2113896    0.123719    0.2497621    -0.3359628    -0.2289712    -0.01416203    -0.08161883    -0.1263849    0.04239556    0.09032324    0.1574053    -0.1013638    -0.2406764    -0.008786362    0.1229631
0.2264468    -0.05963109    -0.7041022    0.3417084    1    -0.04710652    -0.09047403    0.1267625    -0.4519641    -0.1094422    0.04214031    -0.1344219    -0.1479332    0.2133202    0.006344379    -0.03101926    -0.3298072    -0.4084363    0.1097851    0.4650173
-0.02761892    0.1763928    0.03816087    -0.2113896    -0.04710652    1    -0.4774775    -0.4538181    0.1378426    0.1167466    -0.01108989    0.07437417    0.04005112    -0.117035    0.08714356    -0.2415873    -0.09278759    0.0001420806    0.1183099    0.2459549
-0.03744236    -0.03617346    0.00252434    0.123719    -0.09047403    -0.4774775    1    -0.2704573    -0.27668    0.00682912    0.008365048    0.06243084    0.003988292    -0.05535074    0.003591289    -0.03935591    0.1721633    0.2889605    -0.03706128    -0.3210472
0.1233234    -0.1537612    -0.1434255    0.2497621    0.1267625    -0.4538181    -0.2704573    1    -0.2854063    -0.3209596    -0.01082284    -0.1257204    -0.03931332    0.1092917    -0.01905877    0.1851766    -0.0386227    -0.05580821    0.008868603    -0.1057828
-0.2056044    0.2137411    0.3601811    -0.3359628    -0.4519641    0.1378426    -0.27668    -0.2854063    1    -0.1334371    -0.03304295    0.07360822    0.07335044    -0.08544213    -0.008461804    0.2159473    0.2320248    0.05912311    -0.1318994    -0.2643116
-0.2834862    0.089387    0.2700696    -0.2289712    -0.1094422    0.1167466    0.00682912    -0.3209596    -0.1334371    1    0.04310318    0.01453946    0.04464821    0.03016238    -0.130028    -0.1043738    -0.04284979    0.05636041    -0.1017023    -0.02072733
-0.04144614    -0.09302178    0.08253731    -0.01416203    0.04214031    -0.01108989    0.008365048    -0.01082284    -0.03304295    0.04310318    1    0.01044061    -0.785367    -0.05049712    0.2023296    -0.06355211    -0.1169129    0.05615365    0.1785504    -0.1247502
-0.01635906    0.2106499    -0.02684084    -0.08161883    -0.1344219    0.07437417    0.06243084    -0.1257204    0.07360822    0.01453946    0.01044061    1    0.1795338    -0.8060869    0.1746387    -0.1717983    0.1387782    0.1506785    -0.1039598    -0.01401868
-0.1070501    0.2321392    0.04625202    -0.1263849    -0.1479332    0.04005112    0.003988292    -0.03931332    0.07335044    0.04464821    -0.785367    0.1795338    1    -0.05741289    -0.518797    -0.01041979    0.1631567    0.01465839    -0.2465451    0.07192675
-0.02361579    -0.2301049    0.02805658    0.04239556    0.2133202    -0.117035    -0.05535074    0.1092917    -0.08544213    0.03016238    -0.05049712    -0.8060869    -0.05741289    1    -0.4833687    0.1820623    -0.1986701    -0.2559275    0.06867143    0.1232576
0.1939621    -0.03050632    -0.1451585    0.09032324    0.006344379    0.08714356    0.003591289    -0.01905877    -0.008461804    -0.130028    0.2023296    0.1746387    -0.518797    -0.4833687    1    -0.1393966    0.02589492    0.1570203    0.1583617    -0.06555116
-0.2376624    -0.06226729    0.1327166    0.1574053    -0.03101926    -0.2415873    -0.03935591    0.1851766    0.2159473    -0.1043738    -0.06355211    -0.1717983    -0.01041979    0.1820623    -0.1393966    1    -0.1695333    -0.5201249    0.02960654    -0.1103101
-0.2271752    0.2134715    0.2346385    -0.1013638    -0.3298072    -0.09278759    0.1721633    -0.0386227    0.2320248    -0.04284979    -0.1169129    0.1387782    0.1631567    -0.1986701    0.02589492    -0.1695333    1    0.31856    -0.6899216    -0.2298555
-0.1179585    0.1325317    0.2971465    -0.2406764    -0.4084363    0.0001420806    0.2889605    -0.05580821    0.05912311    0.05636041    0.05615365    0.1506785    0.01465839    -0.2559275    0.1570203    -0.5201249    0.31856    1    -0.1292416    -0.6212203
0.3115946    -0.1829406    -0.1614077    -0.008786362    0.1097851    0.1183099    -0.03706128    0.008868603    -0.1318994    -0.1017023    0.1785504    -0.1039598    -0.2465451    0.06867143    0.1583617    0.02960654    -0.6899216    -0.1292416    1    -0.1871279
0.3145826    -0.04588148    -0.4609059    0.1229631    0.4650173    0.2459549    -0.3210472    -0.1057828    -0.2643116    -0.02072733    -0.1247502    -0.01401868    0.07192675    0.1232576    -0.06555116    -0.1103101    -0.2298555    -0.6212203    -0.1871279    1
