1    -0.4774775    -0.4538181    0.1378426    0.1167466    0.08649078    0.05809271    0.06569372    0.03779071    -0.08225872    -0.2415873    -0.09278759    0.0001420806    0.1183099    0.2459549
-0.4774775    1    -0.2704573    -0.27668    0.00682912    0.07086475    -0.06375555    -0.2585003    -0.08507513    0.2464876    -0.03935591    0.1721633    0.2889605    -0.03706128    -0.3210472
-0.4538181    -0.2704573    1    -0.2854063    -0.3209596    -0.004345561    0.01415174    -0.01501111    -0.02814615    -0.01791251    0.1851766    -0.0386227    -0.05580821    0.008868603    -0.1057828
0.1378426    -0.27668    -0.2854063    1    -0.1334371    -0.1382573    -0.1228133    -0.02775868    0.02385675    0.1575699    0.2159473    0.2320248    0.05912311    -0.1318994    -0.2643116
0.1167466    0.00682912    -0.3209596    -0.1334371    1    -0.02531302    -0.03871607    0.09140494    0.04569756    -0.1189128    -0.1043738    -0.04284979    0.05636041    -0.1017023    -0.02072733
0.08649078    0.07086475    -0.004345561    -0.1382573    -0.02531302    1    0.07115773    -0.753966    -0.2154147    0.2245231    -0.1593928    -0.01482318    0.1025115    0.05578445    -0.01495589
0.05809271    -0.06375555    0.01415174    -0.1228133    -0.03871607    0.07115773    1    0.1314665    -0.7719863    -0.03932459    0.05175884    -0.06538345    -0.1212452    -0.05653248    0.1761099
0.06569372    -0.2585003    -0.01501111    -0.02775868    0.09140494    -0.753966    0.1314665    1    0.1821551    -0.6517384    0.1435445    -0.2101307    -0.2986137    -0.004989105    0.2969688
0.03779071    -0.08507513    -0.02814615    0.02385675    0.04569756    -0.2154147    -0.7719863    0.1821551    1    -0.3665983    -0.03855978    -0.1154704    -0.09270025    0.1272095    0.1055661
-0.08225872    0.2464876    -0.01791251    0.1575699    -0.1189128    0.2245231    -0.03932459    -0.6517384    -0.3665983    1    -0.1812248    0.2664955    0.3694337    0.001347907    -0.3002373
-0.2415873    -0.03935591    0.1851766    0.2159473    -0.1043738    -0.1593928    0.05175884    0.1435445    -0.03855978    -0.1812248    1    -0.1695333    -0.5201249    0.02960654    -0.1103101
-0.09278759    0.1721633    -0.0386227    0.2320248    -0.04284979    -0.01482318    -0.06538345    -0.2101307    -0.1154704    0.2664955    -0.1695333    1    0.31856    -0.6899216    -0.2298555
0.0001420806    0.2889605    -0.05580821    0.05912311    0.05636041    0.1025115    -0.1212452    -0.2986137    -0.09270025    0.3694337    -0.5201249    0.31856    1    -0.1292416    -0.6212203
0.1183099    -0.03706128    0.008868603    -0.1318994    -0.1017023    0.05578445    -0.05653248    -0.004989105    0.1272095    0.001347907    0.02960654    -0.6899216    -0.1292416    1    -0.1871279
0.2459549    -0.3210472    -0.1057828    -0.2643116    -0.02072733    -0.01495589    0.1761099    0.2969688    0.1055661    -0.3002373    -0.1103101    -0.2298555    -0.6212203    -0.1871279    1
