1    0.1979651    -0.2026812    0.04494793    -0.3147692    0.2174341    0.01714273    -0.2891803    0.1074976    0.2109884    0.2061514    -0.2107049    -0.02363463    -0.03810269    -0.07029017    -0.01538482    -0.07815868    -0.1635557    0.05518994    0.2428602
0.1979651    1    0.5732349    -0.4063721    -0.5893912    0.393337    -0.2753987    -0.3911763    0.1688457    0.5032056    0.2278343    -0.3261784    -0.1371011    -0.1746508    0.02088343    -0.120654    -0.3574428    -0.347758    0.2257327    0.5105827
-0.2026812    0.5732349    1    -0.126535    -0.6835069    0.3926895    -0.3638646    -0.2929694    0.1691762    0.4241185    0.162353    -0.2600875    -0.1017877    -0.1911888    0.01347651    -0.07421367    -0.3785675    -0.3129181    0.2420963    0.4375451
0.04494793    -0.4063721    -0.126535    1    -0.2139703    0.03388243    0.09091503    -0.03067926    -0.07605569    -0.04778139    0.1307137    -0.08397591    -0.0004097668    0.03794918    -0.03352972    -0.01559102    0.04938437    -0.007467177    -0.04098368    0.05619671
-0.3147692    -0.5893912    -0.6835069    -0.2139703    1    -0.5059425    0.2655052    0.524229    -0.2820102    -0.5409392    -0.2237859    0.3935341    0.02226753    0.2004269    0.08251448    0.03764703    0.3937102    0.4523227    -0.2221688    -0.5866963
0.2174341    0.393337    0.3926895    0.03388243    -0.5059425    1    -0.3594829    -0.5702683    0.2343407    0.2264468    -0.02761892    -0.03744236    0.1233234    -0.2056044    -0.2834862    -0.2376624    -0.2271752    -0.1179585    0.3115946    0.3145826
0.01714273    -0.2753987    -0.3638646    0.09091503    0.2655052    -0.3594829    1    -0.175771    -0.3437631    -0.05963109    0.1763928    -0.03617346    -0.1537612    0.2137411    0.089387    -0.06226729    0.2134715    0.1325317    -0.1829406    -0.04588148
-0.2891803    -0.3911763    -0.2929694    -0.03067926    0.524229    -0.5702683    -0.175771    1    -0.4582405    -0.7041022    0.03816087    0.00252434    -0.1434255    0.3601811    0.2700696    0.1327166    0.2346385    0.2971465    -0.1614077    -0.4609059
0.1074976    0.1688457    0.1691762    -0.07605569    -0.2820102    0.2343407    -0.3437631    -0.4582405    1    0.3417084    -0.2113896    0.123719    0.2497621    -0.3359628    -0.2289712    0.1574053    -0.1013638    -0.2406764    -0.008786362    0.1229631
0.2109884    0.5032056    0.4241185    -0.04778139    -0.5409392    0.2264468    -0.05963109    -0.7041022    0.3417084    1    -0.04710652    -0.09047403    0.1267625    -0.4519641    -0.1094422    -0.03101926    -0.3298072    -0.4084363    0.1097851    0.4650173
0.2061514    0.2278343    0.162353    0.1307137    -0.2237859    -0.02761892    0.1763928    0.03816087    -0.2113896    -0.04710652    1    -0.4774775    -0.4538181    0.1378426    0.1167466    -0.2415873    -0.09278759    0.0001420806    0.1183099    0.2459549
-0.2107049    -0.3261784    -0.2600875    -0.08397591    0.3935341    -0.03744236    -0.03617346    0.00252434    0.123719    -0.09047403    -0.4774775    1    -0.2704573    -0.27668    0.00682912    -0.03935591    0.1721633    0.2889605    -0.03706128    -0.3210472
-0.02363463    -0.1371011    -0.1017877    -0.0004097668    0.02226753    0.1233234    -0.1537612    -0.1434255    0.2497621    0.1267625    -0.4538181    -0.2704573    1    -0.2854063    -0.3209596    0.1851766    -0.0386227    -0.05580821    0.008868603    -0.1057828
-0.03810269    -0.1746508    -0.1911888    0.03794918    0.2004269    -0.2056044    0.2137411    0.3601811    -0.3359628    -0.4519641    0.1378426    -0.27668    -0.2854063    1    -0.1334371    0.2159473    0.2320248    0.05912311    -0.1318994    -0.2643116
-0.07029017    0.02088343    0.01347651    -0.03352972    0.08251448    -0.2834862    0.089387    0.2700696    -0.2289712    -0.1094422    0.1167466    0.00682912    -0.3209596    -0.1334371    1    -0.1043738    -0.04284979    0.05636041    -0.1017023    -0.02072733
-0.01538482    -0.120654    -0.07421367    -0.01559102    0.03764703    -0.2376624    -0.06226729    0.1327166    0.1574053    -0.03101926    -0.2415873    -0.03935591    0.1851766    0.2159473    -0.1043738    1    -0.1695333    -0.5201249    0.02960654    -0.1103101
-0.07815868    -0.3574428    -0.3785675    0.04938437    0.3937102    -0.2271752    0.2134715    0.2346385    -0.1013638    -0.3298072    -0.09278759    0.1721633    -0.0386227    0.2320248    -0.04284979    -0.1695333    1    0.31856    -0.6899216    -0.2298555
-0.1635557    -0.347758    -0.3129181    -0.007467177    0.4523227    -0.1179585    0.1325317    0.2971465    -0.2406764    -0.4084363    0.0001420806    0.2889605    -0.05580821    0.05912311    0.05636041    -0.5201249    0.31856    1    -0.1292416    -0.6212203
0.05518994    0.2257327    0.2420963    -0.04098368    -0.2221688    0.3115946    -0.1829406    -0.1614077    -0.008786362    0.1097851    0.1183099    -0.03706128    0.008868603    -0.1318994    -0.1017023    0.02960654    -0.6899216    -0.1292416    1    -0.1871279
0.2428602    0.5105827    0.4375451    0.05619671    -0.5866963    0.3145826    -0.04588148    -0.4609059    0.1229631    0.4650173    0.2459549    -0.3210472    -0.1057828    -0.2643116    -0.02072733    -0.1103101    -0.2298555    -0.6212203    -0.1871279    1
