1    0.198067    -0.4225725    0.07146314    -0.186491    -0.09788526    0.2594106    0.2555435    -0.09220539    -0.2659218
0.198067    1    0.2538809    -0.3854224    -0.1678645    0.1638631    0.2346984    0.2094446    -0.1730264    -0.344613
-0.4225725    0.2538809    1    0.0678435    -0.472596    0.2167506    0.04881665    0.03051212    -0.1625805    -0.1474478
0.07146314    -0.3854224    0.0678435    1    -0.5213228    -0.1411582    0.1311333    0.06447657    -0.1106796    -0.01054437
-0.186491    -0.1678645    -0.472596    -0.5213228    1    0.08057897    -0.2640229    -0.1786509    0.1970891    0.1998573
-0.09788526    0.1638631    0.2167506    -0.1411582    0.08057897    1    -0.1695333    -0.5201249    0.02960654    -0.1103101
0.2594106    0.2346984    0.04881665    0.1311333    -0.2640229    -0.1695333    1    0.31856    -0.6899216    -0.2298555
0.2555435    0.2094446    0.03051212    0.06447657    -0.1786509    -0.5201249    0.31856    1    -0.1292416    -0.6212203
-0.09220539    -0.1730264    -0.1625805    -0.1106796    0.1970891    0.02960654    -0.6899216    -0.1292416    1    -0.1871279
-0.2659218    -0.344613    -0.1474478    -0.01054437    0.1998573    -0.1103101    -0.2298555    -0.6212203    -0.1871279    1
