1    0.01044061    -0.785367    -0.05049712    0.2023296    -0.06355211    -0.1169129    0.05615365    0.1785504    -0.1247502
0.01044061    1    0.1795338    -0.8060869    0.1746387    -0.1717983    0.1387782    0.1506785    -0.1039598    -0.01401868
-0.785367    0.1795338    1    -0.05741289    -0.518797    -0.01041979    0.1631567    0.01465839    -0.2465451    0.07192675
-0.05049712    -0.8060869    -0.05741289    1    -0.4833687    0.1820623    -0.1986701    -0.2559275    0.06867143    0.1232576
0.2023296    0.1746387    -0.518797    -0.4833687    1    -0.1393966    0.02589492    0.1570203    0.1583617    -0.06555116
-0.06355211    -0.1717983    -0.01041979    0.1820623    -0.1393966    1    -0.1695333    -0.5201249    0.02960654    -0.1103101
-0.1169129    0.1387782    0.1631567    -0.1986701    0.02589492    -0.1695333    1    0.31856    -0.6899216    -0.2298555
0.05615365    0.1506785    0.01465839    -0.2559275    0.1570203    -0.5201249    0.31856    1    -0.1292416    -0.6212203
0.1785504    -0.1039598    -0.2465451    0.06867143    0.1583617    0.02960654    -0.6899216    -0.1292416    1    -0.1871279
-0.1247502    -0.01401868    0.07192675    0.1232576    -0.06555116    -0.1103101    -0.2298555    -0.6212203    -0.1871279    1
