1    -0.01661703    -0.3486004    -0.02664636    -0.09414548    0.1772553    -0.01269037    -0.1540293    0.1018311    -0.02773489    0.03868434    -0.07149651    -0.04261438    0.1314757    -0.01058225    0.02631884    -0.01041583    -0.1144948    0.07373694    0.01534784    -0.158117    0.128385    0.09685898    -0.02154103    -0.0276634
-0.01661703    1    0.5772542    -0.1250704    -0.5223465    0.2106953    -0.2061193    -0.1127472    -0.3079101    0.02006789    -0.2009393    0.3941604    0.4280895    -0.05181872    -0.5577207    0.02793555    0.003493678    -0.220881    -0.1990221    0.08924078    -0.2272556    -0.303911    -0.2746035    0.2076873    0.4985022
-0.3486004    0.5772542    1    0.2385394    -0.7075003    0.1788987    -0.2644411    -0.05162782    -0.3120372    -0.04113903    -0.2481957    0.4877228    0.4674966    -0.09555395    -0.6001692    0.02382164    -0.02996559    -0.211056    -0.19576    0.07685804    -0.1280241    -0.3672415    -0.4052039    0.2487577    0.569571
-0.02664636    -0.1250704    0.2385394    1    -0.4755204    0.2549488    -0.3028676    0.003197846    -0.05416296    -0.05351174    -0.1844217    0.2865332    0.2269129    -0.1094116    -0.2252995    -0.09012864    0.06445977    0.008089077    -0.09675703    -0.0429398    0.03359114    -0.1465127    -0.1868859    0.05863446    0.2627994
-0.09414548    -0.5223465    -0.7075003    -0.4755204    1    -0.4033529    0.3355935    0.2031772    0.1536885    0.03479998    0.2217457    -0.3969984    -0.4049216    0.03382402    0.5069103    -0.01176821    -0.009425498    0.2296045    0.1217691    -0.007539781    0.230325    0.2127574    0.2474393    -0.2051169    -0.4753427
0.1772553    0.2106953    0.1788987    0.2549488    -0.4033529    1    -0.4774775    -0.4538181    0.1378426    0.1167466    -0.15265    0.06914332    0.09963154    0.01934468    -0.04676362    0.08850889    0.1599171    -0.139472    -0.1522633    -0.09902989    -0.2415873    -0.09278759    0.0001420806    0.1183099    0.2459549
-0.01269037    -0.2061193    -0.2644411    -0.3028676    0.3355935    -0.4774775    1    -0.2704573    -0.27668    0.00682912    0.2413778    -0.2056002    -0.1580214    0.02416761    0.1434799    0.06571718    -0.008295624    0.04122862    0.08315627    0.005361577    -0.03935591    0.1721633    0.2889605    -0.03706128    -0.3210472
-0.1540293    -0.1127472    -0.05162782    0.003197846    0.2031772    -0.4538181    -0.2704573    1    -0.2854063    -0.3209596    0.01723798    0.09127468    0.05529603    -0.1019292    -0.06545556    -0.02440629    0.007736984    0.06994781    -0.04141592    0.134796    0.1851766    -0.0386227    -0.05580821    0.008868603    -0.1057828
0.1018311    -0.3079101    -0.3120372    -0.05416296    0.1536885    0.1378426    -0.27668    -0.2854063    1    -0.1334371    0.09636347    -0.2674252    -0.3206827    0.03320412    0.4337361    -0.08704592    -0.1678627    0.177478    0.3227427    -0.1076728    0.2159473    0.2320248    0.05912311    -0.1318994    -0.2643116
-0.02773489    0.02006789    -0.04113903    -0.05351174    0.03479998    0.1167466    0.00682912    -0.3209596    -0.1334371    1    -0.005229442    -0.08668841    -0.07958962    0.07223001    0.0802685    -0.009244832    0.04309966    -0.08042693    -0.07471047    0.1245794    -0.1043738    -0.04284979    0.05636041    -0.1017023    -0.02072733
0.03868434    -0.2009393    -0.2481957    -0.1844217    0.2217457    -0.15265    0.2413778    0.01723798    0.09636347    -0.005229442    1    -0.2854361    -0.7194519    0.06167188    0.2449637    0.1923157    -0.1277178    -0.06022413    0.2325556    -0.05392613    -0.02563653    0.1249556    0.2075403    -0.01203033    -0.2667712
-0.07149651    0.3941604    0.4877228    0.2865332    -0.3969984    0.06914332    -0.2056002    0.09127468    -0.2674252    -0.08668841    -0.2854361    1    0.2700116    -0.6854755    -0.3287533    -0.1564471    0.02036278    -0.05342712    -0.2206389    0.1810643    0.03705754    -0.324848    -0.3356567    0.2100724    0.3997659
-0.04261438    0.4280895    0.4674966    0.2269129    -0.4049216    0.09963154    -0.1580214    0.05529603    -0.3206827    -0.07958962    -0.7194519    0.2700116    1    -0.09220107    -0.6530083    -0.1235222    -0.007597243    -0.1133191    -0.2297323    0.1902154    -0.0548634    -0.2439189    -0.2248498    0.1459756    0.3703591
0.1314757    -0.05181872    -0.09555395    -0.1094116    0.03382402    0.01934468    0.02416761    -0.1019292    0.03320412    0.07223001    0.06167188    -0.6854755    -0.09220107    1    -0.1518189    0.1709992    -0.07137114    -0.1451603    0.1372384    -0.1398082    -0.1611782    0.146939    0.1033701    -0.1035057    -0.04915514
-0.01058225    -0.5577207    -0.6001692    -0.2252995    0.5069103    -0.04676362    0.1434799    -0.06545556    0.4337361    0.0802685    0.2449637    -0.3287533    -0.6530083    -0.1518189    1    -0.01602895    0.1066901    0.2886973    0.1668357    -0.2142765    0.1873216    0.2677133    0.3123837    -0.1822985    -0.5151916
0.02631884    0.02793555    0.02382164    -0.09012864    -0.01176821    0.08850889    0.06571718    -0.02440629    -0.08704592    -0.009244832    0.1923157    -0.1564471    -0.1235222    0.1709992    -0.01602895    1    -0.1725068    -0.7027936    0.116493    0.08094118    -0.001785365    0.02099902    0.01585515    0.004025675    -0.04429489
-0.01041583    0.003493678    -0.02996559    0.06445977    -0.009425498    0.1599171    -0.008295624    0.007736984    -0.1678627    0.04309966    -0.1277178    0.02036278    -0.007597243    -0.07137114    0.1066901    -0.1725068    1    0.1574847    -0.7513166    0.1351055    -0.01266924    0.1017366    0.004638792    -0.149716    0.04251783
-0.1144948    -0.220881    -0.211056    0.008089077    0.2296045    -0.139472    0.04122862    0.06994781    0.177478    -0.08042693    -0.06022413    -0.05342712    -0.1133191    -0.1451603    0.2886973    -0.7027936    0.1574847    1    -0.1113507    -0.3998048    0.1680154    0.064044    0.03127808    -0.09082699    -0.1394175
0.07373694    -0.1990221    -0.19576    -0.09675703    0.1217691    -0.1522633    0.08315627    -0.04141592    0.3227427    -0.07471047    0.2325556    -0.2206389    -0.2297323    0.1372384    0.1668357    0.116493    -0.7513166    -0.1113507    1    -0.4600299    0.008245384    0.0699364    0.1697588    0.08911444    -0.2568212
0.01534784    0.08924078    0.07685804    -0.0429398    -0.007539781    -0.09902989    0.005361577    0.134796    -0.1076728    0.1245794    -0.05392613    0.1810643    0.1902154    -0.1398082    -0.2142765    0.08094118    0.1351055    -0.3998048    -0.4600299    1    -0.1067568    -0.03900898    -0.007309094    0.04504776    0.1087956
-0.158117    -0.2272556    -0.1280241    0.03359114    0.230325    -0.2415873    -0.03935591    0.1851766    0.2159473    -0.1043738    -0.02563653    0.03705754    -0.0548634    -0.1611782    0.1873216    -0.001785365    -0.01266924    0.1680154    0.008245384    -0.1067568    1    -0.1695333    -0.5201249    0.02960654    -0.1103101
0.128385    -0.303911    -0.3672415    -0.1465127    0.2127574    -0.09278759    0.1721633    -0.0386227    0.2320248    -0.04284979    0.1249556    -0.324848    -0.2439189    0.146939    0.2677133    0.02099902    0.1017366    0.064044    0.0699364    -0.03900898    -0.1695333    1    0.31856    -0.6899216    -0.2298555
0.09685898    -0.2746035    -0.4052039    -0.1868859    0.2474393    0.0001420806    0.2889605    -0.05580821    0.05912311    0.05636041    0.2075403    -0.3356567    -0.2248498    0.1033701    0.3123837    0.01585515    0.004638792    0.03127808    0.1697588    -0.007309094    -0.5201249    0.31856    1    -0.1292416    -0.6212203
-0.02154103    0.2076873    0.2487577    0.05863446    -0.2051169    0.1183099    -0.03706128    0.008868603    -0.1318994    -0.1017023    -0.01203033    0.2100724    0.1459756    -0.1035057    -0.1822985    0.004025675    -0.149716    -0.09082699    0.08911444    0.04504776    0.02960654    -0.6899216    -0.1292416    1    -0.1871279
-0.0276634    0.4985022    0.569571    0.2627994    -0.4753427    0.2459549    -0.3210472    -0.1057828    -0.2643116    -0.02072733    -0.2667712    0.3997659    0.3703591    -0.04915514    -0.5151916    -0.04429489    0.04251783    -0.1394175    -0.2568212    0.1087956    -0.1103101    -0.2298555    -0.6212203    -0.1871279    1
