1    0.1120652    -0.3681135    -0.001060997    -0.08082685    -0.0074612    0.05643629    0.02591773    0.1825608    -0.1690508    -0.01879237    0.1280483    -0.02252993    0.002622121    -0.02065416    -0.04782855    0.01440271    0.07578263    -0.02127106    -0.06431871
0.1120652    1    0.2555411    -0.289436    -0.3011503    -0.5388214    0.2160706    0.5608023    -0.4189092    -0.415999    0.01413369    0.03523768    -0.1015132    0.2732888    0.1848166    0.08447919    0.1479974    0.2127125    -0.09123165    -0.3255562
-0.3681135    0.2555411    1    0.1903292    -0.5369004    -0.5514346    0.3422975    0.4635494    -0.4287844    -0.3319185    0.08620079    -0.07660942    -0.1073756    0.2635311    0.2354378    0.05105975    0.2363989    0.1746854    -0.2397846    -0.2184936
-0.001060997    -0.289436    0.1903292    1    -0.4704953    -0.1571719    0.2579581    0.090033    0.006363901    -0.2007498    0.08061681    -0.002159049    -0.03472854    0.1302869    0.06767922    0.01886873    0.2272519    0.08812846    -0.2081668    -0.1129219
-0.08082685    -0.3011503    -0.5369004    -0.4704953    1    0.462685    -0.3421258    -0.4958964    0.3849029    0.4561873    -0.05980385    0.04369334    0.1724593    -0.4227113    -0.239922    0.04410777    -0.3268922    -0.2388725    0.2373166    0.2952573
-0.0074612    -0.5388214    -0.5514346    -0.1571719    0.462685    1    -0.3594829    -0.5702683    0.2343407    0.2264468    -0.02761892    -0.03744236    0.1233234    -0.2056044    -0.2834862    -0.2376624    -0.2271752    -0.1179585    0.3115946    0.3145826
0.05643629    0.2160706    0.3422975    0.2579581    -0.3421258    -0.3594829    1    -0.175771    -0.3437631    -0.05963109    0.1763928    -0.03617346    -0.1537612    0.2137411    0.089387    -0.06226729    0.2134715    0.1325317    -0.1829406    -0.04588148
0.02591773    0.5608023    0.4635494    0.090033    -0.4958964    -0.5702683    -0.175771    1    -0.4582405    -0.7041022    0.03816087    0.00252434    -0.1434255    0.3601811    0.2700696    0.1327166    0.2346385    0.2971465    -0.1614077    -0.4609059
0.1825608    -0.4189092    -0.4287844    0.006363901    0.3849029    0.2343407    -0.3437631    -0.4582405    1    0.3417084    -0.2113896    0.123719    0.2497621    -0.3359628    -0.2289712    0.1574053    -0.1013638    -0.2406764    -0.008786362    0.1229631
-0.1690508    -0.415999    -0.3319185    -0.2007498    0.4561873    0.2264468    -0.05963109    -0.7041022    0.3417084    1    -0.04710652    -0.09047403    0.1267625    -0.4519641    -0.1094422    -0.03101926    -0.3298072    -0.4084363    0.1097851    0.4650173
-0.01879237    0.01413369    0.08620079    0.08061681    -0.05980385    -0.02761892    0.1763928    0.03816087    -0.2113896    -0.04710652    1    -0.4774775    -0.4538181    0.1378426    0.1167466    -0.2415873    -0.09278759    0.0001420806    0.1183099    0.2459549
0.1280483    0.03523768    -0.07660942    -0.002159049    0.04369334    -0.03744236    -0.03617346    0.00252434    0.123719    -0.09047403    -0.4774775    1    -0.2704573    -0.27668    0.00682912    -0.03935591    0.1721633    0.2889605    -0.03706128    -0.3210472
-0.02252993    -0.1015132    -0.1073756    -0.03472854    0.1724593    0.1233234    -0.1537612    -0.1434255    0.2497621    0.1267625    -0.4538181    -0.2704573    1    -0.2854063    -0.3209596    0.1851766    -0.0386227    -0.05580821    0.008868603    -0.1057828
0.002622121    0.2732888    0.2635311    0.1302869    -0.4227113    -0.2056044    0.2137411    0.3601811    -0.3359628    -0.4519641    0.1378426    -0.27668    -0.2854063    1    -0.1334371    0.2159473    0.2320248    0.05912311    -0.1318994    -0.2643116
-0.02065416    0.1848166    0.2354378    0.06767922    -0.239922    -0.2834862    0.089387    0.2700696    -0.2289712    -0.1094422    0.1167466    0.00682912    -0.3209596    -0.1334371    1    -0.1043738    -0.04284979    0.05636041    -0.1017023    -0.02072733
-0.04782855    0.08447919    0.05105975    0.01886873    0.04410777    -0.2376624    -0.06226729    0.1327166    0.1574053    -0.03101926    -0.2415873    -0.03935591    0.1851766    0.2159473    -0.1043738    1    -0.1695333    -0.5201249    0.02960654    -0.1103101
0.01440271    0.1479974    0.2363989    0.2272519    -0.3268922    -0.2271752    0.2134715    0.2346385    -0.1013638    -0.3298072    -0.09278759    0.1721633    -0.0386227    0.2320248    -0.04284979    -0.1695333    1    0.31856    -0.6899216    -0.2298555
0.07578263    0.2127125    0.1746854    0.08812846    -0.2388725    -0.1179585    0.1325317    0.2971465    -0.2406764    -0.4084363    0.0001420806    0.2889605    -0.05580821    0.05912311    0.05636041    -0.5201249    0.31856    1    -0.1292416    -0.6212203
-0.02127106    -0.09123165    -0.2397846    -0.2081668    0.2373166    0.3115946    -0.1829406    -0.1614077    -0.008786362    0.1097851    0.1183099    -0.03706128    0.008868603    -0.1318994    -0.1017023    0.02960654    -0.6899216    -0.1292416    1    -0.1871279
-0.06431871    -0.3255562    -0.2184936    -0.1129219    0.2952573    0.3145826    -0.04588148    -0.4609059    0.1229631    0.4650173    0.2459549    -0.3210472    -0.1057828    -0.2643116    -0.02072733    -0.1103101    -0.2298555    -0.6212203    -0.1871279    1
