1    -0.4774775    -0.4538181    0.1378426    0.1167466    -0.1079089    -0.1229701    0.0480331    0.1585429    0.1678931    0.08850889    0.1599171    -0.139472    -0.1522633    -0.09902989    -0.2415873    -0.09278759    0.0001420806    0.1183099    0.2459549
-0.4774775    1    -0.2704573    -0.27668    0.00682912    0.1450609    0.2204951    -0.009746983    -0.1085168    -0.1632841    0.06571718    -0.008295624    0.04122862    0.08315627    0.005361577    -0.03935591    0.1721633    0.2889605    -0.03706128    -0.3210472
-0.4538181    -0.2704573    1    -0.2854063    -0.3209596    -0.06797723    0.004671846    0.03819191    -0.01669664    -0.06660429    -0.02440629    0.007736984    0.06994781    -0.04141592    0.134796    0.1851766    -0.0386227    -0.05580821    0.008868603    -0.1057828
0.1378426    -0.27668    -0.2854063    1    -0.1334371    0.1882941    0.05031573    0.01108236    -0.02363518    -0.3725816    -0.08704592    -0.1678627    0.177478    0.3227427    -0.1076728    0.2159473    0.2320248    0.05912311    -0.1318994    -0.2643116
0.1167466    0.00682912    -0.3209596    -0.1334371    1    -0.03445354    -0.07805281    -0.02079306    -0.01064338    0.007148698    -0.009244832    0.04309966    -0.08042693    -0.07471047    0.1245794    -0.1043738    -0.04284979    0.05636041    -0.1017023    -0.02072733
-0.1079089    0.1450609    -0.06797723    0.1882941    -0.03445354    1    0.1953323    -0.695648    -0.2326318    -0.02677642    0.03280464    -0.1829455    0.04043101    0.2562795    -0.1002903    0.1354347    0.1078609    0.1113877    -0.0261517    -0.1958879
-0.1229701    0.2204951    0.004671846    0.05031573    -0.07805281    0.1953323    1    0.1100815    -0.7822726    -0.02175584    -0.07601138    0.1776495    0.2184018    -0.05880407    -0.1040144    0.06165799    0.2557848    0.158275    -0.1713406    -0.2133927
0.0480331    -0.009746983    0.03819191    0.01108236    -0.02079306    -0.695648    0.1100815    1    0.1165681    -0.4982167    -0.004709554    0.1426212    0.01799177    -0.04314444    -0.02527139    -0.1072218    0.08246695    0.1205777    -0.05104129    -0.08627133
0.1585429    -0.1085168    -0.01669664    -0.02363518    -0.01064338    -0.2326318    -0.7822726    0.1165681    1    -0.3246457    0.1651965    -0.1469511    -0.1554043    0.1027393    0.001373763    -0.1075234    -0.133923    -0.01948996    0.1536037    0.06654344
0.1678931    -0.1632841    -0.06660429    -0.3725816    0.007148698    -0.02677642    -0.02175584    -0.4982167    -0.3246457    1    -0.0587229    0.1474523    -0.0724879    -0.3457431    -0.0255321    0.01491753    -0.2691243    -0.3607608    0.05400684    0.4814528
0.08850889    0.06571718    -0.02440629    -0.08704592    -0.009244832    0.03280464    -0.07601138    -0.004709554    0.1651965    -0.0587229    1    -0.1725068    -0.7027936    0.116493    0.08094118    -0.001785365    0.02099902    0.01585515    0.004025675    -0.04429489
0.1599171    -0.008295624    0.007736984    -0.1678627    0.04309966    -0.1829455    0.1776495    0.1426212    -0.1469511    0.1474523    -0.1725068    1    0.1574847    -0.7513166    0.1351055    -0.01266924    0.1017366    0.004638792    -0.149716    0.04251783
-0.139472    0.04122862    0.06994781    0.177478    -0.08042693    0.04043101    0.2184018    0.01799177    -0.1554043    -0.0724879    -0.7027936    0.1574847    1    -0.1113507    -0.3998048    0.1680154    0.064044    0.03127808    -0.09082699    -0.1394175
-0.1522633    0.08315627    -0.04141592    0.3227427    -0.07471047    0.2562795    -0.05880407    -0.04314444    0.1027393    -0.3457431    0.116493    -0.7513166    -0.1113507    1    -0.4600299    0.008245384    0.0699364    0.1697588    0.08911444    -0.2568212
-0.09902989    0.005361577    0.134796    -0.1076728    0.1245794    -0.1002903    -0.1040144    -0.02527139    0.001373763    -0.0255321    0.08094118    0.1351055    -0.3998048    -0.4600299    1    -0.1067568    -0.03900898    -0.007309094    0.04504776    0.1087956
-0.2415873    -0.03935591    0.1851766    0.2159473    -0.1043738    0.1354347    0.06165799    -0.1072218    -0.1075234    0.01491753    -0.001785365    -0.01266924    0.1680154    0.008245384    -0.1067568    1    -0.1695333    -0.5201249    0.02960654    -0.1103101
-0.09278759    0.1721633    -0.0386227    0.2320248    -0.04284979    0.1078609    0.2557848    0.08246695    -0.133923    -0.2691243    0.02099902    0.1017366    0.064044    0.0699364    -0.03900898    -0.1695333    1    0.31856    -0.6899216    -0.2298555
0.0001420806    0.2889605    -0.05580821    0.05912311    0.05636041    0.1113877    0.158275    0.1205777    -0.01948996    -0.3607608    0.01585515    0.004638792    0.03127808    0.1697588    -0.007309094    -0.5201249    0.31856    1    -0.1292416    -0.6212203
0.1183099    -0.03706128    0.008868603    -0.1318994    -0.1017023    -0.0261517    -0.1713406    -0.05104129    0.1536037    0.05400684    0.004025675    -0.149716    -0.09082699    0.08911444    0.04504776    0.02960654    -0.6899216    -0.1292416    1    -0.1871279
0.2459549    -0.3210472    -0.1057828    -0.2643116    -0.02072733    -0.1958879    -0.2133927    -0.08627133    0.06654344    0.4814528    -0.04429489    0.04251783    -0.1394175    -0.2568212    0.1087956    -0.1103101    -0.2298555    -0.6212203    -0.1871279    1
