1    0.198067    -0.4225725    0.07146314    -0.186491    0.08413714    0.1124032    -0.1814296    0.2286671    0.07754618    -0.09788526    0.2594106    0.2555435    -0.09220539    -0.2659218
0.198067    1    0.2538809    -0.3854224    -0.1678645    0.02616219    0.02610862    -0.1442374    0.3407883    0.2292856    0.1638631    0.2346984    0.2094446    -0.1730264    -0.344613
-0.4225725    0.2538809    1    0.0678435    -0.472596    0.01509722    -0.09040069    -0.01067589    0.1752845    0.1594911    0.2167506    0.04881665    0.03051212    -0.1625805    -0.1474478
0.07146314    -0.3854224    0.0678435    1    -0.5213228    0.1022312    -0.08452739    -0.09767998    0.1719824    0.03930188    -0.1411582    0.1311333    0.06447657    -0.1106796    -0.01054437
-0.186491    -0.1678645    -0.472596    -0.5213228    1    -0.1744431    0.05463193    0.2031529    -0.2550375    -0.2078102    0.08057897    -0.2640229    -0.1786509    0.1970891    0.1998573
0.08413714    0.02616219    0.01509722    0.1022312    -0.1744431    1    -0.4774775    -0.4538181    0.1378426    0.1167466    -0.2415873    -0.09278759    0.0001420806    0.1183099    0.2459549
0.1124032    0.02610862    -0.09040069    -0.08452739    0.05463193    -0.4774775    1    -0.2704573    -0.27668    0.00682912    -0.03935591    0.1721633    0.2889605    -0.03706128    -0.3210472
-0.1814296    -0.1442374    -0.01067589    -0.09767998    0.2031529    -0.4538181    -0.2704573    1    -0.2854063    -0.3209596    0.1851766    -0.0386227    -0.05580821    0.008868603    -0.1057828
0.2286671    0.3407883    0.1752845    0.1719824    -0.2550375    0.1378426    -0.27668    -0.2854063    1    -0.1334371    0.2159473    0.2320248    0.05912311    -0.1318994    -0.2643116
0.07754618    0.2292856    0.1594911    0.03930188    -0.2078102    0.1167466    0.00682912    -0.3209596    -0.1334371    1    -0.1043738    -0.04284979    0.05636041    -0.1017023    -0.02072733
-0.09788526    0.1638631    0.2167506    -0.1411582    0.08057897    -0.2415873    -0.03935591    0.1851766    0.2159473    -0.1043738    1    -0.1695333    -0.5201249    0.02960654    -0.1103101
0.2594106    0.2346984    0.04881665    0.1311333    -0.2640229    -0.09278759    0.1721633    -0.0386227    0.2320248    -0.04284979    -0.1695333    1    0.31856    -0.6899216    -0.2298555
0.2555435    0.2094446    0.03051212    0.06447657    -0.1786509    0.0001420806    0.2889605    -0.05580821    0.05912311    0.05636041    -0.5201249    0.31856    1    -0.1292416    -0.6212203
-0.09220539    -0.1730264    -0.1625805    -0.1106796    0.1970891    0.1183099    -0.03706128    0.008868603    -0.1318994    -0.1017023    0.02960654    -0.6899216    -0.1292416    1    -0.1871279
-0.2659218    -0.344613    -0.1474478    -0.01054437    0.1998573    0.2459549    -0.3210472    -0.1057828    -0.2643116    -0.02072733    -0.1103101    -0.2298555    -0.6212203    -0.1871279    1
