1    0.1979651    -0.2026812    0.04494793    -0.3147692    0.2061514    -0.2107049    -0.02363463    -0.03810269    -0.07029017    -0.1120485    0.2554467    0.1819962    -0.105238    -0.2408014    -0.04461601    0.02833543    0.02645342    -0.09902022    -0.003675891    -0.01538482    -0.07815868    -0.1635557    0.05518994    0.2428602
0.1979651    1    0.5732349    -0.4063721    -0.5893912    0.2278343    -0.3261784    -0.1371011    -0.1746508    0.02088343    -0.3197817    0.4286944    0.4940286    -0.04023269    -0.5578341    -0.06290452    -0.09118955    -0.1805577    -0.09885795    0.01672329    -0.120654    -0.3574428    -0.347758    0.2257327    0.5105827
-0.2026812    0.5732349    1    -0.126535    -0.6835069    0.162353    -0.2600875    -0.1017877    -0.1911888    0.01347651    -0.310295    0.3856741    0.452979    -0.01634809    -0.4809084    -0.01446971    -0.1448761    -0.2183452    -0.06188741    0.04555196    -0.07421367    -0.3785675    -0.3129181    0.2420963    0.4375451
0.04494793    -0.4063721    -0.126535    1    -0.2139703    0.1307137    -0.08397591    -0.0004097668    0.03794918    -0.03352972    -0.06831239    0.05708986    0.01284317    -0.02692898    -0.02935169    -0.05694858    0.1011075    0.04558539    -0.09511226    0.1045656    -0.01559102    0.04938437    -0.007467177    -0.04098368    0.05619671
-0.3147692    -0.5893912    -0.6835069    -0.2139703    1    -0.2237859    0.3935341    0.02226753    0.2004269    0.08251448    0.3584646    -0.538001    -0.5309335    0.09292332    0.6270381    0.06937916    0.08292073    0.1595679    0.1441283    -0.07007314    0.03764703    0.3937102    0.4523227    -0.2221688    -0.5866963
0.2061514    0.2278343    0.162353    0.1307137    -0.2237859    1    -0.4774775    -0.4538181    0.1378426    0.1167466    -0.15265    0.06914332    0.09963154    0.01934468    -0.04676362    0.08850889    0.1599171    -0.139472    -0.1522633    -0.09902989    -0.2415873    -0.09278759    0.0001420806    0.1183099    0.2459549
-0.2107049    -0.3261784    -0.2600875    -0.08397591    0.3935341    -0.4774775    1    -0.2704573    -0.27668    0.00682912    0.2413778    -0.2056002    -0.1580214    0.02416761    0.1434799    0.06571718    -0.008295624    0.04122862    0.08315627    0.005361577    -0.03935591    0.1721633    0.2889605    -0.03706128    -0.3210472
-0.02363463    -0.1371011    -0.1017877    -0.0004097668    0.02226753    -0.4538181    -0.2704573    1    -0.2854063    -0.3209596    0.01723798    0.09127468    0.05529603    -0.1019292    -0.06545556    -0.02440629    0.007736984    0.06994781    -0.04141592    0.134796    0.1851766    -0.0386227    -0.05580821    0.008868603    -0.1057828
-0.03810269    -0.1746508    -0.1911888    0.03794918    0.2004269    0.1378426    -0.27668    -0.2854063    1    -0.1334371    0.09636347    -0.2674252    -0.3206827    0.03320412    0.4337361    -0.08704592    -0.1678627    0.177478    0.3227427    -0.1076728    0.2159473    0.2320248    0.05912311    -0.1318994    -0.2643116
-0.07029017    0.02088343    0.01347651    -0.03352972    0.08251448    0.1167466    0.00682912    -0.3209596    -0.1334371    1    -0.005229442    -0.08668841    -0.07958962    0.07223001    0.0802685    -0.009244832    0.04309966    -0.08042693    -0.07471047    0.1245794    -0.1043738    -0.04284979    0.05636041    -0.1017023    -0.02072733
-0.1120485    -0.3197817    -0.310295    -0.06831239    0.3584646    -0.15265    0.2413778    0.01723798    0.09636347    -0.005229442    1    -0.2854361    -0.7194519    0.06167188    0.2449637    0.1923157    -0.1277178    -0.06022413    0.2325556    -0.05392613    -0.02563653    0.1249556    0.2075403    -0.01203033    -0.2667712
0.2554467    0.4286944    0.3856741    0.05708986    -0.538001    0.06914332    -0.2056002    0.09127468    -0.2674252    -0.08668841    -0.2854361    1    0.2700116    -0.6854755    -0.3287533    -0.1564471    0.02036278    -0.05342712    -0.2206389    0.1810643    0.03705754    -0.324848    -0.3356567    0.2100724    0.3997659
0.1819962    0.4940286    0.452979    0.01284317    -0.5309335    0.09963154    -0.1580214    0.05529603    -0.3206827    -0.07958962    -0.7194519    0.2700116    1    -0.09220107    -0.6530083    -0.1235222    -0.007597243    -0.1133191    -0.2297323    0.1902154    -0.0548634    -0.2439189    -0.2248498    0.1459756    0.3703591
-0.105238    -0.04023269    -0.01634809    -0.02692898    0.09292332    0.01934468    0.02416761    -0.1019292    0.03320412    0.07223001    0.06167188    -0.6854755    -0.09220107    1    -0.1518189    0.1709992    -0.07137114    -0.1451603    0.1372384    -0.1398082    -0.1611782    0.146939    0.1033701    -0.1035057    -0.04915514
-0.2408014    -0.5578341    -0.4809084    -0.02935169    0.6270381    -0.04676362    0.1434799    -0.06545556    0.4337361    0.0802685    0.2449637    -0.3287533    -0.6530083    -0.1518189    1    -0.01602895    0.1066901    0.2886973    0.1668357    -0.2142765    0.1873216    0.2677133    0.3123837    -0.1822985    -0.5151916
-0.04461601    -0.06290452    -0.01446971    -0.05694858    0.06937916    0.08850889    0.06571718    -0.02440629    -0.08704592    -0.009244832    0.1923157    -0.1564471    -0.1235222    0.1709992    -0.01602895    1    -0.1725068    -0.7027936    0.116493    0.08094118    -0.001785365    0.02099902    0.01585515    0.004025675    -0.04429489
0.02833543    -0.09118955    -0.1448761    0.1011075    0.08292073    0.1599171    -0.008295624    0.007736984    -0.1678627    0.04309966    -0.1277178    0.02036278    -0.007597243    -0.07137114    0.1066901    -0.1725068    1    0.1574847    -0.7513166    0.1351055    -0.01266924    0.1017366    0.004638792    -0.149716    0.04251783
0.02645342    -0.1805577    -0.2183452    0.04558539    0.1595679    -0.139472    0.04122862    0.06994781    0.177478    -0.08042693    -0.06022413    -0.05342712    -0.1133191    -0.1451603    0.2886973    -0.7027936    0.1574847    1    -0.1113507    -0.3998048    0.1680154    0.064044    0.03127808    -0.09082699    -0.1394175
-0.09902022    -0.09885795    -0.06188741    -0.09511226    0.1441283    -0.1522633    0.08315627    -0.04141592    0.3227427    -0.07471047    0.2325556    -0.2206389    -0.2297323    0.1372384    0.1668357    0.116493    -0.7513166    -0.1113507    1    -0.4600299    0.008245384    0.0699364    0.1697588    0.08911444    -0.2568212
-0.003675891    0.01672329    0.04555196    0.1045656    -0.07007314    -0.09902989    0.005361577    0.134796    -0.1076728    0.1245794    -0.05392613    0.1810643    0.1902154    -0.1398082    -0.2142765    0.08094118    0.1351055    -0.3998048    -0.4600299    1    -0.1067568    -0.03900898    -0.007309094    0.04504776    0.1087956
-0.01538482    -0.120654    -0.07421367    -0.01559102    0.03764703    -0.2415873    -0.03935591    0.1851766    0.2159473    -0.1043738    -0.02563653    0.03705754    -0.0548634    -0.1611782    0.1873216    -0.001785365    -0.01266924    0.1680154    0.008245384    -0.1067568    1    -0.1695333    -0.5201249    0.02960654    -0.1103101
-0.07815868    -0.3574428    -0.3785675    0.04938437    0.3937102    -0.09278759    0.1721633    -0.0386227    0.2320248    -0.04284979    0.1249556    -0.324848    -0.2439189    0.146939    0.2677133    0.02099902    0.1017366    0.064044    0.0699364    -0.03900898    -0.1695333    1    0.31856    -0.6899216    -0.2298555
-0.1635557    -0.347758    -0.3129181    -0.007467177    0.4523227    0.0001420806    0.2889605    -0.05580821    0.05912311    0.05636041    0.2075403    -0.3356567    -0.2248498    0.1033701    0.3123837    0.01585515    0.004638792    0.03127808    0.1697588    -0.007309094    -0.5201249    0.31856    1    -0.1292416    -0.6212203
0.05518994    0.2257327    0.2420963    -0.04098368    -0.2221688    0.1183099    -0.03706128    0.008868603    -0.1318994    -0.1017023    -0.01203033    0.2100724    0.1459756    -0.1035057    -0.1822985    0.004025675    -0.149716    -0.09082699    0.08911444    0.04504776    0.02960654    -0.6899216    -0.1292416    1    -0.1871279
0.2428602    0.5105827    0.4375451    0.05619671    -0.5866963    0.2459549    -0.3210472    -0.1057828    -0.2643116    -0.02072733    -0.2667712    0.3997659    0.3703591    -0.04915514    -0.5151916    -0.04429489    0.04251783    -0.1394175    -0.2568212    0.1087956    -0.1103101    -0.2298555    -0.6212203    -0.1871279    1
