1    -0.4774775    -0.4538181    0.1378426    0.1167466    -0.15265    0.06914332    0.09963154    0.01934468    -0.04676362    0.08850889    0.1599171    -0.139472    -0.1522633    -0.09902989    0.03666211    0.1846976    0.1318536    -0.1078443    -0.08206045    -0.2415873    -0.09278759    0.0001420806    0.1183099    0.2459549
-0.4774775    1    -0.2704573    -0.27668    0.00682912    0.2413778    -0.2056002    -0.1580214    0.02416761    0.1434799    0.06571718    -0.008295624    0.04122862    0.08315627    0.005361577    -0.07038752    -0.2751432    -0.09876964    0.1996431    0.0103208    -0.03935591    0.1721633    0.2889605    -0.03706128    -0.3210472
-0.4538181    -0.2704573    1    -0.2854063    -0.3209596    0.01723798    0.09127468    0.05529603    -0.1019292    -0.06545556    -0.02440629    0.007736984    0.06994781    -0.04141592    0.134796    -0.000947266    -0.07060826    -0.1120729    0.03793174    0.1043497    0.1851766    -0.0386227    -0.05580821    0.008868603    -0.1057828
0.1378426    -0.27668    -0.2854063    1    -0.1334371    0.09636347    -0.2674252    -0.3206827    0.03320412    0.4337361    -0.08704592    -0.1678627    0.177478    0.3227427    -0.1076728    -0.06974704    0.01139938    -0.009473108    -0.1173629    0.1639247    0.2159473    0.2320248    0.05912311    -0.1318994    -0.2643116
0.1167466    0.00682912    -0.3209596    -0.1334371    1    -0.005229442    -0.08668841    -0.07958962    0.07223001    0.0802685    -0.009244832    0.04309966    -0.08042693    -0.07471047    0.1245794    0.0003204674    0.0833479    0.07957045    -0.04230387    -0.1212572    -0.1043738    -0.04284979    0.05636041    -0.1017023    -0.02072733
-0.15265    0.2413778    0.01723798    0.09636347    -0.005229442    1    -0.2854361    -0.7194519    0.06167188    0.2449637    0.1923157    -0.1277178    -0.06022413    0.2325556    -0.05392613    -0.2206776    -0.4827125    0.06268472    0.5164069    -0.1227906    -0.02563653    0.1249556    0.2075403    -0.01203033    -0.2667712
0.06914332    -0.2056002    0.09127468    -0.2674252    -0.08668841    -0.2854361    1    0.2700116    -0.6854755    -0.3287533    -0.1564471    0.02036278    -0.05342712    -0.2206389    0.1810643    -0.1116335    0.1902912    0.2824384    -0.02488836    -0.06587883    0.03705754    -0.324848    -0.3356567    0.2100724    0.3997659
0.09963154    -0.1580214    0.05529603    -0.3206827    -0.07958962    -0.7194519    0.2700116    1    -0.09220107    -0.6530083    -0.1235222    -0.007597243    -0.1133191    -0.2297323    0.1902154    0.2007599    0.3981707    0.04319142    -0.2228294    -0.06459743    -0.0548634    -0.2439189    -0.2248498    0.1459756    0.3703591
0.01934468    0.02416761    -0.1019292    0.03320412    0.07223001    0.06167188    -0.6854755    -0.09220107    1    -0.1518189    0.1709992    -0.07137114    -0.1451603    0.1372384    -0.1398082    0.3415786    0.007193365    -0.2397191    -0.06351343    -0.1155013    -0.1611782    0.146939    0.1033701    -0.1035057    -0.04915514
-0.04676362    0.1434799    -0.06545556    0.4337361    0.0802685    0.2449637    -0.3287533    -0.6530083    -0.1518189    1    -0.01602895    0.1066901    0.2886973    0.1668357    -0.2142765    -0.2048666    -0.2860236    -0.08236834    -0.0006878693    0.1016043    0.1873216    0.2677133    0.3123837    -0.1822985    -0.5151916
0.08850889    0.06571718    -0.02440629    -0.08704592    -0.009244832    0.1923157    -0.1564471    -0.1235222    0.1709992    -0.01602895    1    -0.1725068    -0.7027936    0.116493    0.08094118    -0.007894277    -0.1944067    0.01397423    0.1883397    -0.1645626    -0.001785365    0.02099902    0.01585515    0.004025675    -0.04429489
0.1599171    -0.008295624    0.007736984    -0.1678627    0.04309966    -0.1277178    0.02036278    -0.007597243    -0.07137114    0.1066901    -0.1725068    1    0.1574847    -0.7513166    0.1351055    -0.03018573    0.1143454    0.00986847    -0.1223577    -0.01591866    -0.01266924    0.1017366    0.004638792    -0.149716    0.04251783
-0.139472    0.04122862    0.06994781    0.177478    -0.08042693    -0.06022413    -0.05342712    -0.1133191    -0.1451603    0.2886973    -0.7027936    0.1574847    1    -0.1113507    -0.3998048    -0.03202318    0.1141141    -0.07809596    -0.209809    0.2165712    0.1680154    0.064044    0.03127808    -0.09082699    -0.1394175
-0.1522633    0.08315627    -0.04141592    0.3227427    -0.07471047    0.2325556    -0.2206389    -0.2297323    0.1372384    0.1668357    0.116493    -0.7513166    -0.1113507    1    -0.4600299    -0.030137    -0.1525917    -0.03906807    0.06931277    0.1135786    0.008245384    0.0699364    0.1697588    0.08911444    -0.2568212
-0.09902989    0.005361577    0.134796    -0.1076728    0.1245794    -0.05392613    0.1810643    0.1902154    -0.1398082    -0.2142765    0.08094118    0.1351055    -0.3998048    -0.4600299    1    -0.07542069    -0.07908982    0.03727719    0.181592    0.01845284    -0.1067568    -0.03900898    -0.007309094    0.04504776    0.1087956
0.03666211    -0.07038752    -0.000947266    -0.06974704    0.0003204674    -0.2206776    -0.1116335    0.2007599    0.3415786    -0.2048666    -0.007894277    -0.03018573    -0.03202318    -0.030137    -0.07542069    1    0.1464677    -0.6958407    -0.2607963    0.15277    0.1869761    -0.06142745    -0.1934949    -0.03290654    0.1273331
0.1846976    -0.2751432    -0.07060826    0.01139938    0.0833479    -0.4827125    0.1902912    0.3981707    0.007193365    -0.2860236    -0.1944067    0.1143454    0.1141141    -0.1525917    -0.07908982    0.1464677    1    0.1260234    -0.8249301    0.1419023    0.007172708    0.1119123    -0.1788592    -0.1961696    0.2580344
0.1318536    -0.09876964    -0.1120729    -0.009473108    0.07957045    0.06268472    0.2824384    0.04319142    -0.2397191    -0.08236834    0.01397423    0.00986847    -0.07809596    -0.03906807    0.03727719    -0.6958407    0.1260234    1    0.1799106    -0.6041241    -0.2173472    0.04167789    0.1137249    0.03402961    0.03071488
-0.1078443    0.1996431    0.03793174    -0.1173629    -0.04230387    0.5164069    -0.02488836    -0.2228294    -0.06351343    -0.0006878693    0.1883397    -0.1223577    -0.209809    0.06931277    0.181592    -0.2607963    -0.8249301    0.1799106    1    -0.4889255    -0.1090825    -0.1948034    0.1405267    0.3001601    -0.134404
-0.08206045    0.0103208    0.1043497    0.1639247    -0.1212572    -0.1227906    -0.06587883    -0.06459743    -0.1155013    0.1016043    -0.1645626    -0.01591866    0.2165712    0.1135786    0.01845284    0.15277    0.1419023    -0.6041241    -0.4889255    1    0.1273039    0.05851972    -0.08449137    -0.09691258    0.04688867
-0.2415873    -0.03935591    0.1851766    0.2159473    -0.1043738    -0.02563653    0.03705754    -0.0548634    -0.1611782    0.1873216    -0.001785365    -0.01266924    0.1680154    0.008245384    -0.1067568    0.1869761    0.007172708    -0.2173472    -0.1090825    0.1273039    1    -0.1695333    -0.5201249    0.02960654    -0.1103101
-0.09278759    0.1721633    -0.0386227    0.2320248    -0.04284979    0.1249556    -0.324848    -0.2439189    0.146939    0.2677133    0.02099902    0.1017366    0.064044    0.0699364    -0.03900898    -0.06142745    0.1119123    0.04167789    -0.1948034    0.05851972    -0.1695333    1    0.31856    -0.6899216    -0.2298555
0.0001420806    0.2889605    -0.05580821    0.05912311    0.05636041    0.2075403    -0.3356567    -0.2248498    0.1033701    0.3123837    0.01585515    0.004638792    0.03127808    0.1697588    -0.007309094    -0.1934949    -0.1788592    0.1137249    0.1405267    -0.08449137    -0.5201249    0.31856    1    -0.1292416    -0.6212203
0.1183099    -0.03706128    0.008868603    -0.1318994    -0.1017023    -0.01203033    0.2100724    0.1459756    -0.1035057    -0.1822985    0.004025675    -0.149716    -0.09082699    0.08911444    0.04504776    -0.03290654    -0.1961696    0.03402961    0.3001601    -0.09691258    0.02960654    -0.6899216    -0.1292416    1    -0.1871279
0.2459549    -0.3210472    -0.1057828    -0.2643116    -0.02072733    -0.2667712    0.3997659    0.3703591    -0.04915514    -0.5151916    -0.04429489    0.04251783    -0.1394175    -0.2568212    0.1087956    0.1273331    0.2580344    0.03071488    -0.134404    0.04688867    -0.1103101    -0.2298555    -0.6212203    -0.1871279    1
