1    -0.008402032    -0.4408461    0.009183726    -0.2630833    -0.1268282    0.04831513    0.227846    -0.07550701    -0.3533958    -0.01403835    0.2872353    -0.08341219    0.2089653    -0.1097699    -0.01943429    0.2154607    0.2882255    -0.01054724    -0.3817952
-0.008402032    1    0.01415365    -0.5127982    -0.1166718    0.02270719    -0.07198857    -0.089927    0.1449631    0.07797039    -0.3637393    0.2572721    0.289419    -0.2964031    -0.1419149    0.1426165    0.01143262    0.002587421    -0.01105447    -0.08863271
-0.4408461    0.01415365    1    -0.01183016    -0.4399315    0.1153901    -0.06381063    -0.1739873    0.1881866    0.120072    -0.395718    0.2124994    0.2930505    -0.2498809    -0.09875748    0.004642356    0.05781961    0.02954249    -0.04392691    -0.05797846
0.009183726    -0.5127982    -0.01183016    1    -0.3565121    0.001018271    0.02430454    0.1094358    -0.04884979    -0.1815979    -0.04506559    0.0635124    0.01955087    0.2663083    -0.05989708    0.02724732    0.1117772    0.1280978    -0.05002053    -0.2139211
-0.2630833    -0.1166718    -0.4399315    -0.3565121    1    -0.02393083    0.04908713    -0.06242464    -0.1177149    0.2434442    0.4613514    -0.4368626    -0.3079488    0.0003364016    0.2308667    -0.1156391    -0.1770265    -0.2359823    0.02385854    0.4229707
-0.1268282    0.02270719    0.1153901    0.001018271    -0.02393083    1    -0.3594829    -0.5702683    0.2343407    0.2264468    -0.02761892    -0.03744236    0.1233234    -0.2056044    -0.2834862    -0.2376624    -0.2271752    -0.1179585    0.3115946    0.3145826
0.04831513    -0.07198857    -0.06381063    0.02430454    0.04908713    -0.3594829    1    -0.175771    -0.3437631    -0.05963109    0.1763928    -0.03617346    -0.1537612    0.2137411    0.089387    -0.06226729    0.2134715    0.1325317    -0.1829406    -0.04588148
0.227846    -0.089927    -0.1739873    0.1094358    -0.06242464    -0.5702683    -0.175771    1    -0.4582405    -0.7041022    0.03816087    0.00252434    -0.1434255    0.3601811    0.2700696    0.1327166    0.2346385    0.2971465    -0.1614077    -0.4609059
-0.07550701    0.1449631    0.1881866    -0.04884979    -0.1177149    0.2343407    -0.3437631    -0.4582405    1    0.3417084    -0.2113896    0.123719    0.2497621    -0.3359628    -0.2289712    0.1574053    -0.1013638    -0.2406764    -0.008786362    0.1229631
-0.3533958    0.07797039    0.120072    -0.1815979    0.2434442    0.2264468    -0.05963109    -0.7041022    0.3417084    1    -0.04710652    -0.09047403    0.1267625    -0.4519641    -0.1094422    -0.03101926    -0.3298072    -0.4084363    0.1097851    0.4650173
-0.01403835    -0.3637393    -0.395718    -0.04506559    0.4613514    -0.02761892    0.1763928    0.03816087    -0.2113896    -0.04710652    1    -0.4774775    -0.4538181    0.1378426    0.1167466    -0.2415873    -0.09278759    0.0001420806    0.1183099    0.2459549
0.2872353    0.2572721    0.2124994    0.0635124    -0.4368626    -0.03744236    -0.03617346    0.00252434    0.123719    -0.09047403    -0.4774775    1    -0.2704573    -0.27668    0.00682912    -0.03935591    0.1721633    0.2889605    -0.03706128    -0.3210472
-0.08341219    0.289419    0.2930505    0.01955087    -0.3079488    0.1233234    -0.1537612    -0.1434255    0.2497621    0.1267625    -0.4538181    -0.2704573    1    -0.2854063    -0.3209596    0.1851766    -0.0386227    -0.05580821    0.008868603    -0.1057828
0.2089653    -0.2964031    -0.2498809    0.2663083    0.0003364016    -0.2056044    0.2137411    0.3601811    -0.3359628    -0.4519641    0.1378426    -0.27668    -0.2854063    1    -0.1334371    0.2159473    0.2320248    0.05912311    -0.1318994    -0.2643116
-0.1097699    -0.1419149    -0.09875748    -0.05989708    0.2308667    -0.2834862    0.089387    0.2700696    -0.2289712    -0.1094422    0.1167466    0.00682912    -0.3209596    -0.1334371    1    -0.1043738    -0.04284979    0.05636041    -0.1017023    -0.02072733
-0.01943429    0.1426165    0.004642356    0.02724732    -0.1156391    -0.2376624    -0.06226729    0.1327166    0.1574053    -0.03101926    -0.2415873    -0.03935591    0.1851766    0.2159473    -0.1043738    1    -0.1695333    -0.5201249    0.02960654    -0.1103101
0.2154607    0.01143262    0.05781961    0.1117772    -0.1770265    -0.2271752    0.2134715    0.2346385    -0.1013638    -0.3298072    -0.09278759    0.1721633    -0.0386227    0.2320248    -0.04284979    -0.1695333    1    0.31856    -0.6899216    -0.2298555
0.2882255    0.002587421    0.02954249    0.1280978    -0.2359823    -0.1179585    0.1325317    0.2971465    -0.2406764    -0.4084363    0.0001420806    0.2889605    -0.05580821    0.05912311    0.05636041    -0.5201249    0.31856    1    -0.1292416    -0.6212203
-0.01054724    -0.01105447    -0.04392691    -0.05002053    0.02385854    0.3115946    -0.1829406    -0.1614077    -0.008786362    0.1097851    0.1183099    -0.03706128    0.008868603    -0.1318994    -0.1017023    0.02960654    -0.6899216    -0.1292416    1    -0.1871279
-0.3817952    -0.08863271    -0.05797846    -0.2139211    0.4229707    0.3145826    -0.04588148    -0.4609059    0.1229631    0.4650173    0.2459549    -0.3210472    -0.1057828    -0.2643116    -0.02072733    -0.1103101    -0.2298555    -0.6212203    -0.1871279    1
