1    -0.008402032    -0.4408461    0.009183726    -0.2630833    -0.01943429    0.2154607    0.2882255    -0.01054724    -0.3817952
-0.008402032    1    0.01415365    -0.5127982    -0.1166718    0.1426165    0.01143262    0.002587421    -0.01105447    -0.08863271
-0.4408461    0.01415365    1    -0.01183016    -0.4399315    0.004642356    0.05781961    0.02954249    -0.04392691    -0.05797846
0.009183726    -0.5127982    -0.01183016    1    -0.3565121    0.02724732    0.1117772    0.1280978    -0.05002053    -0.2139211
-0.2630833    -0.1166718    -0.4399315    -0.3565121    1    -0.1156391    -0.1770265    -0.2359823    0.02385854    0.4229707
-0.01943429    0.1426165    0.004642356    0.02724732    -0.1156391    1    -0.1695333    -0.5201249    0.02960654    -0.1103101
0.2154607    0.01143262    0.05781961    0.1117772    -0.1770265    -0.1695333    1    0.31856    -0.6899216    -0.2298555
0.2882255    0.002587421    0.02954249    0.1280978    -0.2359823    -0.5201249    0.31856    1    -0.1292416    -0.6212203
-0.01054724    -0.01105447    -0.04392691    -0.05002053    0.02385854    0.02960654    -0.6899216    -0.1292416    1    -0.1871279
-0.3817952    -0.08863271    -0.05797846    -0.2139211    0.4229707    -0.1103101    -0.2298555    -0.6212203    -0.1871279    1
