1    -0.1056302    -0.5090539    0.06912975    -0.1068795    0.1284384    -0.02628862    0.006999996    0.1783514    -0.1484271    0.1165652    -0.2141002    -0.2810521    0.00935696    0.3137347    -0.08358523    0.02408936    0.1545265    -0.1405736    -0.2054536
-0.1056302    1    0.1359468    -0.5457157    -0.1184161    -0.07874684    0.1175065    0.1387355    0.03190405    -0.1162181    0.03116147    0.2083824    0.08790326    -0.1725037    -0.1477273    0.1346691    -0.09044874    -0.1102454    0.07492613    -0.05746473
-0.5090539    0.1359468    1    0.005684328    -0.5467107    0.1092988    0.1520381    0.1018238    0.06070017    -0.2623001    -0.1951584    -0.02124972    0.1793627    0.0204499    -0.06814039    0.2304875    -0.1161024    -0.1314577    0.05592646    -0.06657017
0.06912975    -0.5457157    0.005684328    1    -0.3967013    0.31286    0.06728961    -0.03258813    0.09017027    -0.2602623    -0.03707413    -0.4006847    -0.1985797    0.2370174    0.3145381    -0.06746771    0.1789729    0.1458746    -0.2284003    -0.1019607
-0.1068795    -0.1184161    -0.5467107    -0.3967013    1    -0.3256768    -0.120481    -0.1484179    -0.2708368    0.4797104    0.04500665    0.2548651    0.1140047    -0.07313813    -0.2189341    -0.2046958    0.01704158    0.04188289    0.1464894    0.1827565
0.1284384    -0.07874684    0.1092988    0.31286    -0.3256768    1    -0.008402032    -0.4408461    0.009183726    -0.2630833    0.09637823    -0.3686695    -0.2627188    0.1599242    0.3275751    0.04013731    0.1027497    0.05167436    -0.1873391    -0.07447454
-0.02628862    0.1175065    0.1520381    0.06728961    -0.120481    -0.008402032    1    0.01415365    -0.5127982    -0.1166718    -0.08549089    0.03502184    0.05882245    -0.007003545    -0.02958922    0.004018182    -0.01154713    0.06157269    0.0291164    -0.1021721
0.006999996    0.1387355    0.1018238    -0.03258813    -0.1484179    -0.4408461    0.01415365    1    -0.01183016    -0.4399315    -0.02723752    0.05301056    0.05522071    -0.03357128    -0.07875758    0.0795403    0.04623818    -0.01076192    -0.03723537    -0.07401818
0.1783514    0.03190405    0.06070017    0.09017027    -0.2708368    0.009183726    -0.5127982    -0.01183016    1    -0.3565121    0.06555306    -0.1757603    -0.1609299    0.0301221    0.1865997    0.06199662    -0.0239294    -0.02395637    -0.1242799    -0.09132013
-0.1484271    -0.1162181    -0.2623001    -0.2602623    0.4797104    -0.2630833    -0.1166718    -0.4399315    -0.3565121    1    -0.04812207    0.2532207    0.2023669    -0.06303755    -0.2425848    -0.08522988    -0.08671417    -0.07355601    0.1975677    0.2041639
0.1165652    0.03116147    -0.1951584    -0.03707413    0.04500665    0.09637823    -0.08549089    -0.02723752    0.06555306    -0.04812207    1    -0.07341763    -0.6190925    0.001420208    0.1189501    0.006521079    0.03702732    -0.07775888    -0.03308989    0.04918538
-0.2141002    0.2083824    -0.02124972    -0.4006847    0.2548651    -0.3686695    0.03502184    0.05301056    -0.1757603    0.2532207    -0.07341763    1    0.3500543    -0.6650351    -0.5111754    0.05321323    -0.1597993    -0.159697    0.2741166    0.1714326
-0.2810521    0.08790326    0.1793627    -0.1985797    0.1140047    -0.2627188    0.05882245    0.05522071    -0.1609299    0.2023669    -0.6190925    0.3500543    1    -0.160647    -0.7130452    0.06999112    -0.1284902    -0.08535604    0.2544204    0.1016229
0.00935696    -0.1725037    0.0204499    0.2370174    -0.07313813    0.1599242    -0.007003545    -0.03357128    0.0301221    -0.06303755    0.001420208    -0.6650351    -0.160647    1    0.02807084    -0.03982805    0.108213    0.0883993    -0.1117972    -0.0105004
0.3137347    -0.1477273    -0.06814039    0.3145381    -0.2189341    0.3275751    -0.02958922    -0.07875758    0.1865997    -0.2425848    0.1189501    -0.5111754    -0.7130452    0.02807084    1    -0.06401153    0.1444166    0.1425982    -0.3028124    -0.1950404
-0.08358523    0.1346691    0.2304875    -0.06746771    -0.2046958    0.04013731    0.004018182    0.0795403    0.06199662    -0.08522988    0.006521079    0.05321323    0.06999112    -0.03982805    -0.06401153    1    -0.1228896    -0.795554    0.03622886    0.1535628
0.02408936    -0.09044874    -0.1161024    0.1789729    0.01704158    0.1027497    -0.01154713    0.04623818    -0.0239294    -0.08671417    0.03702732    -0.1597993    -0.1284902    0.108213    0.1444166    -0.1228896    1    0.2461418    -0.7312569    0.0347245
0.1545265    -0.1102454    -0.1314577    0.1458746    0.04188289    0.05167436    0.06157269    -0.01076192    -0.02395637    -0.07355601    -0.07775888    -0.159697    -0.08535604    0.0883993    0.1425982    -0.795554    0.2461418    1    -0.09969109    -0.5163728
-0.1405736    0.07492613    0.05592646    -0.2284003    0.1464894    -0.1873391    0.0291164    -0.03723537    -0.1242799    0.1975677    -0.03308989    0.2741166    0.2544204    -0.1117972    -0.3028124    0.03622886    -0.7312569    -0.09969109    1    -0.3282296
-0.2054536    -0.05746473    -0.06657017    -0.1019607    0.1827565    -0.07447454    -0.1021721    -0.07401818    -0.09132013    0.2041639    0.04918538    0.1714326    0.1016229    -0.0105004    -0.1950404    0.1535628    0.0347245    -0.5163728    -0.3282296    1
