1    -0.1056302    -0.5090539    0.06912975    -0.1068795    0.1284384    -0.02628862    0.006999996    0.1783514    -0.1484271    0.3265805    -0.2368979    -0.2470479    0.288594    0.1594202    -0.08358523    0.02408936    0.1545265    -0.1405736    -0.2054536
-0.1056302    1    0.1359468    -0.5457157    -0.1184161    -0.07874684    0.1175065    0.1387355    0.03190405    -0.1162181    -0.06551037    0.05336796    -0.04498721    -0.04252184    0.02137863    0.1346691    -0.09044874    -0.1102454    0.07492613    -0.05746473
-0.5090539    0.1359468    1    0.005684328    -0.5467107    0.1092988    0.1520381    0.1018238    0.06070017    -0.2623001    0.1063567    -0.191234    -0.07434073    0.07776875    0.05075232    0.2304875    -0.1161024    -0.1314577    0.05592646    -0.06657017
0.06912975    -0.5457157    0.005684328    1    -0.3967013    0.31286    0.06728961    -0.03258813    0.09017027    -0.2602623    0.4521203    -0.4237481    -0.2425896    0.341888    0.226544    -0.06746771    0.1789729    0.1458746    -0.2284003    -0.1019607
-0.1068795    -0.1184161    -0.5467107    -0.3967013    1    -0.3256768    -0.120481    -0.1484179    -0.2708368    0.4797104    -0.4193505    0.4636928    0.2669326    -0.3422666    -0.1955081    -0.2046958    0.01704158    0.04188289    0.1464894    0.1827565
0.1284384    -0.07874684    0.1092988    0.31286    -0.3256768    1    -0.008402032    -0.4408461    0.009183726    -0.2630833    0.3579397    -0.4293591    -0.1670398    0.3587775    0.1607151    0.04013731    0.1027497    0.05167436    -0.1873391    -0.07447454
-0.02628862    0.1175065    0.1520381    0.06728961    -0.120481    -0.008402032    1    0.01415365    -0.5127982    -0.1166718    0.1064311    -0.1018525    -0.08676724    0.04487633    0.1288565    0.004018182    -0.01154713    0.06157269    0.0291164    -0.1021721
0.006999996    0.1387355    0.1018238    -0.03258813    -0.1484179    -0.4408461    0.01415365    1    -0.01183016    -0.4399315    0.059817    0.03325154    -0.09053918    -0.0503939    0.08754101    0.0795403    0.04623818    -0.01076192    -0.03723537    -0.07401818
0.1783514    0.03190405    0.06070017    0.09017027    -0.2708368    0.009183726    -0.5127982    -0.01183016    1    -0.3565121    0.231724    -0.2090606    -0.2050881    0.242608    0.08229772    0.06199662    -0.0239294    -0.02395637    -0.1242799    -0.09132013
-0.1484271    -0.1162181    -0.2623001    -0.2602623    0.4797104    -0.2630833    -0.1166718    -0.4399315    -0.3565121    1    -0.4080024    0.3892991    0.3135333    -0.3290313    -0.2811398    -0.08522988    -0.08671417    -0.07355601    0.1975677    0.2041639
0.3265805    -0.06551037    0.1063567    0.4521203    -0.4193505    0.3579397    0.1064311    0.059817    0.231724    -0.4080024    1    -0.5889263    -0.6905772    0.5508281    0.360491    -0.0645079    0.07860304    0.2113379    -0.2286389    -0.2860955
-0.2368979    0.05336796    -0.191234    -0.4237481    0.4636928    -0.4293591    -0.1018525    0.03325154    -0.2090606    0.3892991    -0.5889263    1    0.1292851    -0.7202416    -0.3259849    -0.03363043    -0.07237472    -0.0883049    0.2672354    0.1785854
-0.2470479    -0.04498721    -0.07434073    -0.2425896    0.2669326    -0.1670398    -0.08676724    -0.09053918    -0.2050881    0.3135333    -0.6905772    0.1292851    1    -0.5300982    -0.5326174    0.03695588    -0.02860454    -0.1355897    0.140565    0.2754835
0.288594    -0.04252184    0.07776875    0.341888    -0.3422666    0.3587775    0.04487633    -0.0503939    0.242608    -0.3290313    0.5508281    -0.7202416    -0.5300982    1    0.3449104    -0.04462184    0.01543329    0.1170751    -0.2595288    -0.2074537
0.1594202    0.02137863    0.05075232    0.226544    -0.1955081    0.1607151    0.1288565    0.08754101    0.08229772    -0.2811398    0.360491    -0.3259849    -0.5326174    0.3449104    1    -0.02803952    0.1530967    0.1333801    -0.1892072    -0.2264135
-0.08358523    0.1346691    0.2304875    -0.06746771    -0.2046958    0.04013731    0.004018182    0.0795403    0.06199662    -0.08522988    -0.0645079    -0.03363043    0.03695588    -0.04462184    -0.02803952    1    -0.1228896    -0.795554    0.03622886    0.1535628
0.02408936    -0.09044874    -0.1161024    0.1789729    0.01704158    0.1027497    -0.01154713    0.04623818    -0.0239294    -0.08671417    0.07860304    -0.07237472    -0.02860454    0.01543329    0.1530967    -0.1228896    1    0.2461418    -0.7312569    0.0347245
0.1545265    -0.1102454    -0.1314577    0.1458746    0.04188289    0.05167436    0.06157269    -0.01076192    -0.02395637    -0.07355601    0.2113379    -0.0883049    -0.1355897    0.1170751    0.1333801    -0.795554    0.2461418    1    -0.09969109    -0.5163728
-0.1405736    0.07492613    0.05592646    -0.2284003    0.1464894    -0.1873391    0.0291164    -0.03723537    -0.1242799    0.1975677    -0.2286389    0.2672354    0.140565    -0.2595288    -0.1892072    0.03622886    -0.7312569    -0.09969109    1    -0.3282296
-0.2054536    -0.05746473    -0.06657017    -0.1019607    0.1827565    -0.07447454    -0.1021721    -0.07401818    -0.09132013    0.2041639    -0.2860955    0.1785854    0.2754835    -0.2074537    -0.2264135    0.1535628    0.0347245    -0.5163728    -0.3282296    1
