1    0.1894219    -0.3429943    -0.1385012    -0.1661251    -0.1228529    0.0386153    0.02659459    -0.04673226    0.1042673    -0.003573913    -0.06952858    -0.07172531    0.04770573    0.1677162
0.1894219    1    0.5062199    -0.2663477    -0.4823125    -0.3427423    -0.0008628187    0.03066144    -0.2600093    0.3447391    0.09599294    -0.1127806    -0.2170173    0.2906814    0.2802735
-0.3429943    0.5062199    1    0.1364205    -0.601621    -0.2443189    -0.08563765    -0.05376926    -0.2900864    0.3614886    -0.03122234    0.005329891    -0.03410319    0.2379747    0.152283
-0.1385012    -0.2663477    0.1364205    1    -0.3475727    -0.03964092    -0.1430612    0.02695604    -0.02006095    0.07510928    -0.2097114    0.1725234    0.2325195    -0.05072808    -0.08224959
-0.1661251    -0.4823125    -0.601621    -0.3475727    1    0.2904611    0.1832927    0.04043216    0.1740731    -0.3844538    0.1027878    -0.02128268    0.003842407    -0.1936228    -0.2011924
-0.1228529    -0.3427423    -0.2443189    -0.03964092    0.2904611    1    -0.008402032    -0.4408461    0.009183726    -0.2630833    0.04013731    0.1027497    0.05167436    -0.1873391    -0.07447454
0.0386153    -0.0008628187    -0.08563765    -0.1430612    0.1832927    -0.008402032    1    0.01415365    -0.5127982    -0.1166718    0.004018182    -0.01154713    0.06157269    0.0291164    -0.1021721
0.02659459    0.03066144    -0.05376926    0.02695604    0.04043216    -0.4408461    0.01415365    1    -0.01183016    -0.4399315    0.0795403    0.04623818    -0.01076192    -0.03723537    -0.07401818
-0.04673226    -0.2600093    -0.2900864    -0.02006095    0.1740731    0.009183726    -0.5127982    -0.01183016    1    -0.3565121    0.06199662    -0.0239294    -0.02395637    -0.1242799    -0.09132013
0.1042673    0.3447391    0.3614886    0.07510928    -0.3844538    -0.2630833    -0.1166718    -0.4399315    -0.3565121    1    -0.08522988    -0.08671417    -0.07355601    0.1975677    0.2041639
-0.003573913    0.09599294    -0.03122234    -0.2097114    0.1027878    0.04013731    0.004018182    0.0795403    0.06199662    -0.08522988    1    -0.1228896    -0.795554    0.03622886    0.1535628
-0.06952858    -0.1127806    0.005329891    0.1725234    -0.02128268    0.1027497    -0.01154713    0.04623818    -0.0239294    -0.08671417    -0.1228896    1    0.2461418    -0.7312569    0.0347245
-0.07172531    -0.2170173    -0.03410319    0.2325195    0.003842407    0.05167436    0.06157269    -0.01076192    -0.02395637    -0.07355601    -0.795554    0.2461418    1    -0.09969109    -0.5163728
0.04770573    0.2906814    0.2379747    -0.05072808    -0.1936228    -0.1873391    0.0291164    -0.03723537    -0.1242799    0.1975677    0.03622886    -0.7312569    -0.09969109    1    -0.3282296
0.1677162    0.2802735    0.152283    -0.08224959    -0.2011924    -0.07447454    -0.1021721    -0.07401818    -0.09132013    0.2041639    0.1535628    0.0347245    -0.5163728    -0.3282296    1
