1    -0.008402032    -0.4408461    0.009183726    -0.2630833    0.04013731    0.1027497    0.05167436    -0.1873391    -0.07447454    -0.07252148    -0.007435752    0.1206917    0.1317693    -0.2140716
-0.008402032    1    0.01415365    -0.5127982    -0.1166718    0.004018182    -0.01154713    0.06157269    0.0291164    -0.1021721    -0.06406768    -0.03241712    0.05822893    0.04348702    -0.09603415
-0.4408461    0.01415365    1    -0.01183016    -0.4399315    0.0795403    0.04623818    -0.01076192    -0.03723537    -0.07401818    -0.05240057    -0.1007838    0.04195734    0.162748    -0.1034587
0.009183726    -0.5127982    -0.01183016    1    -0.3565121    0.06199662    -0.0239294    -0.02395637    -0.1242799    -0.09132013    -0.01546873    0.1823799    0.1363349    -0.06770073    -0.09539659
-0.2630833    -0.1166718    -0.4399315    -0.3565121    1    -0.08522988    -0.08671417    -0.07355601    0.1975677    0.2041639    0.08289811    -0.01036916    -0.1557763    -0.21852    0.2897274
0.04013731    0.004018182    0.0795403    0.06199662    -0.08522988    1    -0.1228896    -0.795554    0.03622886    0.1535628    -0.14382    -0.08311625    0.2084183    0.1110647    -0.070812
0.1027497    -0.01154713    0.04623818    -0.0239294    -0.08671417    -0.1228896    1    0.2461418    -0.7312569    0.0347245    -0.04036088    -0.1750313    -0.0492329    0.1188762    -0.0268898
0.05167436    0.06157269    -0.01076192    -0.02395637    -0.07355601    -0.795554    0.2461418    1    -0.09969109    -0.5163728    0.06607856    0.006180495    -0.1820157    -0.006407404    -0.005437272
-0.1873391    0.0291164    -0.03723537    -0.1242799    0.1975677    0.03622886    -0.7312569    -0.09969109    1    -0.3282296    0.06779264    -0.04145431    -0.1321945    -0.04704603    0.2058469
-0.07447454    -0.1021721    -0.07401818    -0.09132013    0.2041639    0.1535628    0.0347245    -0.5163728    -0.3282296    1    -0.07850698    -0.04518119    0.1316572    0.0006765389    -0.003069892
-0.07252148    -0.06406768    -0.05240057    -0.01546873    0.08289811    -0.14382    -0.04036088    0.06607856    0.06779264    -0.07850698    1    0.2671    -0.8075088    -0.3127521    0.2726119
-0.007435752    -0.03241712    -0.1007838    0.1823799    -0.01036916    -0.08311625    -0.1750313    0.006180495    -0.04145431    -0.04518119    0.2671    1    0.05249734    -0.7928898    0.1062123
0.1206917    0.05822893    0.04195734    0.1363349    -0.1557763    0.2084183    -0.0492329    -0.1820157    -0.1321945    0.1316572    -0.8075088    0.05249734    1    0.1878545    -0.5510975
0.1317693    0.04348702    0.162748    -0.06770073    -0.21852    0.1110647    0.1188762    -0.006407404    -0.04704603    0.0006765389    -0.3127521    -0.7928898    0.1878545    1    -0.5218773
-0.2140716    -0.09603415    -0.1034587    -0.09539659    0.2897274    -0.070812    -0.0268898    -0.005437272    0.2058469    -0.003069892    0.2726119    0.1062123    -0.5510975    -0.5218773    1
