1    -0.008402032    -0.4408461    0.009183726    -0.2630833    0.04013731    0.1027497    0.05167436    -0.1873391    -0.07447454    -0.05348108    -0.1737383    -0.06221877    0.093066    0.04623448
-0.008402032    1    0.01415365    -0.5127982    -0.1166718    0.004018182    -0.01154713    0.06157269    0.0291164    -0.1021721    -0.01434304    -0.0628757    -0.02748807    0.03486062    0.01711285
-0.4408461    0.01415365    1    -0.01183016    -0.4399315    0.0795403    0.04623818    -0.01076192    -0.03723537    -0.07401818    -0.05389197    -0.1083985    0.02996567    0.06986403    -0.005674342
0.009183726    -0.5127982    -0.01183016    1    -0.3565121    0.06199662    -0.0239294    -0.02395637    -0.1242799    -0.09132013    -0.05497366    -0.1025065    -0.1350852    0.04014538    0.1541219
-0.2630833    -0.1166718    -0.4399315    -0.3565121    1    -0.08522988    -0.08671417    -0.07355601    0.1975677    0.2041639    0.1109628    0.3108362    0.09503771    -0.2004641    -0.08739348
0.04013731    0.004018182    0.0795403    0.06199662    -0.08522988    1    -0.1228896    -0.795554    0.03622886    0.1535628    -0.02002795    -0.1679321    -0.08500993    0.182061    -0.07355334
0.1027497    -0.01154713    0.04623818    -0.0239294    -0.08671417    -0.1228896    1    0.2461418    -0.7312569    0.0347245    -0.1461261    -0.08256242    0.106224    0.07858008    -0.02056347
0.05167436    0.06157269    -0.01076192    -0.02395637    -0.07355601    -0.795554    0.2461418    1    -0.09969109    -0.5163728    -0.05061791    0.04389886    0.02939759    -0.1123713    0.1780564
-0.1873391    0.0291164    -0.03723537    -0.1242799    0.1975677    0.03622886    -0.7312569    -0.09969109    1    -0.3282296    0.1769086    0.1373972    -0.1050694    -0.1185287    0.05200735
-0.07447454    -0.1021721    -0.07401818    -0.09132013    0.2041639    0.1535628    0.0347245    -0.5163728    -0.3282296    1    0.01393388    0.02970276    0.1542726    0.1152309    -0.306577
-0.05348108    -0.01434304    -0.05389197    -0.05497366    0.1109628    -0.02002795    -0.1461261    -0.05061791    0.1769086    0.01393388    1    0.1464677    -0.6958407    -0.2607963    0.15277
-0.1737383    -0.0628757    -0.1083985    -0.1025065    0.3108362    -0.1679321    -0.08256242    0.04389886    0.1373972    0.02970276    0.1464677    1    0.1260234    -0.8249301    0.1419023
-0.06221877    -0.02748807    0.02996567    -0.1350852    0.09503771    -0.08500993    0.106224    0.02939759    -0.1050694    0.1542726    -0.6958407    0.1260234    1    0.1799106    -0.6041241
0.093066    0.03486062    0.06986403    0.04014538    -0.2004641    0.182061    0.07858008    -0.1123713    -0.1185287    0.1152309    -0.2607963    -0.8249301    0.1799106    1    -0.4889255
0.04623448    0.01711285    -0.005674342    0.1541219    -0.08739348    -0.07355334    -0.02056347    0.1780564    0.05200735    -0.306577    0.15277    0.1419023    -0.6041241    -0.4889255    1
