1    -0.008402032    -0.4408461    0.009183726    -0.2630833    0.3583475    -0.02897352    -0.4126369    0.09061696    -0.06113801
-0.008402032    1    0.01415365    -0.5127982    -0.1166718    -0.02080251    -0.08347408    -0.09437682    -0.05659228    0.1938597
-0.4408461    0.01415365    1    -0.01183016    -0.4399315    -0.0002141137    -0.02064311    -0.1563288    -0.07006747    0.1937972
0.009183726    -0.5127982    -0.01183016    1    -0.3565121    0.3318507    -0.1339416    -0.3238794    -0.009494858    0.09499026
-0.2630833    -0.1166718    -0.4399315    -0.3565121    1    -0.3698181    0.08452917    0.5894742    0.04266524    -0.264665
0.3583475    -0.02080251    -0.0002141137    0.3318507    -0.3698181    1    -0.06220697    -0.7892314    -0.1394568    0.06121272
-0.02897352    -0.08347408    -0.02064311    -0.1339416    0.08452917    -0.06220697    1    -0.09514101    -0.517768    0.1249409
-0.4126369    -0.09437682    -0.1563288    -0.3238794    0.5894742    -0.7892314    -0.09514101    1    0.113711    -0.3384456
0.09061696    -0.05659228    -0.07006747    -0.009494858    0.04266524    -0.1394568    -0.517768    0.113711    1    -0.4318813
-0.06113801    0.1938597    0.1937972    0.09499026    -0.264665    0.06121272    0.1249409    -0.3384456    -0.4318813    1
