1    0.05957203    -0.4007196    -0.1074709    -0.1343564    -0.1524692    0.0236894    0.1010187    -0.004319563    0.100531    -0.02195606    0.002131076    -0.1161005    -0.03086217    0.1409335    0.02439282    -0.1222834    -0.1230384    0.02022053    0.18429    -0.05915475    0.1274241    0.06756245    -0.1682402    0.01700419
0.05957203    1    0.563625    -0.2870436    -0.4798465    -0.3286793    0.1223487    -0.03414067    -0.4292572    0.3566158    -0.3839835    -0.05157324    -0.04517149    -0.2436332    0.4017119    0.1944807    -0.536794    -0.5483045    0.1760705    0.5287916    -0.04094287    -0.1190739    -0.1986301    -0.1036183    0.03418149
-0.4007196    0.563625    1    0.1053805    -0.6316245    -0.1581459    0.02715436    -0.1824297    -0.3902032    0.3712545    -0.3928697    -0.1152536    -0.05566469    -0.1875905    0.4074966    0.2286178    -0.483497    -0.5203933    0.2065613    0.4293436    -0.03881469    -0.1320185    -0.1962015    -0.04348997    0.03282176
-0.1074709    -0.2870436    0.1053805    1    -0.2962808    0.1688964    -0.1528447    -0.2408683    0.0547738    0.07075219    -0.009463302    -0.1951815    -0.07298991    0.1113455    0.1067142    0.1974537    -0.1718213    -0.1125989    0.1994975    -0.04107687    -0.01119622    -0.0470154    -0.03156806    0.02655895    0.09184939
-0.1343564    -0.4798465    -0.6316245    -0.2962808    1    0.159723    0.025113    0.2736393    0.3294911    -0.5130361    0.4106871    0.170788    0.09400925    0.1620058    -0.5014194    -0.2101468    0.5399413    0.5085294    -0.2190911    -0.4680974    0.08184178    -0.01297255    0.1326082    0.1457504    -0.05065064
-0.1524692    -0.3286793    -0.1581459    0.1688964    0.159723    1    -0.1056302    -0.5090539    0.06912975    -0.1068795    0.1284384    -0.02628862    0.006999996    0.1783514    -0.1484271    0.08607833    0.2163381    0.1218876    -0.02367345    -0.2741143    -0.05021502    -0.1011074    0.1161432    0.1929671    0.0184271
0.0236894    0.1223487    0.02715436    -0.1528447    0.025113    -0.1056302    1    0.1359468    -0.5457157    -0.1184161    -0.07874684    0.1175065    0.1387355    0.03190405    -0.1162181    0.03113645    0.01643177    -0.06550866    0.01640593    0.0205305    -0.0217966    -0.02883005    -0.02181155    -0.03677844    0.08044355
0.1010187    -0.03414067    -0.1824297    -0.2408683    0.2736393    -0.5090539    0.1359468    1    0.005684328    -0.5467107    0.1092988    0.1520381    0.1018238    0.06070017    -0.2623001    -0.05825859    0.1342722    0.1026209    -0.1251595    0.008623392    0.020733    -0.02438849    0.07677359    -0.002698202    0.02787742
-0.004319563    -0.4292572    -0.3902032    0.0547738    0.3294911    0.06912975    -0.5457157    0.005684328    1    -0.3967013    0.31286    0.06728961    -0.03258813    0.09017027    -0.2602623    -0.2312693    0.2963393    0.3801397    -0.1595258    -0.2389631    0.02662724    0.05770278    0.1012267    0.06076751    0.06524565
0.100531    0.3566158    0.3712545    0.07075219    -0.5130361    -0.1068795    -0.1184161    -0.5467107    -0.3967013    1    -0.3256768    -0.120481    -0.1484179    -0.2708368    0.4797104    0.08066686    -0.3489121    -0.3068449    0.1452705    0.3203642    -0.04545545    0.1230471    -0.09702857    -0.1684948    -0.1371217
-0.02195606    -0.3839835    -0.3928697    -0.009463302    0.4106871    0.1284384    -0.07874684    0.1092988    0.31286    -0.3256768    1    -0.008402032    -0.4408461    0.009183726    -0.2630833    -0.08347507    0.223228    0.3127417    -0.05907485    -0.2839566    0.01226038    0.03004926    0.1162542    0.1075033    -0.01842954
0.002131076    -0.05157324    -0.1152536    -0.1951815    0.170788    -0.02628862    0.1175065    0.1520381    0.06728961    -0.120481    -0.008402032    1    0.01415365    -0.5127982    -0.1166718    -0.1350033    0.08756159    0.09607474    -0.08920407    0.02280024    0.02410382    -0.02285585    0.02024909    0.0186226    -0.0001171572
-0.1161005    -0.04517149    -0.05566469    -0.07298991    0.09400925    0.006999996    0.1387355    0.1018238    -0.03258813    -0.1484179    -0.4408461    0.01415365    1    -0.01183016    -0.4399315    -0.05709951    0.0432567    0.04555964    0.02253634    -0.07276716    0.06208446    -0.01055741    -0.06037069    0.01637105    0.07977485
-0.03086217    -0.2436332    -0.1875905    0.1113455    0.1620058    0.1783514    0.03190405    0.06070017    0.09017027    -0.2708368    0.009183726    -0.5127982    -0.01183016    1    -0.3565121    0.04185566    0.2062358    0.1309689    -0.06470396    -0.2238471    0.004618178    -0.09603332    0.04845618    0.1246233    0.0878916
0.1409335    0.4017119    0.4074966    0.1067142    -0.5014194    -0.1484271    -0.1162181    -0.2623001    -0.2602623    0.4797104    -0.2630833    -0.1166718    -0.4399315    -0.3565121    1    0.1300113    -0.3110854    -0.327706    0.08103196    0.2976187    -0.0656159    0.09724627    -0.0672107    -0.1929097    -0.08200709
0.02439282    0.1944807    0.2286178    0.1974537    -0.2101468    0.08607833    0.03113645    -0.05825859    -0.2312693    0.08066686    -0.08347507    -0.1350033    -0.05709951    0.04185566    0.1300113    1    -0.2099838    -0.639589    0.2021948    0.148635    -0.07523415    -0.1338796    -0.0217643    0.09520623    0.003540661
-0.1222834    -0.536794    -0.483497    -0.1718213    0.5399413    0.2163381    0.01643177    0.1342722    0.2963393    -0.3489121    0.223228    0.08756159    0.0432567    0.2062358    -0.3110854    -0.2099838    1    0.2976746    -0.6280262    -0.2447407    -0.01341398    0.07525218    0.234899    0.09835123    -0.1006923
-0.1230384    -0.5483045    -0.5203933    -0.1125989    0.5085294    0.1218876    -0.06550866    0.1026209    0.3801397    -0.3068449    0.3127417    0.09607474    0.04555964    0.1309689    -0.327706    -0.639589    0.2976746    1    -0.2405214    -0.6202122    0.08075887    0.1356558    0.1307445    0.03095211    -0.05936474
0.02022053    0.1760705    0.2065613    0.1994975    -0.2190911    -0.02367345    0.01640593    -0.1251595    -0.1595258    0.1452705    -0.05907485    -0.08920407    0.02253634    -0.06470396    0.08103196    0.2021948    -0.6280262    -0.2405214    1    -0.2275061    0.06376569    -0.05554444    -0.1532258    -0.01549296    0.06384734
0.18429    0.5287916    0.4293436    -0.04107687    -0.4680974    -0.2741143    0.0205305    0.008623392    -0.2389631    0.3203642    -0.2839566    0.02280024    -0.07276716    -0.2238471    0.2976187    0.148635    -0.2447407    -0.6202122    -0.2275061    1    -0.0864064    -0.04802536    -0.07456138    -0.1216785    0.0569376
-0.05915475    -0.04094287    -0.03881469    -0.01119622    0.08184178    -0.05021502    -0.0217966    0.020733    0.02662724    -0.04545545    0.01226038    0.02410382    0.06208446    0.004618178    -0.0656159    -0.07523415    -0.01341398    0.08075887    0.06376569    -0.0864064    1    -0.1725068    -0.7027936    0.116493    0.08094118
0.1274241    -0.1190739    -0.1320185    -0.0470154    -0.01297255    -0.1011074    -0.02883005    -0.02438849    0.05770278    0.1230471    0.03004926    -0.02285585    -0.01055741    -0.09603332    0.09724627    -0.1338796    0.07525218    0.1356558    -0.05554444    -0.04802536    -0.1725068    1    0.1574847    -0.7513166    0.1351055
0.06756245    -0.1986301    -0.1962015    -0.03156806    0.1326082    0.1161432    -0.02181155    0.07677359    0.1012267    -0.09702857    0.1162542    0.02024909    -0.06037069    0.04845618    -0.0672107    -0.0217643    0.234899    0.1307445    -0.1532258    -0.07456138    -0.7027936    0.1574847    1    -0.1113507    -0.3998048
-0.1682402    -0.1036183    -0.04348997    0.02655895    0.1457504    0.1929671    -0.03677844    -0.002698202    0.06076751    -0.1684948    0.1075033    0.0186226    0.01637105    0.1246233    -0.1929097    0.09520623    0.09835123    0.03095211    -0.01549296    -0.1216785    0.116493    -0.7513166    -0.1113507    1    -0.4600299
0.01700419    0.03418149    0.03282176    0.09184939    -0.05065064    0.0184271    0.08044355    0.02787742    0.06524565    -0.1371217    -0.01842954    -0.0001171572    0.07977485    0.0878916    -0.08200709    0.003540661    -0.1006923    -0.05936474    0.06384734    0.0569376    0.08094118    0.1351055    -0.3998048    -0.4600299    1
