1    0.3622799    -0.1455975    -0.1322459    -0.4410096    0.1932609    -0.1159093    0.0544415    0.3801045    -0.3095674    0.3652809    -0.07004677    -0.1089716    0.2197128    -0.2461979    -0.03834947    0.08954643    0.1073731    -0.2808412    -0.1159328
0.3622799    1    0.2804532    -0.6129492    -0.3164429    0.2012122    -0.1923368    -0.05424556    0.2952076    -0.1118493    0.1977717    -0.01956543    -0.09762745    -0.01323537    -0.0496991    -0.05468865    0.07193536    0.1096278    -0.1929105    -0.1250828
-0.1455975    0.2804532    1    0.04304514    -0.4762449    0.05789371    -0.08267096    -0.1208177    -0.02127754    0.1739846    -0.02485078    -0.08802043    -0.1024658    -0.1084869    0.1593556    -0.1069636    0.06545876    0.05197709    -0.04833238    -0.01107312
-0.1322459    -0.6129492    0.04304514    1    0.00847779    -0.1788958    0.102494    -0.07447266    -0.260209    0.2300918    -0.1444542    -0.1691496    -0.08295791    -0.02861838    0.2370513    -0.08506727    -0.03067693    -0.0266262    0.1190055    0.1503889
-0.4410096    -0.3164429    -0.4762449    0.00847779    1    -0.2770842    0.1366351    0.03199842    -0.3422117    0.206999    -0.3306994    0.1043486    0.1543425    -0.1850506    0.1770621    0.1058063    -0.1516963    -0.1833109    0.2225524    0.1880897
0.1932609    0.2012122    0.05789371    -0.1788958    -0.2770842    1    -0.1056302    -0.5090539    0.06912975    -0.1068795    0.1284384    -0.02628862    0.006999996    0.1783514    -0.1484271    -0.08358523    0.02408936    0.1545265    -0.1405736    -0.2054536
-0.1159093    -0.1923368    -0.08267096    0.102494    0.1366351    -0.1056302    1    0.1359468    -0.5457157    -0.1184161    -0.07874684    0.1175065    0.1387355    0.03190405    -0.1162181    0.1346691    -0.09044874    -0.1102454    0.07492613    -0.05746473
0.0544415    -0.05424556    -0.1208177    -0.07447266    0.03199842    -0.5090539    0.1359468    1    0.005684328    -0.5467107    0.1092988    0.1520381    0.1018238    0.06070017    -0.2623001    0.2304875    -0.1161024    -0.1314577    0.05592646    -0.06657017
0.3801045    0.2952076    -0.02127754    -0.260209    -0.3422117    0.06912975    -0.5457157    0.005684328    1    -0.3967013    0.31286    0.06728961    -0.03258813    0.09017027    -0.2602623    -0.06746771    0.1789729    0.1458746    -0.2284003    -0.1019607
-0.3095674    -0.1118493    0.1739846    0.2300918    0.206999    -0.1068795    -0.1184161    -0.5467107    -0.3967013    1    -0.3256768    -0.120481    -0.1484179    -0.2708368    0.4797104    -0.2046958    0.01704158    0.04188289    0.1464894    0.1827565
0.3652809    0.1977717    -0.02485078    -0.1444542    -0.3306994    0.1284384    -0.07874684    0.1092988    0.31286    -0.3256768    1    -0.008402032    -0.4408461    0.009183726    -0.2630833    0.04013731    0.1027497    0.05167436    -0.1873391    -0.07447454
-0.07004677    -0.01956543    -0.08802043    -0.1691496    0.1043486    -0.02628862    0.1175065    0.1520381    0.06728961    -0.120481    -0.008402032    1    0.01415365    -0.5127982    -0.1166718    0.004018182    -0.01154713    0.06157269    0.0291164    -0.1021721
-0.1089716    -0.09762745    -0.1024658    -0.08295791    0.1543425    0.006999996    0.1387355    0.1018238    -0.03258813    -0.1484179    -0.4408461    0.01415365    1    -0.01183016    -0.4399315    0.0795403    0.04623818    -0.01076192    -0.03723537    -0.07401818
0.2197128    -0.01323537    -0.1084869    -0.02861838    -0.1850506    0.1783514    0.03190405    0.06070017    0.09017027    -0.2708368    0.009183726    -0.5127982    -0.01183016    1    -0.3565121    0.06199662    -0.0239294    -0.02395637    -0.1242799    -0.09132013
-0.2461979    -0.0496991    0.1593556    0.2370513    0.1770621    -0.1484271    -0.1162181    -0.2623001    -0.2602623    0.4797104    -0.2630833    -0.1166718    -0.4399315    -0.3565121    1    -0.08522988    -0.08671417    -0.07355601    0.1975677    0.2041639
-0.03834947    -0.05468865    -0.1069636    -0.08506727    0.1058063    -0.08358523    0.1346691    0.2304875    -0.06746771    -0.2046958    0.04013731    0.004018182    0.0795403    0.06199662    -0.08522988    1    -0.1228896    -0.795554    0.03622886    0.1535628
0.08954643    0.07193536    0.06545876    -0.03067693    -0.1516963    0.02408936    -0.09044874    -0.1161024    0.1789729    0.01704158    0.1027497    -0.01154713    0.04623818    -0.0239294    -0.08671417    -0.1228896    1    0.2461418    -0.7312569    0.0347245
0.1073731    0.1096278    0.05197709    -0.0266262    -0.1833109    0.1545265    -0.1102454    -0.1314577    0.1458746    0.04188289    0.05167436    0.06157269    -0.01076192    -0.02395637    -0.07355601    -0.795554    0.2461418    1    -0.09969109    -0.5163728
-0.2808412    -0.1929105    -0.04833238    0.1190055    0.2225524    -0.1405736    0.07492613    0.05592646    -0.2284003    0.1464894    -0.1873391    0.0291164    -0.03723537    -0.1242799    0.1975677    0.03622886    -0.7312569    -0.09969109    1    -0.3282296
-0.1159328    -0.1250828    -0.01107312    0.1503889    0.1880897    -0.2054536    -0.05746473    -0.06657017    -0.1019607    0.1827565    -0.07447454    -0.1021721    -0.07401818    -0.09132013    0.2041639    0.1535628    0.0347245    -0.5163728    -0.3282296    1
