1    -0.008402032    -0.4408461    0.009183726    -0.2630833    0.0114795    0.1951721    0.2250935    -0.04371996    -0.2210868
-0.008402032    1    0.01415365    -0.5127982    -0.1166718    -0.06018029    0.1333207    0.03104092    -0.07393168    0.002486884
-0.4408461    0.01415365    1    -0.01183016    -0.4399315    -0.02707596    -0.01932811    0.08565571    0.01004525    -0.09738898
0.009183726    -0.5127982    -0.01183016    1    -0.3565121    -0.1277854    0.1581941    0.272394    -0.04664585    -0.2655685
-0.2630833    -0.1166718    -0.4399315    -0.3565121    1    0.08423703    -0.263962    -0.3527411    0.1270353    0.3442611
0.0114795    -0.06018029    -0.02707596    -0.1277854    0.08423703    1    -0.1279048    -0.6774055    0.1253901    0.1332067
0.1951721    0.1333207    -0.01932811    0.1581941    -0.263962    -0.1279048    1    0.1886508    -0.7521571    -0.1450584
0.2250935    0.03104092    0.08565571    0.272394    -0.3527411    -0.6774055    0.1886508    1    -0.1060445    -0.6383874
-0.04371996    -0.07393168    0.01004525    -0.04664585    0.1270353    0.1253901    -0.7521571    -0.1060445    1    -0.2244778
-0.2210868    0.002486884    -0.09738898    -0.2655685    0.3442611    0.1332067    -0.1450584    -0.6383874    -0.2244778    1
