1    -0.1056302    -0.5090539    0.06912975    -0.1068795    0.1284384    -0.02628862    0.006999996    0.1783514    -0.1484271    0.005822254    0.1477884    0.236171    -0.08518379    -0.2068289    -0.08358523    0.02408936    0.1545265    -0.1405736    -0.2054536
-0.1056302    1    0.1359468    -0.5457157    -0.1184161    -0.07874684    0.1175065    0.1387355    0.03190405    -0.1162181    -0.01771524    0.183915    -0.04659435    -0.1601471    -0.007346305    0.1346691    -0.09044874    -0.1102454    0.07492613    -0.05746473
-0.5090539    0.1359468    1    0.005684328    -0.5467107    0.1092988    0.1520381    0.1018238    0.06070017    -0.2623001    -0.1184381    0.2551991    0.07142429    -0.181505    -0.04231598    0.2304875    -0.1161024    -0.1314577    0.05592646    -0.06657017
0.06912975    -0.5457157    0.005684328    1    -0.3967013    0.31286    0.06728961    -0.03258813    0.09017027    -0.2602623    -0.1124288    0.09664322    0.3139797    0.05378585    -0.2482404    -0.06746771    0.1789729    0.1458746    -0.2284003    -0.1019607
-0.1068795    -0.1184161    -0.5467107    -0.3967013    1    -0.3256768    -0.120481    -0.1484179    -0.2708368    0.4797104    0.09402271    -0.352953    -0.3187477    0.1769738    0.316911    -0.2046958    0.01704158    0.04188289    0.1464894    0.1827565
0.1284384    -0.07874684    0.1092988    0.31286    -0.3256768    1    -0.008402032    -0.4408461    0.009183726    -0.2630833    0.0114795    0.1951721    0.2250935    -0.04371996    -0.2210868    0.04013731    0.1027497    0.05167436    -0.1873391    -0.07447454
-0.02628862    0.1175065    0.1520381    0.06728961    -0.120481    -0.008402032    1    0.01415365    -0.5127982    -0.1166718    -0.06018029    0.1333207    0.03104092    -0.07393168    0.002486884    0.004018182    -0.01154713    0.06157269    0.0291164    -0.1021721
0.006999996    0.1387355    0.1018238    -0.03258813    -0.1484179    -0.4408461    0.01415365    1    -0.01183016    -0.4399315    -0.02707596    -0.01932811    0.08565571    0.01004525    -0.09738898    0.0795403    0.04623818    -0.01076192    -0.03723537    -0.07401818
0.1783514    0.03190405    0.06070017    0.09017027    -0.2708368    0.009183726    -0.5127982    -0.01183016    1    -0.3565121    -0.1277854    0.1581941    0.272394    -0.04664585    -0.2655685    0.06199662    -0.0239294    -0.02395637    -0.1242799    -0.09132013
-0.1484271    -0.1162181    -0.2623001    -0.2602623    0.4797104    -0.2630833    -0.1166718    -0.4399315    -0.3565121    1    0.08423703    -0.263962    -0.3527411    0.1270353    0.3442611    -0.08522988    -0.08671417    -0.07355601    0.1975677    0.2041639
0.005822254    -0.01771524    -0.1184381    -0.1124288    0.09402271    0.0114795    -0.06018029    -0.02707596    -0.1277854    0.08423703    1    -0.1279048    -0.6774055    0.1253901    0.1332067    0.03344313    0.02242981    -0.1003041    0.09284262    0.1101361
0.1477884    0.183915    0.2551991    0.09664322    -0.352953    0.1951721    0.1333207    -0.01932811    0.1581941    -0.263962    -0.1279048    1    0.1886508    -0.7521571    -0.1450584    0.1201733    -0.1204462    -0.05379271    -0.0770671    -0.1765186
0.236171    -0.04659435    0.07142429    0.3139797    -0.3187477    0.2250935    0.03104092    0.08565571    0.272394    -0.3527411    -0.6774055    0.1886508    1    -0.1060445    -0.6383874    -0.04798797    0.0565364    0.1244713    -0.2902749    -0.1467725
-0.08518379    -0.1601471    -0.181505    0.05378585    0.1769738    -0.04371996    -0.07393168    0.01004525    -0.04664585    0.1270353    0.1253901    -0.7521571    -0.1060445    1    -0.2244778    -0.06255926    0.09638054    -0.04059018    -0.03488394    0.2183423
-0.2068289    -0.007346305    -0.04231598    -0.2482404    0.316911    -0.2210868    0.002486884    -0.09738898    -0.2655685    0.3442611    0.1332067    -0.1450584    -0.6383874    -0.2244778    1    -0.04966876    -0.03702357    0.07466996    0.2635986    -0.01472951
-0.08358523    0.1346691    0.2304875    -0.06746771    -0.2046958    0.04013731    0.004018182    0.0795403    0.06199662    -0.08522988    0.03344313    0.1201733    -0.04798797    -0.06255926    -0.04966876    1    -0.1228896    -0.795554    0.03622886    0.1535628
0.02408936    -0.09044874    -0.1161024    0.1789729    0.01704158    0.1027497    -0.01154713    0.04623818    -0.0239294    -0.08671417    0.02242981    -0.1204462    0.0565364    0.09638054    -0.03702357    -0.1228896    1    0.2461418    -0.7312569    0.0347245
0.1545265    -0.1102454    -0.1314577    0.1458746    0.04188289    0.05167436    0.06157269    -0.01076192    -0.02395637    -0.07355601    -0.1003041    -0.05379271    0.1244713    -0.04059018    0.07466996    -0.795554    0.2461418    1    -0.09969109    -0.5163728
-0.1405736    0.07492613    0.05592646    -0.2284003    0.1464894    -0.1873391    0.0291164    -0.03723537    -0.1242799    0.1975677    0.09284262    -0.0770671    -0.2902749    -0.03488394    0.2635986    0.03622886    -0.7312569    -0.09969109    1    -0.3282296
-0.2054536    -0.05746473    -0.06657017    -0.1019607    0.1827565    -0.07447454    -0.1021721    -0.07401818    -0.09132013    0.2041639    0.1101361    -0.1765186    -0.1467725    0.2183423    -0.01472951    0.1535628    0.0347245    -0.5163728    -0.3282296    1
