1    -0.008402032    -0.4408461    0.009183726    -0.2630833    0.2021089    0.1716022    0.04221364    0.128245    -0.2389453    0.04013731    0.1027497    0.05167436    -0.1873391    -0.07447454
-0.008402032    1    0.01415365    -0.5127982    -0.1166718    -0.09256692    -0.05526377    -0.05260673    -0.1105345    0.2237588    0.004018182    -0.01154713    0.06157269    0.0291164    -0.1021721
-0.4408461    0.01415365    1    -0.01183016    -0.4399315    -0.07718141    -0.1386214    -0.0618943    -0.1265169    0.2003567    0.0795403    0.04623818    -0.01076192    -0.03723537    -0.07401818
0.009183726    -0.5127982    -0.01183016    1    -0.3565121    0.07151948    0.002113697    -0.0283361    0.1573211    -0.1376908    0.06199662    -0.0239294    -0.02395637    -0.1242799    -0.09132013
-0.2630833    -0.1166718    -0.4399315    -0.3565121    1    -0.09235109    -0.00861191    0.04674643    -0.003353338    -0.0226214    -0.08522988    -0.08671417    -0.07355601    0.1975677    0.2041639
0.2021089    -0.09256692    -0.07718141    0.07151948    -0.09235109    1    0.1120652    -0.3681135    -0.001060997    -0.08082685    0.05645493    0.06798769    -0.03306557    -0.06482296    0.01214589
0.1716022    -0.05526377    -0.1386214    0.002113697    -0.00861191    0.1120652    1    0.2555411    -0.289436    -0.3011503    0.01153636    0.05672242    0.01483524    -0.1336495    -0.07520753
0.04221364    -0.05260673    -0.0618943    -0.0283361    0.04674643    -0.3681135    0.2555411    1    0.1903292    -0.5369004    -0.1588296    0.08701057    0.1623802    -0.1618724    -0.1043805
0.128245    -0.1105345    -0.1265169    0.1573211    -0.003353338    -0.001060997    -0.289436    0.1903292    1    -0.4704953    -0.1450656    -0.01401639    0.1386327    -0.117839    -0.04076572
-0.2389453    0.2237588    0.2003567    -0.1376908    -0.0226214    -0.08082685    -0.3011503    -0.5369004    -0.4704953    1    0.05202519    -0.0734835    -0.01118975    0.2150731    0.0459435
0.04013731    0.004018182    0.0795403    0.06199662    -0.08522988    0.05645493    0.01153636    -0.1588296    -0.1450656    0.05202519    1    -0.1228896    -0.795554    0.03622886    0.1535628
0.1027497    -0.01154713    0.04623818    -0.0239294    -0.08671417    0.06798769    0.05672242    0.08701057    -0.01401639    -0.0734835    -0.1228896    1    0.2461418    -0.7312569    0.0347245
0.05167436    0.06157269    -0.01076192    -0.02395637    -0.07355601    -0.03306557    0.01483524    0.1623802    0.1386327    -0.01118975    -0.795554    0.2461418    1    -0.09969109    -0.5163728
-0.1873391    0.0291164    -0.03723537    -0.1242799    0.1975677    -0.06482296    -0.1336495    -0.1618724    -0.117839    0.2150731    0.03622886    -0.7312569    -0.09969109    1    -0.3282296
-0.07447454    -0.1021721    -0.07401818    -0.09132013    0.2041639    0.01214589    -0.07520753    -0.1043805    -0.04076572    0.0459435    0.1535628    0.0347245    -0.5163728    -0.3282296    1
