1    -0.008402032    -0.4408461    0.009183726    -0.2630833    -0.08347507    0.223228    0.3127417    -0.05907485    -0.2839566
-0.008402032    1    0.01415365    -0.5127982    -0.1166718    -0.1350033    0.08756159    0.09607474    -0.08920407    0.02280024
-0.4408461    0.01415365    1    -0.01183016    -0.4399315    -0.05709951    0.0432567    0.04555964    0.02253634    -0.07276716
0.009183726    -0.5127982    -0.01183016    1    -0.3565121    0.04185566    0.2062358    0.1309689    -0.06470396    -0.2238471
-0.2630833    -0.1166718    -0.4399315    -0.3565121    1    0.1300113    -0.3110854    -0.327706    0.08103196    0.2976187
-0.08347507    -0.1350033    -0.05709951    0.04185566    0.1300113    1    -0.2099838    -0.639589    0.2021948    0.148635
0.223228    0.08756159    0.0432567    0.2062358    -0.3110854    -0.2099838    1    0.2976746    -0.6280262    -0.2447407
0.3127417    0.09607474    0.04555964    0.1309689    -0.327706    -0.639589    0.2976746    1    -0.2405214    -0.6202122
-0.05907485    -0.08920407    0.02253634    -0.06470396    0.08103196    0.2021948    -0.6280262    -0.2405214    1    -0.2275061
-0.2839566    0.02280024    -0.07276716    -0.2238471    0.2976187    0.148635    -0.2447407    -0.6202122    -0.2275061    1
