1    -0.008402032    -0.4408461    0.009183726    -0.2630833    0.3579397    -0.4293591    -0.1670398    0.3587775    0.1607151    0.04013731    0.1027497    0.05167436    -0.1873391    -0.07447454
-0.008402032    1    0.01415365    -0.5127982    -0.1166718    0.1064311    -0.1018525    -0.08676724    0.04487633    0.1288565    0.004018182    -0.01154713    0.06157269    0.0291164    -0.1021721
-0.4408461    0.01415365    1    -0.01183016    -0.4399315    0.059817    0.03325154    -0.09053918    -0.0503939    0.08754101    0.0795403    0.04623818    -0.01076192    -0.03723537    -0.07401818
0.009183726    -0.5127982    -0.01183016    1    -0.3565121    0.231724    -0.2090606    -0.2050881    0.242608    0.08229772    0.06199662    -0.0239294    -0.02395637    -0.1242799    -0.09132013
-0.2630833    -0.1166718    -0.4399315    -0.3565121    1    -0.4080024    0.3892991    0.3135333    -0.3290313    -0.2811398    -0.08522988    -0.08671417    -0.07355601    0.1975677    0.2041639
0.3579397    0.1064311    0.059817    0.231724    -0.4080024    1    -0.5889263    -0.6905772    0.5508281    0.360491    -0.0645079    0.07860304    0.2113379    -0.2286389    -0.2860955
-0.4293591    -0.1018525    0.03325154    -0.2090606    0.3892991    -0.5889263    1    0.1292851    -0.7202416    -0.3259849    -0.03363043    -0.07237472    -0.0883049    0.2672354    0.1785854
-0.1670398    -0.08676724    -0.09053918    -0.2050881    0.3135333    -0.6905772    0.1292851    1    -0.5300982    -0.5326174    0.03695588    -0.02860454    -0.1355897    0.140565    0.2754835
0.3587775    0.04487633    -0.0503939    0.242608    -0.3290313    0.5508281    -0.7202416    -0.5300982    1    0.3449104    -0.04462184    0.01543329    0.1170751    -0.2595288    -0.2074537
0.1607151    0.1288565    0.08754101    0.08229772    -0.2811398    0.360491    -0.3259849    -0.5326174    0.3449104    1    -0.02803952    0.1530967    0.1333801    -0.1892072    -0.2264135
0.04013731    0.004018182    0.0795403    0.06199662    -0.08522988    -0.0645079    -0.03363043    0.03695588    -0.04462184    -0.02803952    1    -0.1228896    -0.795554    0.03622886    0.1535628
0.1027497    -0.01154713    0.04623818    -0.0239294    -0.08671417    0.07860304    -0.07237472    -0.02860454    0.01543329    0.1530967    -0.1228896    1    0.2461418    -0.7312569    0.0347245
0.05167436    0.06157269    -0.01076192    -0.02395637    -0.07355601    0.2113379    -0.0883049    -0.1355897    0.1170751    0.1333801    -0.795554    0.2461418    1    -0.09969109    -0.5163728
-0.1873391    0.0291164    -0.03723537    -0.1242799    0.1975677    -0.2286389    0.2672354    0.140565    -0.2595288    -0.1892072    0.03622886    -0.7312569    -0.09969109    1    -0.3282296
-0.07447454    -0.1021721    -0.07401818    -0.09132013    0.2041639    -0.2860955    0.1785854    0.2754835    -0.2074537    -0.2264135    0.1535628    0.0347245    -0.5163728    -0.3282296    1
