1    -0.008402032    -0.4408461    0.009183726    -0.2630833    0.2516842    -0.2791627    -0.2894997    0.0365051    0.3072195
-0.008402032    1    0.01415365    -0.5127982    -0.1166718    -0.01767663    0.07008692    0.0878452    -0.1073899    -0.02078706
-0.4408461    0.01415365    1    -0.01183016    -0.4399315    0.04926623    0.029538    0.02561973    -0.01912096    -0.061502
0.009183726    -0.5127982    -0.01183016    1    -0.3565121    0.1272672    -0.1964842    -0.1807986    0.06000339    0.165871
-0.2630833    -0.1166718    -0.4399315    -0.3565121    1    -0.3102018    0.2423957    0.2474517    0.006880055    -0.2606391
0.2516842    -0.01767663    0.04926623    0.1272672    -0.3102018    1    -0.2854361    -0.7194519    0.06167188    0.2449637
-0.2791627    0.07008692    0.029538    -0.1964842    0.2423957    -0.2854361    1    0.2700116    -0.6854755    -0.3287533
-0.2894997    0.0878452    0.02561973    -0.1807986    0.2474517    -0.7194519    0.2700116    1    -0.09220107    -0.6530083
0.0365051    -0.1073899    -0.01912096    0.06000339    0.006880055    0.06167188    -0.6854755    -0.09220107    1    -0.1518189
0.3072195    -0.02078706    -0.061502    0.165871    -0.2606391    0.2449637    -0.3287533    -0.6530083    -0.1518189    1
