1    0.05957203    -0.4007196    -0.1074709    -0.1343564    -0.1524692    0.0236894    0.1010187    -0.004319563    0.100531    -0.02195606    0.002131076    -0.1161005    -0.03086217    0.1409335    0.02439282    -0.1222834    -0.1230384    0.02022053    0.18429    0.04404802    0.2218889    0.07489675    -0.1045425    -0.1178877
0.05957203    1    0.563625    -0.2870436    -0.4798465    -0.3286793    0.1223487    -0.03414067    -0.4292572    0.3566158    -0.3839835    -0.05157324    -0.04517149    -0.2436332    0.4017119    0.1944807    -0.536794    -0.5483045    0.1760705    0.5287916    -0.08430138    0.07811845    0.3216542    0.1364392    -0.2936153
-0.4007196    0.563625    1    0.1053805    -0.6316245    -0.1581459    0.02715436    -0.1824297    -0.3902032    0.3712545    -0.3928697    -0.1152536    -0.05566469    -0.1875905    0.4074966    0.2286178    -0.483497    -0.5203933    0.2065613    0.4293436    -0.1035985    0.04042649    0.2880883    0.1419358    -0.2333678
-0.1074709    -0.2870436    0.1053805    1    -0.2962808    0.1688964    -0.1528447    -0.2408683    0.0547738    0.07075219    -0.009463302    -0.1951815    -0.07298991    0.1113455    0.1067142    0.1974537    -0.1718213    -0.1125989    0.1994975    -0.04107687    -0.005208811    -0.008664589    -0.04066227    0.06284567    0.1002253
-0.1343564    -0.4798465    -0.6316245    -0.2962808    1    0.159723    0.025113    0.2736393    0.3294911    -0.5130361    0.4106871    0.170788    0.09400925    0.1620058    -0.5014194    -0.2101468    0.5399413    0.5085294    -0.2190911    -0.4680974    0.08201249    -0.1219574    -0.3015732    -0.08100112    0.2191526
-0.1524692    -0.3286793    -0.1581459    0.1688964    0.159723    1    -0.1056302    -0.5090539    0.06912975    -0.1068795    0.1284384    -0.02628862    0.006999996    0.1783514    -0.1484271    0.08607833    0.2163381    0.1218876    -0.02367345    -0.2741143    -0.06805383    -0.1686223    -0.09054451    0.07374238    0.1758487
0.0236894    0.1223487    0.02715436    -0.1528447    0.025113    -0.1056302    1    0.1359468    -0.5457157    -0.1184161    -0.07874684    0.1175065    0.1387355    0.03190405    -0.1162181    0.03113645    0.01643177    -0.06550866    0.01640593    0.0205305    -0.126907    -0.05115733    0.09728221    0.05891227    -0.07846294
0.1010187    -0.03414067    -0.1824297    -0.2408683    0.2736393    -0.5090539    0.1359468    1    0.005684328    -0.5467107    0.1092988    0.1520381    0.1018238    0.06070017    -0.2623001    -0.05825859    0.1342722    0.1026209    -0.1251595    0.008623392    0.02661653    0.07260451    -0.05458978    -0.1090716    -0.02811653
-0.004319563    -0.4292572    -0.3902032    0.0547738    0.3294911    0.06912975    -0.5457157    0.005684328    1    -0.3967013    0.31286    0.06728961    -0.03258813    0.09017027    -0.2602623    -0.2312693    0.2963393    0.3801397    -0.1595258    -0.2389631    0.1760463    0.002779663    -0.3057654    -0.1283517    0.2967099
0.100531    0.3566158    0.3712545    0.07075219    -0.5130361    -0.1068795    -0.1184161    -0.5467107    -0.3967013    1    -0.3256768    -0.120481    -0.1484179    -0.2708368    0.4797104    0.08066686    -0.3489121    -0.3068449    0.1452705    0.3203642    -0.01671694    0.09835285    0.2541931    0.05914684    -0.2635157
-0.02195606    -0.3839835    -0.3928697    -0.009463302    0.4106871    0.1284384    -0.07874684    0.1092988    0.31286    -0.3256768    1    -0.008402032    -0.4408461    0.009183726    -0.2630833    -0.08347507    0.223228    0.3127417    -0.05907485    -0.2839566    0.01289771    -0.09091693    -0.1922678    -0.04497935    0.229285
0.002131076    -0.05157324    -0.1152536    -0.1951815    0.170788    -0.02628862    0.1175065    0.1520381    0.06728961    -0.120481    -0.008402032    1    0.01415365    -0.5127982    -0.1166718    -0.1350033    0.08756159    0.09607474    -0.08920407    0.02280024    0.0585531    0.04376743    -0.04881433    -0.07792497    0.03224034
-0.1161005    -0.04517149    -0.05566469    -0.07298991    0.09400925    0.006999996    0.1387355    0.1018238    -0.03258813    -0.1484179    -0.4408461    0.01415365    1    -0.01183016    -0.4399315    -0.05709951    0.0432567    0.04555964    0.02253634    -0.07276716    -0.0105133    -0.02659548    -0.08398928    0.00978383    0.07600514
-0.03086217    -0.2436332    -0.1875905    0.1113455    0.1620058    0.1783514    0.03190405    0.06070017    0.09017027    -0.2708368    0.009183726    -0.5127982    -0.01183016    1    -0.3565121    0.04185566    0.2062358    0.1309689    -0.06470396    -0.2238471    -0.0361389    -0.1253939    -0.1068555    0.0249158    0.1487537
0.1409335    0.4017119    0.4074966    0.1067142    -0.5014194    -0.1484271    -0.1162181    -0.2623001    -0.2602623    0.4797104    -0.2630833    -0.1166718    -0.4399315    -0.3565121    1    0.1300113    -0.3110854    -0.327706    0.08103196    0.2976187    -0.0123896    0.1349639    0.241522    0.02356832    -0.2848914
0.02439282    0.1944807    0.2286178    0.1974537    -0.2101468    0.08607833    0.03113645    -0.05825859    -0.2312693    0.08066686    -0.08347507    -0.1350033    -0.05709951    0.04185566    0.1300113    1    -0.2099838    -0.639589    0.2021948    0.148635    -0.2167421    -0.1035039    0.2048165    0.1765974    -0.09151874
-0.1222834    -0.536794    -0.483497    -0.1718213    0.5399413    0.2163381    0.01643177    0.1342722    0.2963393    -0.3489121    0.223228    0.08756159    0.0432567    0.2062358    -0.3110854    -0.2099838    1    0.2976746    -0.6280262    -0.2447407    -0.01056181    -0.04802585    -0.1786087    -0.1470716    0.1669401
-0.1230384    -0.5483045    -0.5203933    -0.1125989    0.5085294    0.1218876    -0.06550866    0.1026209    0.3801397    -0.3068449    0.3127417    0.09607474    0.04555964    0.1309689    -0.327706    -0.639589    0.2976746    1    -0.2405214    -0.6202122    0.1884154    -0.06824953    -0.3508172    -0.146355    0.2527366
0.02022053    0.1760705    0.2065613    0.1994975    -0.2190911    -0.02367345    0.01640593    -0.1251595    -0.1595258    0.1452705    -0.05907485    -0.08920407    0.02253634    -0.06470396    0.08103196    0.2021948    -0.6280262    -0.2405214    1    -0.2275061    -0.03989291    -0.1061572    0.05944573    0.1378178    -0.01318587
0.18429    0.5287916    0.4293436    -0.04107687    -0.4680974    -0.2741143    0.0205305    0.008623392    -0.2389631    0.3203642    -0.2839566    0.02280024    -0.07276716    -0.2238471    0.2976187    0.148635    -0.2447407    -0.6202122    -0.2275061    1    -0.07409013    0.2390942    0.27267    0.01828826    -0.2459556
0.04404802    -0.08430138    -0.1035985    -0.005208811    0.08201249    -0.06805383    -0.126907    0.02661653    0.1760463    -0.01671694    0.01289771    0.0585531    -0.0105133    -0.0361389    -0.0123896    -0.2167421    -0.01056181    0.1884154    -0.03989291    -0.07409013    1    0.07115773    -0.753966    -0.2154147    0.2245231
0.2218889    0.07811845    0.04042649    -0.008664589    -0.1219574    -0.1686223    -0.05115733    0.07260451    0.002779663    0.09835285    -0.09091693    0.04376743    -0.02659548    -0.1253939    0.1349639    -0.1035039    -0.04802585    -0.06824953    -0.1061572    0.2390942    0.07115773    1    0.1314665    -0.7719863    -0.03932459
0.07489675    0.3216542    0.2880883    -0.04066227    -0.3015732    -0.09054451    0.09728221    -0.05458978    -0.3057654    0.2541931    -0.1922678    -0.04881433    -0.08398928    -0.1068555    0.241522    0.2048165    -0.1786087    -0.3508172    0.05944573    0.27267    -0.753966    0.1314665    1    0.1821551    -0.6517384
-0.1045425    0.1364392    0.1419358    0.06284567    -0.08100112    0.07374238    0.05891227    -0.1090716    -0.1283517    0.05914684    -0.04497935    -0.07792497    0.00978383    0.0249158    0.02356832    0.1765974    -0.1470716    -0.146355    0.1378178    0.01828826    -0.2154147    -0.7719863    0.1821551    1    -0.3665983
-0.1178877    -0.2936153    -0.2333678    0.1002253    0.2191526    0.1758487    -0.07846294    -0.02811653    0.2967099    -0.2635157    0.229285    0.03224034    0.07600514    0.1487537    -0.2848914    -0.09151874    0.1669401    0.2527366    -0.01318587    -0.2459556    0.2245231    -0.03932459    -0.6517384    -0.3665983    1
