1    -0.1056302    -0.5090539    0.06912975    -0.1068795    0.1284384    -0.02628862    0.006999996    0.1783514    -0.1484271    -0.08358523    0.02408936    0.1545265    -0.1405736    -0.2054536    -0.06805383    -0.1686223    -0.09054451    0.07374238    0.1758487
-0.1056302    1    0.1359468    -0.5457157    -0.1184161    -0.07874684    0.1175065    0.1387355    0.03190405    -0.1162181    0.1346691    -0.09044874    -0.1102454    0.07492613    -0.05746473    -0.126907    -0.05115733    0.09728221    0.05891227    -0.07846294
-0.5090539    0.1359468    1    0.005684328    -0.5467107    0.1092988    0.1520381    0.1018238    0.06070017    -0.2623001    0.2304875    -0.1161024    -0.1314577    0.05592646    -0.06657017    0.02661653    0.07260451    -0.05458978    -0.1090716    -0.02811653
0.06912975    -0.5457157    0.005684328    1    -0.3967013    0.31286    0.06728961    -0.03258813    0.09017027    -0.2602623    -0.06746771    0.1789729    0.1458746    -0.2284003    -0.1019607    0.1760463    0.002779663    -0.3057654    -0.1283517    0.2967099
-0.1068795    -0.1184161    -0.5467107    -0.3967013    1    -0.3256768    -0.120481    -0.1484179    -0.2708368    0.4797104    -0.2046958    0.01704158    0.04188289    0.1464894    0.1827565    -0.01671694    0.09835285    0.2541931    0.05914684    -0.2635157
0.1284384    -0.07874684    0.1092988    0.31286    -0.3256768    1    -0.008402032    -0.4408461    0.009183726    -0.2630833    0.04013731    0.1027497    0.05167436    -0.1873391    -0.07447454    0.01289771    -0.09091693    -0.1922678    -0.04497935    0.229285
-0.02628862    0.1175065    0.1520381    0.06728961    -0.120481    -0.008402032    1    0.01415365    -0.5127982    -0.1166718    0.004018182    -0.01154713    0.06157269    0.0291164    -0.1021721    0.0585531    0.04376743    -0.04881433    -0.07792497    0.03224034
0.006999996    0.1387355    0.1018238    -0.03258813    -0.1484179    -0.4408461    0.01415365    1    -0.01183016    -0.4399315    0.0795403    0.04623818    -0.01076192    -0.03723537    -0.07401818    -0.0105133    -0.02659548    -0.08398928    0.00978383    0.07600514
0.1783514    0.03190405    0.06070017    0.09017027    -0.2708368    0.009183726    -0.5127982    -0.01183016    1    -0.3565121    0.06199662    -0.0239294    -0.02395637    -0.1242799    -0.09132013    -0.0361389    -0.1253939    -0.1068555    0.0249158    0.1487537
-0.1484271    -0.1162181    -0.2623001    -0.2602623    0.4797104    -0.2630833    -0.1166718    -0.4399315    -0.3565121    1    -0.08522988    -0.08671417    -0.07355601    0.1975677    0.2041639    -0.0123896    0.1349639    0.241522    0.02356832    -0.2848914
-0.08358523    0.1346691    0.2304875    -0.06746771    -0.2046958    0.04013731    0.004018182    0.0795403    0.06199662    -0.08522988    1    -0.1228896    -0.795554    0.03622886    0.1535628    0.01974734    -0.006642699    -0.03321348    -0.0980068    0.03783347
0.02408936    -0.09044874    -0.1161024    0.1789729    0.01704158    0.1027497    -0.01154713    0.04623818    -0.0239294    -0.08671417    -0.1228896    1    0.2461418    -0.7312569    0.0347245    0.155537    -0.04849599    -0.2272982    -0.08000267    0.2815836
0.1545265    -0.1102454    -0.1314577    0.1458746    0.04188289    0.05167436    0.06157269    -0.01076192    -0.02395637    -0.07355601    -0.795554    0.2461418    1    -0.09969109    -0.5163728    0.01688454    -0.01608965    -0.09181565    0.04478726    0.09550925
-0.1405736    0.07492613    0.05592646    -0.2284003    0.1464894    -0.1873391    0.0291164    -0.03723537    -0.1242799    0.1975677    0.03622886    -0.7312569    -0.09969109    1    -0.3282296    -0.1426764    0.06982177    0.2882511    0.08914093    -0.3162498
-0.2054536    -0.05746473    -0.06657017    -0.1019607    0.1827565    -0.07447454    -0.1021721    -0.07401818    -0.09132013    0.2041639    0.1535628    0.0347245    -0.5163728    -0.3282296    1    0.1022736    0.1112021    0.03456487    -0.04572479    -0.08412332
-0.06805383    -0.126907    0.02661653    0.1760463    -0.01671694    0.01289771    0.0585531    -0.0105133    -0.0361389    -0.0123896    0.01974734    0.155537    0.01688454    -0.1426764    0.1022736    1    0.07115773    -0.753966    -0.2154147    0.2245231
-0.1686223    -0.05115733    0.07260451    0.002779663    0.09835285    -0.09091693    0.04376743    -0.02659548    -0.1253939    0.1349639    -0.006642699    -0.04849599    -0.01608965    0.06982177    0.1112021    0.07115773    1    0.1314665    -0.7719863    -0.03932459
-0.09054451    0.09728221    -0.05458978    -0.3057654    0.2541931    -0.1922678    -0.04881433    -0.08398928    -0.1068555    0.241522    -0.03321348    -0.2272982    -0.09181565    0.2882511    0.03456487    -0.753966    0.1314665    1    0.1821551    -0.6517384
0.07374238    0.05891227    -0.1090716    -0.1283517    0.05914684    -0.04497935    -0.07792497    0.00978383    0.0249158    0.02356832    -0.0980068    -0.08000267    0.04478726    0.08914093    -0.04572479    -0.2154147    -0.7719863    0.1821551    1    -0.3665983
0.1758487    -0.07846294    -0.02811653    0.2967099    -0.2635157    0.229285    0.03224034    0.07600514    0.1487537    -0.2848914    0.03783347    0.2815836    0.09550925    -0.3162498    -0.08412332    0.2245231    -0.03932459    -0.6517384    -0.3665983    1
