1    -0.008402032    -0.4408461    0.009183726    -0.2630833    -0.01527481    -0.03909709    0.04890955    0.02650957    -0.01625519
-0.008402032    1    0.01415365    -0.5127982    -0.1166718    0.05046332    0.03828522    0.052189    0.002539404    -0.1323216
-0.4408461    0.01415365    1    -0.01183016    -0.4399315    -0.009210093    -0.001093704    0.01611985    -0.01904938    -0.06888373
0.009183726    -0.5127982    -0.01183016    1    -0.3565121    -0.02824591    -0.07326548    0.03099308    0.05015495    -0.08004932
-0.2630833    -0.1166718    -0.4399315    -0.3565121    1    0.0354299    0.06125371    -0.1093378    -0.01271588    0.1561281
-0.01527481    0.05046332    -0.009210093    -0.02824591    0.0354299    1    -0.003613237    -0.7101612    0.05822516    0.0936552
-0.03909709    0.03828522    -0.001093704    -0.07326548    0.06125371    -0.003613237    1    0.07505767    -0.6786332    0.0651299
0.04890955    0.052189    0.01611985    0.03099308    -0.1093378    -0.7101612    0.07505767    1    -0.1214911    -0.4575803
0.02650957    0.002539404    -0.01904938    0.05015495    -0.01271588    0.05822516    -0.6786332    -0.1214911    1    -0.4317136
-0.01625519    -0.1323216    -0.06888373    -0.08004932    0.1561281    0.0936552    0.0651299    -0.4575803    -0.4317136    1
