1    -0.008402032    -0.4408461    0.009183726    -0.2630833    0.1045771    0.0507771    -0.04178283    -0.08734228    0.04320523
-0.008402032    1    0.01415365    -0.5127982    -0.1166718    -0.03460471    -0.01678448    0.0006107471    -0.01454952    -0.007441858
-0.4408461    0.01415365    1    -0.01183016    -0.4399315    -0.09865508    0.04490542    0.09517378    -0.02840256    -0.01778328
0.009183726    -0.5127982    -0.01183016    1    -0.3565121    -0.003469727    0.02869032    0.03657947    0.02570557    -0.04303614
-0.2630833    -0.1166718    -0.4399315    -0.3565121    1    -0.005937634    -0.08936353    -0.04382715    0.08666415    0.03406087
0.1045771    -0.03460471    -0.09865508    -0.003469727    -0.005937634    1    0.01044061    -0.785367    -0.05049712    0.2023296
0.0507771    -0.01678448    0.04490542    0.02869032    -0.08936353    0.01044061    1    0.1795338    -0.8060869    0.1746387
-0.04178283    0.0006107471    0.09517378    0.03657947    -0.04382715    -0.785367    0.1795338    1    -0.05741289    -0.518797
-0.08734228    -0.01454952    -0.02840256    0.02570557    0.08666415    -0.05049712    -0.8060869    -0.05741289    1    -0.4833687
0.04320523    -0.007441858    -0.01778328    -0.04303614    0.03406087    0.2023296    0.1746387    -0.518797    -0.4833687    1
