1    -0.008402032    -0.4408461    0.009183726    -0.2630833    0.2180566    0.2236909    -0.002607292    -0.03109929    -0.06882324    0.04013731    0.1027497    0.05167436    -0.1873391    -0.07447454
-0.008402032    1    0.01415365    -0.5127982    -0.1166718    -0.02991242    -0.03436036    -0.02386324    -0.1242956    0.1093463    0.004018182    -0.01154713    0.06157269    0.0291164    -0.1021721
-0.4408461    0.01415365    1    -0.01183016    -0.4399315    -0.009387224    -0.130668    -0.1319283    0.02606548    0.08126601    0.0795403    0.04623818    -0.01076192    -0.03723537    -0.07401818
0.009183726    -0.5127982    -0.01183016    1    -0.3565121    0.0467663    0.08277852    0.1332697    0.1365018    -0.1371637    0.06199662    -0.0239294    -0.02395637    -0.1242799    -0.09132013
-0.2630833    -0.1166718    -0.4399315    -0.3565121    1    -0.1770724    -0.09955996    0.06118681    0.01210315    -0.02545908    -0.08522988    -0.08671417    -0.07355601    0.1975677    0.2041639
0.2180566    -0.02991242    -0.009387224    0.0467663    -0.1770724    1    0.198067    -0.4225725    0.07146314    -0.186491    -0.02215386    0.1928624    0.04012882    -0.2138067    -0.01040179
0.2236909    -0.03436036    -0.130668    0.08277852    -0.09955996    0.198067    1    0.2538809    -0.3854224    -0.1678645    -0.06263134    -0.004050865    0.06311078    -0.1289737    -0.09720947
-0.002607292    -0.02386324    -0.1319283    0.1332697    0.06118681    -0.4225725    0.2538809    1    0.0678435    -0.472596    -0.05526012    -0.1255169    0.04838247    -0.0475639    -0.07078116
-0.03109929    -0.1242956    0.02606548    0.1365018    0.01210315    0.07146314    -0.3854224    0.0678435    1    -0.5213228    -0.05510938    0.04058519    0.01810176    -0.1044401    0.009289587
-0.06882324    0.1093463    0.08126601    -0.1371637    -0.02545908    -0.186491    -0.1678645    -0.472596    -0.5213228    1    0.06975508    -0.06371407    -0.03466205    0.1732451    0.01559582
0.04013731    0.004018182    0.0795403    0.06199662    -0.08522988    -0.02215386    -0.06263134    -0.05526012    -0.05510938    0.06975508    1    -0.1228896    -0.795554    0.03622886    0.1535628
0.1027497    -0.01154713    0.04623818    -0.0239294    -0.08671417    0.1928624    -0.004050865    -0.1255169    0.04058519    -0.06371407    -0.1228896    1    0.2461418    -0.7312569    0.0347245
0.05167436    0.06157269    -0.01076192    -0.02395637    -0.07355601    0.04012882    0.06311078    0.04838247    0.01810176    -0.03466205    -0.795554    0.2461418    1    -0.09969109    -0.5163728
-0.1873391    0.0291164    -0.03723537    -0.1242799    0.1975677    -0.2138067    -0.1289737    -0.0475639    -0.1044401    0.1732451    0.03622886    -0.7312569    -0.09969109    1    -0.3282296
-0.07447454    -0.1021721    -0.07401818    -0.09132013    0.2041639    -0.01040179    -0.09720947    -0.07078116    0.009289587    0.01559582    0.1535628    0.0347245    -0.5163728    -0.3282296    1
