1    0.05957203    -0.4007196    -0.1074709    -0.1343564    -0.1524692    0.0236894    0.1010187    -0.004319563    0.100531    -0.02195606    0.002131076    -0.1161005    -0.03086217    0.1409335    -0.1449081    0.09221811    0.240917    0.05093346    -0.2149475    0.02439282    -0.1222834    -0.1230384    0.02022053    0.18429
0.05957203    1    0.563625    -0.2870436    -0.4798465    -0.3286793    0.1223487    -0.03414067    -0.4292572    0.3566158    -0.3839835    -0.05157324    -0.04517149    -0.2436332    0.4017119    -0.07285749    0.6414531    0.4645399    -0.3090309    -0.5808216    0.1944807    -0.536794    -0.5483045    0.1760705    0.5287916
-0.4007196    0.563625    1    0.1053805    -0.6316245    -0.1581459    0.02715436    -0.1824297    -0.3902032    0.3712545    -0.3928697    -0.1152536    -0.05566469    -0.1875905    0.4074966    -0.01457111    0.55401    0.3406192    -0.2665864    -0.4852385    0.2286178    -0.483497    -0.5203933    0.2065613    0.4293436
-0.1074709    -0.2870436    0.1053805    1    -0.2962808    0.1688964    -0.1528447    -0.2408683    0.0547738    0.07075219    -0.009463302    -0.1951815    -0.07298991    0.1113455    0.1067142    0.1075222    -0.01454463    -0.02574947    0.06666371    -0.04960155    0.1974537    -0.1718213    -0.1125989    0.1994975    -0.04107687
-0.1343564    -0.4798465    -0.6316245    -0.2962808    1    0.159723    0.025113    0.2736393    0.3294911    -0.5130361    0.4106871    0.170788    0.09400925    0.1620058    -0.5014194    0.0400405    -0.530566    -0.3476346    0.1905286    0.5006827    -0.2101468    0.5399413    0.5085294    -0.2190911    -0.4680974
-0.1524692    -0.3286793    -0.1581459    0.1688964    0.159723    1    -0.1056302    -0.5090539    0.06912975    -0.1068795    0.1284384    -0.02628862    0.006999996    0.1783514    -0.1484271    0.1165652    -0.2141002    -0.2810521    0.00935696    0.3137347    0.08607833    0.2163381    0.1218876    -0.02367345    -0.2741143
0.0236894    0.1223487    0.02715436    -0.1528447    0.025113    -0.1056302    1    0.1359468    -0.5457157    -0.1184161    -0.07874684    0.1175065    0.1387355    0.03190405    -0.1162181    0.03116147    0.2083824    0.08790326    -0.1725037    -0.1477273    0.03113645    0.01643177    -0.06550866    0.01640593    0.0205305
0.1010187    -0.03414067    -0.1824297    -0.2408683    0.2736393    -0.5090539    0.1359468    1    0.005684328    -0.5467107    0.1092988    0.1520381    0.1018238    0.06070017    -0.2623001    -0.1951584    -0.02124972    0.1793627    0.0204499    -0.06814039    -0.05825859    0.1342722    0.1026209    -0.1251595    0.008623392
-0.004319563    -0.4292572    -0.3902032    0.0547738    0.3294911    0.06912975    -0.5457157    0.005684328    1    -0.3967013    0.31286    0.06728961    -0.03258813    0.09017027    -0.2602623    -0.03707413    -0.4006847    -0.1985797    0.2370174    0.3145381    -0.2312693    0.2963393    0.3801397    -0.1595258    -0.2389631
0.100531    0.3566158    0.3712545    0.07075219    -0.5130361    -0.1068795    -0.1184161    -0.5467107    -0.3967013    1    -0.3256768    -0.120481    -0.1484179    -0.2708368    0.4797104    0.04500665    0.2548651    0.1140047    -0.07313813    -0.2189341    0.08066686    -0.3489121    -0.3068449    0.1452705    0.3203642
-0.02195606    -0.3839835    -0.3928697    -0.009463302    0.4106871    0.1284384    -0.07874684    0.1092988    0.31286    -0.3256768    1    -0.008402032    -0.4408461    0.009183726    -0.2630833    0.09637823    -0.3686695    -0.2627188    0.1599242    0.3275751    -0.08347507    0.223228    0.3127417    -0.05907485    -0.2839566
0.002131076    -0.05157324    -0.1152536    -0.1951815    0.170788    -0.02628862    0.1175065    0.1520381    0.06728961    -0.120481    -0.008402032    1    0.01415365    -0.5127982    -0.1166718    -0.08549089    0.03502184    0.05882245    -0.007003545    -0.02958922    -0.1350033    0.08756159    0.09607474    -0.08920407    0.02280024
-0.1161005    -0.04517149    -0.05566469    -0.07298991    0.09400925    0.006999996    0.1387355    0.1018238    -0.03258813    -0.1484179    -0.4408461    0.01415365    1    -0.01183016    -0.4399315    -0.02723752    0.05301056    0.05522071    -0.03357128    -0.07875758    -0.05709951    0.0432567    0.04555964    0.02253634    -0.07276716
-0.03086217    -0.2436332    -0.1875905    0.1113455    0.1620058    0.1783514    0.03190405    0.06070017    0.09017027    -0.2708368    0.009183726    -0.5127982    -0.01183016    1    -0.3565121    0.06555306    -0.1757603    -0.1609299    0.0301221    0.1865997    0.04185566    0.2062358    0.1309689    -0.06470396    -0.2238471
0.1409335    0.4017119    0.4074966    0.1067142    -0.5014194    -0.1484271    -0.1162181    -0.2623001    -0.2602623    0.4797104    -0.2630833    -0.1166718    -0.4399315    -0.3565121    1    -0.04812207    0.2532207    0.2023669    -0.06303755    -0.2425848    0.1300113    -0.3110854    -0.327706    0.08103196    0.2976187
-0.1449081    -0.07285749    -0.01457111    0.1075222    0.0400405    0.1165652    0.03116147    -0.1951584    -0.03707413    0.04500665    0.09637823    -0.08549089    -0.02723752    0.06555306    -0.04812207    1    -0.07341763    -0.6190925    0.001420208    0.1189501    0.07851957    -0.05764444    0.01468579    0.2037688    -0.1848522
0.09221811    0.6414531    0.55401    -0.01454463    -0.530566    -0.2141002    0.2083824    -0.02124972    -0.4006847    0.2548651    -0.3686695    0.03502184    0.05301056    -0.1757603    0.2532207    -0.07341763    1    0.3500543    -0.6650351    -0.5111754    0.1987493    -0.486395    -0.518381    0.1762721    0.5065175
0.240917    0.4645399    0.3406192    -0.02574947    -0.3476346    -0.2810521    0.08790326    0.1793627    -0.1985797    0.1140047    -0.2627188    0.05882245    0.05522071    -0.1609299    0.2023669    -0.6190925    0.3500543    1    -0.160647    -0.7130452    0.07844155    -0.3394932    -0.3757642    0.02953477    0.4884455
0.05093346    -0.3090309    -0.2665864    0.06666371    0.1905286    0.00935696    -0.1725037    0.0204499    0.2370174    -0.07313813    0.1599242    -0.007003545    -0.03357128    0.0301221    -0.06303755    0.001420208    -0.6650351    -0.160647    1    0.02807084    -0.1509705    0.1164892    0.2547966    -0.01259306    -0.2477716
-0.2149475    -0.5808216    -0.4852385    -0.04960155    0.5006827    0.3137347    -0.1477273    -0.06814039    0.3145381    -0.2189341    0.3275751    -0.02958922    -0.07875758    0.1865997    -0.2425848    0.1189501    -0.5111754    -0.7130452    0.02807084    1    -0.1485725    0.5309089    0.5092836    -0.206855    -0.5247973
0.02439282    0.1944807    0.2286178    0.1974537    -0.2101468    0.08607833    0.03113645    -0.05825859    -0.2312693    0.08066686    -0.08347507    -0.1350033    -0.05709951    0.04185566    0.1300113    0.07851957    0.1987493    0.07844155    -0.1509705    -0.1485725    1    -0.2099838    -0.639589    0.2021948    0.148635
-0.1222834    -0.536794    -0.483497    -0.1718213    0.5399413    0.2163381    0.01643177    0.1342722    0.2963393    -0.3489121    0.223228    0.08756159    0.0432567    0.2062358    -0.3110854    -0.05764444    -0.486395    -0.3394932    0.1164892    0.5309089    -0.2099838    1    0.2976746    -0.6280262    -0.2447407
-0.1230384    -0.5483045    -0.5203933    -0.1125989    0.5085294    0.1218876    -0.06550866    0.1026209    0.3801397    -0.3068449    0.3127417    0.09607474    0.04555964    0.1309689    -0.327706    0.01468579    -0.518381    -0.3757642    0.2547966    0.5092836    -0.639589    0.2976746    1    -0.2405214    -0.6202122
0.02022053    0.1760705    0.2065613    0.1994975    -0.2190911    -0.02367345    0.01640593    -0.1251595    -0.1595258    0.1452705    -0.05907485    -0.08920407    0.02253634    -0.06470396    0.08103196    0.2037688    0.1762721    0.02953477    -0.01259306    -0.206855    0.2021948    -0.6280262    -0.2405214    1    -0.2275061
0.18429    0.5287916    0.4293436    -0.04107687    -0.4680974    -0.2741143    0.0205305    0.008623392    -0.2389631    0.3203642    -0.2839566    0.02280024    -0.07276716    -0.2238471    0.2976187    -0.1848522    0.5065175    0.4884455    -0.2477716    -0.5247973    0.148635    -0.2447407    -0.6202122    -0.2275061    1
