1.522817e-06    -6.193391e-07    -1.167208e-06    3.210409e-07    3.583482e-08    5.733863e-08    4.406349e-07    4.798839e-07    6.192405e-08    -5.381362e-07    -3.146999e-07    -2.012429e-07    2.211555e-07    3.491335e-07    7.976387e-08
-6.193391e-07    4.544071e-06    -2.302371e-06    -1.320329e-06    2.26815e-07    1.607544e-07    -6.425431e-07    -4.732177e-07    2.877471e-07    3.105832e-07    5.613745e-09    1.54532e-07    -5.978907e-10    -7.725797e-08    2.242403e-07
-1.167208e-06    -2.302371e-06    4.281386e-06    -4.117152e-07    -5.328397e-07    -1.254345e-08    -4.902458e-07    -7.001094e-07    -4.112934e-08    6.788305e-07    -1.438736e-08    1.340141e-07    2.659921e-07    6.014816e-08    -5.905567e-07
3.210409e-07    -1.320329e-06    -4.117152e-07    1.53437e-06    -1.456893e-07    1.502376e-07    1.8618e-07    2.561749e-07    1.401506e-07    -3.882121e-07    3.825729e-07    1.226598e-07    -2.178764e-07    -2.228058e-07    -1.474502e-07
3.583482e-08    2.26815e-07    -5.328397e-07    -1.456893e-07    4.091927e-07    -1.285543e-07    2.014222e-07    1.594599e-07    -1.762198e-07    -1.655145e-08    -2.203029e-08    -1.356825e-07    -7.29253e-08    -9.58022e-09    -5.252465e-10
5.733863e-08    1.607544e-07    -1.254345e-08    1.502376e-07    -1.285543e-07    5.089656e-06    1.888015e-07    -3.277961e-06    8.594094e-08    -2.952586e-07    2.739127e-07    -4.068371e-07    -6.455862e-08    6.676505e-07    -5.142974e-07
4.406349e-07    -6.425431e-07    -4.902458e-07    1.8618e-07    2.014222e-07    1.888015e-07    6.066389e-06    -1.616651e-06    -3.337731e-06    1.28354e-06    -4.217483e-07    -2.80753e-08    -2.340087e-07    -5.41544e-07    9.122665e-07
4.798839e-07    -4.732177e-07    -7.001094e-07    2.561749e-07    1.594599e-07    -3.277961e-06    -1.616651e-06    5.880102e-06    2.169844e-07    -2.446277e-06    -3.023288e-07    -1.52545e-07    -3.046479e-07    -3.471104e-07    9.291437e-07
6.192405e-08    2.877471e-07    -4.112934e-08    1.401506e-07    -1.762198e-07    8.594094e-08    -3.337731e-06    2.169844e-07    5.069693e-06    -1.798967e-06    2.886936e-07    -4.562697e-07    -5.518735e-08    7.771461e-07    -5.158326e-07
-5.381362e-07    3.105832e-07    6.788305e-07    -3.882121e-07    -1.655145e-08    -2.952586e-07    1.28354e-06    -2.446277e-06    -1.798967e-06    4.716638e-06    -1.771666e-08    5.649778e-07    4.155895e-07    -3.32302e-07    -4.425948e-07
-3.146999e-07    5.613745e-09    -1.438736e-08    3.825729e-07    -2.203029e-08    2.739127e-07    -4.217483e-07    -3.023288e-07    2.886936e-07    -1.771666e-08    3.069153e-06    -5.261763e-07    -2.192146e-06    3.374953e-07    8.121976e-08
-2.012429e-07    1.54532e-07    1.340141e-07    1.226598e-07    -1.356825e-07    -4.068371e-07    -2.80753e-08    -1.52545e-07    -4.562697e-07    5.649778e-07    -5.261763e-07    3.847413e-06    1.141822e-07    -3.192157e-06    8.326779e-07
2.211555e-07    -5.978907e-10    2.659921e-07    -2.178764e-07    -7.29253e-08    -6.455862e-08    -2.340087e-07    -3.046479e-07    -5.518735e-08    4.155895e-07    -2.192146e-06    1.141822e-07    3.763799e-06    3.70122e-09    -1.990408e-06
3.491335e-07    -7.725797e-08    6.014816e-08    -2.228058e-07    -9.58022e-09    6.676505e-07    -5.41544e-07    -3.471104e-07    7.771461e-07    -3.32302e-07    3.374953e-07    -3.192157e-06    3.70122e-09    5.55885e-06    -2.989057e-06
7.976387e-08    2.242403e-07    -5.905567e-07    -1.474502e-07    -5.252465e-10    -5.142974e-07    9.122665e-07    9.291437e-07    -5.158326e-07    -4.425948e-07    8.121976e-08    8.326779e-07    -1.990408e-06    -2.989057e-06    4.455677e-06
