1.522817e-06    -6.193391e-07    -1.167208e-06    3.210409e-07    3.583482e-08    3.276806e-08    -1.354949e-07    -1.889602e-07    1.538786e-09    1.751181e-07    -3.146999e-07    -2.012429e-07    2.211555e-07    3.491335e-07    7.976387e-08
-6.193391e-07    4.544071e-06    -2.302371e-06    -1.320329e-06    2.26815e-07    -1.477421e-07    1.871415e-07    2.690685e-07    -8.816564e-08    -1.298037e-07    5.613745e-09    1.54532e-07    -5.978907e-10    -7.725797e-08    2.242403e-07
-1.167208e-06    -2.302371e-06    4.281386e-06    -4.117152e-07    -5.328397e-07    6.067212e-08    1.013663e-07    1.544924e-08    3.147025e-08    -1.201929e-07    -1.438736e-08    1.340141e-07    2.659921e-07    6.014816e-08    -5.905567e-07
3.210409e-07    -1.320329e-06    -4.117152e-07    1.53437e-06    -1.456893e-07    2.70261e-08    -2.005798e-07    -2.060123e-07    -1.313633e-12    2.001529e-07    3.825729e-07    1.226598e-07    -2.178764e-07    -2.228058e-07    -1.474502e-07
3.583482e-08    2.26815e-07    -5.328397e-07    -1.456893e-07    4.091927e-07    -1.125099e-08    1.29301e-08    5.675945e-08    3.277728e-08    -5.054301e-08    -2.203029e-08    -1.356825e-07    -7.29253e-08    -9.58022e-09    -5.252465e-10
3.276806e-08    -1.477421e-07    6.067212e-08    2.70261e-08    -1.125099e-08    4.450782e-06    -2.010048e-07    -3.128666e-06    3.419283e-07    2.703366e-08    2.479095e-07    -5.762254e-07    -6.022247e-08    8.499306e-07    -4.708406e-07
-1.354949e-07    1.871415e-07    1.013663e-07    -2.005798e-07    1.29301e-08    -2.010048e-07    5.097023e-06    -1.304585e-06    -3.029647e-06    9.681869e-07    -4.019437e-07    6.125798e-08    -1.963543e-07    -6.328813e-07    8.028744e-07
-1.889602e-07    2.690685e-07    1.544924e-08    -2.060123e-07    5.675945e-08    -3.128666e-06    -1.304585e-06    5.264917e-06    -8.953145e-08    -1.682977e-06    -2.054369e-07    1.605173e-08    -3.954012e-07    -6.400887e-07    9.617131e-07
1.538786e-09    -8.816564e-08    3.147025e-08    -1.313633e-12    3.277728e-08    3.419283e-07    -3.029647e-06    -8.953145e-08    4.412261e-06    -1.565472e-06    3.709478e-07    -5.894263e-07    -1.316183e-07    8.540834e-07    -4.656536e-07
1.751181e-07    -1.298037e-07    -1.201929e-07    2.001529e-07    -5.054301e-08    2.703366e-08    9.681869e-07    -1.682977e-06    -1.565472e-06    2.880845e-06    -7.677999e-08    5.8565e-07    4.525336e-07    -2.301628e-07    -4.489618e-07
-3.146999e-07    5.613745e-09    -1.438736e-08    3.825729e-07    -2.203029e-08    2.479095e-07    -4.019437e-07    -2.054369e-07    3.709478e-07    -7.677999e-08    3.069153e-06    -5.261763e-07    -2.192146e-06    3.374953e-07    8.121976e-08
-2.012429e-07    1.54532e-07    1.340141e-07    1.226598e-07    -1.356825e-07    -5.762254e-07    6.125798e-08    1.605173e-08    -5.894263e-07    5.8565e-07    -5.261763e-07    3.847413e-06    1.141822e-07    -3.192157e-06    8.326779e-07
2.211555e-07    -5.978907e-10    2.659921e-07    -2.178764e-07    -7.29253e-08    -6.022247e-08    -1.963543e-07    -3.954012e-07    -1.316183e-07    4.525336e-07    -2.192146e-06    1.141822e-07    3.763799e-06    3.70122e-09    -1.990408e-06
3.491335e-07    -7.725797e-08    6.014816e-08    -2.228058e-07    -9.58022e-09    8.499306e-07    -6.328813e-07    -6.400887e-07    8.540834e-07    -2.301628e-07    3.374953e-07    -3.192157e-06    3.70122e-09    5.55885e-06    -2.989057e-06
7.976387e-08    2.242403e-07    -5.905567e-07    -1.474502e-07    -5.252465e-10    -4.708406e-07    8.028744e-07    9.617131e-07    -4.656536e-07    -4.489618e-07    8.121976e-08    8.326779e-07    -1.990408e-06    -2.989057e-06    4.455677e-06
