4.450782e-06    -2.010048e-07    -3.128666e-06    3.419283e-07    2.703366e-08    2.479095e-07    -5.762254e-07    -6.022247e-08    8.499306e-07    -4.708406e-07
-2.010048e-07    5.097023e-06    -1.304585e-06    -3.029647e-06    9.681869e-07    -4.019437e-07    6.125798e-08    -1.963543e-07    -6.328813e-07    8.028744e-07
-3.128666e-06    -1.304585e-06    5.264917e-06    -8.953145e-08    -1.682977e-06    -2.054369e-07    1.605173e-08    -3.954012e-07    -6.400887e-07    9.617131e-07
3.419283e-07    -3.029647e-06    -8.953145e-08    4.412261e-06    -1.565472e-06    3.709478e-07    -5.894263e-07    -1.316183e-07    8.540834e-07    -4.656536e-07
2.703366e-08    9.681869e-07    -1.682977e-06    -1.565472e-06    2.880845e-06    -7.677999e-08    5.8565e-07    4.525336e-07    -2.301628e-07    -4.489618e-07
2.479095e-07    -4.019437e-07    -2.054369e-07    3.709478e-07    -7.677999e-08    3.069153e-06    -5.261763e-07    -2.192146e-06    3.374953e-07    8.121976e-08
-5.762254e-07    6.125798e-08    1.605173e-08    -5.894263e-07    5.8565e-07    -5.261763e-07    3.847413e-06    1.141822e-07    -3.192157e-06    8.326779e-07
-6.022247e-08    -1.963543e-07    -3.954012e-07    -1.316183e-07    4.525336e-07    -2.192146e-06    1.141822e-07    3.763799e-06    3.70122e-09    -1.990408e-06
8.499306e-07    -6.328813e-07    -6.400887e-07    8.540834e-07    -2.301628e-07    3.374953e-07    -3.192157e-06    3.70122e-09    5.55885e-06    -2.989057e-06
-4.708406e-07    8.028744e-07    9.617131e-07    -4.656536e-07    -4.489618e-07    8.121976e-08    8.326779e-07    -1.990408e-06    -2.989057e-06    4.455677e-06
