3.195493e-06    -1.639595e-06    -1.169982e-06    2.038072e-07    -2.913092e-07    -2.767596e-07    1.719452e-07    4.679974e-07    -4.032863e-08    -1.408333e-07    -4.637161e-07    -8.894476e-08    4.240979e-07    3.906158e-07    2.612999e-08
-1.639595e-06    1.056232e-05    -5.783004e-06    -1.839862e-06    1.109121e-06    3.314604e-07    -3.505108e-07    -6.614729e-07    3.912022e-07    1.655796e-07    1.290254e-07    2.234419e-07    -1.35801e-07    -3.134975e-07    4.769027e-07
-1.169982e-06    -5.783004e-06    9.855298e-06    -1.005101e-06    -2.433211e-06    5.551722e-07    -6.060144e-07    -5.701446e-07    2.026534e-07    1.221384e-07    -1.910129e-07    7.246206e-08    5.612134e-07    2.913395e-07    -7.9827e-07
2.038072e-07    -1.839862e-06    -1.005101e-06    3.603721e-06    -5.028667e-07    -1.27445e-07    4.354755e-07    1.512811e-07    -1.029229e-07    -1.221291e-07    5.619697e-07    4.83202e-07    -1.422519e-07    -5.794255e-07    -4.287822e-07
-2.913092e-07    1.109121e-06    -2.433211e-06    -5.028667e-07    2.196402e-06    -2.573882e-07    2.409432e-07    2.372918e-07    -2.076746e-07    -6.835212e-09    -2.954156e-08    -3.256638e-07    -2.411536e-07    1.036626e-08    6.659934e-08
-2.767596e-07    3.314604e-07    5.551722e-07    -1.27445e-07    -2.573882e-07    1.522817e-06    -6.193391e-07    -1.167208e-06    3.210409e-07    3.583482e-08    -3.146999e-07    -2.012429e-07    2.211555e-07    3.491335e-07    7.976387e-08
1.719452e-07    -3.505108e-07    -6.060144e-07    4.354755e-07    2.409432e-07    -6.193391e-07    4.544071e-06    -2.302371e-06    -1.320329e-06    2.26815e-07    5.613745e-09    1.54532e-07    -5.978907e-10    -7.725797e-08    2.242403e-07
4.679974e-07    -6.614729e-07    -5.701446e-07    1.512811e-07    2.372918e-07    -1.167208e-06    -2.302371e-06    4.281386e-06    -4.117152e-07    -5.328397e-07    -1.438736e-08    1.340141e-07    2.659921e-07    6.014816e-08    -5.905567e-07
-4.032863e-08    3.912022e-07    2.026534e-07    -1.029229e-07    -2.076746e-07    3.210409e-07    -1.320329e-06    -4.117152e-07    1.53437e-06    -1.456893e-07    3.825729e-07    1.226598e-07    -2.178764e-07    -2.228058e-07    -1.474502e-07
-1.408333e-07    1.655796e-07    1.221384e-07    -1.221291e-07    -6.835212e-09    3.583482e-08    2.26815e-07    -5.328397e-07    -1.456893e-07    4.091927e-07    -2.203029e-08    -1.356825e-07    -7.29253e-08    -9.58022e-09    -5.252465e-10
-4.637161e-07    1.290254e-07    -1.910129e-07    5.619697e-07    -2.954156e-08    -3.146999e-07    5.613745e-09    -1.438736e-08    3.825729e-07    -2.203029e-08    3.069153e-06    -5.261763e-07    -2.192146e-06    3.374953e-07    8.121976e-08
-8.894476e-08    2.234419e-07    7.246206e-08    4.83202e-07    -3.256638e-07    -2.012429e-07    1.54532e-07    1.340141e-07    1.226598e-07    -1.356825e-07    -5.261763e-07    3.847413e-06    1.141822e-07    -3.192157e-06    8.326779e-07
4.240979e-07    -1.35801e-07    5.612134e-07    -1.422519e-07    -2.411536e-07    2.211555e-07    -5.978907e-10    2.659921e-07    -2.178764e-07    -7.29253e-08    -2.192146e-06    1.141822e-07    3.763799e-06    3.70122e-09    -1.990408e-06
3.906158e-07    -3.134975e-07    2.913395e-07    -5.794255e-07    1.036626e-08    3.491335e-07    -7.725797e-08    6.014816e-08    -2.228058e-07    -9.58022e-09    3.374953e-07    -3.192157e-06    3.70122e-09    5.55885e-06    -2.989057e-06
2.612999e-08    4.769027e-07    -7.9827e-07    -4.287822e-07    6.659934e-08    7.976387e-08    2.242403e-07    -5.905567e-07    -1.474502e-07    -5.252465e-10    8.121976e-08    8.326779e-07    -1.990408e-06    -2.989057e-06    4.455677e-06
