1.500574e-06    4.060326e-09    -8.85666e-07    -1.309846e-07    -8.964745e-09    2.872065e-08    -2.316341e-08    1.158679e-08    5.078264e-08    -4.007501e-08
4.060326e-09    1.464712e-06    -7.617568e-08    -9.30747e-07    1.01137e-07    -7.298909e-08    1.69456e-07    1.534164e-07    -8.984802e-08    -6.488417e-08
-8.85666e-07    -7.617568e-08    1.446102e-06    -1.553817e-08    -5.505019e-07    -4.597185e-08    1.12264e-07    9.321558e-08    -5.749104e-08    -3.849221e-08
-1.309846e-07    -9.30747e-07    -1.553817e-08    1.496615e-06    -4.839208e-07    7.697412e-08    -6.771576e-08    -5.730122e-08    8.755534e-08    -2.752668e-08
-8.964745e-09    1.01137e-07    -5.505019e-07    -4.839208e-07    1.388061e-06    1.021938e-08    -7.70035e-08    -1.123544e-07    -1.940932e-08    1.041412e-07
2.872065e-08    -7.298909e-08    -4.597185e-08    7.697412e-08    1.021938e-08    1.52958e-06    6.45166e-08    -9.56524e-07    -9.956706e-08    -2.853993e-08
-2.316341e-08    1.69456e-07    1.12264e-07    -6.771576e-08    -7.70035e-08    6.45166e-08    1.446377e-06    -1.275845e-07    -9.453861e-07    1.627079e-07
1.158679e-08    1.534164e-07    9.321558e-08    -5.730122e-08    -1.123544e-07    -9.56524e-07    -1.275845e-07    1.464836e-06    9.324971e-08    -6.101678e-07
5.078264e-08    -8.984802e-08    -5.749104e-08    8.755534e-08    -1.940932e-08    -9.956706e-08    -9.453861e-07    9.324971e-08    1.54226e-06    -5.403509e-07
-4.007501e-08    -6.488417e-08    -3.849221e-08    -2.752668e-08    1.041412e-07    -2.853993e-08    1.627079e-07    -6.101678e-07    -5.403509e-07    1.400184e-06
