1.540072e-06    4.203011e-08    -9.845987e-07    -8.415882e-08    1.218942e-07    2.056731e-07    6.670294e-08    -1.257927e-07    2.799351e-07    -1.5522e-07    1.234846e-07    -9.615384e-08    -1.494482e-07    1.247306e-07    1.123062e-08    2.458834e-08    -1.393853e-08    5.883682e-10    5.907895e-08    -5.090386e-08
4.203011e-08    1.409758e-06    -2.469949e-07    -9.085959e-07    2.757342e-07    -3.248481e-07    2.74714e-07    3.896857e-07    -3.423789e-07    -1.99455e-08    -4.130949e-08    -4.546621e-08    -8.590004e-08    -1.07619e-07    1.667624e-07    -7.603796e-08    9.891867e-08    9.054588e-08    -4.578368e-08    -2.933466e-08
-9.845987e-07    -2.469949e-07    1.424396e-06    9.399913e-08    -5.746941e-07    -3.192463e-07    2.228827e-07    3.907204e-07    -3.394997e-07    -5.987538e-09    -7.078535e-08    -5.298075e-08    -4.232478e-08    -6.985507e-08    1.083838e-07    -1.40208e-08    8.010611e-08    6.461096e-08    -3.46447e-08    -2.803342e-08
-8.415882e-08    -9.085959e-07    9.399913e-08    1.510507e-06    -6.59625e-07    1.642071e-07    6.812044e-08    -4.330299e-08    2.511275e-07    -1.906031e-07    1.03604e-07    -1.591545e-07    -1.086033e-07    1.549914e-07    -2.521521e-08    5.857065e-08    -8.853396e-09    1.359291e-09    4.553733e-08    -3.990316e-08
1.218942e-07    2.757342e-07    -5.746941e-07    -6.59625e-07    1.366875e-06    1.121787e-07    -2.549695e-07    -3.027598e-07    6.755059e-08    1.939518e-07    -5.788906e-08    1.735211e-07    1.674734e-07    -5.04608e-08    -8.282017e-08    -1.076964e-08    -8.009179e-08    -6.619746e-08    -2.435748e-08    5.608049e-08
2.056731e-07    -3.248481e-07    -3.192463e-07    1.642071e-07    1.121787e-07    1.234127e-06    -4.804401e-07    -3.595327e-07    2.420844e-08    -2.228069e-07    2.64867e-08    1.184302e-07    1.517627e-07    7.02234e-08    -1.685225e-07    8.112913e-09    -1.096453e-07    -1.075982e-07    -3.490779e-09    9.901457e-08
6.670294e-08    2.74714e-07    2.228827e-07    6.812044e-08    -2.549695e-07    -4.804401e-07    2.059324e-06    -3.350662e-07    -5.089342e-07    1.258872e-07    1.298707e-07    -2.812343e-07    -2.991817e-07    1.337999e-07    1.645349e-07    -2.988873e-08    1.08527e-07    1.157465e-07    1.487158e-08    -8.963512e-08
-1.257927e-07    3.896857e-07    3.907204e-07    -4.330299e-08    -3.027598e-07    -3.595327e-07    -3.350662e-07    2.003166e-06    -3.070425e-07    -9.751981e-07    1.008371e-07    -3.056814e-07    -3.05131e-07    6.222893e-08    2.051128e-07    1.820783e-08    4.510689e-08    3.452019e-08    3.204628e-08    -3.986969e-08
2.799351e-07    -3.423789e-07    -3.394997e-07    2.511275e-07    6.755059e-08    2.420844e-08    -5.089342e-07    -3.070425e-07    1.35192e-06    -3.081432e-07    8.10535e-08    8.526843e-08    1.125857e-07    1.178478e-07    -1.983188e-07    -4.70866e-08    -1.350785e-07    -1.559542e-07    -6.151126e-08    1.987822e-07
-1.5522e-07    -1.99455e-08    -5.987538e-09    -1.906031e-07    1.939518e-07    -2.228069e-07    1.258872e-07    -9.751981e-07    -3.081432e-07    1.448944e-06    -1.608349e-07    1.853117e-07    1.595136e-07    -1.836415e-07    2.011798e-08    2.224686e-08    8.245771e-08    5.172696e-08    -8.778101e-09    -7.70477e-08
1.234846e-07    -4.130949e-08    -7.078535e-08    1.03604e-07    -5.788906e-08    2.64867e-08    1.298707e-07    1.008371e-07    8.10535e-08    -1.608349e-07    1.52958e-06    6.45166e-08    -9.56524e-07    -9.956706e-08    -2.853993e-08    1.016575e-07    -5.870765e-08    -7.119648e-08    1.299544e-07    -2.255562e-08
-9.615384e-08    -4.546621e-08    -5.298075e-08    -1.591545e-07    1.735211e-07    1.184302e-07    -2.812343e-07    -3.056814e-07    8.526843e-08    1.853117e-07    6.45166e-08    1.446377e-06    -1.275845e-07    -9.453861e-07    1.627079e-07    -1.004725e-07    -2.89448e-08    -2.928284e-08    -1.040253e-07    1.565102e-07
-1.494482e-07    -8.590004e-08    -4.232478e-08    -1.086033e-07    1.674734e-07    1.517627e-07    -2.991817e-07    -3.05131e-07    1.125857e-07    1.595136e-07    -9.56524e-07    -1.275845e-07    1.464836e-06    9.324971e-08    -6.101678e-07    -7.310064e-08    -7.990152e-08    -5.470747e-08    -9.187547e-08    1.057459e-07
1.247306e-07    -1.07619e-07    -6.985507e-08    1.549914e-07    -5.04608e-08    7.02234e-08    1.337999e-07    6.222893e-08    1.178478e-07    -1.836415e-07    -9.956706e-08    -9.453861e-07    9.324971e-08    1.54226e-06    -5.403509e-07    1.222987e-07    -6.395903e-08    -9.432675e-08    8.585672e-08    -4.106822e-08
1.123062e-08    1.667624e-07    1.083838e-07    -2.521521e-08    -8.282017e-08    -1.685225e-07    1.645349e-07    2.051128e-07    -1.983188e-07    2.011798e-08    -2.853993e-08    1.627079e-07    -6.101678e-07    -5.403509e-07    1.400184e-06    -2.278646e-08    1.368151e-07    1.308943e-07    -4.968168e-08    -7.087612e-08
2.458834e-08    -7.603796e-08    -1.40208e-08    5.857065e-08    -1.076964e-08    8.112913e-09    -2.988873e-08    1.820783e-08    -4.70866e-08    2.224686e-08    1.016575e-07    -1.004725e-07    -7.310064e-08    1.222987e-07    -2.278646e-08    1.488221e-06    -2.408789e-08    -8.901257e-07    1.222054e-07    -3.036784e-08
-1.393853e-08    9.891867e-08    8.010611e-08    -8.853396e-09    -8.009179e-08    -1.096453e-07    1.08527e-07    4.510689e-08    -1.350785e-07    8.245771e-08    -5.870765e-08    -2.89448e-08    -7.990152e-08    -6.395903e-08    1.368151e-07    -2.408789e-08    1.469001e-06    -2.675869e-07    -8.766441e-07    3.187884e-07
5.883682e-10    9.054588e-08    6.461096e-08    1.359291e-09    -6.619746e-08    -1.075982e-07    1.157465e-07    3.452019e-08    -1.559542e-07    5.172696e-08    -7.119648e-08    -2.928284e-08    -5.470747e-08    -9.432675e-08    1.308943e-07    -8.901257e-07    -2.675869e-07    1.48309e-06    1.63897e-08    -6.518244e-07
5.907895e-08    -4.578368e-08    -3.46447e-08    4.553733e-08    -2.435748e-08    -3.490779e-09    1.487158e-08    3.204628e-08    -6.151126e-08    -8.778101e-09    1.299544e-07    -1.040253e-07    -9.187547e-08    8.585672e-08    -4.968168e-08    1.222054e-07    -8.766441e-07    1.63897e-08    1.491342e-06    -6.821081e-07
-5.090386e-08    -2.933466e-08    -2.803342e-08    -3.990316e-08    5.608049e-08    9.901457e-08    -8.963512e-08    -3.986969e-08    1.987822e-07    -7.70477e-08    -2.255562e-08    1.565102e-07    1.057459e-07    -4.106822e-08    -7.087612e-08    -3.036784e-08    3.187884e-07    -6.518244e-07    -6.821081e-07    1.407593e-06
