1.500904e-06    -6.792759e-08    -9.316614e-07    -1.044795e-07    6.552873e-08    7.051152e-08    -2.076784e-08    -2.594261e-08    4.95003e-08    -3.585296e-08    1.779057e-07    -1.201084e-07    -1.055073e-07    1.613324e-07    -6.980407e-08
-6.792759e-08    1.449781e-06    -8.824959e-08    -8.700961e-07    1.157145e-07    -1.060686e-07    1.111373e-07    1.438746e-07    -5.613807e-08    -5.316681e-08    -1.140911e-07    -5.609095e-08    -4.731916e-08    -1.127246e-07    1.386817e-07
-9.316614e-07    -8.824959e-08    1.473615e-06    1.564405e-08    -5.819284e-07    -7.774924e-08    1.323934e-07    1.330354e-07    -6.475551e-08    -6.208704e-08    -1.044416e-07    -5.433718e-08    -8.194446e-08    -1.153003e-07    1.926933e-07
-1.044795e-07    -8.700961e-07    1.564405e-08    1.490392e-06    -5.003959e-07    1.115996e-07    -1.872415e-08    -3.619999e-08    4.371854e-08    -5.794552e-08    1.479271e-07    -1.381555e-07    -1.288627e-07    1.418918e-07    6.927969e-10
6.552873e-08    1.157145e-07    -5.819284e-07    -5.003959e-07    1.359764e-06    1.251589e-08    -1.149566e-07    -1.048484e-07    2.029848e-08    9.601713e-08    -3.731456e-08    1.766635e-07    1.656855e-07    -2.513669e-08    -1.394244e-07
7.051152e-08    -1.060686e-07    -7.774924e-08    1.115996e-07    1.251589e-08    1.52958e-06    6.45166e-08    -9.56524e-07    -9.956706e-08    -2.853993e-08    1.016575e-07    -5.870765e-08    -7.119648e-08    1.299544e-07    -2.255562e-08
-2.076784e-08    1.111373e-07    1.323934e-07    -1.872415e-08    -1.149566e-07    6.45166e-08    1.446377e-06    -1.275845e-07    -9.453861e-07    1.627079e-07    -1.004725e-07    -2.89448e-08    -2.928284e-08    -1.040253e-07    1.565102e-07
-2.594261e-08    1.438746e-07    1.330354e-07    -3.619999e-08    -1.048484e-07    -9.56524e-07    -1.275845e-07    1.464836e-06    9.324971e-08    -6.101678e-07    -7.310064e-08    -7.990152e-08    -5.470747e-08    -9.187547e-08    1.057459e-07
4.95003e-08    -5.613807e-08    -6.475551e-08    4.371854e-08    2.029848e-08    -9.956706e-08    -9.453861e-07    9.324971e-08    1.54226e-06    -5.403509e-07    1.222987e-07    -6.395903e-08    -9.432675e-08    8.585672e-08    -4.106822e-08
-3.585296e-08    -5.316681e-08    -6.208704e-08    -5.794552e-08    9.601713e-08    -2.853993e-08    1.627079e-07    -6.101678e-07    -5.403509e-07    1.400184e-06    -2.278646e-08    1.368151e-07    1.308943e-07    -4.968168e-08    -7.087612e-08
1.779057e-07    -1.140911e-07    -1.044416e-07    1.479271e-07    -3.731456e-08    1.016575e-07    -1.004725e-07    -7.310064e-08    1.222987e-07    -2.278646e-08    1.488221e-06    -2.408789e-08    -8.901257e-07    1.222054e-07    -3.036784e-08
-1.201084e-07    -5.609095e-08    -5.433718e-08    -1.381555e-07    1.766635e-07    -5.870765e-08    -2.89448e-08    -7.990152e-08    -6.395903e-08    1.368151e-07    -2.408789e-08    1.469001e-06    -2.675869e-07    -8.766441e-07    3.187884e-07
-1.055073e-07    -4.731916e-08    -8.194446e-08    -1.288627e-07    1.656855e-07    -7.119648e-08    -2.928284e-08    -5.470747e-08    -9.432675e-08    1.308943e-07    -8.901257e-07    -2.675869e-07    1.48309e-06    1.63897e-08    -6.518244e-07
1.613324e-07    -1.127246e-07    -1.153003e-07    1.418918e-07    -2.513669e-08    1.299544e-07    -1.040253e-07    -9.187547e-08    8.585672e-08    -4.968168e-08    1.222054e-07    -8.766441e-07    1.63897e-08    1.491342e-06    -6.821081e-07
-6.980407e-08    1.386817e-07    1.926933e-07    6.927969e-10    -1.394244e-07    -2.255562e-08    1.565102e-07    1.057459e-07    -4.106822e-08    -7.087612e-08    -3.036784e-08    3.187884e-07    -6.518244e-07    -6.821081e-07    1.407593e-06
