1.457257e-06    1.743115e-07    -9.820345e-07    -2.900465e-08    -9.333046e-09    9.244523e-08    -1.134345e-07    -9.45354e-08    9.423173e-08    2.068195e-08
1.743115e-07    1.616657e-06    -3.358758e-07    -9.808844e-07    3.401568e-07    -1.290405e-07    4.168029e-08    3.950273e-08    -1.265016e-07    9.531791e-08
-9.820345e-07    -3.358758e-07    1.598062e-06    1.488089e-07    -7.693114e-07    -9.30373e-08    2.668827e-08    1.394906e-08    -1.044701e-07    6.902153e-08
-2.900465e-08    -9.808844e-07    1.488089e-07    1.454786e-06    -6.167025e-07    1.270503e-07    -9.270717e-08    -1.063806e-07    9.185157e-08    -2.036039e-08
-9.333046e-09    3.401568e-07    -7.693114e-07    -6.167025e-07    1.398793e-06    -3.801253e-09    7.240778e-08    8.69219e-08    1.759631e-08    -9.089819e-08
9.244523e-08    -1.290405e-07    -9.30373e-08    1.270503e-07    -3.801253e-09    1.52958e-06    6.45166e-08    -9.56524e-07    -9.956706e-08    -2.853993e-08
-1.134345e-07    4.168029e-08    2.668827e-08    -9.270717e-08    7.240778e-08    6.45166e-08    1.446377e-06    -1.275845e-07    -9.453861e-07    1.627079e-07
-9.45354e-08    3.950273e-08    1.394906e-08    -1.063806e-07    8.69219e-08    -9.56524e-07    -1.275845e-07    1.464836e-06    9.324971e-08    -6.101678e-07
9.423173e-08    -1.265016e-07    -1.044701e-07    9.185157e-08    1.759631e-08    -9.956706e-08    -9.453861e-07    9.324971e-08    1.54226e-06    -5.403509e-07
2.068195e-08    9.531791e-08    6.902153e-08    -2.036039e-08    -9.089819e-08    -2.853993e-08    1.627079e-07    -6.101678e-07    -5.403509e-07    1.400184e-06
