1.52958e-06    6.45166e-08    -9.56524e-07    -9.956706e-08    -2.853993e-08    1.055762e-07    -1.012015e-07    -7.650923e-08    1.1716e-07    -1.715772e-08
6.45166e-08    1.446377e-06    -1.275845e-07    -9.453861e-07    1.627079e-07    -6.579724e-08    -5.335548e-08    -4.314249e-08    -7.769749e-08    1.120064e-07
-9.56524e-07    -1.275845e-07    1.464836e-06    9.324971e-08    -6.101678e-07    -9.728928e-08    -3.576544e-08    -3.041763e-08    -1.06822e-07    1.277157e-07
-9.956706e-08    -9.453861e-07    9.324971e-08    1.54226e-06    -5.403509e-07    7.689611e-08    -9.531945e-08    -4.598851e-08    1.013596e-07    -1.854105e-08
-2.853993e-08    1.627079e-07    -6.101678e-07    -5.403509e-07    1.400184e-06    -2.042975e-08    1.305185e-07    1.025934e-07    -1.167548e-08    -8.376974e-08
1.055762e-07    -6.579724e-08    -9.728928e-08    7.689611e-08    -2.042975e-08    1.4927e-06    1.011661e-07    -9.729293e-07    5.491024e-08    -1.085604e-08
-1.012015e-07    -5.335548e-08    -3.576544e-08    -9.531945e-08    1.305185e-07    1.011661e-07    1.476813e-06    -2.318646e-07    -9.495468e-07    2.910746e-07
-7.650923e-08    -4.314249e-08    -3.041763e-08    -4.598851e-08    1.025934e-07    -9.729293e-07    -2.318646e-07    1.505898e-06    6.52095e-08    -6.835474e-07
1.1716e-07    -7.769749e-08    -1.06822e-07    1.013596e-07    -1.167548e-08    5.491024e-08    -9.495468e-07    6.52095e-08    1.505401e-06    -6.461711e-07
-1.715772e-08    1.120064e-07    1.277157e-07    -1.854105e-08    -8.376974e-08    -1.085604e-08    2.910746e-07    -6.835474e-07    -6.461711e-07    1.414867e-06
