1.384648e-06    -3.114386e-07    -7.431074e-07    2.056233e-07    -1.353625e-09    1.194076e-07    -8.8758e-08    -1.387355e-07    1.119416e-07    1.123747e-08
-3.114386e-07    1.383074e-06    -4.187749e-08    -9.751589e-07    2.859316e-07    -1.227819e-07    -2.819355e-09    -2.977427e-08    -1.378175e-07    1.366782e-07
-7.431074e-07    -4.187749e-08    1.46743e-06    1.340621e-07    -7.675104e-07    -3.987847e-08    -1.536728e-07    -1.117851e-07    -1.901435e-08    1.453223e-07
2.056233e-07    -9.751589e-07    1.340621e-07    1.556799e-06    -7.876328e-07    1.809366e-07    -1.954327e-07    -1.583205e-07    1.893825e-07    -4.288145e-09
-1.353625e-09    2.859316e-07    -7.675104e-07    -7.876328e-07    1.441199e-06    -9.240705e-08    2.945368e-07    2.483578e-07    -1.243061e-07    -1.469426e-07
1.194076e-07    -1.227819e-07    -3.987847e-08    1.809366e-07    -9.240705e-08    1.52958e-06    6.45166e-08    -9.56524e-07    -9.956706e-08    -2.853993e-08
-8.8758e-08    -2.819355e-09    -1.536728e-07    -1.954327e-07    2.945368e-07    6.45166e-08    1.446377e-06    -1.275845e-07    -9.453861e-07    1.627079e-07
-1.387355e-07    -2.977427e-08    -1.117851e-07    -1.583205e-07    2.483578e-07    -9.56524e-07    -1.275845e-07    1.464836e-06    9.324971e-08    -6.101678e-07
1.119416e-07    -1.378175e-07    -1.901435e-08    1.893825e-07    -1.243061e-07    -9.956706e-08    -9.453861e-07    9.324971e-08    1.54226e-06    -5.403509e-07
1.123747e-08    1.366782e-07    1.453223e-07    -4.288145e-09    -1.469426e-07    -2.853993e-08    1.627079e-07    -6.101678e-07    -5.403509e-07    1.400184e-06
