1.508915e-06    -4.163723e-09    -1.015196e-06    -1.498986e-07    3.214666e-08    6.320557e-08    -4.444728e-08    -3.3652e-08    8.215008e-08    -4.671596e-08
-4.163723e-09    1.44204e-06    -7.630112e-08    -8.281394e-07    1.405873e-07    -4.468043e-08    1.698357e-07    1.223199e-07    -9.051951e-08    -4.963419e-08
-1.015196e-06    -7.630112e-08    1.461503e-06    4.31616e-08    -4.556048e-07    -7.864362e-08    1.100103e-07    1.292245e-07    -6.194533e-08    -5.178537e-08
-1.498986e-07    -8.281394e-07    4.31616e-08    1.479273e-06    -5.360425e-07    4.588707e-08    -4.210624e-08    -1.40119e-08    5.756482e-08    -1.927504e-08
3.214666e-08    1.405873e-07    -4.556048e-07    -5.360425e-07    1.271812e-06    9.58152e-09    -7.473254e-08    -8.578222e-08    -2.665319e-08    7.730394e-08
6.320557e-08    -4.468043e-08    -7.864362e-08    4.588707e-08    9.58152e-09    1.52958e-06    6.45166e-08    -9.56524e-07    -9.956706e-08    -2.853993e-08
-4.444728e-08    1.698357e-07    1.100103e-07    -4.210624e-08    -7.473254e-08    6.45166e-08    1.446377e-06    -1.275845e-07    -9.453861e-07    1.627079e-07
-3.3652e-08    1.223199e-07    1.292245e-07    -1.40119e-08    -8.578222e-08    -9.56524e-07    -1.275845e-07    1.464836e-06    9.324971e-08    -6.101678e-07
8.215008e-08    -9.051951e-08    -6.194533e-08    5.756482e-08    -2.665319e-08    -9.956706e-08    -9.453861e-07    9.324971e-08    1.54226e-06    -5.403509e-07
-4.671596e-08    -4.963419e-08    -5.178537e-08    -1.927504e-08    7.730394e-08    -2.853993e-08    1.627079e-07    -6.101678e-07    -5.403509e-07    1.400184e-06
