1.384648e-06    -3.114386e-07    -7.431074e-07    2.056233e-07    -1.353625e-09    2.703188e-07    1.810059e-07    -1.572987e-07    1.74184e-07    -1.406615e-07    1.194076e-07    -8.8758e-08    -1.387355e-07    1.119416e-07    1.123747e-08    7.803269e-08    7.399774e-09    -2.170648e-08    4.265099e-08    -4.736396e-08
-3.114386e-07    1.383074e-06    -4.187749e-08    -9.751589e-07    2.859316e-07    -4.113751e-07    3.505448e-07    2.852045e-07    -4.152908e-07    1.123842e-07    -1.227819e-07    -2.819355e-09    -2.977427e-08    -1.378175e-07    1.366782e-07    -6.355644e-08    7.167413e-08    1.179253e-07    -3.29201e-08    -5.615751e-08
-7.431074e-07    -4.187749e-08    1.46743e-06    1.340621e-07    -7.675104e-07    -3.12629e-07    1.656897e-07    5.871983e-07    -2.807898e-07    -1.411093e-07    -3.987847e-08    -1.536728e-07    -1.117851e-07    -1.901435e-08    1.453223e-07    -5.399194e-08    1.061634e-07    9.669155e-08    -3.901964e-08    -3.900972e-08
2.056233e-07    -9.751589e-07    1.340621e-07    1.556799e-06    -7.876328e-07    1.387555e-07    7.958361e-09    5.117978e-08    3.651707e-07    -2.816455e-07    1.809366e-07    -1.954327e-07    -1.583205e-07    1.893825e-07    -4.288145e-09    5.855138e-08    -1.045321e-09    -2.911162e-08    4.880549e-08    -2.366628e-08
-1.353625e-09    2.859316e-07    -7.675104e-07    -7.876328e-07    1.441199e-06    1.356582e-07    -2.968669e-07    -4.866023e-07    8.175891e-08    3.749357e-07    -9.240705e-08    2.945368e-07    2.483578e-07    -1.243061e-07    -1.469426e-07    1.356671e-08    -9.631303e-08    -1.107935e-07    -1.608049e-08    1.04388e-07
2.703188e-07    -4.113751e-07    -3.12629e-07    1.387555e-07    1.356582e-07    1.234127e-06    -4.804401e-07    -3.595327e-07    2.420844e-08    -2.228069e-07    2.64867e-08    1.184302e-07    1.517627e-07    7.02234e-08    -1.685225e-07    8.112913e-09    -1.096453e-07    -1.075982e-07    -3.490779e-09    9.901457e-08
1.810059e-07    3.505448e-07    1.656897e-07    7.958361e-09    -2.968669e-07    -4.804401e-07    2.059324e-06    -3.350662e-07    -5.089342e-07    1.258872e-07    1.298707e-07    -2.812343e-07    -2.991817e-07    1.337999e-07    1.645349e-07    -2.988873e-08    1.08527e-07    1.157465e-07    1.487158e-08    -8.963512e-08
-1.572987e-07    2.852045e-07    5.871983e-07    5.117978e-08    -4.866023e-07    -3.595327e-07    -3.350662e-07    2.003166e-06    -3.070425e-07    -9.751981e-07    1.008371e-07    -3.056814e-07    -3.05131e-07    6.222893e-08    2.051128e-07    1.820783e-08    4.510689e-08    3.452019e-08    3.204628e-08    -3.986969e-08
1.74184e-07    -4.152908e-07    -2.807898e-07    3.651707e-07    8.175891e-08    2.420844e-08    -5.089342e-07    -3.070425e-07    1.35192e-06    -3.081432e-07    8.10535e-08    8.526843e-08    1.125857e-07    1.178478e-07    -1.983188e-07    -4.70866e-08    -1.350785e-07    -1.559542e-07    -6.151126e-08    1.987822e-07
-1.406615e-07    1.123842e-07    -1.411093e-07    -2.816455e-07    3.749357e-07    -2.228069e-07    1.258872e-07    -9.751981e-07    -3.081432e-07    1.448944e-06    -1.608349e-07    1.853117e-07    1.595136e-07    -1.836415e-07    2.011798e-08    2.224686e-08    8.245771e-08    5.172696e-08    -8.778101e-09    -7.70477e-08
1.194076e-07    -1.227819e-07    -3.987847e-08    1.809366e-07    -9.240705e-08    2.64867e-08    1.298707e-07    1.008371e-07    8.10535e-08    -1.608349e-07    1.52958e-06    6.45166e-08    -9.56524e-07    -9.956706e-08    -2.853993e-08    1.016575e-07    -5.870765e-08    -7.119648e-08    1.299544e-07    -2.255562e-08
-8.8758e-08    -2.819355e-09    -1.536728e-07    -1.954327e-07    2.945368e-07    1.184302e-07    -2.812343e-07    -3.056814e-07    8.526843e-08    1.853117e-07    6.45166e-08    1.446377e-06    -1.275845e-07    -9.453861e-07    1.627079e-07    -1.004725e-07    -2.89448e-08    -2.928284e-08    -1.040253e-07    1.565102e-07
-1.387355e-07    -2.977427e-08    -1.117851e-07    -1.583205e-07    2.483578e-07    1.517627e-07    -2.991817e-07    -3.05131e-07    1.125857e-07    1.595136e-07    -9.56524e-07    -1.275845e-07    1.464836e-06    9.324971e-08    -6.101678e-07    -7.310064e-08    -7.990152e-08    -5.470747e-08    -9.187547e-08    1.057459e-07
1.119416e-07    -1.378175e-07    -1.901435e-08    1.893825e-07    -1.243061e-07    7.02234e-08    1.337999e-07    6.222893e-08    1.178478e-07    -1.836415e-07    -9.956706e-08    -9.453861e-07    9.324971e-08    1.54226e-06    -5.403509e-07    1.222987e-07    -6.395903e-08    -9.432675e-08    8.585672e-08    -4.106822e-08
1.123747e-08    1.366782e-07    1.453223e-07    -4.288145e-09    -1.469426e-07    -1.685225e-07    1.645349e-07    2.051128e-07    -1.983188e-07    2.011798e-08    -2.853993e-08    1.627079e-07    -6.101678e-07    -5.403509e-07    1.400184e-06    -2.278646e-08    1.368151e-07    1.308943e-07    -4.968168e-08    -7.087612e-08
7.803269e-08    -6.355644e-08    -5.399194e-08    5.855138e-08    1.356671e-08    8.112913e-09    -2.988873e-08    1.820783e-08    -4.70866e-08    2.224686e-08    1.016575e-07    -1.004725e-07    -7.310064e-08    1.222987e-07    -2.278646e-08    1.488221e-06    -2.408789e-08    -8.901257e-07    1.222054e-07    -3.036784e-08
7.399774e-09    7.167413e-08    1.061634e-07    -1.045321e-09    -9.631303e-08    -1.096453e-07    1.08527e-07    4.510689e-08    -1.350785e-07    8.245771e-08    -5.870765e-08    -2.89448e-08    -7.990152e-08    -6.395903e-08    1.368151e-07    -2.408789e-08    1.469001e-06    -2.675869e-07    -8.766441e-07    3.187884e-07
-2.170648e-08    1.179253e-07    9.669155e-08    -2.911162e-08    -1.107935e-07    -1.075982e-07    1.157465e-07    3.452019e-08    -1.559542e-07    5.172696e-08    -7.119648e-08    -2.928284e-08    -5.470747e-08    -9.432675e-08    1.308943e-07    -8.901257e-07    -2.675869e-07    1.48309e-06    1.63897e-08    -6.518244e-07
4.265099e-08    -3.29201e-08    -3.901964e-08    4.880549e-08    -1.608049e-08    -3.490779e-09    1.487158e-08    3.204628e-08    -6.151126e-08    -8.778101e-09    1.299544e-07    -1.040253e-07    -9.187547e-08    8.585672e-08    -4.968168e-08    1.222054e-07    -8.766441e-07    1.63897e-08    1.491342e-06    -6.821081e-07
-4.736396e-08    -5.615751e-08    -3.900972e-08    -2.366628e-08    1.04388e-07    9.901457e-08    -8.963512e-08    -3.986969e-08    1.987822e-07    -7.70477e-08    -2.255562e-08    1.565102e-07    1.057459e-07    -4.106822e-08    -7.087612e-08    -3.036784e-08    3.187884e-07    -6.518244e-07    -6.821081e-07    1.407593e-06
