7.481787e-06    2.106806e-06    -3.077257e-06    -1.156732e-06    -1.265952e-06    -5.289132e-07    -2.079011e-06    -9.687378e-07    2.149873e-07    1.585661e-06    -4.877101e-07    -1.633811e-06    -1.47416e-06    -2.924421e-07    2.189673e-06    5.169142e-07    2.272261e-06    1.993379e-06    1.146361e-07    -2.899835e-06
2.106806e-06    1.494939e-05    6.508715e-06    -2.827156e-06    -5.976005e-06    -3.651274e-06    -5.493802e-06    -3.707872e-06    -1.338588e-06    5.68513e-06    -4.136323e-07    -4.420359e-06    -3.826689e-06    -2.474452e-06    5.951302e-06    2.055349e-06    8.699392e-06    6.980027e-06    -5.644749e-07    -1.00855e-05
-3.077257e-06    6.508715e-06    1.065716e-05    1.27674e-06    -6.33017e-06    -1.964622e-06    -2.327992e-06    -2.568407e-06    -1.495405e-06    3.412963e-06    -4.694285e-07    -2.012417e-06    -1.50689e-06    -1.779015e-06    3.032156e-06    1.809273e-06    5.7606e-06    4.122542e-06    -2.876308e-07    -6.237027e-06
-1.156732e-06    -2.827156e-06    1.27674e-06    7.010674e-06    -2.997433e-06    1.120702e-06    5.075288e-08    -7.489271e-07    7.379993e-07    -1.507383e-06    -8.497678e-07    6.803288e-08    1.11701e-06    1.099102e-07    -3.612761e-07    8.871959e-07    1.118801e-07    -3.563746e-07    5.230161e-07    -7.664322e-07
-1.265952e-06    -5.976005e-06    -6.33017e-06    -2.997433e-06    1.015424e-05    1.410798e-06    3.111674e-06    2.572477e-06    2.682734e-07    -2.118659e-06    1.330807e-06    2.448977e-06    1.592332e-06    1.427249e-06    -2.840276e-06    -1.924871e-06    -6.486707e-06    -4.56315e-06    -2.272027e-07    7.04045e-06
-5.289132e-07    -3.651274e-06    -1.964622e-06    1.120702e-06    1.410798e-06    8.56438e-06    1.656935e-06    -3.73977e-06    5.371598e-07    -1.851676e-06    8.580595e-07    1.729407e-06    1.137775e-06    2.783261e-07    -2.115449e-06    -1.1283e-06    -2.206134e-06    -1.765771e-06    -8.673982e-07    3.994276e-06
-2.079011e-06    -5.493802e-06    -2.327992e-06    5.075288e-08    3.111674e-06    1.656935e-06    7.710914e-06    1.915862e-06    -2.814275e-06    -1.363248e-06    -1.395058e-07    2.836613e-06    2.564343e-06    9.923847e-07    -3.839685e-06    -1.072805e-06    -3.525608e-06    -2.740785e-06    -6.953641e-08    4.926347e-06
-9.687378e-07    -3.707872e-06    -2.568407e-06    -7.489271e-07    2.572477e-06    -3.73977e-06    1.915862e-06    8.080443e-06    6.411805e-07    -4.812911e-06    -5.172671e-07    1.641039e-06    1.875231e-06    1.649648e-06    -2.537654e-06    -5.05562e-07    -2.445497e-06    -1.85595e-06    9.507726e-07    2.336857e-06
2.149873e-07    -1.338588e-06    -1.495405e-06    7.379993e-07    2.682734e-07    5.371598e-07    -2.814275e-06    6.411805e-07    7.31455e-06    -5.379579e-06    5.240194e-07    1.97802e-07    5.13681e-07    5.173608e-07    -1.666889e-06    -4.475191e-07    -6.059497e-07    -5.762263e-07    7.179734e-08    6.997413e-07
1.585661e-06    5.68513e-06    3.412963e-06    -1.507383e-06    -2.118659e-06    -1.851676e-06    -1.363248e-06    -4.812911e-06    -5.379579e-06    1.304621e-05    -1.296483e-07    -2.516145e-06    -3.261733e-06    -2.154308e-06    4.55609e-06    1.130573e-06    3.495543e-06    3.32045e-06    -2.879754e-07    -4.775791e-06
-4.877101e-07    -4.136323e-07    -4.694285e-07    -8.497678e-07    1.330807e-06    8.580595e-07    -1.395058e-07    -5.172671e-07    5.240194e-07    -1.296483e-07    6.582398e-06    1.037564e-06    -2.446976e-06    -3.224219e-07    -8.358538e-07    -5.79111e-07    -1.878093e-06    -1.341656e-06    -4.525454e-08    2.11391e-06
-1.633811e-06    -4.420359e-06    -2.012417e-06    6.803288e-08    2.448977e-06    1.729407e-06    2.836613e-06    1.641039e-06    1.97802e-07    -2.516145e-06    1.037564e-06    7.037613e-06    1.691766e-06    -2.041662e-06    -2.820863e-06    -1.402928e-06    -3.302604e-06    -2.832209e-06    -4.916302e-07    5.22088e-06
-1.47416e-06    -3.826689e-06    -1.50689e-06    1.11701e-06    1.592332e-06    1.137775e-06    2.564343e-06    1.875231e-06    5.13681e-07    -3.261733e-06    -2.446976e-06    1.691766e-06    6.470306e-06    1.44606e-06    -4.993714e-06    -9.37446e-07    -3.075269e-06    -2.837026e-06    -1.885593e-07    4.24162e-06
-2.924421e-07    -2.474452e-06    -1.779015e-06    1.099102e-07    1.427249e-06    2.783261e-07    9.923847e-07    1.649648e-06    5.173608e-07    -2.154308e-06    -3.224219e-07    -2.041662e-06    1.44606e-06    6.593983e-06    -4.096146e-06    2.893107e-08    -2.929246e-06    -2.522031e-06    8.857182e-07    2.428154e-06
2.189673e-06    5.951302e-06    3.032156e-06    -3.612761e-07    -2.840276e-06    -2.115449e-06    -3.839685e-06    -2.537654e-06    -1.666889e-06    4.55609e-06    -8.358538e-07    -2.820863e-06    -4.993714e-06    -4.096146e-06    1.26802e-05    1.487256e-06    5.31682e-06    4.615481e-06    -2.687903e-07    -7.13067e-06
5.169142e-07    2.055349e-06    1.809273e-06    8.871959e-07    -1.924871e-06    -1.1283e-06    -1.072805e-06    -5.05562e-07    -4.475191e-07    1.130573e-06    -5.79111e-07    -1.402928e-06    -9.37446e-07    2.893107e-08    1.487256e-06    6.40453e-06    1.805346e-06    -1.789783e-06    3.080078e-09    -3.085656e-06
2.272261e-06    8.699392e-06    5.7606e-06    1.118801e-07    -6.486707e-06    -2.206134e-06    -3.525608e-06    -2.445497e-06    -6.059497e-07    3.495543e-06    -1.878093e-06    -3.302604e-06    -3.075269e-06    -2.929246e-06    5.31682e-06    1.805346e-06    1.318194e-05    6.971675e-06    -3.502478e-06    -9.198236e-06
1.993379e-06    6.980027e-06    4.122542e-06    -3.563746e-07    -4.56315e-06    -1.765771e-06    -2.740785e-06    -1.85595e-06    -5.762263e-07    3.32045e-06    -1.341656e-06    -2.832209e-06    -2.837026e-06    -2.522031e-06    4.615481e-06    -1.789783e-06    6.971675e-06    1.050383e-05    -7.422984e-07    -9.049029e-06
1.146361e-07    -5.644749e-07    -2.876308e-07    5.230161e-07    -2.272027e-07    -8.673982e-07    -6.953641e-08    9.507726e-07    7.179734e-08    -2.879754e-07    -4.525454e-08    -4.916302e-07    -1.885593e-07    8.857182e-07    -2.687903e-07    3.080078e-09    -3.502478e-06    -7.422984e-07    5.972233e-06    -1.824118e-06
-2.899835e-06    -1.00855e-05    -6.237027e-06    -7.664322e-07    7.04045e-06    3.994276e-06    4.926347e-06    2.336857e-06    6.997413e-07    -4.775791e-06    2.11391e-06    5.22088e-06    4.24162e-06    2.428154e-06    -7.13067e-06    -3.085656e-06    -9.198236e-06    -9.049029e-06    -1.824118e-06    1.634509e-05
