8.56438e-06    1.656935e-06    -3.73977e-06    5.371598e-07    -1.851676e-06    8.580595e-07    1.729407e-06    1.137775e-06    2.783261e-07    -2.115449e-06    1.268098e-06    -2.016714e-06    -3.545351e-06    -9.366189e-07    1.515786e-06    -1.1283e-06    -2.206134e-06    -1.765771e-06    -8.673982e-07    3.994276e-06    5.101085e-07    9.951598e-07    -1.203334e-06    1.186232e-06    6.677359e-08    4.577488e-06    5.920166e-07    -5.452919e-06    1.160227e-06    -1.605819e-06
1.656935e-06    7.710914e-06    1.915862e-06    -2.814275e-06    -1.363248e-06    -1.395058e-07    2.836613e-06    2.564343e-06    9.923847e-07    -3.839685e-06    -6.106852e-07    -3.482954e-06    -4.472234e-06    -1.284907e-06    3.539548e-06    -1.072805e-06    -3.525608e-06    -2.740785e-06    -6.953641e-08    4.926347e-06    1.622979e-07    1.238174e-08    -9.630994e-07    1.894418e-06    4.464524e-07    4.927729e-06    9.805814e-07    -3.653002e-06    -1.736203e-06    -1.102949e-06
-3.73977e-06    1.915862e-06    8.080443e-06    6.411805e-07    -4.812911e-06    -5.172671e-07    1.641039e-06    1.875231e-06    1.649648e-06    -2.537654e-06    -1.073223e-06    -2.946969e-06    -3.268914e-06    -5.03609e-07    3.425219e-06    -5.05562e-07    -2.445497e-06    -1.85595e-06    9.507726e-07    2.336857e-06    1.452291e-07    -7.947452e-07    -2.354594e-07    9.286419e-07    4.524747e-07    3.475939e-06    -7.722325e-07    -7.083872e-07    -2.104706e-06    -3.187364e-07
5.371598e-07    -2.814275e-06    6.411805e-07    7.31455e-06    -5.379579e-06    5.240194e-07    1.97802e-07    5.13681e-07    5.173608e-07    -1.666889e-06    9.785535e-07    -1.07737e-06    -1.542032e-06    -2.168535e-07    8.438092e-07    -4.475191e-07    -6.059497e-07    -5.762263e-07    7.179734e-08    6.997413e-07    3.841983e-07    -5.409234e-07    -7.220262e-07    8.685375e-07    1.057219e-07    3.444185e-06    -1.195539e-06    -1.77012e-06    3.432543e-08    -1.460033e-07
-1.851676e-06    -1.363248e-06    -4.812911e-06    -5.379579e-06    1.304621e-05    -1.296483e-07    -2.516145e-06    -3.261733e-06    -2.154308e-06    4.55609e-06    -8.235275e-07    3.803943e-06    5.266083e-06    8.984314e-07    -3.165443e-06    1.130573e-06    3.495543e-06    3.32045e-06    -2.879754e-07    -4.775791e-06    -1.1023e-06    6.237812e-07    1.798592e-06    -1.729553e-06    -5.501137e-07    -7.669449e-06    6.038539e-07    4.154821e-06    2.64783e-07    2.701993e-06
8.580595e-07    -1.395058e-07    -5.172671e-07    5.240194e-07    -1.296483e-07    6.582398e-06    1.037564e-06    -2.446976e-06    -3.224219e-07    -8.358538e-07    -1.533844e-07    -2.564435e-07    -6.553735e-07    -1.119717e-06    1.045931e-06    -5.79111e-07    -1.878093e-06    -1.341656e-06    -4.525454e-08    2.11391e-06    -8.535279e-08    1.019997e-06    -3.567718e-07    1.33239e-07    7.493415e-08    1.354494e-06    6.838463e-07    -2.912105e-06    2.515989e-07    -6.017289e-07
1.729407e-06    2.836613e-06    1.641039e-06    1.97802e-07    -2.516145e-06    1.037564e-06    7.037613e-06    1.691766e-06    -2.041662e-06    -2.820863e-06    -1.549831e-07    -2.909264e-06    -3.718939e-06    -1.083083e-06    2.767963e-06    -1.402928e-06    -3.302604e-06    -2.832209e-06    -4.916302e-07    5.22088e-06    2.481087e-07    7.324402e-08    -6.877827e-07    1.40315e-06    3.536604e-07    4.147643e-06    6.984765e-07    -3.377573e-06    -4.502299e-07    -1.780318e-06
1.137775e-06    2.564343e-06    1.875231e-06    5.13681e-07    -3.261733e-06    -2.446976e-06    1.691766e-06    6.470306e-06    1.44606e-06    -4.993714e-06    1.977573e-07    -2.199524e-06    -3.218026e-06    -5.298504e-07    1.96817e-06    -9.37446e-07    -3.075269e-06    -2.837026e-06    -1.885593e-07    4.24162e-06    4.839747e-07    -4.755863e-07    -8.076503e-07    1.150788e-06    4.00371e-07    4.138738e-06    1.061492e-06    -2.15151e-06    -1.240695e-06    -1.469586e-06
2.783261e-07    9.923847e-07    1.649648e-06    5.173608e-07    -2.154308e-06    -3.224219e-07    -2.041662e-06    1.44606e-06    6.593983e-06    -4.096146e-06    -8.280764e-08    -1.73437e-06    -2.361131e-06    -2.05657e-07    1.786921e-06    2.893107e-08    -2.929246e-06    -2.522031e-06    8.857182e-07    2.428154e-06    2.45434e-07    2.43231e-07    -3.442232e-07    6.344871e-07    9.599355e-08    4.198112e-06    -4.915459e-07    -2.896585e-06    -7.179556e-07    -3.042986e-07
-2.115449e-06    -3.839685e-06    -2.537654e-06    -1.666889e-06    4.55609e-06    -8.358538e-07    -2.820863e-06    -4.993714e-06    -4.096146e-06    1.26802e-05    -3.503512e-07    3.731619e-06    5.301853e-06    1.937064e-06    -3.68274e-06    1.487256e-06    5.31682e-06    4.615481e-06    -2.687903e-07    -7.13067e-06    -5.978723e-07    3.945709e-07    1.758988e-06    -2.799644e-06    -5.683653e-07    -8.42265e-06    -5.804122e-08    5.309332e-06    9.523234e-07    3.134868e-06
1.268098e-06    -6.106852e-07    -1.073223e-06    9.785535e-07    -8.235275e-07    -1.533844e-07    -1.549831e-07    1.977573e-07    -8.280764e-08    -3.503512e-07    5.827196e-06    -1.955213e-08    -3.154162e-06    -4.402428e-07    -7.192624e-07    8.048214e-08    1.293159e-07    -4.260249e-08    -1.203722e-08    2.617042e-08    5.741709e-07    -2.752505e-08    -8.611052e-07    3.748502e-07    -4.026722e-08    1.139138e-06    -3.287534e-07    -6.061937e-07    1.487517e-06    -5.962693e-07
-2.016714e-06    -3.482954e-06    -2.946969e-06    -1.07737e-06    3.803943e-06    -2.564435e-07    -2.909264e-06    -2.199524e-06    -1.73437e-06    3.731619e-06    -1.955213e-08    9.738602e-06    6.803159e-06    -1.049526e-06    -5.626806e-06    1.524282e-06    6.266211e-06    4.764146e-06    -5.888949e-07    -6.679432e-06    1.30675e-06    -2.06968e-06    -1.014644e-06    -1.736008e-06    5.047447e-08    -9.929483e-06    2.269145e-06    1.002691e-05    8.786675e-07    -1.429519e-06
-3.545351e-06    -4.472234e-06    -3.268914e-06    -1.542032e-06    5.266083e-06    -6.553735e-07    -3.718939e-06    -3.218026e-06    -2.361131e-06    5.301853e-06    -3.154162e-06    6.803159e-06    1.369764e-05    2.365745e-06    -8.996157e-06    2.235976e-06    8.12956e-06    6.294548e-06    -2.283009e-07    -9.633526e-06    1.271465e-06    -3.250254e-06    -4.202654e-07    -2.044935e-06    -8.148884e-08    -1.336896e-05    2.16269e-06    1.377831e-05    1.102279e-06    -8.298829e-07
-9.366189e-07    -1.284907e-06    -5.03609e-07    -2.168535e-07    8.984314e-07    -1.119717e-06    -1.083083e-06    -5.298504e-07    -2.05657e-07    1.937064e-06    -4.402428e-07    -1.049526e-06    2.365745e-06    6.526551e-06    -3.922509e-06    1.480685e-06    2.236677e-06    1.522452e-06    6.831595e-07    -3.649017e-06    1.090232e-06    -2.125067e-06    -1.111975e-07    -3.035785e-07    -1.213433e-07    -3.296621e-06    -1.146473e-07    5.370179e-06    6.365319e-07    -7.108377e-08
1.515786e-06    3.539548e-06    3.425219e-06    8.438092e-07    -3.165443e-06    1.045931e-06    2.767963e-06    1.96817e-06    1.786921e-06    -3.68274e-06    -7.192624e-07    -5.626806e-06    -8.996157e-06    -3.922509e-06    1.153112e-05    -2.153208e-06    -6.974946e-06    -4.990406e-06    -4.443566e-09    7.665486e-06    -2.404916e-06    3.379327e-06    1.869542e-06    9.608001e-07    4.346593e-08    9.668851e-06    -2.062124e-06    -1.175063e-05    -2.341362e-06    2.573841e-06
-1.1283e-06    -1.072805e-06    -5.05562e-07    -4.475191e-07    1.130573e-06    -5.79111e-07    -1.402928e-06    -9.37446e-07    2.893107e-08    1.487256e-06    8.048214e-08    1.524282e-06    2.235976e-06    1.480685e-06    -2.153208e-06    6.40453e-06    1.805346e-06    -1.789783e-06    3.080078e-09    -3.085656e-06    9.035914e-07    -1.70394e-06    -1.234211e-07    -5.018605e-09    -1.940833e-07    -2.641812e-06    -6.061728e-08    4.300103e-06    6.69058e-07    3.971897e-08
-2.206134e-06    -3.525608e-06    -2.445497e-06    -6.059497e-07    3.495543e-06    -1.878093e-06    -3.302604e-06    -3.075269e-06    -2.929246e-06    5.31682e-06    1.293159e-07    6.266211e-06    8.12956e-06    2.236677e-06    -6.974946e-06    1.805346e-06    1.318194e-05    6.971675e-06    -3.502478e-06    -9.198236e-06    1.679319e-06    -3.828731e-06    -1.223962e-06    -1.217867e-06    1.605227e-08    -1.227434e-05    1.073699e-06    1.348065e-05    1.248543e-06    -9.289371e-07
-1.765771e-06    -2.740785e-06    -1.85595e-06    -5.762263e-07    3.32045e-06    -1.341656e-06    -2.832209e-06    -2.837026e-06    -2.522031e-06    4.615481e-06    -4.260249e-08    4.764146e-06    6.294548e-06    1.522452e-06    -4.990406e-06    -1.789783e-06    6.971675e-06    1.050383e-05    -7.422984e-07    -9.049029e-06    9.603358e-07    -2.559287e-06    -9.077085e-07    -1.27486e-06    1.260342e-07    -1.012568e-05    1.017692e-06    1.011225e-05    6.688308e-07    2.082005e-08
-8.673982e-07    -6.953641e-08    9.507726e-07    7.179734e-08    -2.879754e-07    -4.525454e-08    -4.916302e-07    -1.885593e-07    8.857182e-07    -2.687903e-07    -1.203722e-08    -5.888949e-07    -2.283009e-07    6.831595e-07    -4.443566e-09    3.080078e-09    -3.502478e-06    -7.422984e-07    5.972233e-06    -1.824118e-06    4.62102e-07    -4.366871e-07    -1.613283e-07    2.000262e-07    -3.83173e-08    1.552013e-06    -9.257474e-07    5.445897e-07    2.293379e-07    6.088612e-08
3.994276e-06    4.926347e-06    2.336857e-06    6.997413e-07    -4.775791e-06    2.11391e-06    5.22088e-06    4.24162e-06    2.428154e-06    -7.13067e-06    2.617042e-08    -6.679432e-06    -9.633526e-06    -3.649017e-06    7.665486e-06    -3.085656e-06    -9.198236e-06    -9.049029e-06    -1.824118e-06    1.634509e-05    -1.657129e-06    4.7911e-06    3.880366e-07    1.548246e-06    2.302625e-07    1.370517e-05    -3.417648e-07    -1.611384e-05    -1.229697e-06    -1.156062e-06
5.101085e-07    1.622979e-07    1.452291e-07    3.841983e-07    -1.1023e-06    -8.535279e-08    2.481087e-07    4.839747e-07    2.45434e-07    -5.978723e-07    5.741709e-07    1.30675e-06    1.271465e-06    1.090232e-06    -2.404916e-06    9.035914e-07    1.679319e-06    9.603358e-07    4.62102e-07    -1.657129e-06    3.147431e-06    -2.270696e-06    -2.616707e-06    5.260565e-07    1.832993e-07    -1.33758e-06    1.546327e-06    4.169561e-06    3.727951e-07    -2.110031e-06
9.951598e-07    1.238174e-08    -7.947452e-07    -5.409234e-07    6.237812e-07    1.019997e-06    7.324402e-08    -4.755863e-07    2.43231e-07    3.945709e-07    -2.752505e-08    -2.06968e-06    -3.250254e-06    -2.125067e-06    3.379327e-06    -1.70394e-06    -3.828731e-06    -2.559287e-06    -4.366871e-07    4.7911e-06    -2.270696e-06    8.999813e-06    -1.52951e-06    -2.158703e-06    7.417984e-08    4.35473e-06    -1.165344e-06    -9.146473e-06    7.204967e-07    1.268383e-06
-1.203334e-06    -9.630994e-07    -2.354594e-07    -7.220262e-07    1.798592e-06    -3.567718e-07    -6.877827e-07    -8.076503e-07    -3.442232e-07    1.758988e-06    -8.611052e-07    -1.014644e-06    -4.202654e-07    -1.111975e-07    1.869542e-06    -1.234211e-07    -1.223962e-06    -9.077085e-07    -1.613283e-07    3.880366e-07    -2.616707e-06    -1.52951e-06    6.475147e-06    -1.035103e-06    -8.321831e-07    4.885394e-08    -1.694866e-06    -2.508325e-06    -4.33187e-07    2.881591e-06
1.186232e-06    1.894418e-06    9.286419e-07    8.685375e-07    -1.729553e-06    1.33239e-07    1.40315e-06    1.150788e-06    6.344871e-07    -2.799644e-06    3.748502e-07    -1.736008e-06    -2.044935e-06    -3.035785e-07    9.608001e-07    -5.018605e-09    -1.217867e-06    -1.27486e-06    2.000262e-07    1.548246e-06    5.260565e-07    -2.158703e-06    -1.035103e-06    3.602277e-06    -7.012462e-08    4.228231e-06    -1.761267e-08    -1.736077e-06    -4.830777e-07    -7.327867e-07
6.677359e-08    4.464524e-07    4.524747e-07    1.057219e-07    -5.501137e-07    7.493415e-08    3.536604e-07    4.00371e-07    9.599355e-08    -5.683653e-07    -4.026722e-08    5.047447e-08    -8.148884e-08    -1.213433e-07    4.346593e-08    -1.940833e-07    1.605227e-08    1.260342e-07    -3.83173e-08    2.302625e-07    1.832993e-07    7.417984e-08    -8.321831e-07    -7.012462e-08    5.490899e-07    -1.783151e-07    3.98343e-07    5.345336e-07    -3.89096e-07    -4.894065e-07
4.577488e-06    4.927729e-06    3.475939e-06    3.444185e-06    -7.669449e-06    1.354494e-06    4.147643e-06    4.138738e-06    4.198112e-06    -8.42265e-06    1.139138e-06    -9.929483e-06    -1.336896e-05    -3.296621e-06    9.668851e-06    -2.641812e-06    -1.227434e-05    -1.012568e-05    1.552013e-06    1.370517e-05    -1.33758e-06    4.35473e-06    4.885394e-08    4.228231e-06    -1.783151e-07    3.447127e-05    -1.75381e-06    -2.926069e-05    -3.41665e-06    1.053693e-06
5.920166e-07    9.805814e-07    -7.722325e-07    -1.195539e-06    6.038539e-07    6.838463e-07    6.984765e-07    1.061492e-06    -4.915459e-07    -5.804122e-08    -3.287534e-07    2.269145e-06    2.16269e-06    -1.146473e-07    -2.062124e-06    -6.061728e-08    1.073699e-06    1.017692e-06    -9.257474e-07    -3.417648e-07    1.546327e-06    -1.165344e-06    -1.694866e-06    -1.761267e-08    3.98343e-07    -1.75381e-06    1.633123e-05    -2.068668e-06    -7.985345e-06    1.689296e-06
-5.452919e-06    -3.653002e-06    -7.083872e-07    -1.77012e-06    4.154821e-06    -2.912105e-06    -3.377573e-06    -2.15151e-06    -2.896585e-06    5.309332e-06    -6.061937e-07    1.002691e-05    1.377831e-05    5.370179e-06    -1.175063e-05    4.300103e-06    1.348065e-05    1.011225e-05    5.445897e-07    -1.611384e-05    4.169561e-06    -9.146473e-06    -2.508325e-06    -1.736077e-06    5.345336e-07    -2.926069e-05    -2.068668e-06    4.014613e-05    2.628551e-06    -8.016042e-06
1.160227e-06    -1.736203e-06    -2.104706e-06    3.432543e-08    2.64783e-07    2.515989e-07    -4.502299e-07    -1.240695e-06    -7.179556e-07    9.523234e-07    1.487517e-06    8.786675e-07    1.102279e-06    6.365319e-07    -2.341362e-06    6.69058e-07    1.248543e-06    6.688308e-07    2.293379e-07    -1.229697e-06    3.727951e-07    7.204967e-07    -4.33187e-07    -4.830777e-07    -3.89096e-07    -3.41665e-06    -7.985345e-06    2.628551e-06    1.515576e-05    -6.47047e-06
-1.605819e-06    -1.102949e-06    -3.187364e-07    -1.460033e-07    2.701993e-06    -6.017289e-07    -1.780318e-06    -1.469586e-06    -3.042986e-07    3.134868e-06    -5.962693e-07    -1.429519e-06    -8.298829e-07    -7.108377e-08    2.573841e-06    3.971897e-08    -9.289371e-07    2.082005e-08    6.088612e-08    -1.156062e-06    -2.110031e-06    1.268383e-06    2.881591e-06    -7.327867e-07    -4.894065e-07    1.053693e-06    1.689296e-06    -8.016042e-06    -6.47047e-06    1.560759e-05
