5.986784e-06    -5.296229e-07    -3.377952e-06    3.889622e-07    -6.078117e-07    1.048095e-06    9.863032e-07    5.267138e-07    1.499003e-06    -1.783383e-06
-5.296229e-07    5.636718e-06    8.171368e-07    -3.663831e-06    -6.033849e-07    -1.39565e-06    -9.475828e-07    -3.903422e-07    -7.120927e-07    1.833349e-06
-3.377952e-06    8.171368e-07    7.445097e-06    1.276807e-07    -3.790918e-06    -9.310621e-07    -4.405078e-07    -3.944774e-07    -2.00977e-06    2.882353e-06
3.889622e-07    -3.663831e-06    1.276807e-07    7.232965e-06    -2.657269e-06    1.696494e-06    1.092779e-06    4.058644e-07    3.049276e-07    -1.402172e-06
-6.078117e-07    -6.033849e-07    -3.790918e-06    -2.657269e-06    6.276715e-06    -6.005543e-07    -1.690003e-07    6.060719e-07    4.276494e-07    -1.317253e-06
1.048095e-06    -1.39565e-06    -9.310621e-07    1.696494e-06    -6.005543e-07    8.56438e-06    1.656935e-06    -3.73977e-06    5.371598e-07    -1.851676e-06
9.863032e-07    -9.475828e-07    -4.405078e-07    1.092779e-06    -1.690003e-07    1.656935e-06    7.710914e-06    1.915862e-06    -2.814275e-06    -1.363248e-06
5.267138e-07    -3.903422e-07    -3.944774e-07    4.058644e-07    6.060719e-07    -3.73977e-06    1.915862e-06    8.080443e-06    6.411805e-07    -4.812911e-06
1.499003e-06    -7.120927e-07    -2.00977e-06    3.049276e-07    4.276494e-07    5.371598e-07    -2.814275e-06    6.411805e-07    7.31455e-06    -5.379579e-06
-1.783383e-06    1.833349e-06    2.882353e-06    -1.402172e-06    -1.317253e-06    -1.851676e-06    -1.363248e-06    -4.812911e-06    -5.379579e-06    1.304621e-05
