6.002168e-06    2.499985e-06    -7.291535e-07    -1.204992e-06    -4.233417e-06    1.623793e-06    2.119147e-06    1.672976e-06    1.022458e-06    -2.743287e-06
2.499985e-06    7.134593e-06    1.792764e-06    -4.538308e-06    -3.642903e-06    1.532379e-06    3.469167e-06    2.314034e-06    2.203331e-07    -3.1987e-06
-7.291535e-07    1.792764e-06    5.383775e-06    3.909532e-07    -4.562798e-06    1.187582e-06    1.542851e-06    7.383327e-07    2.546975e-07    -2.177962e-06
-1.204992e-06    -4.538308e-06    3.909532e-07    7.847648e-06    2.826005e-07    -4.104673e-07    -1.95984e-06    -1.294618e-06    3.267082e-07    7.798324e-07
-4.233417e-06    -3.642903e-06    -4.562798e-06    2.826005e-07    1.605163e-05    -2.624643e-06    -3.691331e-06    -1.982229e-06    -8.834788e-07    4.485277e-06
1.623793e-06    1.532379e-06    1.187582e-06    -4.104673e-07    -2.624643e-06    8.56438e-06    1.656935e-06    -3.73977e-06    5.371598e-07    -1.851676e-06
2.119147e-06    3.469167e-06    1.542851e-06    -1.95984e-06    -3.691331e-06    1.656935e-06    7.710914e-06    1.915862e-06    -2.814275e-06    -1.363248e-06
1.672976e-06    2.314034e-06    7.383327e-07    -1.294618e-06    -1.982229e-06    -3.73977e-06    1.915862e-06    8.080443e-06    6.411805e-07    -4.812911e-06
1.022458e-06    2.203331e-07    2.546975e-07    3.267082e-07    -8.834788e-07    5.371598e-07    -2.814275e-06    6.411805e-07    7.31455e-06    -5.379579e-06
-2.743287e-06    -3.1987e-06    -2.177962e-06    7.798324e-07    4.485277e-06    -1.851676e-06    -1.363248e-06    -4.812911e-06    -5.379579e-06    1.304621e-05
