8.56438e-06    1.656935e-06    -3.73977e-06    5.371598e-07    -1.851676e-06    1.967164e-06    -1.399051e-06    -1.871454e-06    8.443475e-07    -2.106757e-07
1.656935e-06    7.710914e-06    1.915862e-06    -2.814275e-06    -1.363248e-06    6.656317e-07    -2.870152e-06    -1.307499e-06    1.397132e-06    3.279701e-07
-3.73977e-06    1.915862e-06    8.080443e-06    6.411805e-07    -4.812911e-06    -9.525753e-07    -1.666662e-06    -8.705361e-08    7.949339e-07    9.671399e-07
5.371598e-07    -2.814275e-06    6.411805e-07    7.31455e-06    -5.379579e-06    2.336823e-07    5.324728e-07    -9.507971e-08    -1.276905e-07    3.099771e-07
-1.851676e-06    -1.363248e-06    -4.812911e-06    -5.379579e-06    1.304621e-05    -5.694934e-07    7.30683e-07    1.133581e-06    -6.578873e-07    -9.055328e-07
1.967164e-06    6.656317e-07    -9.525753e-07    2.336823e-07    -5.694934e-07    7.847485e-06    -2.629038e-06    -6.800047e-06    1.485388e-06    6.371722e-07
-1.399051e-06    -2.870152e-06    -1.666662e-06    5.324728e-07    7.30683e-07    -2.629038e-06    1.568834e-05    3.959506e-06    -7.645079e-06    -1.579401e-06
-1.871454e-06    -1.307499e-06    -8.705361e-08    -9.507971e-08    1.133581e-06    -6.800047e-06    3.959506e-06    1.179055e-05    -2.385329e-06    -4.950616e-06
8.443475e-07    1.397132e-06    7.949339e-07    -1.276905e-07    -6.578873e-07    1.485388e-06    -7.645079e-06    -2.385329e-06    7.302858e-06    -6.247371e-07
-2.106757e-07    3.279701e-07    9.671399e-07    3.099771e-07    -9.055328e-07    6.371722e-07    -1.579401e-06    -4.950616e-06    -6.247371e-07    6.513323e-06
