3.230536e-06    6.521993e-07    -8.292902e-07    -4.694414e-08    -8.449585e-07    7.48368e-07    -2.473225e-06    -5.916819e-07    7.197023e-07    7.709358e-07    -3.540875e-07    1.289854e-06    -3.709125e-08    -5.033852e-08    5.149622e-08    -1.920129e-07    1.173705e-07    5.883832e-07    -6.348507e-08    -8.125174e-07
6.521993e-07    4.815387e-06    1.475379e-06    -1.762443e-07    -3.655233e-06    3.058983e-06    -6.989337e-06    -3.482016e-06    4.354112e-06    1.350862e-06    1.166354e-07    1.656503e-07    -6.10919e-07    1.481979e-06    3.37454e-07    4.894192e-07    1.203532e-06    1.721257e-06    -9.604726e-07    -2.832618e-06
-8.292902e-07    1.475379e-06    4.226065e-06    1.280345e-06    -3.448641e-06    2.213912e-06    -3.561911e-06    -3.578079e-06    3.162051e-06    1.496647e-06    4.340381e-07    -4.181104e-07    -7.92809e-07    9.574872e-07    3.936727e-07    1.89872e-07    1.41345e-06    1.210259e-06    -1.676517e-06    -1.628764e-06
-4.694414e-08    -1.762443e-07    1.280345e-06    3.315228e-06    -2.547434e-06    2.525676e-06    -3.695313e-06    -3.03564e-06    2.820241e-06    8.557797e-07    7.657137e-08    3.518537e-07    -1.085568e-07    5.722062e-07    1.036581e-07    1.262151e-07    1.391874e-06    9.628537e-07    -1.577975e-06    -1.208906e-06
-8.449585e-07    -3.655233e-06    -3.448641e-06    -2.547434e-06    8.46548e-06    -4.08806e-06    8.725626e-06    5.084635e-06    -6.284608e-06    -1.915206e-06    -3.148236e-07    1.655788e-07    1.483096e-06    -2.677562e-06    -5.644012e-07    4.98176e-07    -3.19821e-06    -2.580723e-06    2.585703e-06    3.484496e-06
7.48368e-07    3.058983e-06    2.213912e-06    2.525676e-06    -4.08806e-06    9.058368e-06    -1.225435e-05    -8.840395e-06    7.09576e-06    2.036562e-06    -1.432672e-06    3.057826e-06    1.365897e-06    1.261298e-06    -1.457783e-07    7.592322e-07    2.710382e-06    3.389179e-06    -2.189495e-06    -5.073399e-06
-2.473225e-06    -6.989337e-06    -3.561911e-06    -3.695313e-06    8.725626e-06    -1.225435e-05    2.640138e-05    1.169717e-05    -1.438958e-05    -3.910931e-06    2.720366e-06    -6.309337e-06    -1.49591e-06    -2.116746e-06    -1.529283e-07    -1.423236e-06    -4.676836e-06    -6.625929e-06    3.815488e-06    1.066712e-05
-5.916819e-07    -3.482016e-06    -3.578079e-06    -3.03564e-06    5.084635e-06    -8.840395e-06    1.169717e-05    1.287541e-05    -8.982866e-06    -3.87357e-06    1.943899e-06    -2.420045e-06    -1.913128e-06    -1.803892e-06    3.071207e-08    -2.112423e-06    -2.829293e-06    -2.553338e-06    3.452569e-06    5.18941e-06
7.197023e-07    4.354112e-06    3.162051e-06    2.820241e-06    -6.284608e-06    7.09576e-06    -1.438958e-05    -8.982866e-06    1.120152e-05    2.183827e-06    -1.342834e-06    2.376484e-06    5.963582e-07    2.442879e-06    1.838399e-07    2.022326e-06    3.376023e-06    3.570519e-06    -3.371695e-06    -6.693936e-06
7.709358e-07    1.350862e-06    1.496647e-06    8.557797e-07    -1.915206e-06    2.036562e-06    -3.910931e-06    -3.87357e-06    2.183827e-06    2.902669e-06    -4.965437e-07    8.90586e-07    3.764843e-07    2.737349e-07    1.472219e-07    1.775576e-07    7.433229e-07    9.849517e-07    -1.145725e-06    -1.645254e-06
-3.540875e-07    1.166354e-07    4.340381e-07    7.657137e-08    -3.148236e-07    -1.432672e-06    2.720366e-06    1.943899e-06    -1.342834e-06    -4.965437e-07    2.988247e-06    -1.991629e-06    -2.093622e-06    3.125771e-07    3.228359e-08    -1.035976e-06    -2.50505e-07    -6.040582e-09    4.27634e-07    1.482977e-06
1.289854e-06    1.656503e-07    -4.181104e-07    3.518537e-07    1.655788e-07    3.057826e-06    -6.309337e-06    -2.420045e-06    2.376484e-06    8.90586e-07    -1.991629e-06    6.198898e-06    8.836452e-07    -1.557639e-06    -2.231747e-07    -2.245936e-07    1.275546e-06    2.580883e-06    -4.778677e-07    -3.376521e-06
-3.709125e-08    -6.10919e-07    -7.92809e-07    -1.085568e-07    1.483096e-06    1.365897e-06    -1.49591e-06    -1.913128e-06    5.963582e-07    3.764843e-07    -2.093622e-06    8.836452e-07    3.886072e-06    -8.659798e-07    -1.07937e-06    1.260834e-06    -3.708008e-07    -5.6981e-07    1.586001e-07    -6.411609e-07
-5.033852e-08    1.481979e-06    9.574872e-07    5.722062e-07    -2.677562e-06    1.261298e-06    -2.116746e-06    -1.803892e-06    2.442879e-06    2.737349e-07    3.125771e-07    -1.557639e-06    -8.659798e-07    3.447616e-06    -3.463314e-07    6.244759e-07    1.001223e-06    6.494267e-07    -6.255753e-07    -1.709132e-06
5.149622e-08    3.37454e-07    3.936727e-07    1.036581e-07    -5.644012e-07    -1.457783e-07    -1.529283e-07    3.071207e-08    1.838399e-07    1.472219e-07    3.228359e-08    -2.231747e-07    -1.07937e-06    -3.463314e-07    1.594115e-06    -1.005427e-07    -1.198792e-07    -1.23213e-08    -2.335938e-07    -7.613764e-08
-1.920129e-07    4.894192e-07    1.89872e-07    1.262151e-07    4.98176e-07    7.592322e-07    -1.423236e-06    -2.112423e-06    2.022326e-06    1.775576e-07    -1.035976e-06    -2.245936e-07    1.260834e-06    6.244759e-07    -1.005427e-07    4.002588e-06    -1.224321e-06    -1.88157e-06    2.219525e-07    -8.008506e-07
1.173705e-07    1.203532e-06    1.41345e-06    1.391874e-06    -3.19821e-06    2.710382e-06    -4.676836e-06    -2.829293e-06    3.376023e-06    7.433229e-07    -2.50505e-07    1.275546e-06    -3.708008e-07    1.001223e-06    -1.198792e-07    -1.224321e-06    4.522789e-06    2.2663e-06    -3.119028e-06    -2.141938e-06
5.883832e-07    1.721257e-06    1.210259e-06    9.628537e-07    -2.580723e-06    3.389179e-06    -6.625929e-06    -2.553338e-06    3.570519e-06    9.849517e-07    -6.040582e-09    2.580883e-06    -5.6981e-07    6.494267e-07    -1.23213e-08    -1.88157e-06    2.2663e-06    5.084414e-06    -1.095633e-06    -4.586901e-06
-6.348507e-08    -9.604726e-07    -1.676517e-06    -1.577975e-06    2.585703e-06    -2.189495e-06    3.815488e-06    3.452569e-06    -3.371695e-06    -1.145725e-06    4.27634e-07    -4.778677e-07    1.586001e-07    -6.255753e-07    -2.335938e-07    2.219525e-07    -3.119028e-06    -1.095633e-06    4.012977e-06    5.345152e-07
-8.125174e-07    -2.832618e-06    -1.628764e-06    -1.208906e-06    3.484496e-06    -5.073399e-06    1.066712e-05    5.18941e-06    -6.693936e-06    -1.645254e-06    1.482977e-06    -3.376521e-06    -6.411609e-07    -1.709132e-06    -7.613764e-08    -8.008506e-07    -2.141938e-06    -4.586901e-06    5.345152e-07    7.937913e-06
