5.605946e-06    1.486493e-06    -2.293789e-06    1.309581e-06    -2.433349e-06    -8.938929e-07    1.797977e-06    2.660878e-06    -5.748359e-07    -3.180349e-06
1.486493e-06    5.406271e-06    1.7896e-06    -1.2035e-06    -1.855255e-06    9.689001e-07    1.243919e-06    1.660996e-06    -1.247297e-06    -2.913113e-06
-2.293789e-06    1.7896e-06    6.210638e-06    -2.104701e-07    -2.8184e-06    1.420281e-06    5.675913e-07    3.917233e-07    -1.766061e-06    -1.200602e-06
1.309581e-06    -1.2035e-06    -2.104701e-07    4.356599e-06    -3.707009e-06    -1.314713e-06    1.497809e-06    6.346303e-07    -1.018087e-06    -2.888439e-07
-2.433349e-06    -1.855255e-06    -2.8184e-06    -3.707009e-06    8.222035e-06    1.337947e-06    -3.165792e-06    -2.305618e-06    2.769578e-06    2.2987e-06
-8.938929e-07    9.689001e-07    1.420281e-06    -1.314713e-06    1.337947e-06    4.002588e-06    -1.224321e-06    -1.88157e-06    2.219525e-07    -8.008506e-07
1.797977e-06    1.243919e-06    5.675913e-07    1.497809e-06    -3.165792e-06    -1.224321e-06    4.522789e-06    2.2663e-06    -3.119028e-06    -2.141938e-06
2.660878e-06    1.660996e-06    3.917233e-07    6.346303e-07    -2.305618e-06    -1.88157e-06    2.2663e-06    5.084414e-06    -1.095633e-06    -4.586901e-06
-5.748359e-07    -1.247297e-06    -1.766061e-06    -1.018087e-06    2.769578e-06    2.219525e-07    -3.119028e-06    -1.095633e-06    4.012977e-06    5.345152e-07
-3.180349e-06    -2.913113e-06    -1.200602e-06    -2.888439e-07    2.2987e-06    -8.008506e-07    -2.141938e-06    -4.586901e-06    5.345152e-07    7.937913e-06
