4.083067e-06    -7.209514e-07    -2.108591e-06    1.132269e-06    -8.348474e-07    1.394932e-07    1.199978e-06    9.861485e-07    -8.047153e-07    -1.640699e-06
-7.209514e-07    3.225865e-06    1.042384e-06    -2.33534e-06    -4.072581e-07    3.371288e-07    -4.396399e-07    -6.515453e-07    1.068301e-07    2.333117e-07
-2.108591e-06    1.042384e-06    5.821202e-06    -1.991838e-08    -3.365409e-06    1.726003e-06    -1.196943e-06    -1.419015e-07    9.629813e-07    -1.703287e-06
1.132269e-06    -2.33534e-06    -1.991838e-08    5.180488e-06    -2.360911e-06    -3.265991e-07    1.802032e-06    2.539183e-06    -1.111112e-06    -2.718849e-06
-8.348474e-07    -4.072581e-07    -3.365409e-06    -2.360911e-06    5.410115e-06    -7.405631e-07    -7.806831e-07    -1.698685e-06    1.03549e-07    3.521735e-06
1.394932e-07    3.371288e-07    1.726003e-06    -3.265991e-07    -7.405631e-07    4.002588e-06    -1.224321e-06    -1.88157e-06    2.219525e-07    -8.008506e-07
1.199978e-06    -4.396399e-07    -1.196943e-06    1.802032e-06    -7.806831e-07    -1.224321e-06    4.522789e-06    2.2663e-06    -3.119028e-06    -2.141938e-06
9.861485e-07    -6.515453e-07    -1.419015e-07    2.539183e-06    -1.698685e-06    -1.88157e-06    2.2663e-06    5.084414e-06    -1.095633e-06    -4.586901e-06
-8.047153e-07    1.068301e-07    9.629813e-07    -1.111112e-06    1.03549e-07    2.219525e-07    -3.119028e-06    -1.095633e-06    4.012977e-06    5.345152e-07
-1.640699e-06    2.333117e-07    -1.703287e-06    -2.718849e-06    3.521735e-06    -8.008506e-07    -2.141938e-06    -4.586901e-06    5.345152e-07    7.937913e-06
