9.058368e-06    -1.225435e-05    -8.840395e-06    7.09576e-06    2.036562e-06    3.063166e-06    -7.97651e-06    -4.781357e-06    3.62469e-06    2.425762e-06    7.592322e-07    2.710382e-06    3.389179e-06    -2.189495e-06    -5.073399e-06
-1.225435e-05    2.640138e-05    1.169717e-05    -1.438958e-05    -3.910931e-06    -5.749699e-06    1.46039e-05    8.734428e-06    -7.038213e-06    -3.628709e-06    -1.423236e-06    -4.676836e-06    -6.625929e-06    3.815488e-06    1.066712e-05
-8.840395e-06    1.169717e-05    1.287541e-05    -8.982866e-06    -3.87357e-06    -2.646755e-06    8.118226e-06    4.676333e-06    -3.516487e-06    -2.824013e-06    -2.112423e-06    -2.829293e-06    -2.553338e-06    3.452569e-06    5.18941e-06
7.09576e-06    -1.438958e-05    -8.982866e-06    1.120152e-05    2.183827e-06    2.966968e-06    -8.279416e-06    -4.940641e-06    3.819527e-06    2.32177e-06    2.022326e-06    3.376023e-06    3.570519e-06    -3.371695e-06    -6.693936e-06
2.036562e-06    -3.910931e-06    -3.87357e-06    2.183827e-06    2.902669e-06    1.035536e-06    -1.984204e-06    -1.370228e-06    8.346437e-07    6.096853e-07    1.775576e-07    7.433229e-07    9.849517e-07    -1.145725e-06    -1.645254e-06
3.063166e-06    -5.749699e-06    -2.646755e-06    2.966968e-06    1.035536e-06    5.206065e-06    -3.781262e-06    -5.183583e-06    2.147384e-06    8.908594e-07    -4.587206e-07    1.843757e-06    2.856479e-06    -7.967641e-07    -3.646327e-06
-7.97651e-06    1.46039e-05    8.118226e-06    -8.279416e-06    -1.984204e-06    -3.781262e-06    1.295298e-05    5.32707e-06    -6.291279e-06    -2.286183e-06    -2.228444e-06    -2.046945e-06    -3.607634e-06    1.174233e-06    7.353017e-06
-4.781357e-06    8.734428e-06    4.676333e-06    -4.940641e-06    -1.370228e-06    -5.183583e-06    5.32707e-06    8.002449e-06    -2.992026e-06    -3.020549e-06    1.899324e-07    -2.999455e-06    -3.943578e-06    1.908122e-06    5.258796e-06
3.62469e-06    -7.038213e-06    -3.516487e-06    3.819527e-06    8.346437e-07    2.147384e-06    -6.291279e-06    -2.992026e-06    4.501522e-06    5.118659e-07    7.470029e-07    9.654386e-07    2.069368e-06    -3.031474e-07    -3.841958e-06
2.425762e-06    -3.628709e-06    -2.824013e-06    2.32177e-06    6.096853e-07    8.908594e-07    -2.286183e-06    -3.020549e-06    5.118659e-07    3.083442e-06    1.790857e-07    1.509119e-06    1.073308e-06    -1.368029e-06    -1.735591e-06
7.592322e-07    -1.423236e-06    -2.112423e-06    2.022326e-06    1.775576e-07    -4.587206e-07    -2.228444e-06    1.899324e-07    7.470029e-07    1.790857e-07    4.002588e-06    -1.224321e-06    -1.88157e-06    2.219525e-07    -8.008506e-07
2.710382e-06    -4.676836e-06    -2.829293e-06    3.376023e-06    7.433229e-07    1.843757e-06    -2.046945e-06    -2.999455e-06    9.654386e-07    1.509119e-06    -1.224321e-06    4.522789e-06    2.2663e-06    -3.119028e-06    -2.141938e-06
3.389179e-06    -6.625929e-06    -2.553338e-06    3.570519e-06    9.849517e-07    2.856479e-06    -3.607634e-06    -3.943578e-06    2.069368e-06    1.073308e-06    -1.88157e-06    2.2663e-06    5.084414e-06    -1.095633e-06    -4.586901e-06
-2.189495e-06    3.815488e-06    3.452569e-06    -3.371695e-06    -1.145725e-06    -7.967641e-07    1.174233e-06    1.908122e-06    -3.031474e-07    -1.368029e-06    2.219525e-07    -3.119028e-06    -1.095633e-06    4.012977e-06    5.345152e-07
-5.073399e-06    1.066712e-05    5.18941e-06    -6.693936e-06    -1.645254e-06    -3.646327e-06    7.353017e-06    5.258796e-06    -3.841958e-06    -1.735591e-06    -8.008506e-07    -2.141938e-06    -4.586901e-06    5.345152e-07    7.937913e-06
