3.502338e-06    1.690176e-06    -2.952455e-07    6.864354e-07    -3.169499e-06    6.04424e-08    -5.566385e-07    -1.417733e-06    4.312976e-07    2.141858e-06
1.690176e-06    1.046231e-05    7.095796e-06    -1.626257e-06    -9.350905e-06    -1.02458e-06    -3.010164e-06    -3.859946e-06    2.708867e-06    6.059851e-06
-2.952455e-07    7.095796e-06    8.35616e-06    -1.019709e-06    -8.068913e-06    -3.72293e-07    -3.061537e-06    -2.960934e-06    2.639169e-06    4.232281e-06
6.864354e-07    -1.626257e-06    -1.019709e-06    3.021005e-06    -1.03191e-06    -1.933295e-07    4.236297e-07    1.091715e-07    -5.343142e-07    4.995399e-07
-3.169499e-06    -9.350905e-06    -8.068913e-06    -1.03191e-06    1.406656e-05    2.127452e-07    3.796738e-06    5.390696e-06    -2.855828e-06    -7.697485e-06
6.04424e-08    -1.02458e-06    -3.72293e-07    -1.933295e-07    2.127452e-07    4.002588e-06    -1.224321e-06    -1.88157e-06    2.219525e-07    -8.008506e-07
-5.566385e-07    -3.010164e-06    -3.061537e-06    4.236297e-07    3.796738e-06    -1.224321e-06    4.522789e-06    2.2663e-06    -3.119028e-06    -2.141938e-06
-1.417733e-06    -3.859946e-06    -2.960934e-06    1.091715e-07    5.390696e-06    -1.88157e-06    2.2663e-06    5.084414e-06    -1.095633e-06    -4.586901e-06
4.312976e-07    2.708867e-06    2.639169e-06    -5.343142e-07    -2.855828e-06    2.219525e-07    -3.119028e-06    -1.095633e-06    4.012977e-06    5.345152e-07
2.141858e-06    6.059851e-06    4.232281e-06    4.995399e-07    -7.697485e-06    -8.008506e-07    -2.141938e-06    -4.586901e-06    5.345152e-07    7.937913e-06
