4.979792e-06    2.512916e-06    -2.175512e-07    -1.460202e-06    -4.258484e-06    -1.196609e-06    -4.729429e-06    -4.086691e-06    7.153255e-08    5.81987e-06    4.088913e-06    -7.99716e-06    -4.331309e-06    4.763872e-06    1.644704e-06    -4.347576e-07    1.646696e-06    -1.553436e-07    1.179789e-06    1.879546e-07    3.628725e-08    1.748803e-06    2.176575e-06    -1.575685e-06    -2.954672e-06
2.512916e-06    5.399385e-06    1.74499e-06    -3.076662e-06    -4.050674e-06    -9.781708e-07    -4.347229e-06    -3.937928e-06    4.471071e-09    5.863813e-06    3.813427e-06    -7.586244e-06    -4.826281e-06    5.266467e-06    1.762035e-06    1.358924e-07    3.003124e-07    -6.316317e-07    1.388346e-06    4.190594e-07    6.041612e-07    1.747703e-06    1.895242e-06    -1.882168e-06    -2.852941e-06
-2.175512e-07    1.74499e-06    3.794063e-06    8.61164e-09    -3.11176e-06    -8.90819e-07    -1.44964e-06    -9.537356e-07    -3.369875e-07    2.328136e-06    8.815047e-07    -2.14287e-06    -1.868089e-06    1.830704e-06    1.157613e-06    5.485643e-07    -8.124912e-07    -7.872844e-07    6.15624e-07    4.024572e-07    1.950065e-07    5.772297e-07    6.918447e-07    -7.815302e-07    -1.133248e-06
-1.460202e-06    -3.076662e-06    8.61164e-09    4.199323e-06    2.58675e-06    3.732789e-07    2.985687e-06    2.648848e-06    -2.904393e-07    -3.508162e-06    -3.354417e-06    5.824356e-06    3.450239e-06    -3.490743e-06    -5.945248e-07    7.518078e-07    -1.068481e-06    -5.421219e-07    -8.789954e-07    -2.016811e-08    -7.242535e-07    -8.494212e-07    -1.259053e-06    6.353489e-07    2.318165e-06
-4.258484e-06    -4.050674e-06    -3.11176e-06    2.58675e-06    1.21106e-05    1.903905e-06    8.021889e-06    6.651721e-06    -8.700277e-07    -9.056177e-06    -7.353012e-06    1.182176e-05    7.585329e-06    -6.439961e-06    -2.798866e-06    2.249783e-07    -2.0716e-06    4.715544e-07    -1.954367e-06    -3.046555e-07    2.148033e-07    -2.412793e-06    -3.788014e-06    1.644252e-06    4.961822e-06
-1.196609e-06    -9.781708e-07    -8.90819e-07    3.732789e-07    1.903905e-06    3.502338e-06    1.690176e-06    -2.952455e-07    6.864354e-07    -3.169499e-06    -9.545577e-07    3.586475e-06    1.602189e-06    -1.643076e-06    -1.187024e-06    8.28732e-07    -1.729313e-06    4.572957e-08    -7.048491e-08    -2.064608e-07    6.04424e-08    -5.566385e-07    -1.417733e-06    4.312976e-07    2.141858e-06
-4.729429e-06    -4.347229e-06    -1.44964e-06    2.985687e-06    8.021889e-06    1.690176e-06    1.046231e-05    7.095796e-06    -1.626257e-06    -9.350905e-06    -8.312537e-06    1.373559e-05    9.051325e-06    -8.430499e-06    -2.762433e-06    1.64927e-06    -3.712751e-06    -1.280565e-06    -1.180666e-06    1.120712e-08    -1.02458e-06    -3.010164e-06    -3.859946e-06    2.708867e-06    6.059851e-06
-4.086691e-06    -3.937928e-06    -9.537356e-07    2.648848e-06    6.651721e-06    -2.952455e-07    7.095796e-06    8.35616e-06    -1.019709e-06    -8.068913e-06    -6.986287e-06    1.083678e-05    7.594599e-06    -6.807289e-06    -2.277068e-06    8.431206e-07    -2.432567e-06    -8.382738e-07    -1.355834e-06    1.481619e-07    -3.72293e-07    -3.061537e-06    -2.960934e-06    2.639169e-06    4.232281e-06
7.153255e-08    4.471071e-09    -3.369875e-07    -2.904393e-07    -8.700277e-07    6.864354e-07    -1.626257e-06    -1.019709e-06    3.021005e-06    -1.03191e-06    1.338997e-06    1.369381e-07    -1.262541e-06    4.078322e-07    -1.429956e-07    4.201016e-07    -5.532043e-07    7.336995e-09    1.938729e-07    -5.99808e-08    -1.933295e-07    4.236297e-07    1.091715e-07    -5.343142e-07    4.995399e-07
5.81987e-06    5.863813e-06    2.328136e-06    -3.508162e-06    -9.056177e-06    -3.169499e-06    -9.350905e-06    -8.068913e-06    -1.03191e-06    1.406656e-05    8.195164e-06    -1.680077e-05    -8.77635e-06    9.596682e-06    3.429288e-06    -1.538229e-06    4.747078e-06    2.329246e-07    1.58214e-06    2.35242e-07    2.127452e-07    3.796738e-06    5.390696e-06    -2.855828e-06    -7.697485e-06
4.088913e-06    3.813427e-06    8.815047e-07    -3.354417e-06    -7.353012e-06    -9.545577e-07    -8.312537e-06    -6.986287e-06    1.338997e-06    8.195164e-06    9.058368e-06    -1.225435e-05    -8.840395e-06    7.09576e-06    2.036562e-06    -1.432672e-06    3.057826e-06    1.365897e-06    1.261298e-06    -1.457783e-07    7.592322e-07    2.710382e-06    3.389179e-06    -2.189495e-06    -5.073399e-06
-7.99716e-06    -7.586244e-06    -2.14287e-06    5.824356e-06    1.182176e-05    3.586475e-06    1.373559e-05    1.083678e-05    1.369381e-07    -1.680077e-05    -1.225435e-05    2.640138e-05    1.169717e-05    -1.438958e-05    -3.910931e-06    2.720366e-06    -6.309337e-06    -1.49591e-06    -2.116746e-06    -1.529283e-07    -1.423236e-06    -4.676836e-06    -6.625929e-06    3.815488e-06    1.066712e-05
-4.331309e-06    -4.826281e-06    -1.868089e-06    3.450239e-06    7.585329e-06    1.602189e-06    9.051325e-06    7.594599e-06    -1.262541e-06    -8.77635e-06    -8.840395e-06    1.169717e-05    1.287541e-05    -8.982866e-06    -3.87357e-06    1.943899e-06    -2.420045e-06    -1.913128e-06    -1.803892e-06    3.071207e-08    -2.112423e-06    -2.829293e-06    -2.553338e-06    3.452569e-06    5.18941e-06
4.763872e-06    5.266467e-06    1.830704e-06    -3.490743e-06    -6.439961e-06    -1.643076e-06    -8.430499e-06    -6.807289e-06    4.078322e-07    9.596682e-06    7.09576e-06    -1.438958e-05    -8.982866e-06    1.120152e-05    2.183827e-06    -1.342834e-06    2.376484e-06    5.963582e-07    2.442879e-06    1.838399e-07    2.022326e-06    3.376023e-06    3.570519e-06    -3.371695e-06    -6.693936e-06
1.644704e-06    1.762035e-06    1.157613e-06    -5.945248e-07    -2.798866e-06    -1.187024e-06    -2.762433e-06    -2.277068e-06    -1.429956e-07    3.429288e-06    2.036562e-06    -3.910931e-06    -3.87357e-06    2.183827e-06    2.902669e-06    -4.965437e-07    8.90586e-07    3.764843e-07    2.737349e-07    1.472219e-07    1.775576e-07    7.433229e-07    9.849517e-07    -1.145725e-06    -1.645254e-06
-4.347576e-07    1.358924e-07    5.485643e-07    7.518078e-07    2.249783e-07    8.28732e-07    1.64927e-06    8.431206e-07    4.201016e-07    -1.538229e-06    -1.432672e-06    2.720366e-06    1.943899e-06    -1.342834e-06    -4.965437e-07    2.988247e-06    -1.991629e-06    -2.093622e-06    3.125771e-07    3.228359e-08    -1.035976e-06    -2.50505e-07    -6.040582e-09    4.27634e-07    1.482977e-06
1.646696e-06    3.003124e-07    -8.124912e-07    -1.068481e-06    -2.0716e-06    -1.729313e-06    -3.712751e-06    -2.432567e-06    -5.532043e-07    4.747078e-06    3.057826e-06    -6.309337e-06    -2.420045e-06    2.376484e-06    8.90586e-07    -1.991629e-06    6.198898e-06    8.836452e-07    -1.557639e-06    -2.231747e-07    -2.245936e-07    1.275546e-06    2.580883e-06    -4.778677e-07    -3.376521e-06
-1.553436e-07    -6.316317e-07    -7.872844e-07    -5.421219e-07    4.715544e-07    4.572957e-08    -1.280565e-06    -8.382738e-07    7.336995e-09    2.329246e-07    1.365897e-06    -1.49591e-06    -1.913128e-06    5.963582e-07    3.764843e-07    -2.093622e-06    8.836452e-07    3.886072e-06    -8.659798e-07    -1.07937e-06    1.260834e-06    -3.708008e-07    -5.6981e-07    1.586001e-07    -6.411609e-07
1.179789e-06    1.388346e-06    6.15624e-07    -8.789954e-07    -1.954367e-06    -7.048491e-08    -1.180666e-06    -1.355834e-06    1.938729e-07    1.58214e-06    1.261298e-06    -2.116746e-06    -1.803892e-06    2.442879e-06    2.737349e-07    3.125771e-07    -1.557639e-06    -8.659798e-07    3.447616e-06    -3.463314e-07    6.244759e-07    1.001223e-06    6.494267e-07    -6.255753e-07    -1.709132e-06
1.879546e-07    4.190594e-07    4.024572e-07    -2.016811e-08    -3.046555e-07    -2.064608e-07    1.120712e-08    1.481619e-07    -5.99808e-08    2.35242e-07    -1.457783e-07    -1.529283e-07    3.071207e-08    1.838399e-07    1.472219e-07    3.228359e-08    -2.231747e-07    -1.07937e-06    -3.463314e-07    1.594115e-06    -1.005427e-07    -1.198792e-07    -1.23213e-08    -2.335938e-07    -7.613764e-08
3.628725e-08    6.041612e-07    1.950065e-07    -7.242535e-07    2.148033e-07    6.04424e-08    -1.02458e-06    -3.72293e-07    -1.933295e-07    2.127452e-07    7.592322e-07    -1.423236e-06    -2.112423e-06    2.022326e-06    1.775576e-07    -1.035976e-06    -2.245936e-07    1.260834e-06    6.244759e-07    -1.005427e-07    4.002588e-06    -1.224321e-06    -1.88157e-06    2.219525e-07    -8.008506e-07
1.748803e-06    1.747703e-06    5.772297e-07    -8.494212e-07    -2.412793e-06    -5.566385e-07    -3.010164e-06    -3.061537e-06    4.236297e-07    3.796738e-06    2.710382e-06    -4.676836e-06    -2.829293e-06    3.376023e-06    7.433229e-07    -2.50505e-07    1.275546e-06    -3.708008e-07    1.001223e-06    -1.198792e-07    -1.224321e-06    4.522789e-06    2.2663e-06    -3.119028e-06    -2.141938e-06
2.176575e-06    1.895242e-06    6.918447e-07    -1.259053e-06    -3.788014e-06    -1.417733e-06    -3.859946e-06    -2.960934e-06    1.091715e-07    5.390696e-06    3.389179e-06    -6.625929e-06    -2.553338e-06    3.570519e-06    9.849517e-07    -6.040582e-09    2.580883e-06    -5.6981e-07    6.494267e-07    -1.23213e-08    -1.88157e-06    2.2663e-06    5.084414e-06    -1.095633e-06    -4.586901e-06
-1.575685e-06    -1.882168e-06    -7.815302e-07    6.353489e-07    1.644252e-06    4.312976e-07    2.708867e-06    2.639169e-06    -5.343142e-07    -2.855828e-06    -2.189495e-06    3.815488e-06    3.452569e-06    -3.371695e-06    -1.145725e-06    4.27634e-07    -4.778677e-07    1.586001e-07    -6.255753e-07    -2.335938e-07    2.219525e-07    -3.119028e-06    -1.095633e-06    4.012977e-06    5.345152e-07
-2.954672e-06    -2.852941e-06    -1.133248e-06    2.318165e-06    4.961822e-06    2.141858e-06    6.059851e-06    4.232281e-06    4.995399e-07    -7.697485e-06    -5.073399e-06    1.066712e-05    5.18941e-06    -6.693936e-06    -1.645254e-06    1.482977e-06    -3.376521e-06    -6.411609e-07    -1.709132e-06    -7.613764e-08    -8.008506e-07    -2.141938e-06    -4.586901e-06    5.345152e-07    7.937913e-06
