1.304262e-06    6.247221e-08    -3.078309e-07    1.517268e-07    -1.02564e-06    5.096665e-07    1.980673e-07    -1.256734e-07    -3.390758e-07    -3.367506e-07
6.247221e-08    5.800965e-06    7.090695e-06    1.356825e-06    -5.936589e-06    3.00206e-06    -2.436547e-06    -7.569117e-06    2.110211e-06    3.448941e-06
-3.078309e-07    7.090695e-06    9.871788e-06    2.108438e-06    -7.461141e-06    4.569247e-06    -4.185896e-06    -1.060106e-05    3.160112e-06    4.861379e-06
1.517268e-07    1.356825e-06    2.108438e-06    2.273703e-06    -2.530292e-06    1.150299e-06    -3.289097e-07    -2.526077e-06    1.560648e-07    1.139583e-06
-1.02564e-06    -5.936589e-06    -7.461141e-06    -2.530292e-06    7.901383e-06    -3.675035e-06    2.390097e-06    7.542934e-06    -1.372578e-06    -3.14774e-06
5.096665e-07    3.00206e-06    4.569247e-06    1.150299e-06    -3.675035e-06    4.849772e-06    -3.047043e-06    -7.490563e-06    1.542418e-06    1.861612e-06
1.980673e-07    -2.436547e-06    -4.185896e-06    -3.289097e-07    2.390097e-06    -3.047043e-06    7.856725e-06    1.943641e-06    -1.931082e-06    -1.853322e-06
-1.256734e-07    -7.569117e-06    -1.060106e-05    -2.526077e-06    7.542934e-06    -7.490563e-06    1.943641e-06    2.079375e-05    -5.712522e-06    -7.156094e-06
-3.390758e-07    2.110211e-06    3.160112e-06    1.560648e-07    -1.372578e-06    1.542418e-06    -1.931082e-06    -5.712522e-06    3.202605e-06    2.5928e-06
-3.367506e-07    3.448941e-06    4.861379e-06    1.139583e-06    -3.14774e-06    1.861612e-06    -1.853322e-06    -7.156094e-06    2.5928e-06    3.888566e-06
