3.490078e-06    1.213294e-06    1.097288e-06    2.060172e-07    -4.584124e-06    1.386294e-06    -5.701152e-07    -4.216225e-07    1.680811e-06    -1.322252e-06    -2.131228e-06    2.653212e-06    5.103729e-06    -1.439892e-06    -2.542415e-06    -7.969294e-07    2.884674e-06    3.495595e-06    -4.947631e-07    -2.912541e-06    -6.813405e-07    2.027526e-06    2.41079e-06    -1.426582e-06    -3.064026e-06
1.213294e-06    3.784766e-06    2.010427e-06    -1.633096e-06    -2.675437e-06    1.335244e-06    -9.42931e-07    -8.514696e-08    1.386805e-06    -4.685438e-07    -3.535259e-06    2.941205e-06    5.574153e-06    -1.850047e-06    -1.596435e-06    -8.581073e-07    3.864854e-06    2.451381e-06    -1.647847e-06    -1.14126e-06    1.318445e-06    9.569007e-07    6.910358e-07    -1.788311e-06    -1.74119e-06
1.097288e-06    2.010427e-06    2.951421e-06    -1.846875e-07    -3.412919e-06    8.797723e-07    -6.707995e-07    -1.296278e-06    4.741276e-07    6.690185e-07    -2.282874e-06    1.290762e-06    5.919173e-06    -2.140356e-06    -1.814142e-06    5.989454e-08    2.233305e-06    9.460441e-07    -1.023154e-06    -8.194014e-07    2.555523e-07    1.550876e-06    1.46608e-06    -1.499852e-06    -2.007369e-06
2.060172e-07    -1.633096e-06    -1.846875e-07    2.647575e-06    9.443321e-07    -2.552144e-08    -3.676112e-07    -1.639144e-06    -7.822841e-07    1.391606e-06    8.417757e-07    2.605355e-07    -1.216161e-06    2.904874e-07    2.07687e-07    7.147039e-07    -2.090984e-06    -1.295472e-06    1.106388e-06    1.395167e-07    -9.191858e-07    1.612516e-07    -2.326019e-07    4.162629e-07    8.260441e-07
-4.584124e-06    -2.675437e-06    -3.412919e-06    9.443321e-07    1.169766e-05    -3.403236e-06    1.602881e-06    1.421841e-06    -3.721297e-06    2.160274e-06    3.191537e-06    -3.013047e-06    -1.156947e-05    4.638381e-06    5.833045e-06    5.76349e-07    -5.841229e-06    -5.084273e-06    1.546267e-06    4.214563e-06    7.672583e-07    -3.449169e-06    -5.056085e-06    1.952706e-06    6.387133e-06
1.386294e-06    1.335244e-06    8.797723e-07    -2.552144e-08    -3.403236e-06    2.610806e-06    -6.932331e-07    -1.302551e-06    1.299365e-06    -8.407168e-07    -6.907621e-07    2.048096e-06    2.763947e-06    -1.568527e-06    -1.939179e-06    2.801438e-07    2.037341e-06    1.19444e-06    -1.698067e-07    -1.432613e-06    1.341099e-07    1.208688e-06    9.721633e-07    -8.234021e-07    -1.638761e-06
-5.701152e-07    -9.42931e-07    -6.707995e-07    -3.676112e-07    1.602881e-06    -6.932331e-07    1.820546e-06    1.15889e-06    -1.507002e-06    -4.918427e-07    8.623573e-07    -2.411108e-06    -1.581355e-06    1.510902e-06    1.169199e-06    2.867651e-07    -6.192307e-07    -8.52724e-07    5.066531e-07    1.243057e-07    2.986712e-07    -4.55979e-07    -6.234384e-07    1.118785e-07    2.655503e-07
-4.216225e-07    -8.514696e-08    -1.296278e-06    -1.639144e-06    1.421841e-06    -1.302551e-06    1.15889e-06    4.416799e-06    1.066789e-09    -2.817883e-06    -1.320578e-07    -2.517135e-06    -4.486838e-07    1.799645e-06    6.720765e-07    -5.686829e-07    1.254787e-06    7.263848e-07    -8.563317e-07    2.494322e-07    1.737599e-06    -1.22143e-06    -1.659121e-07    9.722876e-07    -1.639571e-06
1.680811e-06    1.386805e-06    4.741276e-07    -7.822841e-07    -3.721297e-06    1.299365e-06    -1.507002e-06    1.066789e-09    3.692722e-06    -1.906334e-06    -1.424647e-06    3.355158e-06    2.501122e-06    -1.517283e-06    -2.293538e-06    -1.481344e-06    2.894143e-06    3.846966e-06    -1.358998e-06    -1.621876e-06    -3.285687e-07    1.790881e-06    2.521894e-06    -1.084975e-06    -2.715901e-06
-1.322252e-06    -4.685438e-07    6.690185e-07    1.391606e-06    2.160274e-06    -8.407168e-07    -4.918427e-07    -2.817883e-06    -1.906334e-06    4.014613e-06    3.290871e-07    6.999047e-08    -1.038693e-06    -4.056426e-07    1.211147e-06    6.581517e-07    -2.707742e-06    -2.586425e-06    6.828133e-07    1.57916e-06    -7.516915e-07    -7.607812e-07    -1.680672e-06    8.783584e-08    3.465832e-06
-2.131228e-06    -3.535259e-06    -2.282874e-06    8.417757e-07    3.191537e-06    -6.907621e-07    8.623573e-07    -1.320578e-07    -1.424647e-06    3.290871e-07    4.849772e-06    -3.047043e-06    -7.490563e-06    1.542418e-06    1.861612e-06    1.481629e-06    -4.337819e-06    -3.744806e-06    1.85349e-06    1.941549e-06    -1.057441e-06    -1.622859e-06    -1.386782e-06    2.339968e-06    2.729931e-06
2.653212e-06    2.941205e-06    1.290762e-06    2.605355e-07    -3.013047e-06    2.048096e-06    -2.411108e-06    -2.517135e-06    3.355158e-06    6.999047e-08    -3.047043e-06    7.856725e-06    1.943641e-06    -1.931082e-06    -1.853322e-06    -1.791174e-06    2.832703e-06    4.484022e-06    -9.643343e-07    -2.402277e-06    -6.575269e-07    2.467319e-06    1.696451e-06    -2.55745e-06    -1.068503e-06
5.103729e-06    5.574153e-06    5.919173e-06    -1.216161e-06    -1.156947e-05    2.763947e-06    -1.581355e-06    -4.486838e-07    2.501122e-06    -1.038693e-06    -7.490563e-06    1.943641e-06    2.079375e-05    -5.712522e-06    -7.156094e-06    -7.896322e-07    8.660938e-06    5.440096e-06    -3.384773e-06    -3.936245e-06    1.423924e-06    3.100005e-06    4.781952e-06    -2.95909e-06    -7.814114e-06
-1.439892e-06    -1.850047e-06    -2.140356e-06    2.904874e-07    4.638381e-06    -1.568527e-06    1.510902e-06    1.799645e-06    -1.517283e-06    -4.056426e-07    1.542418e-06    -1.931082e-06    -5.712522e-06    3.202605e-06    2.5928e-06    -1.032372e-07    -2.107317e-06    -1.153577e-06    7.261434e-07    1.027464e-06    5.604884e-07    -1.221763e-06    -1.762904e-06    7.988359e-07    1.479012e-06
-2.542415e-06    -1.596435e-06    -1.814142e-06    2.07687e-07    5.833045e-06    -1.939179e-06    1.169199e-06    6.720765e-07    -2.293538e-06    1.211147e-06    1.861612e-06    -1.853322e-06    -7.156094e-06    2.5928e-06    3.888566e-06    3.933194e-07    -3.287045e-06    -2.922872e-06    1.197757e-06    1.97965e-06    -5.991074e-08    -1.522212e-06    -2.800307e-06    8.219047e-07    3.710287e-06
-7.969294e-07    -8.581073e-07    5.989454e-08    7.147039e-07    5.76349e-07    2.801438e-07    2.867651e-07    -5.686829e-07    -1.481344e-06    6.581517e-07    1.481629e-06    -1.791174e-06    -7.896322e-07    -1.032372e-07    3.933194e-07    1.596467e-06    -1.429157e-06    -2.774452e-06    9.084157e-07    8.853961e-07    8.039563e-09    -7.232441e-07    -9.619061e-07    9.880181e-07    9.448729e-07
2.884674e-06    3.864854e-06    2.233305e-06    -2.090984e-06    -5.841229e-06    2.037341e-06    -6.192307e-07    1.254787e-06    2.894143e-06    -2.707742e-06    -4.337819e-06    2.832703e-06    8.660938e-06    -2.107317e-06    -3.287045e-06    -1.429157e-06    6.479871e-06    4.988231e-06    -2.458281e-06    -2.908665e-06    1.458935e-06    2.35419e-06    2.593749e-06    -2.440178e-06    -4.929883e-06
3.495595e-06    2.451381e-06    9.460441e-07    -1.295472e-06    -5.084273e-06    1.19444e-06    -8.52724e-07    7.263848e-07    3.846966e-06    -2.586425e-06    -3.744806e-06    4.484022e-06    5.440096e-06    -1.153577e-06    -2.922872e-06    -2.774452e-06    4.988231e-06    6.890727e-06    -1.949096e-06    -3.549198e-06    -3.581304e-08    2.784673e-06    3.437876e-06    -2.589172e-06    -4.419195e-06
-4.947631e-07    -1.647847e-06    -1.023154e-06    1.106388e-06    1.546267e-06    -1.698067e-07    5.066531e-07    -8.563317e-07    -1.358998e-06    6.828133e-07    1.85349e-06    -9.643343e-07    -3.384773e-06    7.261434e-07    1.197757e-06    9.084157e-07    -2.458281e-06    -1.949096e-06    1.660576e-06    3.2462e-07    -1.070875e-06    -5.219724e-07    -8.7646e-07    7.919642e-07    1.802266e-06
-2.912541e-06    -1.14126e-06    -8.194014e-07    1.395167e-07    4.214563e-06    -1.432613e-06    1.243057e-07    2.494322e-07    -1.621876e-06    1.57916e-06    1.941549e-06    -2.402277e-06    -3.936245e-06    1.027464e-06    1.97965e-06    8.853961e-07    -2.908665e-06    -3.549198e-06    3.2462e-07    2.98175e-06    6.114218e-07    -2.137152e-06    -2.242777e-06    1.656667e-06    2.87581e-06
-6.813405e-07    1.318445e-06    2.555523e-07    -9.191858e-07    7.672583e-07    1.341099e-07    2.986712e-07    1.737599e-06    -3.285687e-07    -7.516915e-07    -1.057441e-06    -6.575269e-07    1.423924e-06    5.604884e-07    -5.991074e-08    8.039563e-09    1.458935e-06    -3.581304e-08    -1.070875e-06    6.114218e-07    2.558072e-06    -1.030405e-06    -9.521974e-07    7.201107e-08    -8.596367e-07
2.027526e-06    9.569007e-07    1.550876e-06    1.612516e-07    -3.449169e-06    1.208688e-06    -4.55979e-07    -1.22143e-06    1.790881e-06    -7.607812e-07    -1.622859e-06    2.467319e-06    3.100005e-06    -1.221763e-06    -1.522212e-06    -7.232441e-07    2.35419e-06    2.784673e-06    -5.219724e-07    -2.137152e-06    -1.030405e-06    3.057108e-06    2.216349e-06    -2.152236e-06    -2.453138e-06
2.41079e-06    6.910358e-07    1.46608e-06    -2.326019e-07    -5.056085e-06    9.721633e-07    -6.234384e-07    -1.659121e-07    2.521894e-06    -1.680672e-06    -1.386782e-06    1.696451e-06    4.781952e-06    -1.762904e-06    -2.800307e-06    -9.619061e-07    2.593749e-06    3.437876e-06    -8.7646e-07    -2.242777e-06    -9.521974e-07    2.216349e-06    3.62826e-06    -1.11566e-06    -3.904295e-06
-1.426582e-06    -1.788311e-06    -1.499852e-06    4.162629e-07    1.952706e-06    -8.234021e-07    1.118785e-07    9.722876e-07    -1.084975e-06    8.783584e-08    2.339968e-06    -2.55745e-06    -2.95909e-06    7.988359e-07    8.219047e-07    9.880181e-07    -2.440178e-06    -2.589172e-06    7.919642e-07    1.656667e-06    7.201107e-08    -2.152236e-06    -1.11566e-06    2.469577e-06    1.343457e-06
-3.064026e-06    -1.74119e-06    -2.007369e-06    8.260441e-07    6.387133e-06    -1.638761e-06    2.655503e-07    -1.639571e-06    -2.715901e-06    3.465832e-06    2.729931e-06    -1.068503e-06    -7.814114e-06    1.479012e-06    3.710287e-06    9.448729e-07    -4.929883e-06    -4.419195e-06    1.802266e-06    2.87581e-06    -8.596367e-07    -2.453138e-06    -3.904295e-06    1.343457e-06    6.550864e-06
