1.524268e-06    4.071538e-08    -9.663342e-07    1.71821e-08    -4.28011e-08    8.55269e-09    7.274478e-08    5.204597e-08    -2.777197e-08    -5.809563e-08
4.071538e-08    1.535696e-06    -4.457601e-09    -9.856275e-07    1.236277e-07    -1.871038e-08    4.724876e-09    1.418302e-08    3.809099e-08    -2.098206e-08
-9.663342e-07    -4.457601e-09    1.49287e-06    2.70754e-08    -6.639486e-07    1.068608e-08    -7.067842e-09    4.607744e-09    4.752034e-08    -2.365657e-08
1.71821e-08    -9.856275e-07    2.70754e-08    1.505614e-06    -5.797934e-07    3.280211e-08    5.007755e-08    5.609818e-08    -1.841728e-08    -7.263172e-08
-4.28011e-08    1.236277e-07    -6.639486e-07    -5.797934e-07    1.400004e-06    -3.46338e-08    -6.678852e-08    -4.505213e-08    -1.54686e-08    8.204356e-08
8.55269e-09    -1.871038e-08    1.068608e-08    3.280211e-08    -3.46338e-08    1.444516e-06    -1.939162e-07    -9.293725e-07    1.499415e-07    5.878618e-08
7.274478e-08    4.724876e-09    -7.067842e-09    5.007755e-08    -6.678852e-08    -1.939162e-07    1.465682e-06    4.995097e-08    -9.667921e-07    3.112e-07
5.204597e-08    1.418302e-08    4.607744e-09    5.609818e-08    -4.505213e-08    -9.293725e-07    4.995097e-08    1.456154e-06    2.002684e-08    -6.826053e-07
-2.777197e-08    3.809099e-08    4.752034e-08    -1.841728e-08    -1.54686e-08    1.499415e-07    -9.667921e-07    2.002684e-08    1.5434e-06    -8.089421e-07
-5.809563e-08    -2.098206e-08    -2.365657e-08    -7.263172e-08    8.204356e-08    5.878618e-08    3.112e-07    -6.826053e-07    -8.089421e-07    1.387049e-06
