1.503816e-06    -3.236597e-08    -1.010917e-06    -1.083135e-07    2.548686e-08    2.138016e-09    -7.771551e-09    -2.667402e-09    -2.748115e-08    3.540719e-08
-3.236597e-08    1.440415e-06    -5.792624e-08    -8.496947e-07    1.39388e-07    2.480514e-08    -1.944247e-09    -4.337656e-08    -1.478049e-09    5.064777e-08
-1.010917e-06    -5.792624e-08    1.476971e-06    3.995668e-08    -4.829537e-07    -6.015919e-09    -1.738097e-08    -1.662287e-09    5.403603e-08    -4.056891e-09
-1.083135e-07    -8.496947e-07    3.995668e-08    1.484074e-06    -5.214013e-07    -5.045955e-08    -2.657571e-08    3.250092e-08    3.901951e-08    -1.370345e-09
2.548686e-08    1.39388e-07    -4.829537e-07    -5.214013e-07    1.276237e-06    4.039307e-09    4.459842e-08    3.234628e-08    -3.540792e-08    -3.705517e-08
2.138016e-09    2.480514e-08    -6.015919e-09    -5.045955e-08    4.039307e-09    1.444516e-06    -1.939162e-07    -9.293725e-07    1.499415e-07    5.878618e-08
-7.771551e-09    -1.944247e-09    -1.738097e-08    -2.657571e-08    4.459842e-08    -1.939162e-07    1.465682e-06    4.995097e-08    -9.667921e-07    3.112e-07
-2.667402e-09    -4.337656e-08    -1.662287e-09    3.250092e-08    3.234628e-08    -9.293725e-07    4.995097e-08    1.456154e-06    2.002684e-08    -6.826053e-07
-2.748115e-08    -1.478049e-09    5.403603e-08    3.901951e-08    -3.540792e-08    1.499415e-07    -9.667921e-07    2.002684e-08    1.5434e-06    -8.089421e-07
3.540719e-08    5.064777e-08    -4.056891e-09    -1.370345e-09    -3.705517e-08    5.878618e-08    3.112e-07    -6.826053e-07    -8.089421e-07    1.387049e-06
