1.472261e-06    -2.771836e-08    -8.060405e-07    -1.670963e-07    5.869345e-09    5.38331e-09    -8.709701e-09    1.398522e-08    1.868683e-08    -1.937205e-09
-2.771836e-08    1.40532e-06    -1.165064e-07    -8.28338e-07    8.458467e-08    3.845761e-08    1.633907e-08    -2.81069e-08    -5.048369e-09    -3.22386e-08
-8.060405e-07    -1.165064e-07    1.404402e-06    -2.098517e-08    -5.475253e-07    -1.159592e-08    2.448687e-08    2.401054e-08    -9.306364e-09    -6.37158e-08
-1.670963e-07    -8.28338e-07    -2.098517e-08    1.487765e-06    -4.545773e-07    1.969572e-09    1.115089e-08    1.728936e-08    -2.61376e-08    -2.947708e-09
5.869345e-09    8.458467e-08    -5.475253e-07    -4.545773e-07    1.395502e-06    1.112842e-08    -1.990192e-08    -1.801221e-08    1.571318e-08    5.590347e-08
5.38331e-09    3.845761e-08    -1.159592e-08    1.969572e-09    1.112842e-08    1.444516e-06    -1.939162e-07    -9.293725e-07    1.499415e-07    5.878618e-08
-8.709701e-09    1.633907e-08    2.448687e-08    1.115089e-08    -1.990192e-08    -1.939162e-07    1.465682e-06    4.995097e-08    -9.667921e-07    3.112e-07
1.398522e-08    -2.81069e-08    2.401054e-08    1.728936e-08    -1.801221e-08    -9.293725e-07    4.995097e-08    1.456154e-06    2.002684e-08    -6.826053e-07
1.868683e-08    -5.048369e-09    -9.306364e-09    -2.61376e-08    1.571318e-08    1.499415e-07    -9.667921e-07    2.002684e-08    1.5434e-06    -8.089421e-07
-1.937205e-09    -3.22386e-08    -6.37158e-08    -2.947708e-09    5.590347e-08    5.878618e-08    3.112e-07    -6.826053e-07    -8.089421e-07    1.387049e-06
