1.451722e-06    5.084839e-08    -8.917713e-07    9.169017e-09    -9.626868e-08    9.801936e-08    -1.341353e-07    -2.337947e-08    1.830552e-07    -1.475658e-07
5.084839e-08    1.593388e-06    -3.757712e-07    -9.087368e-07    3.473426e-07    -1.547786e-07    -1.632288e-08    -8.360444e-08    -1.490098e-07    2.590583e-07
-8.917713e-07    -3.757712e-07    1.553748e-06    6.150669e-08    -6.874152e-07    -1.09051e-07    -5.076642e-08    -1.014469e-07    -9.569228e-08    2.680004e-07
9.169017e-09    -9.087368e-07    6.150669e-08    1.45305e-06    -5.407393e-07    1.060701e-07    -1.477313e-07    -1.714357e-08    2.179832e-07    -1.437436e-07
-9.626868e-08    3.473426e-07    -6.874152e-07    -5.407393e-07    1.411932e-06    -7.700472e-09    1.885545e-07    1.413162e-07    -9.622348e-08    -1.326733e-07
9.801936e-08    -1.547786e-07    -1.09051e-07    1.060701e-07    -7.700472e-09    1.444516e-06    -1.939162e-07    -9.293725e-07    1.499415e-07    5.878618e-08
-1.341353e-07    -1.632288e-08    -5.076642e-08    -1.477313e-07    1.885545e-07    -1.939162e-07    1.465682e-06    4.995097e-08    -9.667921e-07    3.112e-07
-2.337947e-08    -8.360444e-08    -1.014469e-07    -1.714357e-08    1.413162e-07    -9.293725e-07    4.995097e-08    1.456154e-06    2.002684e-08    -6.826053e-07
1.830552e-07    -1.490098e-07    -9.569228e-08    2.179832e-07    -9.622348e-08    1.499415e-07    -9.667921e-07    2.002684e-08    1.5434e-06    -8.089421e-07
-1.475658e-07    2.590583e-07    2.680004e-07    -1.437436e-07    -1.326733e-07    5.878618e-08    3.112e-07    -6.826053e-07    -8.089421e-07    1.387049e-06
