1.500574e-06    4.060326e-09    -8.85666e-07    -1.309846e-07    -8.964745e-09    1.655936e-07    -1.038419e-08    3.601101e-08    2.199938e-07    -1.907569e-07    1.141553e-07    -5.367508e-08    -8.615266e-08    1.104317e-07    -4.319297e-09    -2.081645e-08    -2.639192e-08    2.798178e-08    -3.963382e-09    -2.560848e-08
4.060326e-09    1.464712e-06    -7.617568e-08    -9.30747e-07    1.01137e-07    -3.606593e-07    3.602098e-07    3.785808e-07    -3.290095e-07    -8.649982e-09    2.8811e-08    -1.06037e-07    -8.966978e-08    -1.545858e-08    5.827037e-08    -2.448859e-09    7.58782e-10    -3.747706e-08    2.841099e-09    5.501829e-08
-8.85666e-07    -7.617568e-08    1.446102e-06    -1.553817e-08    -5.505019e-07    -3.147614e-07    3.414326e-07    3.250584e-07    -3.161275e-07    -2.976605e-08    2.561841e-08    -1.211111e-07    -1.374748e-07    -3.767441e-08    8.011263e-08    3.464347e-09    1.387997e-08    -1.888055e-08    1.303541e-08    5.198077e-08
-1.309846e-07    -9.30747e-07    -1.553817e-08    1.496615e-06    -4.839208e-07    2.480803e-07    -2.918593e-08    -5.154619e-08    1.980905e-07    -1.797308e-07    1.056417e-07    -6.086915e-08    -1.166384e-07    9.016767e-08    1.036768e-08    -9.140073e-09    -9.212858e-10    2.634415e-08    4.202198e-09    -6.4548e-11
-8.964745e-09    1.01137e-07    -5.505019e-07    -4.839208e-07    1.388061e-06    1.377563e-07    -3.384797e-07    -3.699854e-07    9.805055e-08    2.1491e-07    -1.403379e-07    1.741156e-07    2.281485e-07    -6.379719e-08    -7.692246e-08    1.925995e-08    4.867419e-09    -5.141695e-09    -1.026618e-08    -3.894523e-08
1.655936e-07    -3.606593e-07    -3.147614e-07    2.480803e-07    1.377563e-07    1.341467e-06    -1.219208e-07    -6.823208e-07    -1.35642e-07    -1.918035e-07    -6.006207e-08    1.623582e-07    1.340965e-07    -1.612729e-08    -7.57183e-08    -1.47916e-07    -1.035671e-08    1.441796e-07    1.14929e-07    6.679898e-08
-1.038419e-08    3.602098e-07    3.414326e-07    -2.918593e-08    -3.384797e-07    -1.219208e-07    1.959888e-06    -3.92745e-07    -5.239837e-07    -1.773262e-08    2.066067e-07    -2.447354e-07    -3.283902e-07    1.32863e-07    1.028894e-07    3.709911e-08    3.504624e-08    -2.576419e-08    5.548566e-08    1.526787e-07
3.601101e-08    3.785808e-07    3.250584e-07    -5.154619e-08    -3.699854e-07    -6.823208e-07    -3.92745e-07    1.96677e-06    -1.748312e-07    -7.574391e-07    1.781109e-07    -2.440415e-07    -2.683478e-07    1.233313e-07    8.14541e-08    1.901854e-09    5.602564e-08    1.297038e-07    5.421327e-08    -2.176861e-07
2.199938e-07    -3.290095e-07    -3.161275e-07    1.980905e-07    9.805055e-08    -1.35642e-07    -5.239837e-07    -1.748312e-07    1.389196e-06    -3.349705e-07    -3.703073e-08    1.263143e-07    1.428847e-07    1.368599e-08    -1.040216e-07    2.16354e-07    1.126388e-07    -5.008044e-08    -1.668523e-07    -1.888717e-07
-1.907569e-07    -8.649982e-09    -2.976605e-08    -1.797308e-07    2.1491e-07    -1.918035e-07    -1.773262e-08    -7.574391e-07    -3.349705e-07    1.439695e-06    -1.29557e-07    8.794721e-08    1.304042e-07    -1.378991e-07    2.812768e-08    -7.749069e-08    -1.078604e-07    -1.167381e-07    -6.901659e-08    -1.006865e-08
1.141553e-07    2.8811e-08    2.561841e-08    1.056417e-07    -1.403379e-07    -6.006207e-08    2.066067e-07    1.781109e-07    -3.703073e-08    -1.29557e-07    1.367607e-06    -3.399759e-07    -6.355789e-07    1.187194e-07    -1.167139e-07    -1.963415e-07    -8.052151e-08    1.95242e-07    2.098011e-07    1.816533e-08
-5.367508e-08    -1.06037e-07    -1.211111e-07    -6.086915e-08    1.741156e-07    1.623582e-07    -2.447354e-07    -2.440415e-07    1.263143e-07    8.794721e-08    -3.399759e-07    1.754976e-06    8.989151e-08    -7.144456e-07    -6.704824e-08    1.479177e-08    1.304937e-07    8.973109e-08    1.469665e-08    -1.533507e-08
-8.615266e-08    -8.966978e-08    -1.374748e-07    -1.166384e-07    2.281485e-07    1.340965e-07    -3.283902e-07    -2.683478e-07    1.428847e-07    1.304042e-07    -6.355789e-07    8.989151e-08    1.706385e-06    -2.692439e-07    -7.773005e-07    -4.263684e-09    1.065744e-07    1.532648e-07    3.024236e-08    -2.53752e-07
1.104317e-07    -1.545858e-08    -3.767441e-08    9.016767e-08    -6.379719e-08    -1.612729e-08    1.32863e-07    1.233313e-07    1.368599e-08    -1.378991e-07    1.187194e-07    -7.144456e-07    -2.692439e-07    1.419714e-06    -4.286468e-07    2.617208e-07    8.532739e-08    -1.288615e-07    -1.309934e-07    -1.347986e-07
-4.319297e-09    5.827037e-08    8.011263e-08    1.036768e-08    -7.692246e-08    -7.57183e-08    1.028894e-07    8.14541e-08    -1.040216e-07    2.812768e-08    -1.167139e-07    -6.704824e-08    -7.773005e-07    -4.286468e-07    1.454712e-06    -4.52932e-08    -1.771403e-07    -1.060272e-07    -3.713331e-08    -4.198397e-08
-2.081645e-08    -2.448859e-09    3.464347e-09    -9.140073e-09    1.925995e-08    -1.47916e-07    3.709911e-08    1.901854e-09    2.16354e-07    -7.749069e-08    -1.963415e-07    1.479177e-08    -4.263684e-09    2.617208e-07    -4.52932e-08    1.444516e-06    -1.939162e-07    -9.293725e-07    1.499415e-07    5.878618e-08
-2.639192e-08    7.58782e-10    1.387997e-08    -9.212858e-10    4.867419e-09    -1.035671e-08    3.504624e-08    5.602564e-08    1.126388e-07    -1.078604e-07    -8.052151e-08    1.304937e-07    1.065744e-07    8.532739e-08    -1.771403e-07    -1.939162e-07    1.465682e-06    4.995097e-08    -9.667921e-07    3.112e-07
2.798178e-08    -3.747706e-08    -1.888055e-08    2.634415e-08    -5.141695e-09    1.441796e-07    -2.576419e-08    1.297038e-07    -5.008044e-08    -1.167381e-07    1.95242e-07    8.973109e-08    1.532648e-07    -1.288615e-07    -1.060272e-07    -9.293725e-07    4.995097e-08    1.456154e-06    2.002684e-08    -6.826053e-07
-3.963382e-09    2.841099e-09    1.303541e-08    4.202198e-09    -1.026618e-08    1.14929e-07    5.548566e-08    5.421327e-08    -1.668523e-07    -6.901659e-08    2.098011e-07    1.469665e-08    3.024236e-08    -1.309934e-07    -3.713331e-08    1.499415e-07    -9.667921e-07    2.002684e-08    1.5434e-06    -8.089421e-07
-2.560848e-08    5.501829e-08    5.198077e-08    -6.4548e-11    -3.894523e-08    6.679898e-08    1.526787e-07    -2.176861e-07    -1.888717e-07    -1.006865e-08    1.816533e-08    -1.533507e-08    -2.53752e-07    -1.347986e-07    -4.198397e-08    5.878618e-08    3.112e-07    -6.826053e-07    -8.089421e-07    1.387049e-06
