1.396117e-06    -2.673813e-07    -7.756888e-07    1.99134e-07    2.714163e-10    9.32444e-08    -4.068985e-08    -8.885481e-08    9.068765e-08    -3.405705e-08    1.020919e-07    -7.12819e-08    -3.122575e-08    7.757929e-08    -1.871193e-08    4.521618e-08    -1.211006e-08    -2.338289e-08    2.724792e-08    -1.143078e-08    3.116699e-08    -1.225877e-08    1.205992e-08    5.392065e-08    -3.415857e-08    -3.661439e-08    1.43629e-08    1.437355e-08    -3.959511e-09    3.266623e-08
-2.673813e-07    1.364518e-06    -7.825551e-08    -9.580399e-07    2.871904e-07    1.246002e-09    -1.080105e-07    -8.874025e-08    -1.515339e-08    1.110307e-07    -4.634551e-08    -1.002601e-07    -8.166254e-08    -5.953874e-08    1.103471e-07    -1.101313e-07    8.737812e-08    9.93725e-08    -7.866444e-08    3.305523e-09    -7.144125e-08    7.563857e-08    8.621357e-08    -8.210296e-08    -7.88841e-09    -2.744842e-08    -2.134258e-08    2.443876e-08    -2.095012e-09    -4.259233e-09
-7.756888e-07    -7.825551e-08    1.46125e-06    1.298563e-07    -7.32563e-07    1.584026e-08    -9.474061e-08    -1.060808e-07    9.985551e-10    9.644169e-08    7.077003e-08    -1.807203e-07    -2.250506e-07    3.067616e-08    1.170805e-07    -8.046227e-08    6.875222e-08    1.294892e-07    -2.817096e-08    -6.074687e-08    -3.784854e-09    9.279655e-08    5.248186e-08    -1.608751e-08    -7.047401e-08    1.851157e-08    1.726128e-09    -2.053739e-08    -1.105805e-08    7.673857e-09
1.99134e-07    -9.580399e-07    1.298563e-07    1.565009e-06    -8.046493e-07    8.102336e-08    -4.950242e-08    -5.682678e-08    1.044072e-07    -4.236758e-08    1.959617e-07    -9.341293e-08    -1.39947e-07    1.321098e-07    -2.200699e-08    7.678206e-08    -4.355955e-09    -9.597904e-09    8.599647e-08    -6.143883e-08    1.140157e-07    1.758822e-08    -2.981427e-08    6.464805e-08    -7.197255e-08    3.313776e-08    1.427043e-08    -2.016644e-08    -2.18012e-08    -7.303425e-09
2.714163e-10    2.871904e-07    -7.32563e-07    -8.046493e-07    1.422658e-06    -1.196572e-07    1.601796e-07    2.060201e-07    -1.002537e-07    -8.875519e-08    -2.109593e-07    2.544076e-07    3.053736e-07    -1.229747e-07    -1.050853e-07    5.000276e-08    -4.724848e-08    -1.303546e-07    -4.616539e-08    9.219859e-08    -4.61164e-08    -1.198222e-07    -7.105143e-08    -2.069482e-08    1.357788e-07    8.406216e-10    -1.940302e-08    1.444493e-08    2.115926e-08    -5.467788e-08
9.32444e-08    1.246002e-09    1.584026e-08    8.102336e-08    -1.196572e-07    1.341467e-06    -1.219208e-07    -6.823208e-07    -1.35642e-07    -1.918035e-07    -6.006207e-08    1.623582e-07    1.340965e-07    -1.612729e-08    -7.57183e-08    1.423967e-08    -1.191182e-07    -8.392845e-08    1.855214e-08    7.348015e-08    9.46128e-08    9.198474e-08    9.478875e-08    9.686432e-08    -1.801779e-07    -1.47916e-07    -1.035671e-08    1.441796e-07    1.14929e-07    6.679898e-08
-4.068985e-08    -1.080105e-07    -9.474061e-08    -4.950242e-08    1.601796e-07    -1.219208e-07    1.959888e-06    -3.92745e-07    -5.239837e-07    -1.773262e-08    2.066067e-07    -2.447354e-07    -3.283902e-07    1.32863e-07    1.028894e-07    -6.708371e-08    1.439618e-07    2.078702e-07    -3.547945e-08    -1.332075e-07    7.209935e-08    -2.607675e-07    -2.707141e-07    6.284377e-08    2.091864e-07    3.709911e-08    3.504624e-08    -2.576419e-08    5.548566e-08    1.526787e-07
-8.885481e-08    -8.874025e-08    -1.060808e-07    -5.682678e-08    2.060201e-07    -6.823208e-07    -3.92745e-07    1.96677e-06    -1.748312e-07    -7.574391e-07    1.781109e-07    -2.440415e-07    -2.683478e-07    1.233313e-07    8.14541e-08    6.363921e-08    4.14548e-08    7.158411e-09    2.964684e-08    -4.791536e-08    8.463766e-08    -2.875221e-07    -2.609419e-07    8.66393e-08    1.850097e-07    1.901854e-09    5.602564e-08    1.297038e-07    5.421327e-08    -2.176861e-07
9.068765e-08    -1.515339e-08    9.985551e-10    1.044072e-07    -1.002537e-07    -1.35642e-07    -5.239837e-07    -1.748312e-07    1.389196e-06    -3.349705e-07    -3.703073e-08    1.263143e-07    1.428847e-07    1.368599e-08    -1.040216e-07    1.090978e-08    -1.324876e-07    -1.721895e-07    2.345463e-08    1.566822e-07    9.577707e-08    1.255642e-07    7.690392e-08    4.865575e-08    -1.591714e-07    2.16354e-07    1.126388e-07    -5.008044e-08    -1.668523e-07    -1.888717e-07
-3.405705e-08    1.110307e-07    9.644169e-08    -4.236758e-08    -8.875519e-08    -1.918035e-07    -1.773262e-08    -7.574391e-07    -3.349705e-07    1.439695e-06    -1.29557e-07    8.794721e-08    1.304042e-07    -1.378991e-07    2.812768e-08    -2.626731e-08    4.628076e-08    5.921084e-08    -2.980634e-08    -4.234754e-08    -1.569558e-07    1.736512e-07    1.588315e-07    -1.576337e-07    -1.854766e-08    -7.749069e-08    -1.078604e-07    -1.167381e-07    -6.901659e-08    -1.006865e-08
1.020919e-07    -4.634551e-08    7.077003e-08    1.959617e-07    -2.109593e-07    -6.006207e-08    2.066067e-07    1.781109e-07    -3.703073e-08    -1.29557e-07    1.367607e-06    -3.399759e-07    -6.355789e-07    1.187194e-07    -1.167139e-07    6.613122e-08    1.467187e-07    1.750315e-07    7.910922e-08    -2.442934e-07    1.559702e-08    -9.825113e-08    -1.335325e-07    -1.134161e-08    1.377792e-07    -1.963415e-07    -8.052151e-08    1.95242e-07    2.098011e-07    1.816533e-08
-7.12819e-08    -1.002601e-07    -1.807203e-07    -9.341293e-08    2.544076e-07    1.623582e-07    -2.447354e-07    -2.440415e-07    1.263143e-07    8.794721e-08    -3.399759e-07    1.754976e-06    8.989151e-08    -7.144456e-07    -6.704824e-08    1.038676e-07    -3.212242e-07    -2.810191e-07    1.626453e-07    1.640382e-07    -4.436602e-08    -3.175528e-08    9.831197e-09    -4.508859e-09    2.227024e-08    1.479177e-08    1.304937e-07    8.973109e-08    1.469665e-08    -1.533507e-08
-3.122575e-08    -8.166254e-08    -2.250506e-07    -1.39947e-07    3.053736e-07    1.340965e-07    -3.283902e-07    -2.683478e-07    1.428847e-07    1.304042e-07    -6.355789e-07    8.989151e-08    1.706385e-06    -2.692439e-07    -7.773005e-07    5.456338e-08    -2.827447e-07    -3.368339e-07    7.046997e-08    2.659612e-07    -4.134387e-09    1.027937e-07    7.801367e-08    -2.019057e-08    -7.350962e-08    -4.263684e-09    1.065744e-07    1.532648e-07    3.024236e-08    -2.53752e-07
7.757929e-08    -5.953874e-08    3.067616e-08    1.321098e-07    -1.229747e-07    -1.612729e-08    1.32863e-07    1.233313e-07    1.368599e-08    -1.378991e-07    1.187194e-07    -7.144456e-07    -2.692439e-07    1.419714e-06    -4.286468e-07    1.058457e-07    3.362742e-08    7.50773e-08    1.078394e-07    -1.735441e-07    1.960346e-08    -8.55746e-08    -6.561821e-08    8.082624e-09    4.42302e-08    2.617208e-07    8.532739e-08    -1.288615e-07    -1.309934e-07    -1.347986e-07
-1.871193e-08    1.103471e-07    1.170805e-07    -2.200699e-08    -1.050853e-07    -7.57183e-08    1.028894e-07    8.14541e-08    -1.040216e-07    2.812768e-08    -1.167139e-07    -6.704824e-08    -7.773005e-07    -4.286468e-07    1.454712e-06    -1.233199e-07    1.760398e-07    1.388776e-07    -1.711818e-07    2.352906e-09    6.250643e-09    3.980188e-08    4.631802e-08    -3.419839e-09    -2.031711e-08    -4.52932e-08    -1.771403e-07    -1.060272e-07    -3.713331e-08    -4.198397e-08
4.521618e-08    -1.101313e-07    -8.046227e-08    7.678206e-08    5.000276e-08    1.423967e-08    -6.708371e-08    6.363921e-08    1.090978e-08    -2.626731e-08    6.613122e-08    1.038676e-07    5.456338e-08    1.058457e-07    -1.233199e-07    1.451722e-06    5.084839e-08    -8.917713e-07    9.169017e-09    -9.626868e-08    9.51721e-08    -1.271351e-07    -8.140381e-08    1.242718e-07    -3.779876e-08    9.801936e-08    -1.341353e-07    -2.337947e-08    1.830552e-07    -1.475658e-07
-1.211006e-08    8.737812e-08    6.875222e-08    -4.355955e-09    -4.724848e-08    -1.191182e-07    1.439618e-07    4.14548e-08    -1.324876e-07    4.628076e-08    1.467187e-07    -3.212242e-07    -2.827447e-07    3.362742e-08    1.760398e-07    5.084839e-08    1.593388e-06    -3.757712e-07    -9.087368e-07    3.473426e-07    -1.135783e-07    -1.903304e-08    9.071255e-09    -7.020817e-08    8.609198e-08    -1.547786e-07    -1.632288e-08    -8.360444e-08    -1.490098e-07    2.590583e-07
-2.338289e-08    9.93725e-08    1.294892e-07    -9.597904e-09    -1.303546e-07    -8.392845e-08    2.078702e-07    7.158411e-09    -1.721895e-07    5.921084e-08    1.750315e-07    -2.810191e-07    -3.368339e-07    7.50773e-08    1.388776e-07    -8.917713e-07    -3.757712e-07    1.553748e-06    6.150669e-08    -6.874152e-07    -8.729921e-08    1.680807e-09    -2.113105e-08    -9.696877e-08    1.13427e-07    -1.09051e-07    -5.076642e-08    -1.014469e-07    -9.569228e-08    2.680004e-07
2.724792e-08    -7.866444e-08    -2.817096e-08    8.599647e-08    -4.616539e-08    1.855214e-08    -3.547945e-08    2.964684e-08    2.345463e-08    -2.980634e-08    7.910922e-08    1.626453e-07    7.046997e-08    1.078394e-07    -1.711818e-07    9.169017e-09    -9.087368e-07    6.150669e-08    1.45305e-06    -5.407393e-07    1.118621e-07    -8.075913e-08    -1.083257e-07    7.047795e-08    1.130553e-08    1.060701e-07    -1.477313e-07    -1.714357e-08    2.179832e-07    -1.437436e-07
-1.143078e-08    3.305523e-09    -6.074687e-08    -6.143883e-08    9.219859e-08    7.348015e-08    -1.332075e-07    -4.791536e-08    1.566822e-07    -4.234754e-08    -2.442934e-07    1.640382e-07    2.659612e-07    -1.735441e-07    2.352906e-09    -9.626868e-08    3.473426e-07    -6.874152e-07    -5.407393e-07    1.411932e-06    3.309632e-09    1.151415e-07    7.677828e-08    -1.434452e-08    -6.62383e-08    -7.700472e-09    1.885545e-07    1.413162e-07    -9.622348e-08    -1.326733e-07
3.116699e-08    -7.144125e-08    -3.784854e-09    1.140157e-07    -4.61164e-08    9.46128e-08    7.209935e-08    8.463766e-08    9.577707e-08    -1.569558e-07    1.559702e-08    -4.436602e-08    -4.134387e-09    1.960346e-08    6.250643e-09    9.51721e-08    -1.135783e-07    -8.729921e-08    1.118621e-07    3.309632e-09    1.4927e-06    1.011661e-07    -9.729293e-07    5.491024e-08    -1.085604e-08    1.324415e-08    1.119772e-08    4.86788e-08    5.789808e-09    -5.694377e-08
-1.225877e-08    7.563857e-08    9.279655e-08    1.758822e-08    -1.198222e-07    9.198474e-08    -2.607675e-07    -2.875221e-07    1.255642e-07    1.736512e-07    -9.825113e-08    -3.175528e-08    1.027937e-07    -8.55746e-08    3.980188e-08    -1.271351e-07    -1.903304e-08    1.680807e-09    -8.075913e-08    1.151415e-07    1.011661e-07    1.476813e-06    -2.318646e-07    -9.495468e-07    2.910746e-07    -1.812186e-09    4.028174e-08    3.970887e-08    6.626723e-09    -7.818623e-08
1.205992e-08    8.621357e-08    5.248186e-08    -2.981427e-08    -7.105143e-08    9.478875e-08    -2.707141e-07    -2.609419e-07    7.690392e-08    1.588315e-07    -1.335325e-07    9.831197e-09    7.801367e-08    -6.561821e-08    4.631802e-08    -8.140381e-08    9.071255e-09    -2.113105e-08    -1.083257e-07    7.677828e-08    -9.729293e-07    -2.318646e-07    1.505898e-06    6.52095e-08    -6.835474e-07    2.27172e-08    6.69287e-09    -9.684754e-09    2.50748e-08    -3.11553e-08
5.392065e-08    -8.210296e-08    -1.608751e-08    6.464805e-08    -2.069482e-08    9.686432e-08    6.284377e-08    8.66393e-08    4.865575e-08    -1.576337e-07    -1.134161e-08    -4.508859e-09    -2.019057e-08    8.082624e-09    -3.419839e-09    1.242718e-07    -7.020817e-08    -9.696877e-08    7.047795e-08    -1.434452e-08    5.491024e-08    -9.495468e-07    6.52095e-08    1.505401e-06    -6.461711e-07    3.047577e-08    9.335722e-09    1.850945e-08    -4.533364e-09    -1.733389e-08
-3.415857e-08    -7.88841e-09    -7.047401e-08    -7.197255e-08    1.357788e-07    -1.801779e-07    2.091864e-07    1.850097e-07    -1.591714e-07    -1.854766e-08    1.377792e-07    2.227024e-08    -7.350962e-08    4.42302e-08    -2.031711e-08    -3.779876e-08    8.609198e-08    1.13427e-07    1.130553e-08    -6.62383e-08    -1.085604e-08    2.910746e-07    -6.835474e-07    -6.461711e-07    1.414867e-06    -4.661672e-08    -2.050604e-08    -1.538743e-08    -1.666816e-08    5.739931e-08
-3.661439e-08    -2.744842e-08    1.851157e-08    3.313776e-08    8.406216e-10    -1.47916e-07    3.709911e-08    1.901854e-09    2.16354e-07    -7.749069e-08    -1.963415e-07    1.479177e-08    -4.263684e-09    2.617208e-07    -4.52932e-08    9.801936e-08    -1.547786e-07    -1.09051e-07    1.060701e-07    -7.700472e-09    1.324415e-08    -1.812186e-09    2.27172e-08    3.047577e-08    -4.661672e-08    1.444516e-06    -1.939162e-07    -9.293725e-07    1.499415e-07    5.878618e-08
1.43629e-08    -2.134258e-08    1.726128e-09    1.427043e-08    -1.940302e-08    -1.035671e-08    3.504624e-08    5.602564e-08    1.126388e-07    -1.078604e-07    -8.052151e-08    1.304937e-07    1.065744e-07    8.532739e-08    -1.771403e-07    -1.341353e-07    -1.632288e-08    -5.076642e-08    -1.477313e-07    1.885545e-07    1.119772e-08    4.028174e-08    6.69287e-09    9.335722e-09    -2.050604e-08    -1.939162e-07    1.465682e-06    4.995097e-08    -9.667921e-07    3.112e-07
1.437355e-08    2.443876e-08    -2.053739e-08    -2.016644e-08    1.444493e-08    1.441796e-07    -2.576419e-08    1.297038e-07    -5.008044e-08    -1.167381e-07    1.95242e-07    8.973109e-08    1.532648e-07    -1.288615e-07    -1.060272e-07    -2.337947e-08    -8.360444e-08    -1.014469e-07    -1.714357e-08    1.413162e-07    4.86788e-08    3.970887e-08    -9.684754e-09    1.850945e-08    -1.538743e-08    -9.293725e-07    4.995097e-08    1.456154e-06    2.002684e-08    -6.826053e-07
-3.959511e-09    -2.095012e-09    -1.105805e-08    -2.18012e-08    2.115926e-08    1.14929e-07    5.548566e-08    5.421327e-08    -1.668523e-07    -6.901659e-08    2.098011e-07    1.469665e-08    3.024236e-08    -1.309934e-07    -3.713331e-08    1.830552e-07    -1.490098e-07    -9.569228e-08    2.179832e-07    -9.622348e-08    5.789808e-09    6.626723e-09    2.50748e-08    -4.533364e-09    -1.666816e-08    1.499415e-07    -9.667921e-07    2.002684e-08    1.5434e-06    -8.089421e-07
3.266623e-08    -4.259233e-09    7.673857e-09    -7.303425e-09    -5.467788e-08    6.679898e-08    1.526787e-07    -2.176861e-07    -1.888717e-07    -1.006865e-08    1.816533e-08    -1.533507e-08    -2.53752e-07    -1.347986e-07    -4.198397e-08    -1.475658e-07    2.590583e-07    2.680004e-07    -1.437436e-07    -1.326733e-07    -5.694377e-08    -7.818623e-08    -3.11553e-08    -1.733389e-08    5.739931e-08    5.878618e-08    3.112e-07    -6.826053e-07    -8.089421e-07    1.387049e-06
