4.031233e-06    -1.349133e-07    -2.383666e-06    -5.92292e-07    8.958909e-09    4.448664e-07    -4.505381e-07    -4.714775e-07    3.46341e-07    9.262574e-08    2.81215e-07    -2.102334e-07    -1.103377e-07    2.301087e-07    -1.346945e-07    2.522611e-07    -6.991328e-08    -1.983939e-07    1.728943e-07    -4.877872e-08    -2.42113e-08    -5.465718e-08    2.146841e-08    4.628573e-08    -3.635983e-08
-1.349133e-07    3.917273e-06    -3.736174e-07    -2.365704e-06    1.450855e-07    -7.009154e-07    -1.421218e-08    -3.840379e-08    -5.882575e-07    6.805486e-07    7.032042e-08    -1.573068e-07    -3.147952e-07    -5.981865e-08    2.014906e-07    1.126963e-07    -1.721754e-07    -3.572851e-07    -1.50638e-08    1.653444e-07    -1.983373e-08    5.825707e-09    3.879564e-08    1.273127e-07    -1.516347e-07
-2.383666e-06    -3.736174e-07    3.896848e-06    -1.752482e-07    -1.137147e-06    -7.181897e-07    -1.289361e-08    3.54341e-09    -5.616959e-07    6.333532e-07    2.308017e-08    -1.827199e-07    -4.950004e-07    3.684226e-08    3.348404e-07    1.223775e-08    -3.395076e-07    -1.656714e-07    6.615273e-08    1.518517e-07    5.07326e-08    3.642758e-08    -1.023082e-08    1.488412e-09    -1.258304e-07
-5.92292e-07    -2.365704e-06    -1.752482e-07    3.976115e-06    -9.157032e-07    4.458292e-07    -4.461722e-07    -4.043805e-07    4.211956e-07    -2.647366e-08    2.653777e-07    -2.579357e-07    -1.892295e-07    3.111147e-07    -5.061231e-08    2.268303e-07    -2.012523e-07    -1.158731e-07    2.188591e-07    -6.237872e-08    5.415537e-08    2.75359e-08    3.764125e-08    -1.06466e-07    -2.231564e-08
8.958909e-09    1.450855e-07    -1.137147e-06    -9.157032e-07    2.505312e-06    2.633291e-07    4.575744e-07    4.856919e-07    1.52491e-07    -7.052286e-07    -3.451899e-07    4.032005e-07    6.358144e-07    -2.993951e-07    -1.939436e-07    -2.985701e-07    3.414929e-07    4.375775e-07    -2.268836e-07    -1.133559e-07    -4.453383e-08    -1.262755e-08    -3.271179e-08    5.266398e-11    1.565979e-07
4.448664e-07    -7.009154e-07    -7.181897e-07    4.458292e-07    2.633291e-07    5.182159e-06    3.853866e-07    -2.464886e-06    -2.743596e-07    -9.928149e-08    3.274217e-07    4.597123e-07    -1.069333e-07    6.196552e-07    -5.645346e-07    3.284728e-07    -3.410112e-07    -2.55534e-07    4.1487e-07    -1.20747e-07    1.5306e-07    8.906832e-09    -9.780706e-08    -1.293058e-08    5.812654e-08
-4.505381e-07    -1.421218e-08    -1.289361e-08    -4.461722e-07    4.575744e-07    3.853866e-07    4.010525e-06    -3.291143e-07    -2.734395e-06    8.042172e-07    -1.010991e-06    6.309363e-07    1.377749e-06    -1.016102e-06    -8.296695e-08    8.238191e-08    -2.15175e-07    -2.512937e-07    3.027034e-08    1.559173e-07    1.114263e-09    4.874875e-08    -6.897453e-08    -4.978705e-08    7.589947e-08
-4.714775e-07    -3.840379e-08    3.54341e-09    -4.043805e-07    4.856919e-07    -2.464886e-06    -3.291143e-07    3.647567e-06    1.099244e-07    -1.724072e-06    -9.091832e-07    7.051326e-07    1.127952e-06    -9.78698e-07    4.686953e-08    5.133357e-08    -1.269106e-07    -2.741069e-07    1.23621e-08    1.933822e-07    -1.142016e-07    -5.783841e-08    8.134886e-08    1.875785e-08    -1.084192e-08
3.46341e-07    -5.882575e-07    -5.616959e-07    4.211956e-07    1.52491e-07    -2.743596e-07    -2.734395e-06    1.099244e-07    5.123746e-06    -2.446878e-06    4.934324e-07    2.817923e-07    -2.970941e-07    6.66501e-07    -4.419745e-07    2.898002e-07    -2.855314e-07    -2.278283e-07    3.141529e-07    -4.164598e-08    2.187631e-09    8.045425e-09    1.186762e-08    -9.458259e-08    9.615147e-08
9.262574e-08    6.805486e-07    6.333532e-07    -2.647366e-08    -7.052286e-07    -9.928149e-08    8.042172e-07    -1.724072e-06    -2.446878e-06    5.950417e-06    5.413253e-07    -1.056026e-06    -9.995569e-07    3.632605e-07    4.572159e-07    -3.040378e-07    4.443526e-07    4.704157e-07    -3.649134e-07    -9.813008e-08    8.02697e-08    -1.290349e-07    2.09955e-08    1.961559e-07    -1.946721e-07
2.81215e-07    7.032042e-08    2.308017e-08    2.653777e-07    -3.451899e-07    3.274217e-07    -1.010991e-06    -9.091832e-07    4.934324e-07    5.413253e-07    3.195493e-06    -1.639595e-06    -1.169982e-06    2.038072e-07    -2.913092e-07    -1.774902e-07    5.033168e-07    3.769832e-07    -2.016343e-07    -2.311008e-07    -4.637161e-07    -8.894476e-08    4.240979e-07    3.906158e-07    2.612999e-08
-2.102334e-07    -1.573068e-07    -1.827199e-07    -2.579357e-07    4.032005e-07    4.597123e-07    6.309363e-07    7.051326e-07    2.817923e-07    -1.056026e-06    -1.639595e-06    1.056232e-05    -5.783004e-06    -1.839862e-06    1.109121e-06    3.900549e-07    -7.91374e-07    -4.871903e-07    5.161903e-07    1.627869e-07    1.290254e-07    2.234419e-07    -1.35801e-07    -3.134975e-07    4.769027e-07
-1.103377e-07    -3.147952e-07    -4.950004e-07    -1.892295e-07    6.358144e-07    -1.069333e-07    1.377749e-06    1.127952e-06    -2.970941e-07    -9.995569e-07    -1.169982e-06    -5.783004e-06    9.855298e-06    -1.005101e-06    -2.433211e-06    5.235637e-07    -3.825977e-07    -8.533051e-07    3.085671e-07    2.030342e-07    -1.910129e-07    7.246206e-08    5.612134e-07    2.913395e-07    -7.9827e-07
2.301087e-07    -5.981865e-08    3.684226e-08    3.111147e-07    -2.993951e-07    6.196552e-07    -1.016102e-06    -9.78698e-07    6.66501e-07    3.632605e-07    2.038072e-07    -1.839862e-06    -1.005101e-06    3.603721e-06    -5.028667e-07    -2.239859e-07    3.138917e-07    4.139434e-07    -7.982472e-08    -1.840122e-07    5.619697e-07    4.83202e-07    -1.422519e-07    -5.794255e-07    -4.287822e-07
-1.346945e-07    2.014906e-07    3.348404e-07    -5.061231e-08    -1.939436e-07    -5.645346e-07    -8.296695e-08    4.686953e-08    -4.419745e-07    4.572159e-07    -2.913092e-07    1.109121e-06    -2.433211e-06    -5.028667e-07    2.196402e-06    -1.873441e-07    5.846522e-08    2.526722e-07    -2.060544e-07    4.493532e-09    -2.954156e-08    -3.256638e-07    -2.411536e-07    1.036626e-08    6.659934e-08
2.522611e-07    1.126963e-07    1.223775e-08    2.268303e-07    -2.985701e-07    3.284728e-07    8.238191e-08    5.133357e-08    2.898002e-07    -3.040378e-07    -1.774902e-07    3.900549e-07    5.235637e-07    -2.239859e-07    -1.873441e-07    4.198355e-06    -3.570896e-07    -3.268864e-06    -2.005086e-07    -1.219386e-07    -4.279614e-07    -9.688824e-08    3.196944e-07    3.070012e-07    1.843657e-07
-6.991328e-08    -1.721754e-07    -3.395076e-07    -2.012523e-07    3.414929e-07    -3.410112e-07    -2.15175e-07    -1.269106e-07    -2.855314e-07    4.443526e-07    5.033168e-07    -7.91374e-07    -3.825977e-07    3.138917e-07    5.846522e-08    -3.570896e-07    1.233661e-05    -8.056497e-06    -2.337646e-06    6.702505e-07    5.161131e-08    -6.382884e-08    -3.717155e-07    6.069029e-08    8.485476e-07
-1.983939e-07    -3.572851e-07    -1.656714e-07    -1.158731e-07    4.375775e-07    -2.55534e-07    -2.512937e-07    -2.741069e-07    -2.278283e-07    4.704157e-07    3.769832e-07    -4.871903e-07    -8.533051e-07    4.139434e-07    2.526722e-07    -3.268864e-06    -8.056497e-06    1.231061e-05    -7.233887e-07    -1.183478e-06    -2.237816e-08    1.305968e-07    4.577215e-07    1.749905e-07    -1.002033e-06
1.728943e-07    -1.50638e-08    6.615273e-08    2.188591e-07    -2.268836e-07    4.1487e-07    3.027034e-08    1.23621e-08    3.141529e-07    -3.649134e-07    -2.016343e-07    5.161903e-07    3.085671e-07    -7.982472e-08    -2.060544e-07    -2.005086e-07    -2.337646e-06    -7.233887e-07    3.857491e-06    -3.243028e-07    5.393521e-07    3.237655e-07    -1.117594e-07    -4.850874e-07    -4.689466e-07
-4.877872e-08    1.653444e-07    1.518517e-07    -6.237872e-08    -1.133559e-07    -1.20747e-07    1.559173e-07    1.933822e-07    -4.164598e-08    -9.813008e-08    -2.311008e-07    1.627869e-07    2.030342e-07    -1.840122e-07    4.493532e-09    -1.219386e-07    6.702505e-07    -1.183478e-06    -3.243028e-07    1.055329e-06    -7.630763e-08    -1.197049e-07    -1.286879e-07    -7.033174e-08    3.119163e-08
-2.42113e-08    -1.983373e-08    5.07326e-08    5.415537e-08    -4.453383e-08    1.5306e-07    1.114263e-09    -1.142016e-07    2.187631e-09    8.02697e-08    -4.637161e-07    1.290254e-07    -1.910129e-07    5.619697e-07    -2.954156e-08    -4.279614e-07    5.161131e-08    -2.237816e-08    5.393521e-07    -7.630763e-08    3.069153e-06    -5.261763e-07    -2.192146e-06    3.374953e-07    8.121976e-08
-5.465718e-08    5.825707e-09    3.642758e-08    2.75359e-08    -1.262755e-08    8.906832e-09    4.874875e-08    -5.783841e-08    8.045425e-09    -1.290349e-07    -8.894476e-08    2.234419e-07    7.246206e-08    4.83202e-07    -3.256638e-07    -9.688824e-08    -6.382884e-08    1.305968e-07    3.237655e-07    -1.197049e-07    -5.261763e-07    3.847413e-06    1.141822e-07    -3.192157e-06    8.326779e-07
2.146841e-08    3.879564e-08    -1.023082e-08    3.764125e-08    -3.271179e-08    -9.780706e-08    -6.897453e-08    8.134886e-08    1.186762e-08    2.09955e-08    4.240979e-07    -1.35801e-07    5.612134e-07    -1.422519e-07    -2.411536e-07    3.196944e-07    -3.717155e-07    4.577215e-07    -1.117594e-07    -1.286879e-07    -2.192146e-06    1.141822e-07    3.763799e-06    3.70122e-09    -1.990408e-06
4.628573e-08    1.273127e-07    1.488412e-09    -1.06466e-07    5.266398e-11    -1.293058e-08    -4.978705e-08    1.875785e-08    -9.458259e-08    1.961559e-07    3.906158e-07    -3.134975e-07    2.913395e-07    -5.794255e-07    1.036626e-08    3.070012e-07    6.069029e-08    1.749905e-07    -4.850874e-07    -7.033174e-08    3.374953e-07    -3.192157e-06    3.70122e-09    5.55885e-06    -2.989057e-06
-3.635983e-08    -1.516347e-07    -1.258304e-07    -2.231564e-08    1.565979e-07    5.812654e-08    7.589947e-08    -1.084192e-08    9.615147e-08    -1.946721e-07    2.612999e-08    4.769027e-07    -7.9827e-07    -4.287822e-07    6.659934e-08    1.843657e-07    8.485476e-07    -1.002033e-06    -4.689466e-07    3.119163e-08    8.121976e-08    8.326779e-07    -1.990408e-06    -2.989057e-06    4.455677e-06
