1    -0.2822202    -0.2084853    0.06005857    -0.1099586    -0.1480723    -0.02536688    0.122288    0.09268051    0.0069249
-0.2822202    1    -0.5668119    -0.2982154    0.2302732    0.02266137    0.03505101    -0.02153823    -0.04091306    0.06951736
-0.2084853    -0.5668119    1    -0.168655    -0.5229847    -0.0347311    0.01176769    0.09214673    0.03936153    -0.1204642
0.06005857    -0.2982154    -0.168655    1    -0.1787398    0.1689772    0.1297683    -0.03862507    -0.1294582    -0.1070051
-0.1099586    0.2302732    -0.5229847    -0.1787398    1    -0.01137806    -0.1120287    -0.08387349    0.002966702    0.02128909
-0.1480723    0.02266137    -0.0347311    0.1689772    -0.01137806    1    -0.153122    -0.644981    0.08170826    0.0219632
-0.02536688    0.03505101    0.01176769    0.1297683    -0.1120287    -0.153122    1    0.03000549    -0.6902516    0.201111
0.122288    -0.02153823    0.09214673    -0.03862507    -0.08387349    -0.644981    0.03000549    1    0.000809169    -0.48604
0.09268051    -0.04091306    0.03936153    -0.1294582    0.002966702    0.08170826    -0.6902516    0.000809169    1    -0.6005994
0.0069249    0.06951736    -0.1204642    -0.1070051    0.02128909    0.0219632    0.201111    -0.48604    -0.6005994    1
