5.787415e-06    -1.517737e-07    -3.65629e-06    -6.46969e-07    4.738515e-08    3.883831e-07    -1.824345e-07    -9.471968e-08    3.018015e-07    -1.698652e-07    5.998913e-08    8.128973e-08    9.095565e-08    -1.185272e-07    -2.905775e-08
-1.517737e-07    3.908859e-06    -1.424873e-07    -2.216408e-06    4.061929e-07    1.627303e-07    -2.810396e-07    -3.446521e-07    1.57566e-07    1.208365e-07    1.78436e-08    5.397216e-08    -3.687372e-08    -4.031528e-08    1.217848e-07
-3.65629e-06    -1.424873e-07    4.536265e-06    1.832196e-07    -1.122059e-06    -4.764842e-08    -3.369718e-07    -2.279039e-07    -1.421322e-09    2.259002e-07    -4.84454e-08    -5.284558e-08    -1.334295e-07    8.584811e-08    1.585461e-07
-6.46969e-07    -2.216408e-06    1.832196e-07    4.007488e-06    -1.328285e-06    1.501453e-07    -1.083028e-07    -1.610948e-07    7.792444e-08    5.382851e-08    -1.113891e-07    -1.354366e-07    6.250233e-08    9.935303e-08    -3.644749e-08
4.738515e-08    4.061929e-07    -1.122059e-06    -1.328285e-06    3.107555e-06    -2.823653e-07    3.631234e-07    4.887385e-07    -1.738184e-07    -1.77289e-07    8.842469e-08    7.864159e-08    1.076725e-08    -4.59575e-08    -8.423097e-08
3.883831e-07    1.627303e-07    -4.764842e-08    1.501453e-07    -2.823653e-07    3.195493e-06    -1.639595e-06    -1.169982e-06    2.038072e-07    -2.913092e-07    -4.637161e-07    -8.894476e-08    4.240979e-07    3.906158e-07    2.612999e-08
-1.824345e-07    -2.810396e-07    -3.369718e-07    -1.083028e-07    3.631234e-07    -1.639595e-06    1.056232e-05    -5.783004e-06    -1.839862e-06    1.109121e-06    1.290254e-07    2.234419e-07    -1.35801e-07    -3.134975e-07    4.769027e-07
-9.471968e-08    -3.446521e-07    -2.279039e-07    -1.610948e-07    4.887385e-07    -1.169982e-06    -5.783004e-06    9.855298e-06    -1.005101e-06    -2.433211e-06    -1.910129e-07    7.246206e-08    5.612134e-07    2.913395e-07    -7.9827e-07
3.018015e-07    1.57566e-07    -1.421322e-09    7.792444e-08    -1.738184e-07    2.038072e-07    -1.839862e-06    -1.005101e-06    3.603721e-06    -5.028667e-07    5.619697e-07    4.83202e-07    -1.422519e-07    -5.794255e-07    -4.287822e-07
-1.698652e-07    1.208365e-07    2.259002e-07    5.382851e-08    -1.77289e-07    -2.913092e-07    1.109121e-06    -2.433211e-06    -5.028667e-07    2.196402e-06    -2.954156e-08    -3.256638e-07    -2.411536e-07    1.036626e-08    6.659934e-08
5.998913e-08    1.78436e-08    -4.84454e-08    -1.113891e-07    8.842469e-08    -4.637161e-07    1.290254e-07    -1.910129e-07    5.619697e-07    -2.954156e-08    3.069153e-06    -5.261763e-07    -2.192146e-06    3.374953e-07    8.121976e-08
8.128973e-08    5.397216e-08    -5.284558e-08    -1.354366e-07    7.864159e-08    -8.894476e-08    2.234419e-07    7.246206e-08    4.83202e-07    -3.256638e-07    -5.261763e-07    3.847413e-06    1.141822e-07    -3.192157e-06    8.326779e-07
9.095565e-08    -3.687372e-08    -1.334295e-07    6.250233e-08    1.076725e-08    4.240979e-07    -1.35801e-07    5.612134e-07    -1.422519e-07    -2.411536e-07    -2.192146e-06    1.141822e-07    3.763799e-06    3.70122e-09    -1.990408e-06
-1.185272e-07    -4.031528e-08    8.584811e-08    9.935303e-08    -4.59575e-08    3.906158e-07    -3.134975e-07    2.913395e-07    -5.794255e-07    1.036626e-08    3.374953e-07    -3.192157e-06    3.70122e-09    5.55885e-06    -2.989057e-06
-2.905775e-08    1.217848e-07    1.585461e-07    -3.644749e-08    -8.423097e-08    2.612999e-08    4.769027e-07    -7.9827e-07    -4.287822e-07    6.659934e-08    8.121976e-08    8.326779e-07    -1.990408e-06    -2.989057e-06    4.455677e-06
