2.600983e-06    -3.286611e-07    -1.342674e-06    6.021406e-07    1.593954e-08    -7.653055e-08    5.941772e-08    9.663147e-08    3.736003e-08    -9.945902e-08    4.697839e-07    5.47637e-07    -5.34376e-07    3.198598e-07    -2.380081e-07    2.424749e-07    -1.070363e-07    -3.07383e-07    2.20157e-07    -3.092637e-08    5.133165e-07    -4.875697e-07    -5.534647e-07    4.106472e-07    8.471846e-08    -8.592304e-08    2.930226e-08    2.976535e-08    -1.372647e-08    8.05633e-08
-3.286611e-07    3.160636e-06    -1.907102e-08    -2.568925e-06    8.523284e-07    3.600934e-08    2.353316e-08    2.590894e-09    4.743568e-09    -3.331978e-09    -1.040816e-06    1.041128e-06    9.535011e-07    -1.052007e-06    5.102193e-08    7.58983e-08    -2.550777e-07    -1.889188e-07    2.393839e-08    1.519875e-07    -5.015089e-07    -7.018989e-08    3.83307e-08    -2.720019e-07    3.90987e-07    -6.514163e-08    -4.62901e-08    6.509298e-08    -3.235921e-09    3.843355e-10
-1.342674e-06    -1.907102e-08    3.326219e-06    3.893051e-07    -2.172842e-06    9.027872e-08    2.027802e-09    -8.015087e-08    -5.342214e-08    8.306228e-08    -8.725912e-07    2.69731e-07    1.767781e-06    -7.931527e-07    -2.445022e-07    1.154778e-07    -2.116157e-07    -2.787047e-07    6.528456e-08    1.359093e-07    -1.883287e-08    -5.990057e-07    -4.317586e-07    1.035132e-07    4.524608e-07    3.405016e-08    7.30707e-09    -4.297934e-08    -3.44732e-08    2.788392e-08
6.021406e-07    -2.568925e-06    3.893051e-07    5.404785e-06    -3.126419e-06    -5.53066e-08    -2.286789e-08    6.674054e-09    -8.952459e-09    -9.145968e-09    3.774371e-07    -2.220125e-08    -1.357133e-07    1.103326e-06    -5.089819e-07    3.136192e-07    -2.552282e-07    -3.136161e-07    3.620669e-07    -4.917608e-08    1.259305e-06    -1.193715e-06    -1.259082e-06    1.064288e-06    1.08476e-07    9.36981e-08    4.641594e-08    -5.439054e-08    -8.591566e-08    -1.741049e-08
1.593954e-08    8.523284e-07    -2.172842e-06    -3.126419e-06    5.295479e-06    -1.95566e-08    -7.525311e-08    -2.228105e-08    2.491048e-08    2.16677e-08    4.850394e-07    -8.076206e-07    -1.334957e-06    2.291829e-07    7.938154e-07    -4.65636e-07    4.275985e-07    6.865316e-07    -3.757029e-07    -1.427448e-07    -9.592466e-07    1.576248e-06    1.425144e-06    -8.506961e-07    -5.861574e-07    5.491187e-09    -5.613856e-08    5.412662e-08    8.622935e-08    -1.768048e-07
-7.653055e-08    3.600934e-08    9.027872e-08    -5.53066e-08    -1.95566e-08    4.031233e-06    -1.349133e-07    -2.383666e-06    -5.92292e-07    8.958909e-09    2.81215e-07    -2.102334e-07    -1.103377e-07    2.301087e-07    -1.346945e-07    2.522611e-07    -6.991328e-08    -1.983939e-07    1.728943e-07    -4.877872e-08    1.554369e-07    -2.29258e-07    -1.702405e-07    4.031683e-07    -1.386314e-07    -2.42113e-08    -5.465718e-08    2.146841e-08    4.628573e-08    -3.635983e-08
5.941772e-08    2.353316e-08    2.027802e-09    -2.286789e-08    -7.525311e-08    -1.349133e-07    3.917273e-06    -3.736174e-07    -2.365704e-06    1.450855e-07    7.032042e-08    -1.573068e-07    -3.147952e-07    -5.981865e-08    2.014906e-07    1.126963e-07    -1.721754e-07    -3.572851e-07    -1.50638e-08    1.653444e-07    -2.964798e-07    3.989328e-07    4.520679e-07    -3.018542e-07    -1.329147e-07    -1.983373e-08    5.825707e-09    3.879564e-08    1.273127e-07    -1.516347e-07
9.663147e-08    2.590894e-09    -8.015087e-08    6.674054e-09    -2.228105e-08    -2.383666e-06    -3.736174e-07    3.896848e-06    -1.752482e-07    -1.137147e-06    2.308017e-08    -1.827199e-07    -4.950004e-07    3.684226e-08    3.348404e-07    1.223775e-08    -3.395076e-07    -1.656714e-07    6.615273e-08    1.518517e-07    -3.187665e-07    5.798152e-07    3.025827e-07    -4.430055e-07    -5.666547e-09    5.07326e-08    3.642758e-08    -1.023082e-08    1.488412e-09    -1.258304e-07
3.736003e-08    4.743568e-09    -5.342214e-08    -8.952459e-09    2.491048e-08    -5.92292e-07    -2.365704e-06    -1.752482e-07    3.976115e-06    -9.157032e-07    2.653777e-07    -2.579357e-07    -1.892295e-07    3.111147e-07    -5.061231e-08    2.268303e-07    -2.012523e-07    -1.158731e-07    2.188591e-07    -6.237872e-08    2.931895e-07    -3.021516e-07    -2.290884e-07    2.312586e-07    3.148436e-08    5.415537e-08    2.75359e-08    3.764125e-08    -1.06466e-07    -2.231564e-08
-9.945902e-08    -3.331978e-09    8.306228e-08    -9.145968e-09    2.16677e-08    8.958909e-09    1.450855e-07    -1.137147e-06    -9.157032e-07    2.505312e-06    -3.451899e-07    4.032005e-07    6.358144e-07    -2.993951e-07    -1.939436e-07    -2.985701e-07    3.414929e-07    4.375775e-07    -2.268836e-07    -1.133559e-07    4.074204e-08    -2.840544e-07    -1.149665e-07    7.499588e-08    5.606557e-08    -4.453383e-08    -1.262755e-08    -3.271179e-08    5.266398e-11    1.565979e-07
4.697839e-07    -1.040816e-06    -8.725912e-07    3.774371e-07    4.850394e-07    2.81215e-07    7.032042e-08    2.308017e-08    2.653777e-07    -3.451899e-07    3.195493e-06    -1.639595e-06    -1.169982e-06    2.038072e-07    -2.913092e-07    -1.774902e-07    5.033168e-07    3.769832e-07    -2.016343e-07    -2.311008e-07    -1.526059e-07    7.048068e-07    6.918672e-07    -1.914883e-07    -5.217119e-07    -4.637161e-07    -8.894476e-08    4.240979e-07    3.906158e-07    2.612999e-08
5.47637e-07    1.041128e-06    2.69731e-07    -2.220125e-08    -8.076206e-07    -2.102334e-07    -1.573068e-07    -1.827199e-07    -2.579357e-07    4.032005e-07    -1.639595e-06    1.056232e-05    -5.783004e-06    -1.839862e-06    1.109121e-06    3.900549e-07    -7.91374e-07    -4.871903e-07    5.161903e-07    1.627869e-07    8.894709e-07    -1.569628e-06    -1.260298e-06    9.709714e-07    4.785729e-07    1.290254e-07    2.234419e-07    -1.35801e-07    -3.134975e-07    4.769027e-07
-5.34376e-07    9.535011e-07    1.767781e-06    -1.357133e-07    -1.334957e-06    -1.103377e-07    -3.147952e-07    -4.950004e-07    -1.892295e-07    6.358144e-07    -1.169982e-06    -5.783004e-06    9.855298e-06    -1.005101e-06    -2.433211e-06    5.235637e-07    -3.825977e-07    -8.533051e-07    3.085671e-07    2.030342e-07    3.212863e-07    -1.275817e-06    -1.22867e-06    5.055374e-07    7.942755e-07    -1.910129e-07    7.246206e-08    5.612134e-07    2.913395e-07    -7.9827e-07
3.198598e-07    -1.052007e-06    -7.931527e-07    1.103326e-06    2.291829e-07    2.301087e-07    -5.981865e-08    3.684226e-08    3.111147e-07    -2.993951e-07    2.038072e-07    -1.839862e-06    -1.005101e-06    3.603721e-06    -5.028667e-07    -2.239859e-07    3.138917e-07    4.139434e-07    -7.982472e-08    -1.840122e-07    4.042767e-07    4.249394e-07    2.992981e-07    1.855904e-07    -6.326572e-07    5.619697e-07    4.83202e-07    -1.422519e-07    -5.794255e-07    -4.287822e-07
-2.380081e-07    5.102193e-08    -2.445022e-07    -5.089819e-07    7.938154e-07    -1.346945e-07    2.014906e-07    3.348404e-07    -5.061231e-08    -1.939436e-07    -2.913092e-07    1.109121e-06    -2.433211e-06    -5.028667e-07    2.196402e-06    -1.873441e-07    5.846522e-08    2.526722e-07    -2.060544e-07    4.493532e-09    -6.166165e-07    6.864187e-07    6.88024e-07    -5.763286e-07    -7.536623e-08    -2.954156e-08    -3.256638e-07    -2.411536e-07    1.036626e-08    6.659934e-08
2.424749e-07    7.58983e-08    1.154778e-07    3.136192e-07    -4.65636e-07    2.522611e-07    1.126963e-07    1.223775e-08    2.268303e-07    -2.985701e-07    -1.774902e-07    3.900549e-07    5.235637e-07    -2.239859e-07    -1.873441e-07    4.198355e-06    -3.570896e-07    -3.268864e-06    -2.005086e-07    -1.219386e-07    1.185631e-07    -6.753508e-07    -7.229685e-07    1.508085e-07    5.661096e-07    -4.279614e-07    -9.688824e-08    3.196944e-07    3.070012e-07    1.843657e-07
-1.070363e-07    -2.550777e-07    -2.116157e-07    -2.552282e-07    4.275985e-07    -6.991328e-08    -1.721754e-07    -3.395076e-07    -2.012523e-07    3.414929e-07    5.033168e-07    -7.91374e-07    -3.825977e-07    3.138917e-07    5.846522e-08    -3.570896e-07    1.233661e-05    -8.056497e-06    -2.337646e-06    6.702505e-07    -1.022981e-07    1.630264e-07    1.89057e-07    -8.749234e-08    2.838654e-08    5.161131e-08    -6.382884e-08    -3.717155e-07    6.069029e-08    8.485476e-07
-3.07383e-07    -1.889188e-07    -2.787047e-07    -3.136161e-07    6.865316e-07    -1.983939e-07    -3.572851e-07    -1.656714e-07    -1.158731e-07    4.375775e-07    3.769832e-07    -4.871903e-07    -8.533051e-07    4.139434e-07    2.526722e-07    -3.268864e-06    -8.056497e-06    1.231061e-05    -7.233887e-07    -1.183478e-06    -1.479705e-07    9.438596e-07    9.400914e-07    -3.021697e-07    -7.782604e-07    -2.237816e-08    1.305968e-07    4.577215e-07    1.749905e-07    -1.002033e-06
2.20157e-07    2.393839e-08    6.528456e-08    3.620669e-07    -3.757029e-07    1.728943e-07    -1.50638e-08    6.615273e-08    2.188591e-07    -2.268836e-07    -2.016343e-07    5.161903e-07    3.085671e-07    -7.982472e-08    -2.060544e-07    -2.005086e-07    -2.337646e-06    -7.233887e-07    3.857491e-06    -3.243028e-07    1.843952e-07    -5.69891e-07    -5.926458e-07    2.215602e-07    3.470217e-07    5.393521e-07    3.237655e-07    -1.117594e-07    -4.850874e-07    -4.689466e-07
-3.092637e-08    1.519875e-07    1.359093e-07    -4.917608e-08    -1.427448e-07    -4.877872e-08    1.653444e-07    1.518517e-07    -6.237872e-08    -1.133559e-07    -2.311008e-07    1.627869e-07    2.030342e-07    -1.840122e-07    4.493532e-09    -1.219386e-07    6.702505e-07    -1.183478e-06    -3.243028e-07    1.055329e-06    8.665828e-10    -2.066438e-09    6.275725e-08    3.491685e-08    -3.893407e-08    -7.630763e-08    -1.197049e-07    -1.286879e-07    -7.033174e-08    3.119163e-08
5.133165e-07    -5.015089e-07    -1.883287e-08    1.259305e-06    -9.592466e-07    1.554369e-07    -2.964798e-07    -3.187665e-07    2.931895e-07    4.074204e-08    -1.526059e-07    8.894709e-07    3.212863e-07    4.042767e-07    -6.166165e-07    1.185631e-07    -1.022981e-07    -1.479705e-07    1.843952e-07    8.665828e-10    1.133604e-05    -4.830607e-07    -9.574782e-06    1.700488e-07    3.543101e-07    2.611825e-08    2.851935e-07    1.830818e-07    -1.799183e-07    -2.136834e-07
-4.875697e-07    -7.018989e-08    -5.990057e-07    -1.193715e-06    1.576248e-06    -2.29258e-07    3.989328e-07    5.798152e-07    -3.021516e-07    -2.840544e-07    7.048068e-07    -1.569628e-06    -1.275817e-06    4.249394e-07    6.864187e-07    -6.753508e-07    1.630264e-07    9.438596e-07    -5.69891e-07    -2.066438e-09    -4.830607e-07    1.44715e-05    -2.302421e-06    -9.600773e-06    1.007374e-06    -1.017341e-07    -5.171456e-08    -6.496103e-09    1.751502e-07    -2.606235e-08
-5.534647e-07    3.83307e-08    -4.317586e-07    -1.259082e-06    1.425144e-06    -1.702405e-07    4.520679e-07    3.025827e-07    -2.290884e-07    -1.149665e-07    6.918672e-07    -1.260298e-06    -1.22867e-06    2.992981e-07    6.88024e-07    -7.229685e-07    1.89057e-07    9.400914e-07    -5.926458e-07    6.275725e-08    -9.574782e-06    -2.302421e-06    1.432088e-05    -5.137219e-07    -2.89303e-06    3.565121e-08    -1.184092e-07    -6.104011e-08    2.430725e-07    -4.226523e-08
4.106472e-07    -2.720019e-07    1.035132e-07    1.064288e-06    -8.506961e-07    4.031683e-07    -3.018542e-07    -4.430055e-07    2.312586e-07    7.499588e-08    -1.914883e-07    9.709714e-07    5.055374e-07    1.855904e-07    -5.763286e-07    1.508085e-07    -8.749234e-08    -3.021697e-07    2.215602e-07    3.491685e-08    1.700488e-07    -9.600773e-06    -5.137219e-07    1.10853e-05    -1.76495e-06    1.229551e-07    1.824434e-07    1.988146e-07    -1.289988e-07    -2.771945e-07
8.471846e-08    3.90987e-07    4.524608e-07    1.08476e-07    -5.861574e-07    -1.386314e-07    -1.329147e-07    -5.666547e-09    3.148436e-08    5.606557e-08    -5.217119e-07    4.785729e-07    7.942755e-07    -6.326572e-07    -7.536623e-08    5.661096e-07    2.838654e-08    -7.782604e-07    3.470217e-07    -3.893407e-08    3.543101e-07    1.007374e-06    -2.89303e-06    -1.76495e-06    3.451853e-06    -7.941321e-08    -1.638286e-07    -1.121764e-07    -4.42738e-08    2.623125e-07
-8.592304e-08    -6.514163e-08    3.405016e-08    9.36981e-08    5.491187e-09    -2.42113e-08    -1.983373e-08    5.07326e-08    5.415537e-08    -4.453383e-08    -4.637161e-07    1.290254e-07    -1.910129e-07    5.619697e-07    -2.954156e-08    -4.279614e-07    5.161131e-08    -2.237816e-08    5.393521e-07    -7.630763e-08    2.611825e-08    -1.017341e-07    3.565121e-08    1.229551e-07    -7.941321e-08    3.069153e-06    -5.261763e-07    -2.192146e-06    3.374953e-07    8.121976e-08
2.930226e-08    -4.62901e-08    7.30707e-09    4.641594e-08    -5.613856e-08    -5.465718e-08    5.825707e-09    3.642758e-08    2.75359e-08    -1.262755e-08    -8.894476e-08    2.234419e-07    7.246206e-08    4.83202e-07    -3.256638e-07    -9.688824e-08    -6.382884e-08    1.305968e-07    3.237655e-07    -1.197049e-07    2.851935e-07    -5.171456e-08    -1.184092e-07    1.824434e-07    -1.638286e-07    -5.261763e-07    3.847413e-06    1.141822e-07    -3.192157e-06    8.326779e-07
2.976535e-08    6.509298e-08    -4.297934e-08    -5.439054e-08    5.412662e-08    2.146841e-08    3.879564e-08    -1.023082e-08    3.764125e-08    -3.271179e-08    4.240979e-07    -1.35801e-07    5.612134e-07    -1.422519e-07    -2.411536e-07    3.196944e-07    -3.717155e-07    4.577215e-07    -1.117594e-07    -1.286879e-07    1.830818e-07    -6.496103e-09    -6.104011e-08    1.988146e-07    -1.121764e-07    -2.192146e-06    1.141822e-07    3.763799e-06    3.70122e-09    -1.990408e-06
-1.372647e-08    -3.235921e-09    -3.44732e-08    -8.591566e-08    8.622935e-08    4.628573e-08    1.273127e-07    1.488412e-09    -1.06466e-07    5.266398e-11    3.906158e-07    -3.134975e-07    2.913395e-07    -5.794255e-07    1.036626e-08    3.070012e-07    6.069029e-08    1.749905e-07    -4.850874e-07    -7.033174e-08    -1.799183e-07    1.751502e-07    2.430725e-07    -1.289988e-07    -4.42738e-08    3.374953e-07    -3.192157e-06    3.70122e-09    5.55885e-06    -2.989057e-06
8.05633e-08    3.843355e-10    2.788392e-08    -1.741049e-08    -1.768048e-07    -3.635983e-08    -1.516347e-07    -1.258304e-07    -2.231564e-08    1.565979e-07    2.612999e-08    4.769027e-07    -7.9827e-07    -4.287822e-07    6.659934e-08    1.843657e-07    8.485476e-07    -1.002033e-06    -4.689466e-07    3.119163e-08    -2.136834e-07    -2.606235e-08    -4.226523e-08    -2.771945e-07    2.623125e-07    8.121976e-08    8.326779e-07    -1.990408e-06    -2.989057e-06    4.455677e-06
