2.600983e-06    -3.286611e-07    -1.342674e-06    6.021406e-07    1.593954e-08    -7.653055e-08    5.941772e-08    9.663147e-08    3.736003e-08    -9.945902e-08    4.697839e-07    5.47637e-07    -5.34376e-07    3.198598e-07    -2.380081e-07    2.424749e-07    -1.070363e-07    -3.07383e-07    2.20157e-07    -3.092637e-08    1.97316e-07    -3.704944e-07    -2.94216e-07    3.635863e-07    -1.054096e-09    -8.592304e-08    2.930226e-08    2.976535e-08    -1.372647e-08    8.05633e-08
-3.286611e-07    3.160636e-06    -1.907102e-08    -2.568925e-06    8.523284e-07    3.600934e-08    2.353316e-08    2.590894e-09    4.743568e-09    -3.331978e-09    -1.040816e-06    1.041128e-06    9.535011e-07    -1.052007e-06    5.102193e-08    7.58983e-08    -2.550777e-07    -1.889188e-07    2.393839e-08    1.519875e-07    -2.382788e-07    -9.041879e-08    -2.591078e-08    -2.556276e-07    2.977578e-07    -6.514163e-08    -4.62901e-08    6.509298e-08    -3.235921e-09    3.843355e-10
-1.342674e-06    -1.907102e-08    3.326219e-06    3.893051e-07    -2.172842e-06    9.027872e-08    2.027802e-09    -8.015087e-08    -5.342214e-08    8.306228e-08    -8.725912e-07    2.69731e-07    1.767781e-06    -7.931527e-07    -2.445022e-07    1.154778e-07    -2.116157e-07    -2.787047e-07    6.528456e-08    1.359093e-07    1.226221e-07    -2.433919e-07    -4.663264e-07    -1.072838e-07    4.010113e-07    3.405016e-08    7.30707e-09    -4.297934e-08    -3.44732e-08    2.788392e-08
6.021406e-07    -2.568925e-06    3.893051e-07    5.404785e-06    -3.126419e-06    -5.53066e-08    -2.286789e-08    6.674054e-09    -8.952459e-09    -9.145968e-09    3.774371e-07    -2.220125e-08    -1.357133e-07    1.103326e-06    -5.089819e-07    3.136192e-07    -2.552282e-07    -3.136161e-07    3.620669e-07    -4.917608e-08    7.299015e-07    -6.803281e-07    -8.063589e-07    6.933302e-07    6.905387e-08    9.36981e-08    4.641594e-08    -5.439054e-08    -8.591566e-08    -1.741049e-08
1.593954e-08    8.523284e-07    -2.172842e-06    -3.126419e-06    5.295479e-06    -1.95566e-08    -7.525311e-08    -2.228105e-08    2.491048e-08    2.16677e-08    4.850394e-07    -8.076206e-07    -1.334957e-06    2.291829e-07    7.938154e-07    -4.65636e-07    4.275985e-07    6.865316e-07    -3.757029e-07    -1.427448e-07    -6.445176e-07    9.109827e-07    1.09151e-06    -5.419987e-07    -4.213528e-07    5.491187e-09    -5.613856e-08    5.412662e-08    8.622935e-08    -1.768048e-07
-7.653055e-08    3.600934e-08    9.027872e-08    -5.53066e-08    -1.95566e-08    4.031233e-06    -1.349133e-07    -2.383666e-06    -5.92292e-07    8.958909e-09    2.81215e-07    -2.102334e-07    -1.103377e-07    2.301087e-07    -1.346945e-07    2.522611e-07    -6.991328e-08    -1.983939e-07    1.728943e-07    -4.877872e-08    1.275874e-07    -5.3068e-08    8.637599e-08    7.782073e-08    -8.228944e-08    -2.42113e-08    -5.465718e-08    2.146841e-08    4.628573e-08    -3.635983e-08
5.941772e-08    2.353316e-08    2.027802e-09    -2.286789e-08    -7.525311e-08    -1.349133e-07    3.917273e-06    -3.736174e-07    -2.365704e-06    1.450855e-07    7.032042e-08    -1.573068e-07    -3.147952e-07    -5.981865e-08    2.014906e-07    1.126963e-07    -1.721754e-07    -3.572851e-07    -1.50638e-08    1.653444e-07    -1.225449e-07    2.070728e-07    2.558935e-07    -9.758748e-08    -1.116133e-07    -1.983373e-08    5.825707e-09    3.879564e-08    1.273127e-07    -1.516347e-07
9.663147e-08    2.590894e-09    -8.015087e-08    6.674054e-09    -2.228105e-08    -2.383666e-06    -3.736174e-07    3.896848e-06    -1.752482e-07    -1.137147e-06    2.308017e-08    -1.827199e-07    -4.950004e-07    3.684226e-08    3.348404e-07    1.223775e-08    -3.395076e-07    -1.656714e-07    6.615273e-08    1.518517e-07    -1.931782e-07    2.328468e-07    1.672111e-07    -1.469752e-07    -4.919434e-08    5.07326e-08    3.642758e-08    -1.023082e-08    1.488412e-09    -1.258304e-07
3.736003e-08    4.743568e-09    -5.342214e-08    -8.952459e-09    2.491048e-08    -5.92292e-07    -2.365704e-06    -1.752482e-07    3.976115e-06    -9.157032e-07    2.653777e-07    -2.579357e-07    -1.892295e-07    3.111147e-07    -5.061231e-08    2.268303e-07    -2.012523e-07    -1.158731e-07    2.188591e-07    -6.237872e-08    8.954338e-08    -1.462102e-08    -1.477693e-07    7.378019e-08    -2.603306e-08    5.415537e-08    2.75359e-08    3.764125e-08    -1.06466e-07    -2.231564e-08
-9.945902e-08    -3.331978e-09    8.306228e-08    -9.145968e-09    2.16677e-08    8.958909e-09    1.450855e-07    -1.137147e-06    -9.157032e-07    2.505312e-06    -3.451899e-07    4.032005e-07    6.358144e-07    -2.993951e-07    -1.939436e-07    -2.985701e-07    3.414929e-07    4.375775e-07    -2.268836e-07    -1.133559e-07    2.408577e-08    -1.993573e-07    -1.477898e-07    5.763309e-08    1.675219e-07    -4.453383e-08    -1.262755e-08    -3.271179e-08    5.266398e-11    1.565979e-07
4.697839e-07    -1.040816e-06    -8.725912e-07    3.774371e-07    4.850394e-07    2.81215e-07    7.032042e-08    2.308017e-08    2.653777e-07    -3.451899e-07    3.195493e-06    -1.639595e-06    -1.169982e-06    2.038072e-07    -2.913092e-07    -1.774902e-07    5.033168e-07    3.769832e-07    -2.016343e-07    -2.311008e-07    -6.834888e-08    3.916e-07    5.08818e-07    6.361826e-08    -4.168652e-07    -4.637161e-07    -8.894476e-08    4.240979e-07    3.906158e-07    2.612999e-08
5.47637e-07    1.041128e-06    2.69731e-07    -2.220125e-08    -8.076206e-07    -2.102334e-07    -1.573068e-07    -1.827199e-07    -2.579357e-07    4.032005e-07    -1.639595e-06    1.056232e-05    -5.783004e-06    -1.839862e-06    1.109121e-06    3.900549e-07    -7.91374e-07    -4.871903e-07    5.161903e-07    1.627869e-07    4.800042e-07    -8.15228e-07    -9.162905e-07    5.173075e-07    3.967937e-07    1.290254e-07    2.234419e-07    -1.35801e-07    -3.134975e-07    4.769027e-07
-5.34376e-07    9.535011e-07    1.767781e-06    -1.357133e-07    -1.334957e-06    -1.103377e-07    -3.147952e-07    -4.950004e-07    -1.892295e-07    6.358144e-07    -1.169982e-06    -5.783004e-06    9.855298e-06    -1.005101e-06    -2.433211e-06    5.235637e-07    -3.825977e-07    -8.533051e-07    3.085671e-07    2.030342e-07    3.939513e-07    -9.148076e-07    -9.050359e-07    2.206934e-07    5.48557e-07    -1.910129e-07    7.246206e-08    5.612134e-07    2.913395e-07    -7.9827e-07
3.198598e-07    -1.052007e-06    -7.931527e-07    1.103326e-06    2.291829e-07    2.301087e-07    -5.981865e-08    3.684226e-08    3.111147e-07    -2.993951e-07    2.038072e-07    -1.839862e-06    -1.005101e-06    3.603721e-06    -5.028667e-07    -2.239859e-07    3.138917e-07    4.139434e-07    -7.982472e-08    -1.840122e-07    1.164735e-07    2.513594e-07    3.486804e-07    2.288653e-07    -4.706512e-07    5.619697e-07    4.83202e-07    -1.422519e-07    -5.794255e-07    -4.287822e-07
-2.380081e-07    5.102193e-08    -2.445022e-07    -5.089819e-07    7.938154e-07    -1.346945e-07    2.014906e-07    3.348404e-07    -5.061231e-08    -1.939436e-07    -2.913092e-07    1.109121e-06    -2.433211e-06    -5.028667e-07    2.196402e-06    -1.873441e-07    5.846522e-08    2.526722e-07    -2.060544e-07    4.493532e-09    -4.08266e-07    4.895283e-07    4.194069e-07    -4.592538e-07    1.032092e-08    -2.954156e-08    -3.256638e-07    -2.411536e-07    1.036626e-08    6.659934e-08
2.424749e-07    7.58983e-08    1.154778e-07    3.136192e-07    -4.65636e-07    2.522611e-07    1.126963e-07    1.223775e-08    2.268303e-07    -2.985701e-07    -1.774902e-07    3.900549e-07    5.235637e-07    -2.239859e-07    -1.873441e-07    4.198355e-06    -3.570896e-07    -3.268864e-06    -2.005086e-07    -1.219386e-07    1.466182e-07    -4.302352e-07    -3.339175e-07    1.497636e-07    2.327058e-07    -4.279614e-07    -9.688824e-08    3.196944e-07    3.070012e-07    1.843657e-07
-1.070363e-07    -2.550777e-07    -2.116157e-07    -2.552282e-07    4.275985e-07    -6.991328e-08    -1.721754e-07    -3.395076e-07    -2.012523e-07    3.414929e-07    5.033168e-07    -7.91374e-07    -3.825977e-07    3.138917e-07    5.846522e-08    -3.570896e-07    1.233661e-05    -8.056497e-06    -2.337646e-06    6.702505e-07    -2.529307e-07    7.658728e-07    4.836034e-07    -2.523897e-07    -2.65145e-07    5.161131e-08    -6.382884e-08    -3.717155e-07    6.069029e-08    8.485476e-07
-3.07383e-07    -1.889188e-07    -2.787047e-07    -3.136161e-07    6.865316e-07    -1.983939e-07    -3.572851e-07    -1.656714e-07    -1.158731e-07    4.375775e-07    3.769832e-07    -4.871903e-07    -8.533051e-07    4.139434e-07    2.526722e-07    -3.268864e-06    -8.056497e-06    1.231061e-05    -7.233887e-07    -1.183478e-06    1.209897e-07    -9.523447e-08    1.564516e-07    1.2228e-07    -2.541033e-07    -2.237816e-08    1.305968e-07    4.577215e-07    1.749905e-07    -1.002033e-06
2.20157e-07    2.393839e-08    6.528456e-08    3.620669e-07    -3.757029e-07    1.728943e-07    -1.50638e-08    6.615273e-08    2.188591e-07    -2.268836e-07    -2.016343e-07    5.161903e-07    3.085671e-07    -7.982472e-08    -2.060544e-07    -2.005086e-07    -2.337646e-06    -7.233887e-07    3.857491e-06    -3.243028e-07    3.896268e-08    -3.419184e-07    -4.138607e-07    -1.261315e-07    4.148845e-07    5.393521e-07    3.237655e-07    -1.117594e-07    -4.850874e-07    -4.689466e-07
-3.092637e-08    1.519875e-07    1.359093e-07    -4.917608e-08    -1.427448e-07    -4.877872e-08    1.653444e-07    1.518517e-07    -6.237872e-08    -1.133559e-07    -2.311008e-07    1.627869e-07    2.030342e-07    -1.840122e-07    4.493532e-09    -1.219386e-07    6.702505e-07    -1.183478e-06    -3.243028e-07    1.055329e-06    -3.965965e-08    1.152689e-07    3.641938e-08    3.515607e-08    -6.090249e-08    -7.630763e-08    -1.197049e-07    -1.286879e-07    -7.033174e-08    3.119163e-08
1.97316e-07    -2.382788e-07    1.226221e-07    7.299015e-07    -6.445176e-07    1.275874e-07    -1.225449e-07    -1.931782e-07    8.954338e-08    2.408577e-08    -6.834888e-08    4.800042e-07    3.939513e-07    1.164735e-07    -4.08266e-07    1.466182e-07    -2.529307e-07    1.209897e-07    3.896268e-08    -3.965965e-08    5.688819e-06    7.011856e-10    -4.407768e-06    -3.903071e-07    1.419384e-07    3.289569e-07    -4.667471e-07    -5.190096e-09    8.3525e-07    -6.254092e-07
-3.704944e-07    -9.041879e-08    -2.433919e-07    -6.803281e-07    9.109827e-07    -5.3068e-08    2.070728e-07    2.328468e-07    -1.462102e-08    -1.993573e-07    3.916e-07    -8.15228e-07    -9.148076e-07    2.513594e-07    4.895283e-07    -4.302352e-07    7.658728e-07    -9.523447e-08    -3.419184e-07    1.152689e-07    7.011856e-10    6.556251e-06    -1.302988e-06    -4.337485e-06    6.190545e-07    -3.243316e-07    2.327571e-08    -3.387924e-07    -6.337492e-07    9.395986e-07
-2.94216e-07    -2.591078e-08    -4.663264e-07    -8.063589e-07    1.09151e-06    8.637599e-08    2.558935e-07    1.672111e-07    -1.477693e-07    -1.477898e-07    5.08818e-07    -9.162905e-07    -9.050359e-07    3.486804e-07    4.194069e-07    -3.339175e-07    4.836034e-07    1.564516e-07    -4.138607e-07    3.641938e-08    -4.407768e-06    -1.302988e-06    6.599799e-06    9.317883e-08    -1.536047e-06    -3.345717e-07    9.654869e-08    -2.258874e-07    -7.716754e-07    9.525072e-07
3.635863e-07    -2.556276e-07    -1.072838e-07    6.933302e-07    -5.419987e-07    7.782073e-08    -9.758748e-08    -1.469752e-07    7.378019e-08    5.763309e-08    6.361826e-08    5.173075e-07    2.206934e-07    2.288653e-07    -4.592538e-07    1.497636e-07    -2.523897e-07    1.2228e-07    -1.261315e-07    3.515607e-08    -3.903071e-07    -4.337485e-06    9.317883e-08    5.633031e-06    -1.088318e-06    2.210303e-07    -3.779896e-07    1.305574e-08    7.502919e-07    -5.441514e-07
-1.054096e-09    2.977578e-07    4.010113e-07    6.905387e-08    -4.213528e-07    -8.228944e-08    -1.116133e-07    -4.919434e-08    -2.603306e-08    1.675219e-07    -4.168652e-07    3.967937e-07    5.48557e-07    -4.706512e-07    1.032092e-08    2.327058e-07    -2.65145e-07    -2.541033e-07    4.148845e-07    -6.090249e-08    1.419384e-07    6.190545e-07    -1.536047e-06    -1.088318e-06    2.336119e-06    7.031241e-08    3.116424e-07    2.51584e-07    -2.404351e-08    -3.610371e-07
-8.592304e-08    -6.514163e-08    3.405016e-08    9.36981e-08    5.491187e-09    -2.42113e-08    -1.983373e-08    5.07326e-08    5.415537e-08    -4.453383e-08    -4.637161e-07    1.290254e-07    -1.910129e-07    5.619697e-07    -2.954156e-08    -4.279614e-07    5.161131e-08    -2.237816e-08    5.393521e-07    -7.630763e-08    3.289569e-07    -3.243316e-07    -3.345717e-07    2.210303e-07    7.031241e-08    3.069153e-06    -5.261763e-07    -2.192146e-06    3.374953e-07    8.121976e-08
2.930226e-08    -4.62901e-08    7.30707e-09    4.641594e-08    -5.613856e-08    -5.465718e-08    5.825707e-09    3.642758e-08    2.75359e-08    -1.262755e-08    -8.894476e-08    2.234419e-07    7.246206e-08    4.83202e-07    -3.256638e-07    -9.688824e-08    -6.382884e-08    1.305968e-07    3.237655e-07    -1.197049e-07    -4.667471e-07    2.327571e-08    9.654869e-08    -3.779896e-07    3.116424e-07    -5.261763e-07    3.847413e-06    1.141822e-07    -3.192157e-06    8.326779e-07
2.976535e-08    6.509298e-08    -4.297934e-08    -5.439054e-08    5.412662e-08    2.146841e-08    3.879564e-08    -1.023082e-08    3.764125e-08    -3.271179e-08    4.240979e-07    -1.35801e-07    5.612134e-07    -1.422519e-07    -2.411536e-07    3.196944e-07    -3.717155e-07    4.577215e-07    -1.117594e-07    -1.286879e-07    -5.190096e-09    -3.387924e-07    -2.258874e-07    1.305574e-08    2.51584e-07    -2.192146e-06    1.141822e-07    3.763799e-06    3.70122e-09    -1.990408e-06
-1.372647e-08    -3.235921e-09    -3.44732e-08    -8.591566e-08    8.622935e-08    4.628573e-08    1.273127e-07    1.488412e-09    -1.06466e-07    5.266398e-11    3.906158e-07    -3.134975e-07    2.913395e-07    -5.794255e-07    1.036626e-08    3.070012e-07    6.069029e-08    1.749905e-07    -4.850874e-07    -7.033174e-08    8.3525e-07    -6.337492e-07    -7.716754e-07    7.502919e-07    -2.404351e-08    3.374953e-07    -3.192157e-06    3.70122e-09    5.55885e-06    -2.989057e-06
8.05633e-08    3.843355e-10    2.788392e-08    -1.741049e-08    -1.768048e-07    -3.635983e-08    -1.516347e-07    -1.258304e-07    -2.231564e-08    1.565979e-07    2.612999e-08    4.769027e-07    -7.9827e-07    -4.287822e-07    6.659934e-08    1.843657e-07    8.485476e-07    -1.002033e-06    -4.689466e-07    3.119163e-08    -6.254092e-07    9.395986e-07    9.525072e-07    -5.441514e-07    -3.610371e-07    8.121976e-08    8.326779e-07    -1.990408e-06    -2.989057e-06    4.455677e-06
