1.457257e-06    1.743115e-07    -9.820345e-07    -2.900465e-08    -9.333046e-09    2.28995e-08    8.947375e-08    5.651077e-08    -4.221011e-08    -4.077867e-08
1.743115e-07    1.616657e-06    -3.358758e-07    -9.808844e-07    3.401568e-07    -2.485231e-08    -4.278544e-09    -2.022752e-08    3.057534e-08    7.484827e-08
-9.820345e-07    -3.358758e-07    1.598062e-06    1.488089e-07    -7.693114e-07    6.244177e-10    -3.43318e-08    -4.040184e-08    1.942288e-08    4.777589e-08
-2.900465e-08    -9.808844e-07    1.488089e-07    1.454786e-06    -6.167025e-07    1.778784e-08    4.102353e-08    4.504282e-08    -6.361358e-09    -7.2161e-08
-9.333046e-09    3.401568e-07    -7.693114e-07    -6.167025e-07    1.398793e-06    -2.312782e-08    -5.680846e-08    -3.47813e-08    9.658177e-09    1.754153e-08
2.28995e-08    -2.485231e-08    6.244177e-10    1.778784e-08    -2.312782e-08    1.444516e-06    -1.939162e-07    -9.293725e-07    1.499415e-07    5.878618e-08
8.947375e-08    -4.278544e-09    -3.43318e-08    4.102353e-08    -5.680846e-08    -1.939162e-07    1.465682e-06    4.995097e-08    -9.667921e-07    3.112e-07
5.651077e-08    -2.022752e-08    -4.040184e-08    4.504282e-08    -3.47813e-08    -9.293725e-07    4.995097e-08    1.456154e-06    2.002684e-08    -6.826053e-07
-4.221011e-08    3.057534e-08    1.942288e-08    -6.361358e-09    9.658177e-09    1.499415e-07    -9.667921e-07    2.002684e-08    1.5434e-06    -8.089421e-07
-4.077867e-08    7.484827e-08    4.777589e-08    -7.2161e-08    1.754153e-08    5.878618e-08    3.112e-07    -6.826053e-07    -8.089421e-07    1.387049e-06
