1.384648e-06    -3.114386e-07    -7.431074e-07    2.056233e-07    -1.353625e-09    2.703188e-07    1.810059e-07    -1.572987e-07    1.74184e-07    -1.406615e-07    9.571119e-08    -5.521538e-08    -1.076676e-07    9.52197e-08    3.003924e-08    3.39233e-08    -4.334177e-08    -2.562991e-08    8.174824e-08    -2.619377e-08    1.194076e-07    -8.8758e-08    -1.387355e-07    1.119416e-07    1.123747e-08    1.066592e-08    -1.114546e-08    3.14549e-09    -1.32453e-09    1.870443e-08
-3.114386e-07    1.383074e-06    -4.187749e-08    -9.751589e-07    2.859316e-07    -4.113751e-07    3.505448e-07    2.852045e-07    -4.152908e-07    1.123842e-07    -3.546256e-08    -9.443926e-08    -5.723373e-08    -6.974779e-08    8.094162e-08    -3.763026e-08    1.294089e-07    3.853618e-08    -1.155692e-07    5.261425e-09    -1.227819e-07    -2.819355e-09    -2.977427e-08    -1.378175e-07    1.366782e-07    -3.127937e-08    9.187312e-09    1.079276e-09    -1.205038e-08    1.876552e-08
-7.431074e-07    -4.187749e-08    1.46743e-06    1.340621e-07    -7.675104e-07    -3.12629e-07    1.656897e-07    5.871983e-07    -2.807898e-07    -1.411093e-07    6.023236e-08    -1.898918e-07    -1.875982e-07    2.327311e-08    9.522359e-08    -1.346927e-08    1.491137e-07    8.143479e-08    -1.243688e-07    -6.568627e-08    -3.987847e-08    -1.536728e-07    -1.117851e-07    -1.901435e-08    1.453223e-07    -1.312576e-08    -4.762811e-09    -4.339508e-09    -5.935184e-09    -1.192676e-09
2.056233e-07    -9.751589e-07    1.340621e-07    1.556799e-06    -7.876328e-07    1.387555e-07    7.958361e-09    5.117978e-08    3.651707e-07    -2.816455e-07    1.967883e-07    -9.683937e-08    -1.826644e-07    1.495264e-07    -1.705388e-08    5.221216e-08    -6.103608e-08    3.174067e-08    8.200363e-08    -9.613872e-08    1.809366e-07    -1.954327e-07    -1.583205e-07    1.893825e-07    -4.288145e-09    5.899477e-08    8.581844e-09    -2.388439e-08    -2.068128e-08    4.742455e-09
-1.353625e-09    2.859316e-07    -7.675104e-07    -7.876328e-07    1.441199e-06    1.356582e-07    -2.968669e-07    -4.866023e-07    8.175891e-08    3.749357e-07    -2.096286e-07    2.923179e-07    3.462011e-07    -1.616953e-07    -1.071405e-07    -5.151036e-08    -1.223471e-07    -7.318694e-08    6.275921e-08    1.192011e-07    -9.240705e-08    2.945368e-07    2.483578e-07    -1.243061e-07    -1.469426e-07    -9.901857e-09    1.117367e-08    1.186954e-08    2.277391e-08    -5.854561e-08
2.703188e-07    -4.113751e-07    -3.12629e-07    1.387555e-07    1.356582e-07    1.234127e-06    -4.804401e-07    -3.595327e-07    2.420844e-08    -2.228069e-07    -8.78063e-08    1.27743e-07    2.180929e-07    4.390188e-08    -1.394382e-07    -2.154692e-09    -1.327887e-07    -5.989724e-08    6.328733e-08    8.162084e-08    2.64867e-08    1.184302e-07    1.517627e-07    7.02234e-08    -1.685225e-07    -1.833988e-07    -8.352092e-09    1.986713e-07    1.423319e-07    1.919447e-08
1.810059e-07    3.505448e-07    1.656897e-07    7.958361e-09    -2.968669e-07    -4.804401e-07    2.059324e-06    -3.350662e-07    -5.089342e-07    1.258872e-07    1.546435e-07    -2.517151e-07    -3.345045e-07    1.659212e-07    1.500274e-07    -4.021642e-08    8.755634e-08    3.788821e-08    -5.396018e-08    -2.683973e-08    1.298707e-07    -2.812343e-07    -2.991817e-07    1.337999e-07    1.645349e-07    3.816761e-08    1.060896e-07    2.622913e-08    -5.417845e-08    8.008282e-08
-1.572987e-07    2.852045e-07    5.871983e-07    5.117978e-08    -4.866023e-07    -3.595327e-07    -3.350662e-07    2.003166e-06    -3.070425e-07    -9.751981e-07    2.288124e-07    -3.201869e-07    -3.345529e-07    8.138872e-08    1.137566e-07    -3.265081e-08    8.160504e-08    8.095614e-08    -6.136404e-08    -4.827659e-08    1.008371e-07    -3.056814e-07    -3.05131e-07    6.222893e-08    2.051128e-07    -5.390229e-08    5.873592e-08    1.817164e-07    5.700253e-08    -1.996639e-07
1.74184e-07    -4.152908e-07    -2.807898e-07    3.651707e-07    8.175891e-08    2.420844e-08    -5.089342e-07    -3.070425e-07    1.35192e-06    -3.081432e-07    2.377914e-09    2.176968e-07    1.26467e-07    -3.661156e-09    -1.184494e-07    4.042265e-08    -1.373691e-07    -1.39507e-07    3.325588e-08    1.101109e-07    8.10535e-08    8.526843e-08    1.125857e-07    1.178478e-07    -1.983188e-07    2.267297e-07    1.767643e-07    -6.272078e-08    -2.066549e-07    -1.734126e-07
-1.406615e-07    1.123842e-07    -1.411093e-07    -2.816455e-07    3.749357e-07    -2.228069e-07    1.258872e-07    -9.751981e-07    -3.081432e-07    1.448944e-06    -1.72231e-07    1.461553e-07    1.470342e-07    -1.397399e-07    4.386399e-09    -6.334582e-09    6.459502e-08    2.963644e-08    -2.1813e-08    -2.189342e-08    -1.608349e-07    1.853117e-07    1.595136e-07    -1.836415e-07    2.011798e-08    -3.338984e-08    -1.821154e-07    -1.43891e-07    -2.092911e-08    2.929873e-09
9.571119e-08    -3.546256e-08    6.023236e-08    1.967883e-07    -2.096286e-07    -8.78063e-08    1.546435e-07    2.288124e-07    2.377914e-09    -1.72231e-07    1.367607e-06    -3.399759e-07    -6.355789e-07    1.187194e-07    -1.167139e-07    6.613122e-08    1.467187e-07    1.750315e-07    7.910922e-08    -2.442934e-07    2.379299e-08    -8.476078e-08    -1.177885e-07    -1.705593e-08    1.130567e-07    -1.963415e-07    -8.052151e-08    1.95242e-07    2.098011e-07    1.816533e-08
-5.521538e-08    -9.443926e-08    -1.898918e-07    -9.683937e-08    2.923179e-07    1.27743e-07    -2.517151e-07    -3.201869e-07    2.176968e-07    1.461553e-07    -3.399759e-07    1.754976e-06    8.989151e-08    -7.144456e-07    -6.704824e-08    1.038676e-07    -3.212242e-07    -2.810191e-07    1.626453e-07    1.640382e-07    -1.830333e-08    5.755278e-08    5.861514e-08    9.597722e-10    -4.948949e-08    1.479177e-08    1.304937e-07    8.973109e-08    1.469665e-08    -1.533507e-08
-1.076676e-07    -5.723373e-08    -1.875982e-07    -1.826644e-07    3.462011e-07    2.180929e-07    -3.345045e-07    -3.345529e-07    1.26467e-07    1.470342e-07    -6.355789e-07    8.989151e-08    1.706385e-06    -2.692439e-07    -7.773005e-07    5.456338e-08    -2.827447e-07    -3.368339e-07    7.046997e-08    2.659612e-07    -3.205093e-08    4.369783e-08    9.741262e-08    1.727274e-08    -6.947163e-08    -4.263684e-09    1.065744e-07    1.532648e-07    3.024236e-08    -2.53752e-07
9.52197e-08    -6.974779e-08    2.327311e-08    1.495264e-07    -1.616953e-07    4.390188e-08    1.659212e-07    8.138872e-08    -3.661156e-09    -1.397399e-07    1.187194e-07    -7.144456e-07    -2.692439e-07    1.419714e-06    -4.286468e-07    1.058457e-07    3.362742e-08    7.50773e-08    1.078394e-07    -1.735441e-07    -2.137453e-10    -8.061973e-08    -7.582793e-08    -3.863633e-08    8.513924e-08    2.617208e-07    8.532739e-08    -1.288615e-07    -1.309934e-07    -1.347986e-07
3.003924e-08    8.094162e-08    9.522359e-08    -1.705388e-08    -1.071405e-07    -1.394382e-07    1.500274e-07    1.137566e-07    -1.184494e-07    4.386399e-09    -1.167139e-07    -6.704824e-08    -7.773005e-07    -4.286468e-07    1.454712e-06    -1.233199e-07    1.760398e-07    1.388776e-07    -1.711818e-07    2.352906e-09    3.231088e-08    1.915438e-08    -5.04835e-09    3.677339e-08    -4.684163e-08    -4.52932e-08    -1.771403e-07    -1.060272e-07    -3.713331e-08    -4.198397e-08
3.39233e-08    -3.763026e-08    -1.346927e-08    5.221216e-08    -5.151036e-08    -2.154692e-09    -4.021642e-08    -3.265081e-08    4.042265e-08    -6.334582e-09    6.613122e-08    1.038676e-07    5.456338e-08    1.058457e-07    -1.233199e-07    1.451722e-06    5.084839e-08    -8.917713e-07    9.169017e-09    -9.626868e-08    1.044622e-07    -6.394594e-08    -1.058587e-07    6.086563e-08    -7.887095e-09    9.801936e-08    -1.341353e-07    -2.337947e-08    1.830552e-07    -1.475658e-07
-4.334177e-08    1.294089e-07    1.491137e-07    -6.103608e-08    -1.223471e-07    -1.327887e-07    8.755634e-08    8.160504e-08    -1.373691e-07    6.459502e-08    1.467187e-07    -3.212242e-07    -2.827447e-07    3.362742e-08    1.760398e-07    5.084839e-08    1.593388e-06    -3.757712e-07    -9.087368e-07    3.473426e-07    -1.18562e-07    2.516905e-08    2.526012e-08    -9.981249e-08    6.449022e-08    -1.547786e-07    -1.632288e-08    -8.360444e-08    -1.490098e-07    2.590583e-07
-2.562991e-08    3.853618e-08    8.143479e-08    3.174067e-08    -7.318694e-08    -5.989724e-08    3.788821e-08    8.095614e-08    -1.39507e-07    2.963644e-08    1.750315e-07    -2.810191e-07    -3.368339e-07    7.50773e-08    1.388776e-07    -8.917713e-07    -3.757712e-07    1.553748e-06    6.150669e-08    -6.874152e-07    -1.051849e-07    -1.856564e-08    3.314313e-08    -6.438304e-08    9.104498e-08    -1.09051e-07    -5.076642e-08    -1.014469e-07    -9.569228e-08    2.680004e-07
8.174824e-08    -1.155692e-07    -1.243688e-07    8.200363e-08    6.275921e-08    6.328733e-08    -5.396018e-08    -6.136404e-08    3.325588e-08    -2.1813e-08    7.910922e-08    1.626453e-07    7.046997e-08    1.078394e-07    -1.711818e-07    9.169017e-09    -9.087368e-07    6.150669e-08    1.45305e-06    -5.407393e-07    1.097588e-07    -8.151152e-08    -1.202722e-07    8.315985e-08    1.588424e-08    1.060701e-07    -1.477313e-07    -1.714357e-08    2.179832e-07    -1.437436e-07
-2.619377e-08    5.261425e-09    -6.568627e-08    -9.613872e-08    1.192011e-07    8.162084e-08    -2.683973e-08    -4.827659e-08    1.101109e-07    -2.189342e-08    -2.442934e-07    1.640382e-07    2.659612e-07    -1.735441e-07    2.352906e-09    -9.626868e-08    3.473426e-07    -6.874152e-07    -5.407393e-07    1.411932e-06    -9.350052e-09    8.829553e-08    9.899948e-08    -1.031458e-08    -8.749885e-08    -7.700472e-09    1.885545e-07    1.413162e-07    -9.622348e-08    -1.326733e-07
1.194076e-07    -1.227819e-07    -3.987847e-08    1.809366e-07    -9.240705e-08    2.64867e-08    1.298707e-07    1.008371e-07    8.10535e-08    -1.608349e-07    2.379299e-08    -1.830333e-08    -3.205093e-08    -2.137453e-10    3.231088e-08    1.044622e-07    -1.18562e-07    -1.051849e-07    1.097588e-07    -9.350052e-09    1.52958e-06    6.45166e-08    -9.56524e-07    -9.956706e-08    -2.853993e-08    1.088176e-07    -1.651704e-07    -1.957393e-08    2.230299e-07    -1.434936e-07
-8.8758e-08    -2.819355e-09    -1.536728e-07    -1.954327e-07    2.945368e-07    1.184302e-07    -2.812343e-07    -3.056814e-07    8.526843e-08    1.853117e-07    -8.476078e-08    5.755278e-08    4.369783e-08    -8.061973e-08    1.915438e-08    -6.394594e-08    2.516905e-08    -1.856564e-08    -8.151152e-08    8.829553e-08    6.45166e-08    1.446377e-06    -1.275845e-07    -9.453861e-07    1.627079e-07    -1.167711e-07    -2.646731e-08    -1.280691e-07    -1.57478e-07    2.623821e-07
-1.387355e-07    -2.977427e-08    -1.117851e-07    -1.583205e-07    2.483578e-07    1.517627e-07    -2.991817e-07    -3.05131e-07    1.125857e-07    1.595136e-07    -1.177885e-07    5.861514e-08    9.741262e-08    -7.582793e-08    -5.04835e-09    -1.058587e-07    2.526012e-08    3.314313e-08    -1.202722e-07    9.899948e-08    -9.56524e-07    -1.275845e-07    1.464836e-06    9.324971e-08    -6.101678e-07    -1.201718e-07    -6.683426e-09    -9.67021e-08    -1.88571e-07    2.670313e-07
1.119416e-07    -1.378175e-07    -1.901435e-08    1.893825e-07    -1.243061e-07    7.02234e-08    1.337999e-07    6.222893e-08    1.178478e-07    -1.836415e-07    -1.705593e-08    9.597722e-10    1.727274e-08    -3.863633e-08    3.677339e-08    6.086563e-08    -9.981249e-08    -6.438304e-08    8.315985e-08    -1.031458e-08    -9.956706e-08    -9.453861e-07    9.324971e-08    1.54226e-06    -5.403509e-07    7.15857e-08    -1.380205e-07    -1.367093e-08    2.016872e-07    -1.209773e-07
1.123747e-08    1.366782e-07    1.453223e-07    -4.288145e-09    -1.469426e-07    -1.685225e-07    1.645349e-07    2.051128e-07    -1.983188e-07    2.011798e-08    1.130567e-07    -4.948949e-08    -6.947163e-08    8.513924e-08    -4.684163e-08    -7.887095e-09    6.449022e-08    9.104498e-08    1.588424e-08    -8.749885e-08    -2.853993e-08    1.627079e-07    -6.101678e-07    -5.403509e-07    1.400184e-06    3.801573e-08    1.451005e-07    1.17239e-07    -1.223483e-08    -1.324958e-07
1.066592e-08    -3.127937e-08    -1.312576e-08    5.899477e-08    -9.901857e-09    -1.833988e-07    3.816761e-08    -5.390229e-08    2.267297e-07    -3.338984e-08    -1.963415e-07    1.479177e-08    -4.263684e-09    2.617208e-07    -4.52932e-08    9.801936e-08    -1.547786e-07    -1.09051e-07    1.060701e-07    -7.700472e-09    1.088176e-07    -1.167711e-07    -1.201718e-07    7.15857e-08    3.801573e-08    1.444516e-06    -1.939162e-07    -9.293725e-07    1.499415e-07    5.878618e-08
-1.114546e-08    9.187312e-09    -4.762811e-09    8.581844e-09    1.117367e-08    -8.352092e-09    1.060896e-07    5.873592e-08    1.767643e-07    -1.821154e-07    -8.052151e-08    1.304937e-07    1.065744e-07    8.532739e-08    -1.771403e-07    -1.341353e-07    -1.632288e-08    -5.076642e-08    -1.477313e-07    1.885545e-07    -1.651704e-07    -2.646731e-08    -6.683426e-09    -1.380205e-07    1.451005e-07    -1.939162e-07    1.465682e-06    4.995097e-08    -9.667921e-07    3.112e-07
3.14549e-09    1.079276e-09    -4.339508e-09    -2.388439e-08    1.186954e-08    1.986713e-07    2.622913e-08    1.817164e-07    -6.272078e-08    -1.43891e-07    1.95242e-07    8.973109e-08    1.532648e-07    -1.288615e-07    -1.060272e-07    -2.337947e-08    -8.360444e-08    -1.014469e-07    -1.714357e-08    1.413162e-07    -1.957393e-08    -1.280691e-07    -9.67021e-08    -1.367093e-08    1.17239e-07    -9.293725e-07    4.995097e-08    1.456154e-06    2.002684e-08    -6.826053e-07
-1.32453e-09    -1.205038e-08    -5.935184e-09    -2.068128e-08    2.277391e-08    1.423319e-07    -5.417845e-08    5.700253e-08    -2.066549e-07    -2.092911e-08    2.098011e-07    1.469665e-08    3.024236e-08    -1.309934e-07    -3.713331e-08    1.830552e-07    -1.490098e-07    -9.569228e-08    2.179832e-07    -9.622348e-08    2.230299e-07    -1.57478e-07    -1.88571e-07    2.016872e-07    -1.223483e-08    1.499415e-07    -9.667921e-07    2.002684e-08    1.5434e-06    -8.089421e-07
1.870443e-08    1.876552e-08    -1.192676e-09    4.742455e-09    -5.854561e-08    1.919447e-08    8.008282e-08    -1.996639e-07    -1.734126e-07    2.929873e-09    1.816533e-08    -1.533507e-08    -2.53752e-07    -1.347986e-07    -4.198397e-08    -1.475658e-07    2.590583e-07    2.680004e-07    -1.437436e-07    -1.326733e-07    -1.434936e-07    2.623821e-07    2.670313e-07    -1.209773e-07    -1.324958e-07    5.878618e-08    3.112e-07    -6.826053e-07    -8.089421e-07    1.387049e-06
