1.396117e-06    -2.673813e-07    -7.756888e-07    1.99134e-07    2.714163e-10    2.661048e-07    1.362038e-07    -1.800588e-07    1.823646e-07    -1.270829e-07    1.020919e-07    -7.12819e-08    -3.122575e-08    7.757929e-08    -1.871193e-08    4.521618e-08    -1.211006e-08    -2.338289e-08    2.724792e-08    -1.143078e-08    -3.661439e-08    1.43629e-08    1.437355e-08    -3.959511e-09    3.266623e-08
-2.673813e-07    1.364518e-06    -7.825551e-08    -9.580399e-07    2.871904e-07    -3.947977e-07    3.55494e-07    3.329018e-07    -3.98486e-07    4.807524e-08    -4.634551e-08    -1.002601e-07    -8.166254e-08    -5.953874e-08    1.103471e-07    -1.101313e-07    8.737812e-08    9.93725e-08    -7.866444e-08    3.305523e-09    -2.744842e-08    -2.134258e-08    2.443876e-08    -2.095012e-09    -4.259233e-09
-7.756888e-07    -7.825551e-08    1.46125e-06    1.298563e-07    -7.32563e-07    -3.168685e-07    1.788872e-07    5.660026e-07    -2.851175e-07    -1.148815e-07    7.077003e-08    -1.807203e-07    -2.250506e-07    3.067616e-08    1.170805e-07    -8.046227e-08    6.875222e-08    1.294892e-07    -2.817096e-08    -6.074687e-08    1.851157e-08    1.726128e-09    -2.053739e-08    -1.105805e-08    7.673857e-09
1.99134e-07    -9.580399e-07    1.298563e-07    1.565009e-06    -8.046493e-07    1.447823e-07    1.976097e-09    -2.190729e-08    3.852081e-07    -2.106913e-07    1.959617e-07    -9.341293e-08    -1.39947e-07    1.321098e-07    -2.200699e-08    7.678206e-08    -4.355955e-09    -9.597904e-09    8.599647e-08    -6.143883e-08    3.313776e-08    1.427043e-08    -2.016644e-08    -2.18012e-08    -7.303425e-09
2.714163e-10    2.871904e-07    -7.32563e-07    -8.046493e-07    1.422658e-06    1.269902e-07    -3.312683e-07    -4.255303e-07    5.791905e-08    3.356784e-07    -2.109593e-07    2.544076e-07    3.053736e-07    -1.229747e-07    -1.050853e-07    5.000276e-08    -4.724848e-08    -1.303546e-07    -4.616539e-08    9.219859e-08    8.406216e-10    -1.940302e-08    1.444493e-08    2.115926e-08    -5.467788e-08
2.661048e-07    -3.947977e-07    -3.168685e-07    1.447823e-07    1.269902e-07    1.234127e-06    -4.804401e-07    -3.595327e-07    2.420844e-08    -2.228069e-07    -8.78063e-08    1.27743e-07    2.180929e-07    4.390188e-08    -1.394382e-07    -2.154692e-09    -1.327887e-07    -5.989724e-08    6.328733e-08    8.162084e-08    -1.833988e-07    -8.352092e-09    1.986713e-07    1.423319e-07    1.919447e-08
1.362038e-07    3.55494e-07    1.788872e-07    1.976097e-09    -3.312683e-07    -4.804401e-07    2.059324e-06    -3.350662e-07    -5.089342e-07    1.258872e-07    1.546435e-07    -2.517151e-07    -3.345045e-07    1.659212e-07    1.500274e-07    -4.021642e-08    8.755634e-08    3.788821e-08    -5.396018e-08    -2.683973e-08    3.816761e-08    1.060896e-07    2.622913e-08    -5.417845e-08    8.008282e-08
-1.800588e-07    3.329018e-07    5.660026e-07    -2.190729e-08    -4.255303e-07    -3.595327e-07    -3.350662e-07    2.003166e-06    -3.070425e-07    -9.751981e-07    2.288124e-07    -3.201869e-07    -3.345529e-07    8.138872e-08    1.137566e-07    -3.265081e-08    8.160504e-08    8.095614e-08    -6.136404e-08    -4.827659e-08    -5.390229e-08    5.873592e-08    1.817164e-07    5.700253e-08    -1.996639e-07
1.823646e-07    -3.98486e-07    -2.851175e-07    3.852081e-07    5.791905e-08    2.420844e-08    -5.089342e-07    -3.070425e-07    1.35192e-06    -3.081432e-07    2.377914e-09    2.176968e-07    1.26467e-07    -3.661156e-09    -1.184494e-07    4.042265e-08    -1.373691e-07    -1.39507e-07    3.325588e-08    1.101109e-07    2.267297e-07    1.767643e-07    -6.272078e-08    -2.066549e-07    -1.734126e-07
-1.270829e-07    4.807524e-08    -1.148815e-07    -2.106913e-07    3.356784e-07    -2.228069e-07    1.258872e-07    -9.751981e-07    -3.081432e-07    1.448944e-06    -1.72231e-07    1.461553e-07    1.470342e-07    -1.397399e-07    4.386399e-09    -6.334582e-09    6.459502e-08    2.963644e-08    -2.1813e-08    -2.189342e-08    -3.338984e-08    -1.821154e-07    -1.43891e-07    -2.092911e-08    2.929873e-09
1.020919e-07    -4.634551e-08    7.077003e-08    1.959617e-07    -2.109593e-07    -8.78063e-08    1.546435e-07    2.288124e-07    2.377914e-09    -1.72231e-07    1.367607e-06    -3.399759e-07    -6.355789e-07    1.187194e-07    -1.167139e-07    6.613122e-08    1.467187e-07    1.750315e-07    7.910922e-08    -2.442934e-07    -1.963415e-07    -8.052151e-08    1.95242e-07    2.098011e-07    1.816533e-08
-7.12819e-08    -1.002601e-07    -1.807203e-07    -9.341293e-08    2.544076e-07    1.27743e-07    -2.517151e-07    -3.201869e-07    2.176968e-07    1.461553e-07    -3.399759e-07    1.754976e-06    8.989151e-08    -7.144456e-07    -6.704824e-08    1.038676e-07    -3.212242e-07    -2.810191e-07    1.626453e-07    1.640382e-07    1.479177e-08    1.304937e-07    8.973109e-08    1.469665e-08    -1.533507e-08
-3.122575e-08    -8.166254e-08    -2.250506e-07    -1.39947e-07    3.053736e-07    2.180929e-07    -3.345045e-07    -3.345529e-07    1.26467e-07    1.470342e-07    -6.355789e-07    8.989151e-08    1.706385e-06    -2.692439e-07    -7.773005e-07    5.456338e-08    -2.827447e-07    -3.368339e-07    7.046997e-08    2.659612e-07    -4.263684e-09    1.065744e-07    1.532648e-07    3.024236e-08    -2.53752e-07
7.757929e-08    -5.953874e-08    3.067616e-08    1.321098e-07    -1.229747e-07    4.390188e-08    1.659212e-07    8.138872e-08    -3.661156e-09    -1.397399e-07    1.187194e-07    -7.144456e-07    -2.692439e-07    1.419714e-06    -4.286468e-07    1.058457e-07    3.362742e-08    7.50773e-08    1.078394e-07    -1.735441e-07    2.617208e-07    8.532739e-08    -1.288615e-07    -1.309934e-07    -1.347986e-07
-1.871193e-08    1.103471e-07    1.170805e-07    -2.200699e-08    -1.050853e-07    -1.394382e-07    1.500274e-07    1.137566e-07    -1.184494e-07    4.386399e-09    -1.167139e-07    -6.704824e-08    -7.773005e-07    -4.286468e-07    1.454712e-06    -1.233199e-07    1.760398e-07    1.388776e-07    -1.711818e-07    2.352906e-09    -4.52932e-08    -1.771403e-07    -1.060272e-07    -3.713331e-08    -4.198397e-08
4.521618e-08    -1.101313e-07    -8.046227e-08    7.678206e-08    5.000276e-08    -2.154692e-09    -4.021642e-08    -3.265081e-08    4.042265e-08    -6.334582e-09    6.613122e-08    1.038676e-07    5.456338e-08    1.058457e-07    -1.233199e-07    1.451722e-06    5.084839e-08    -8.917713e-07    9.169017e-09    -9.626868e-08    9.801936e-08    -1.341353e-07    -2.337947e-08    1.830552e-07    -1.475658e-07
-1.211006e-08    8.737812e-08    6.875222e-08    -4.355955e-09    -4.724848e-08    -1.327887e-07    8.755634e-08    8.160504e-08    -1.373691e-07    6.459502e-08    1.467187e-07    -3.212242e-07    -2.827447e-07    3.362742e-08    1.760398e-07    5.084839e-08    1.593388e-06    -3.757712e-07    -9.087368e-07    3.473426e-07    -1.547786e-07    -1.632288e-08    -8.360444e-08    -1.490098e-07    2.590583e-07
-2.338289e-08    9.93725e-08    1.294892e-07    -9.597904e-09    -1.303546e-07    -5.989724e-08    3.788821e-08    8.095614e-08    -1.39507e-07    2.963644e-08    1.750315e-07    -2.810191e-07    -3.368339e-07    7.50773e-08    1.388776e-07    -8.917713e-07    -3.757712e-07    1.553748e-06    6.150669e-08    -6.874152e-07    -1.09051e-07    -5.076642e-08    -1.014469e-07    -9.569228e-08    2.680004e-07
2.724792e-08    -7.866444e-08    -2.817096e-08    8.599647e-08    -4.616539e-08    6.328733e-08    -5.396018e-08    -6.136404e-08    3.325588e-08    -2.1813e-08    7.910922e-08    1.626453e-07    7.046997e-08    1.078394e-07    -1.711818e-07    9.169017e-09    -9.087368e-07    6.150669e-08    1.45305e-06    -5.407393e-07    1.060701e-07    -1.477313e-07    -1.714357e-08    2.179832e-07    -1.437436e-07
-1.143078e-08    3.305523e-09    -6.074687e-08    -6.143883e-08    9.219859e-08    8.162084e-08    -2.683973e-08    -4.827659e-08    1.101109e-07    -2.189342e-08    -2.442934e-07    1.640382e-07    2.659612e-07    -1.735441e-07    2.352906e-09    -9.626868e-08    3.473426e-07    -6.874152e-07    -5.407393e-07    1.411932e-06    -7.700472e-09    1.885545e-07    1.413162e-07    -9.622348e-08    -1.326733e-07
-3.661439e-08    -2.744842e-08    1.851157e-08    3.313776e-08    8.406216e-10    -1.833988e-07    3.816761e-08    -5.390229e-08    2.267297e-07    -3.338984e-08    -1.963415e-07    1.479177e-08    -4.263684e-09    2.617208e-07    -4.52932e-08    9.801936e-08    -1.547786e-07    -1.09051e-07    1.060701e-07    -7.700472e-09    1.444516e-06    -1.939162e-07    -9.293725e-07    1.499415e-07    5.878618e-08
1.43629e-08    -2.134258e-08    1.726128e-09    1.427043e-08    -1.940302e-08    -8.352092e-09    1.060896e-07    5.873592e-08    1.767643e-07    -1.821154e-07    -8.052151e-08    1.304937e-07    1.065744e-07    8.532739e-08    -1.771403e-07    -1.341353e-07    -1.632288e-08    -5.076642e-08    -1.477313e-07    1.885545e-07    -1.939162e-07    1.465682e-06    4.995097e-08    -9.667921e-07    3.112e-07
1.437355e-08    2.443876e-08    -2.053739e-08    -2.016644e-08    1.444493e-08    1.986713e-07    2.622913e-08    1.817164e-07    -6.272078e-08    -1.43891e-07    1.95242e-07    8.973109e-08    1.532648e-07    -1.288615e-07    -1.060272e-07    -2.337947e-08    -8.360444e-08    -1.014469e-07    -1.714357e-08    1.413162e-07    -9.293725e-07    4.995097e-08    1.456154e-06    2.002684e-08    -6.826053e-07
-3.959511e-09    -2.095012e-09    -1.105805e-08    -2.18012e-08    2.115926e-08    1.423319e-07    -5.417845e-08    5.700253e-08    -2.066549e-07    -2.092911e-08    2.098011e-07    1.469665e-08    3.024236e-08    -1.309934e-07    -3.713331e-08    1.830552e-07    -1.490098e-07    -9.569228e-08    2.179832e-07    -9.622348e-08    1.499415e-07    -9.667921e-07    2.002684e-08    1.5434e-06    -8.089421e-07
3.266623e-08    -4.259233e-09    7.673857e-09    -7.303425e-09    -5.467788e-08    1.919447e-08    8.008282e-08    -1.996639e-07    -1.734126e-07    2.929873e-09    1.816533e-08    -1.533507e-08    -2.53752e-07    -1.347986e-07    -4.198397e-08    -1.475658e-07    2.590583e-07    2.680004e-07    -1.437436e-07    -1.326733e-07    5.878618e-08    3.112e-07    -6.826053e-07    -8.089421e-07    1.387049e-06
