1.503816e-06    -3.236597e-08    -1.010917e-06    -1.083135e-07    2.548686e-08    1.225691e-07    -1.785837e-08    -8.329662e-08    8.132009e-08    -1.481782e-08    1.044638e-07    -7.889156e-08    -9.614878e-08    9.790002e-08    3.829135e-09    1.369844e-07    2.691304e-08    -8.519306e-08    2.052076e-08    -4.238714e-08    2.138016e-09    -7.771551e-09    -2.667402e-09    -2.748115e-08    3.540719e-08
-3.236597e-08    1.440415e-06    -5.792624e-08    -8.496947e-07    1.39388e-07    3.556263e-08    -1.305307e-07    -1.299969e-07    2.802528e-08    6.248277e-08    4.042179e-08    -1.651778e-07    -1.639927e-07    3.189795e-08    1.049586e-07    -6.564597e-09    2.05836e-07    4.137318e-08    -1.278372e-07    -1.974044e-08    2.480514e-08    -1.944247e-09    -4.337656e-08    -1.478049e-09    5.064777e-08
-1.010917e-06    -5.792624e-08    1.476971e-06    3.995668e-08    -4.829537e-07    -1.489585e-08    -9.603213e-08    -6.620857e-08    -2.410722e-08    5.939146e-08    -3.526357e-09    -8.662925e-08    -8.639544e-08    -3.807301e-09    6.144361e-08    -1.003922e-07    8.412299e-08    1.762423e-07    -8.016691e-08    -6.366952e-08    -6.015919e-09    -1.738097e-08    -1.662287e-09    5.403603e-08    -4.056891e-09
-1.083135e-07    -8.496947e-07    3.995668e-08    1.484074e-06    -5.214013e-07    6.411515e-08    -5.188864e-08    -5.005444e-08    5.383009e-08    6.32544e-09    1.283201e-07    -3.619039e-08    -7.626111e-08    5.92448e-08    -3.602214e-08    1.196022e-08    -8.190498e-08    7.18453e-08    1.561098e-07    -1.043888e-07    -5.045955e-08    -2.657571e-08    3.250092e-08    3.901951e-08    -1.370345e-09
2.548686e-08    1.39388e-07    -4.829537e-07    -5.214013e-07    1.276237e-06    -6.283901e-08    1.216973e-07    1.609487e-07    -4.433113e-08    -7.513518e-08    -7.828469e-08    1.346451e-07    1.665235e-07    -6.429043e-08    -7.071187e-08    -4.960737e-09    -7.915998e-08    -1.371595e-07    3.06904e-08    2.12471e-07    4.039307e-09    4.459842e-08    3.234628e-08    -3.540792e-08    -3.705517e-08
1.225691e-07    3.556263e-08    -1.489585e-08    6.411515e-08    -6.283901e-08    1.234127e-06    -4.804401e-07    -3.595327e-07    2.420844e-08    -2.228069e-07    -8.78063e-08    1.27743e-07    2.180929e-07    4.390188e-08    -1.394382e-07    -2.154692e-09    -1.327887e-07    -5.989724e-08    6.328733e-08    8.162084e-08    -1.833988e-07    -8.352092e-09    1.986713e-07    1.423319e-07    1.919447e-08
-1.785837e-08    -1.305307e-07    -9.603213e-08    -5.188864e-08    1.216973e-07    -4.804401e-07    2.059324e-06    -3.350662e-07    -5.089342e-07    1.258872e-07    1.546435e-07    -2.517151e-07    -3.345045e-07    1.659212e-07    1.500274e-07    -4.021642e-08    8.755634e-08    3.788821e-08    -5.396018e-08    -2.683973e-08    3.816761e-08    1.060896e-07    2.622913e-08    -5.417845e-08    8.008282e-08
-8.329662e-08    -1.299969e-07    -6.620857e-08    -5.005444e-08    1.609487e-07    -3.595327e-07    -3.350662e-07    2.003166e-06    -3.070425e-07    -9.751981e-07    2.288124e-07    -3.201869e-07    -3.345529e-07    8.138872e-08    1.137566e-07    -3.265081e-08    8.160504e-08    8.095614e-08    -6.136404e-08    -4.827659e-08    -5.390229e-08    5.873592e-08    1.817164e-07    5.700253e-08    -1.996639e-07
8.132009e-08    2.802528e-08    -2.410722e-08    5.383009e-08    -4.433113e-08    2.420844e-08    -5.089342e-07    -3.070425e-07    1.35192e-06    -3.081432e-07    2.377914e-09    2.176968e-07    1.26467e-07    -3.661156e-09    -1.184494e-07    4.042265e-08    -1.373691e-07    -1.39507e-07    3.325588e-08    1.101109e-07    2.267297e-07    1.767643e-07    -6.272078e-08    -2.066549e-07    -1.734126e-07
-1.481782e-08    6.248277e-08    5.939146e-08    6.32544e-09    -7.513518e-08    -2.228069e-07    1.258872e-07    -9.751981e-07    -3.081432e-07    1.448944e-06    -1.72231e-07    1.461553e-07    1.470342e-07    -1.397399e-07    4.386399e-09    -6.334582e-09    6.459502e-08    2.963644e-08    -2.1813e-08    -2.189342e-08    -3.338984e-08    -1.821154e-07    -1.43891e-07    -2.092911e-08    2.929873e-09
1.044638e-07    4.042179e-08    -3.526357e-09    1.283201e-07    -7.828469e-08    -8.78063e-08    1.546435e-07    2.288124e-07    2.377914e-09    -1.72231e-07    1.367607e-06    -3.399759e-07    -6.355789e-07    1.187194e-07    -1.167139e-07    6.613122e-08    1.467187e-07    1.750315e-07    7.910922e-08    -2.442934e-07    -1.963415e-07    -8.052151e-08    1.95242e-07    2.098011e-07    1.816533e-08
-7.889156e-08    -1.651778e-07    -8.662925e-08    -3.619039e-08    1.346451e-07    1.27743e-07    -2.517151e-07    -3.201869e-07    2.176968e-07    1.461553e-07    -3.399759e-07    1.754976e-06    8.989151e-08    -7.144456e-07    -6.704824e-08    1.038676e-07    -3.212242e-07    -2.810191e-07    1.626453e-07    1.640382e-07    1.479177e-08    1.304937e-07    8.973109e-08    1.469665e-08    -1.533507e-08
-9.614878e-08    -1.639927e-07    -8.639544e-08    -7.626111e-08    1.665235e-07    2.180929e-07    -3.345045e-07    -3.345529e-07    1.26467e-07    1.470342e-07    -6.355789e-07    8.989151e-08    1.706385e-06    -2.692439e-07    -7.773005e-07    5.456338e-08    -2.827447e-07    -3.368339e-07    7.046997e-08    2.659612e-07    -4.263684e-09    1.065744e-07    1.532648e-07    3.024236e-08    -2.53752e-07
9.790002e-08    3.189795e-08    -3.807301e-09    5.92448e-08    -6.429043e-08    4.390188e-08    1.659212e-07    8.138872e-08    -3.661156e-09    -1.397399e-07    1.187194e-07    -7.144456e-07    -2.692439e-07    1.419714e-06    -4.286468e-07    1.058457e-07    3.362742e-08    7.50773e-08    1.078394e-07    -1.735441e-07    2.617208e-07    8.532739e-08    -1.288615e-07    -1.309934e-07    -1.347986e-07
3.829135e-09    1.049586e-07    6.144361e-08    -3.602214e-08    -7.071187e-08    -1.394382e-07    1.500274e-07    1.137566e-07    -1.184494e-07    4.386399e-09    -1.167139e-07    -6.704824e-08    -7.773005e-07    -4.286468e-07    1.454712e-06    -1.233199e-07    1.760398e-07    1.388776e-07    -1.711818e-07    2.352906e-09    -4.52932e-08    -1.771403e-07    -1.060272e-07    -3.713331e-08    -4.198397e-08
1.369844e-07    -6.564597e-09    -1.003922e-07    1.196022e-08    -4.960737e-09    -2.154692e-09    -4.021642e-08    -3.265081e-08    4.042265e-08    -6.334582e-09    6.613122e-08    1.038676e-07    5.456338e-08    1.058457e-07    -1.233199e-07    1.451722e-06    5.084839e-08    -8.917713e-07    9.169017e-09    -9.626868e-08    9.801936e-08    -1.341353e-07    -2.337947e-08    1.830552e-07    -1.475658e-07
2.691304e-08    2.05836e-07    8.412299e-08    -8.190498e-08    -7.915998e-08    -1.327887e-07    8.755634e-08    8.160504e-08    -1.373691e-07    6.459502e-08    1.467187e-07    -3.212242e-07    -2.827447e-07    3.362742e-08    1.760398e-07    5.084839e-08    1.593388e-06    -3.757712e-07    -9.087368e-07    3.473426e-07    -1.547786e-07    -1.632288e-08    -8.360444e-08    -1.490098e-07    2.590583e-07
-8.519306e-08    4.137318e-08    1.762423e-07    7.18453e-08    -1.371595e-07    -5.989724e-08    3.788821e-08    8.095614e-08    -1.39507e-07    2.963644e-08    1.750315e-07    -2.810191e-07    -3.368339e-07    7.50773e-08    1.388776e-07    -8.917713e-07    -3.757712e-07    1.553748e-06    6.150669e-08    -6.874152e-07    -1.09051e-07    -5.076642e-08    -1.014469e-07    -9.569228e-08    2.680004e-07
2.052076e-08    -1.278372e-07    -8.016691e-08    1.561098e-07    3.06904e-08    6.328733e-08    -5.396018e-08    -6.136404e-08    3.325588e-08    -2.1813e-08    7.910922e-08    1.626453e-07    7.046997e-08    1.078394e-07    -1.711818e-07    9.169017e-09    -9.087368e-07    6.150669e-08    1.45305e-06    -5.407393e-07    1.060701e-07    -1.477313e-07    -1.714357e-08    2.179832e-07    -1.437436e-07
-4.238714e-08    -1.974044e-08    -6.366952e-08    -1.043888e-07    2.12471e-07    8.162084e-08    -2.683973e-08    -4.827659e-08    1.101109e-07    -2.189342e-08    -2.442934e-07    1.640382e-07    2.659612e-07    -1.735441e-07    2.352906e-09    -9.626868e-08    3.473426e-07    -6.874152e-07    -5.407393e-07    1.411932e-06    -7.700472e-09    1.885545e-07    1.413162e-07    -9.622348e-08    -1.326733e-07
2.138016e-09    2.480514e-08    -6.015919e-09    -5.045955e-08    4.039307e-09    -1.833988e-07    3.816761e-08    -5.390229e-08    2.267297e-07    -3.338984e-08    -1.963415e-07    1.479177e-08    -4.263684e-09    2.617208e-07    -4.52932e-08    9.801936e-08    -1.547786e-07    -1.09051e-07    1.060701e-07    -7.700472e-09    1.444516e-06    -1.939162e-07    -9.293725e-07    1.499415e-07    5.878618e-08
-7.771551e-09    -1.944247e-09    -1.738097e-08    -2.657571e-08    4.459842e-08    -8.352092e-09    1.060896e-07    5.873592e-08    1.767643e-07    -1.821154e-07    -8.052151e-08    1.304937e-07    1.065744e-07    8.532739e-08    -1.771403e-07    -1.341353e-07    -1.632288e-08    -5.076642e-08    -1.477313e-07    1.885545e-07    -1.939162e-07    1.465682e-06    4.995097e-08    -9.667921e-07    3.112e-07
-2.667402e-09    -4.337656e-08    -1.662287e-09    3.250092e-08    3.234628e-08    1.986713e-07    2.622913e-08    1.817164e-07    -6.272078e-08    -1.43891e-07    1.95242e-07    8.973109e-08    1.532648e-07    -1.288615e-07    -1.060272e-07    -2.337947e-08    -8.360444e-08    -1.014469e-07    -1.714357e-08    1.413162e-07    -9.293725e-07    4.995097e-08    1.456154e-06    2.002684e-08    -6.826053e-07
-2.748115e-08    -1.478049e-09    5.403603e-08    3.901951e-08    -3.540792e-08    1.423319e-07    -5.417845e-08    5.700253e-08    -2.066549e-07    -2.092911e-08    2.098011e-07    1.469665e-08    3.024236e-08    -1.309934e-07    -3.713331e-08    1.830552e-07    -1.490098e-07    -9.569228e-08    2.179832e-07    -9.622348e-08    1.499415e-07    -9.667921e-07    2.002684e-08    1.5434e-06    -8.089421e-07
3.540719e-08    5.064777e-08    -4.056891e-09    -1.370345e-09    -3.705517e-08    1.919447e-08    8.008282e-08    -1.996639e-07    -1.734126e-07    2.929873e-09    1.816533e-08    -1.533507e-08    -2.53752e-07    -1.347986e-07    -4.198397e-08    -1.475658e-07    2.590583e-07    2.680004e-07    -1.437436e-07    -1.326733e-07    5.878618e-08    3.112e-07    -6.826053e-07    -8.089421e-07    1.387049e-06
