1.500574e-06    4.060326e-09    -8.85666e-07    -1.309846e-07    -8.964745e-09    8.924407e-08    -5.624619e-08    -6.052157e-08    7.238977e-08    -9.650234e-09    -2.081645e-08    -2.639192e-08    2.798178e-08    -3.963382e-09    -2.560848e-08
4.060326e-09    1.464712e-06    -7.617568e-08    -9.30747e-07    1.01137e-07    3.720118e-08    -1.250778e-07    -1.527467e-07    3.08295e-08    9.050508e-08    -2.448859e-09    7.58782e-10    -3.747706e-08    2.841099e-09    5.501829e-08
-8.85666e-07    -7.617568e-08    1.446102e-06    -1.553817e-08    -5.505019e-07    -1.892034e-09    -1.180647e-07    -7.470348e-08    2.017595e-08    6.465856e-08    3.464347e-09    1.387997e-08    -1.888055e-08    1.303541e-08    5.198077e-08
-1.309846e-07    -9.30747e-07    -1.553817e-08    1.496615e-06    -4.839208e-07    8.955368e-08    -2.80605e-08    -1.581882e-08    5.067067e-08    -3.486927e-08    -9.140073e-09    -9.212858e-10    2.634415e-08    4.202198e-09    -6.4548e-11
-8.964745e-09    1.01137e-07    -5.505019e-07    -4.839208e-07    1.388061e-06    -1.220186e-07    2.05112e-07    1.500887e-07    -9.294361e-08    -4.66856e-08    1.925995e-08    4.867419e-09    -5.141695e-09    -1.026618e-08    -3.894523e-08
8.924407e-08    3.720118e-08    -1.892034e-09    8.955368e-08    -1.220186e-07    1.234127e-06    -4.804401e-07    -3.595327e-07    2.420844e-08    -2.228069e-07    -1.833988e-07    -8.352092e-09    1.986713e-07    1.423319e-07    1.919447e-08
-5.624619e-08    -1.250778e-07    -1.180647e-07    -2.80605e-08    2.05112e-07    -4.804401e-07    2.059324e-06    -3.350662e-07    -5.089342e-07    1.258872e-07    3.816761e-08    1.060896e-07    2.622913e-08    -5.417845e-08    8.008282e-08
-6.052157e-08    -1.527467e-07    -7.470348e-08    -1.581882e-08    1.500887e-07    -3.595327e-07    -3.350662e-07    2.003166e-06    -3.070425e-07    -9.751981e-07    -5.390229e-08    5.873592e-08    1.817164e-07    5.700253e-08    -1.996639e-07
7.238977e-08    3.08295e-08    2.017595e-08    5.067067e-08    -9.294361e-08    2.420844e-08    -5.089342e-07    -3.070425e-07    1.35192e-06    -3.081432e-07    2.267297e-07    1.767643e-07    -6.272078e-08    -2.066549e-07    -1.734126e-07
-9.650234e-09    9.050508e-08    6.465856e-08    -3.486927e-08    -4.66856e-08    -2.228069e-07    1.258872e-07    -9.751981e-07    -3.081432e-07    1.448944e-06    -3.338984e-08    -1.821154e-07    -1.43891e-07    -2.092911e-08    2.929873e-09
-2.081645e-08    -2.448859e-09    3.464347e-09    -9.140073e-09    1.925995e-08    -1.833988e-07    3.816761e-08    -5.390229e-08    2.267297e-07    -3.338984e-08    1.444516e-06    -1.939162e-07    -9.293725e-07    1.499415e-07    5.878618e-08
-2.639192e-08    7.58782e-10    1.387997e-08    -9.212858e-10    4.867419e-09    -8.352092e-09    1.060896e-07    5.873592e-08    1.767643e-07    -1.821154e-07    -1.939162e-07    1.465682e-06    4.995097e-08    -9.667921e-07    3.112e-07
2.798178e-08    -3.747706e-08    -1.888055e-08    2.634415e-08    -5.141695e-09    1.986713e-07    2.622913e-08    1.817164e-07    -6.272078e-08    -1.43891e-07    -9.293725e-07    4.995097e-08    1.456154e-06    2.002684e-08    -6.826053e-07
-3.963382e-09    2.841099e-09    1.303541e-08    4.202198e-09    -1.026618e-08    1.423319e-07    -5.417845e-08    5.700253e-08    -2.066549e-07    -2.092911e-08    1.499415e-07    -9.667921e-07    2.002684e-08    1.5434e-06    -8.089421e-07
-2.560848e-08    5.501829e-08    5.198077e-08    -6.4548e-11    -3.894523e-08    1.919447e-08    8.008282e-08    -1.996639e-07    -1.734126e-07    2.929873e-09    5.878618e-08    3.112e-07    -6.826053e-07    -8.089421e-07    1.387049e-06
