1.234127e-06    -4.804401e-07    -3.595327e-07    2.420844e-08    -2.228069e-07    -2.154692e-09    -1.327887e-07    -5.989724e-08    6.328733e-08    8.162084e-08    -1.833988e-07    -8.352092e-09    1.986713e-07    1.423319e-07    1.919447e-08
-4.804401e-07    2.059324e-06    -3.350662e-07    -5.089342e-07    1.258872e-07    -4.021642e-08    8.755634e-08    3.788821e-08    -5.396018e-08    -2.683973e-08    3.816761e-08    1.060896e-07    2.622913e-08    -5.417845e-08    8.008282e-08
-3.595327e-07    -3.350662e-07    2.003166e-06    -3.070425e-07    -9.751981e-07    -3.265081e-08    8.160504e-08    8.095614e-08    -6.136404e-08    -4.827659e-08    -5.390229e-08    5.873592e-08    1.817164e-07    5.700253e-08    -1.996639e-07
2.420844e-08    -5.089342e-07    -3.070425e-07    1.35192e-06    -3.081432e-07    4.042265e-08    -1.373691e-07    -1.39507e-07    3.325588e-08    1.101109e-07    2.267297e-07    1.767643e-07    -6.272078e-08    -2.066549e-07    -1.734126e-07
-2.228069e-07    1.258872e-07    -9.751981e-07    -3.081432e-07    1.448944e-06    -6.334582e-09    6.459502e-08    2.963644e-08    -2.1813e-08    -2.189342e-08    -3.338984e-08    -1.821154e-07    -1.43891e-07    -2.092911e-08    2.929873e-09
-2.154692e-09    -4.021642e-08    -3.265081e-08    4.042265e-08    -6.334582e-09    1.451722e-06    5.084839e-08    -8.917713e-07    9.169017e-09    -9.626868e-08    9.801936e-08    -1.341353e-07    -2.337947e-08    1.830552e-07    -1.475658e-07
-1.327887e-07    8.755634e-08    8.160504e-08    -1.373691e-07    6.459502e-08    5.084839e-08    1.593388e-06    -3.757712e-07    -9.087368e-07    3.473426e-07    -1.547786e-07    -1.632288e-08    -8.360444e-08    -1.490098e-07    2.590583e-07
-5.989724e-08    3.788821e-08    8.095614e-08    -1.39507e-07    2.963644e-08    -8.917713e-07    -3.757712e-07    1.553748e-06    6.150669e-08    -6.874152e-07    -1.09051e-07    -5.076642e-08    -1.014469e-07    -9.569228e-08    2.680004e-07
6.328733e-08    -5.396018e-08    -6.136404e-08    3.325588e-08    -2.1813e-08    9.169017e-09    -9.087368e-07    6.150669e-08    1.45305e-06    -5.407393e-07    1.060701e-07    -1.477313e-07    -1.714357e-08    2.179832e-07    -1.437436e-07
8.162084e-08    -2.683973e-08    -4.827659e-08    1.101109e-07    -2.189342e-08    -9.626868e-08    3.473426e-07    -6.874152e-07    -5.407393e-07    1.411932e-06    -7.700472e-09    1.885545e-07    1.413162e-07    -9.622348e-08    -1.326733e-07
-1.833988e-07    3.816761e-08    -5.390229e-08    2.267297e-07    -3.338984e-08    9.801936e-08    -1.547786e-07    -1.09051e-07    1.060701e-07    -7.700472e-09    1.444516e-06    -1.939162e-07    -9.293725e-07    1.499415e-07    5.878618e-08
-8.352092e-09    1.060896e-07    5.873592e-08    1.767643e-07    -1.821154e-07    -1.341353e-07    -1.632288e-08    -5.076642e-08    -1.477313e-07    1.885545e-07    -1.939162e-07    1.465682e-06    4.995097e-08    -9.667921e-07    3.112e-07
1.986713e-07    2.622913e-08    1.817164e-07    -6.272078e-08    -1.43891e-07    -2.337947e-08    -8.360444e-08    -1.014469e-07    -1.714357e-08    1.413162e-07    -9.293725e-07    4.995097e-08    1.456154e-06    2.002684e-08    -6.826053e-07
1.423319e-07    -5.417845e-08    5.700253e-08    -2.066549e-07    -2.092911e-08    1.830552e-07    -1.490098e-07    -9.569228e-08    2.179832e-07    -9.622348e-08    1.499415e-07    -9.667921e-07    2.002684e-08    1.5434e-06    -8.089421e-07
1.919447e-08    8.008282e-08    -1.996639e-07    -1.734126e-07    2.929873e-09    -1.475658e-07    2.590583e-07    2.680004e-07    -1.437436e-07    -1.326733e-07    5.878618e-08    3.112e-07    -6.826053e-07    -8.089421e-07    1.387049e-06
