1.500904e-06    -6.792759e-08    -9.316614e-07    -1.044795e-07    6.552873e-08    7.618944e-08    -1.877257e-08    -4.367983e-08    5.402526e-08    7.968287e-09    1.173019e-07    -4.183607e-08    -1.053627e-07    7.38768e-08    -8.449017e-09    -4.43033e-08    -2.759965e-08    3.052272e-08    9.019242e-09    1.294338e-08
-6.792759e-08    1.449781e-06    -8.824959e-08    -8.700961e-07    1.157145e-07    1.344434e-08    -8.133872e-08    -9.524639e-08    -3.396723e-09    6.230707e-08    3.599947e-08    -1.387078e-07    -1.478046e-07    1.811794e-08    8.085147e-08    6.113621e-09    -7.05503e-09    -2.112856e-08    2.419832e-08    3.367453e-08
-9.316614e-07    -8.824959e-08    1.473615e-06    1.564405e-08    -5.819284e-07    9.624489e-09    -1.372589e-07    -1.059278e-07    7.426213e-09    5.973447e-08    -2.502383e-09    -1.200241e-07    -1.050108e-07    1.378414e-08    9.117898e-08    2.310939e-08    -1.172502e-08    -3.278726e-08    1.99263e-08    2.046106e-08
-1.044795e-07    -8.700961e-07    1.564405e-08    1.490392e-06    -5.003959e-07    1.087726e-07    -5.344507e-08    -8.22396e-08    7.943927e-08    -1.778714e-08    1.150006e-07    -6.370031e-08    -5.934919e-08    7.820103e-08    -2.909004e-08    -1.153635e-08    -4.434004e-09    7.49131e-09    6.352825e-09    1.381059e-08
6.552873e-08    1.157145e-07    -5.819284e-07    -5.003959e-07    1.359764e-06    -9.012866e-08    1.360439e-07    1.58214e-07    -5.948506e-08    -6.094161e-08    -1.285942e-07    1.611132e-07    1.984583e-07    -8.366487e-08    -6.83564e-08    1.958745e-09    1.823753e-08    1.716575e-08    -2.456708e-08    -5.391149e-08
7.618944e-08    1.344434e-08    9.624489e-09    1.087726e-07    -9.012866e-08    1.234127e-06    -4.804401e-07    -3.595327e-07    2.420844e-08    -2.228069e-07    -8.78063e-08    1.27743e-07    2.180929e-07    4.390188e-08    -1.394382e-07    -1.833988e-07    -8.352092e-09    1.986713e-07    1.423319e-07    1.919447e-08
-1.877257e-08    -8.133872e-08    -1.372589e-07    -5.344507e-08    1.360439e-07    -4.804401e-07    2.059324e-06    -3.350662e-07    -5.089342e-07    1.258872e-07    1.546435e-07    -2.517151e-07    -3.345045e-07    1.659212e-07    1.500274e-07    3.816761e-08    1.060896e-07    2.622913e-08    -5.417845e-08    8.008282e-08
-4.367983e-08    -9.524639e-08    -1.059278e-07    -8.22396e-08    1.58214e-07    -3.595327e-07    -3.350662e-07    2.003166e-06    -3.070425e-07    -9.751981e-07    2.288124e-07    -3.201869e-07    -3.345529e-07    8.138872e-08    1.137566e-07    -5.390229e-08    5.873592e-08    1.817164e-07    5.700253e-08    -1.996639e-07
5.402526e-08    -3.396723e-09    7.426213e-09    7.943927e-08    -5.948506e-08    2.420844e-08    -5.089342e-07    -3.070425e-07    1.35192e-06    -3.081432e-07    2.377914e-09    2.176968e-07    1.26467e-07    -3.661156e-09    -1.184494e-07    2.267297e-07    1.767643e-07    -6.272078e-08    -2.066549e-07    -1.734126e-07
7.968287e-09    6.230707e-08    5.973447e-08    -1.778714e-08    -6.094161e-08    -2.228069e-07    1.258872e-07    -9.751981e-07    -3.081432e-07    1.448944e-06    -1.72231e-07    1.461553e-07    1.470342e-07    -1.397399e-07    4.386399e-09    -3.338984e-08    -1.821154e-07    -1.43891e-07    -2.092911e-08    2.929873e-09
1.173019e-07    3.599947e-08    -2.502383e-09    1.150006e-07    -1.285942e-07    -8.78063e-08    1.546435e-07    2.288124e-07    2.377914e-09    -1.72231e-07    1.367607e-06    -3.399759e-07    -6.355789e-07    1.187194e-07    -1.167139e-07    -1.963415e-07    -8.052151e-08    1.95242e-07    2.098011e-07    1.816533e-08
-4.183607e-08    -1.387078e-07    -1.200241e-07    -6.370031e-08    1.611132e-07    1.27743e-07    -2.517151e-07    -3.201869e-07    2.176968e-07    1.461553e-07    -3.399759e-07    1.754976e-06    8.989151e-08    -7.144456e-07    -6.704824e-08    1.479177e-08    1.304937e-07    8.973109e-08    1.469665e-08    -1.533507e-08
-1.053627e-07    -1.478046e-07    -1.050108e-07    -5.934919e-08    1.984583e-07    2.180929e-07    -3.345045e-07    -3.345529e-07    1.26467e-07    1.470342e-07    -6.355789e-07    8.989151e-08    1.706385e-06    -2.692439e-07    -7.773005e-07    -4.263684e-09    1.065744e-07    1.532648e-07    3.024236e-08    -2.53752e-07
7.38768e-08    1.811794e-08    1.378414e-08    7.820103e-08    -8.366487e-08    4.390188e-08    1.659212e-07    8.138872e-08    -3.661156e-09    -1.397399e-07    1.187194e-07    -7.144456e-07    -2.692439e-07    1.419714e-06    -4.286468e-07    2.617208e-07    8.532739e-08    -1.288615e-07    -1.309934e-07    -1.347986e-07
-8.449017e-09    8.085147e-08    9.117898e-08    -2.909004e-08    -6.83564e-08    -1.394382e-07    1.500274e-07    1.137566e-07    -1.184494e-07    4.386399e-09    -1.167139e-07    -6.704824e-08    -7.773005e-07    -4.286468e-07    1.454712e-06    -4.52932e-08    -1.771403e-07    -1.060272e-07    -3.713331e-08    -4.198397e-08
-4.43033e-08    6.113621e-09    2.310939e-08    -1.153635e-08    1.958745e-09    -1.833988e-07    3.816761e-08    -5.390229e-08    2.267297e-07    -3.338984e-08    -1.963415e-07    1.479177e-08    -4.263684e-09    2.617208e-07    -4.52932e-08    1.444516e-06    -1.939162e-07    -9.293725e-07    1.499415e-07    5.878618e-08
-2.759965e-08    -7.05503e-09    -1.172502e-08    -4.434004e-09    1.823753e-08    -8.352092e-09    1.060896e-07    5.873592e-08    1.767643e-07    -1.821154e-07    -8.052151e-08    1.304937e-07    1.065744e-07    8.532739e-08    -1.771403e-07    -1.939162e-07    1.465682e-06    4.995097e-08    -9.667921e-07    3.112e-07
3.052272e-08    -2.112856e-08    -3.278726e-08    7.49131e-09    1.716575e-08    1.986713e-07    2.622913e-08    1.817164e-07    -6.272078e-08    -1.43891e-07    1.95242e-07    8.973109e-08    1.532648e-07    -1.288615e-07    -1.060272e-07    -9.293725e-07    4.995097e-08    1.456154e-06    2.002684e-08    -6.826053e-07
9.019242e-09    2.419832e-08    1.99263e-08    6.352825e-09    -2.456708e-08    1.423319e-07    -5.417845e-08    5.700253e-08    -2.066549e-07    -2.092911e-08    2.098011e-07    1.469665e-08    3.024236e-08    -1.309934e-07    -3.713331e-08    1.499415e-07    -9.667921e-07    2.002684e-08    1.5434e-06    -8.089421e-07
1.294338e-08    3.367453e-08    2.046106e-08    1.381059e-08    -5.391149e-08    1.919447e-08    8.008282e-08    -1.996639e-07    -1.734126e-07    2.929873e-09    1.816533e-08    -1.533507e-08    -2.53752e-07    -1.347986e-07    -4.198397e-08    5.878618e-08    3.112e-07    -6.826053e-07    -8.089421e-07    1.387049e-06
