1.503816e-06    -3.236597e-08    -1.010917e-06    -1.083135e-07    2.548686e-08    1.486799e-07    -1.750369e-07    -1.627982e-07    1.362022e-07    4.379132e-08    1.225691e-07    -1.785837e-08    -8.329662e-08    8.132009e-08    -1.481782e-08    1.044638e-07    -7.889156e-08    -9.614878e-08    9.790002e-08    3.829135e-09    1.369844e-07    2.691304e-08    -8.519306e-08    2.052076e-08    -4.238714e-08    7.95611e-08    -2.444017e-08    4.698947e-09    4.765644e-08    -4.009192e-08    2.138016e-09    -7.771551e-09    -2.667402e-09    -2.748115e-08    3.540719e-08
-3.236597e-08    1.440415e-06    -5.792624e-08    -8.496947e-07    1.39388e-07    -1.460726e-07    -5.116758e-08    -4.68141e-08    -1.461399e-07    2.157786e-07    3.556263e-08    -1.305307e-07    -1.299969e-07    2.802528e-08    6.248277e-08    4.042179e-08    -1.651778e-07    -1.639927e-07    3.189795e-08    1.049586e-07    -6.564597e-09    2.05836e-07    4.137318e-08    -1.278372e-07    -1.974044e-08    -9.79059e-08    1.506689e-07    1.588674e-07    -1.014863e-07    -4.502294e-08    2.480514e-08    -1.944247e-09    -4.337656e-08    -1.478049e-09    5.064777e-08
-1.010917e-06    -5.792624e-08    1.476971e-06    3.995668e-08    -4.829537e-07    -1.793639e-07    2.246101e-08    3.617544e-08    -1.533598e-07    1.138088e-07    -1.489585e-08    -9.603213e-08    -6.620857e-08    -2.410722e-08    5.939146e-08    -3.526357e-09    -8.662925e-08    -8.639544e-08    -3.807301e-09    6.144361e-08    -1.003922e-07    8.412299e-08    1.762423e-07    -8.016691e-08    -6.366952e-08    -8.597955e-08    9.46762e-08    1.140144e-07    -1.96383e-08    -7.257898e-08    -6.015919e-09    -1.738097e-08    -1.662287e-09    5.403603e-08    -4.056891e-09
-1.083135e-07    -8.496947e-07    3.995668e-08    1.484074e-06    -5.214013e-07    9.103363e-08    -9.017349e-08    -5.788999e-08    8.636589e-08    -5.171067e-08    6.411515e-08    -5.188864e-08    -5.005444e-08    5.383009e-08    6.32544e-09    1.283201e-07    -3.619039e-08    -7.626111e-08    5.92448e-08    -3.602214e-08    1.196022e-08    -8.190498e-08    7.18453e-08    1.561098e-07    -1.043888e-07    1.026742e-07    -1.068482e-08    -6.362696e-08    4.150707e-08    -5.443866e-08    -5.045955e-08    -2.657571e-08    3.250092e-08    3.901951e-08    -1.370345e-09
2.548686e-08    1.39388e-07    -4.829537e-07    -5.214013e-07    1.276237e-06    4.506598e-08    1.365525e-07    9.91167e-08    1.967508e-08    -1.237537e-07    -6.283901e-08    1.216973e-07    1.609487e-07    -4.433113e-08    -7.513518e-08    -7.828469e-08    1.346451e-07    1.665235e-07    -6.429043e-08    -7.071187e-08    -4.960737e-09    -7.915998e-08    -1.371595e-07    3.06904e-08    2.12471e-07    -2.266994e-08    -8.226433e-08    -7.235096e-08    -1.444887e-08    1.045495e-07    4.039307e-09    4.459842e-08    3.234628e-08    -3.540792e-08    -3.705517e-08
1.486799e-07    -1.460726e-07    -1.793639e-07    9.103363e-08    4.506598e-08    1.540072e-06    4.203011e-08    -9.845987e-07    -8.415882e-08    1.218942e-07    2.056731e-07    6.670294e-08    -1.257927e-07    2.799351e-07    -1.5522e-07    1.357397e-07    -6.155043e-08    -5.610744e-08    9.06504e-08    -4.000778e-08    5.605942e-08    -1.9192e-08    -1.018287e-08    5.99422e-08    -4.286899e-08    1.234846e-07    -9.615384e-08    -1.494482e-07    1.247306e-07    1.123062e-08    -1.240622e-08    2.562838e-08    1.041773e-08    -2.110513e-08    2.607341e-08
-1.750369e-07    -5.116758e-08    2.246101e-08    -9.017349e-08    1.365525e-07    4.203011e-08    1.409758e-06    -2.469949e-07    -9.085959e-07    2.757342e-07    -3.248481e-07    2.74714e-07    3.896857e-07    -3.423789e-07    -1.99455e-08    -9.438938e-09    -1.049188e-07    -1.147112e-07    -1.257508e-08    7.473837e-08    -7.865591e-08    4.544687e-08    8.762531e-08    -3.985193e-08    -2.421733e-08    -4.130949e-08    -4.546621e-08    -8.590004e-08    -1.07619e-07    1.667624e-07    -3.627236e-09    3.805718e-09    2.054386e-08    -1.584067e-09    3.92486e-09
-1.627982e-07    -4.68141e-08    3.617544e-08    -5.788999e-08    9.91167e-08    -9.845987e-07    -2.469949e-07    1.424396e-06    9.399913e-08    -5.746941e-07    -3.192463e-07    2.228827e-07    3.907204e-07    -3.394997e-07    -5.987538e-09    2.244983e-10    -1.285536e-07    -1.300191e-07    -3.682296e-08    1.314421e-07    -1.05426e-07    9.05815e-08    1.169577e-07    -6.875413e-08    -1.476276e-08    -7.078535e-08    -5.298075e-08    -4.232478e-08    -6.985507e-08    1.083838e-07    -1.213512e-08    -2.420443e-08    -1.286499e-08    -3.371961e-09    4.961468e-09
1.362022e-07    -1.461399e-07    -1.533598e-07    8.636589e-08    1.967508e-08    -8.415882e-08    -9.085959e-07    9.399913e-08    1.510507e-06    -6.59625e-07    1.642071e-07    6.812044e-08    -4.330299e-08    2.511275e-07    -1.906031e-07    1.339615e-07    -9.269349e-08    -1.10547e-07    1.024888e-07    8.996525e-09    4.423838e-08    7.179265e-09    -8.910737e-09    5.040807e-08    -2.690986e-08    1.03604e-07    -1.591545e-07    -1.086033e-07    1.549914e-07    -2.521521e-08    3.569227e-09    3.47149e-09    -1.402354e-08    -6.664496e-09    7.169761e-09
4.379132e-08    2.157786e-07    1.138088e-07    -5.171067e-08    -1.237537e-07    1.218942e-07    2.757342e-07    -5.746941e-07    -6.59625e-07    1.366875e-06    1.121787e-07    -2.549695e-07    -3.027598e-07    6.755059e-08    1.939518e-07    -1.038474e-07    1.942836e-07    2.049461e-07    -5.607173e-08    -1.242373e-07    6.926331e-08    -5.132398e-08    -1.228415e-07    -1.373985e-08    3.830458e-08    -5.788906e-08    1.735211e-07    1.674734e-07    -5.04608e-08    -8.282017e-08    2.284454e-08    2.12237e-08    7.566286e-09    1.544534e-08    -2.012203e-08
1.225691e-07    3.556263e-08    -1.489585e-08    6.411515e-08    -6.283901e-08    2.056731e-07    -3.248481e-07    -3.192463e-07    1.642071e-07    1.121787e-07    1.234127e-06    -4.804401e-07    -3.595327e-07    2.420844e-08    -2.228069e-07    -8.78063e-08    1.27743e-07    2.180929e-07    4.390188e-08    -1.394382e-07    -2.154692e-09    -1.327887e-07    -5.989724e-08    6.328733e-08    8.162084e-08    2.64867e-08    1.184302e-07    1.517627e-07    7.02234e-08    -1.685225e-07    -1.833988e-07    -8.352092e-09    1.986713e-07    1.423319e-07    1.919447e-08
-1.785837e-08    -1.305307e-07    -9.603213e-08    -5.188864e-08    1.216973e-07    6.670294e-08    2.74714e-07    2.228827e-07    6.812044e-08    -2.549695e-07    -4.804401e-07    2.059324e-06    -3.350662e-07    -5.089342e-07    1.258872e-07    1.546435e-07    -2.517151e-07    -3.345045e-07    1.659212e-07    1.500274e-07    -4.021642e-08    8.755634e-08    3.788821e-08    -5.396018e-08    -2.683973e-08    1.298707e-07    -2.812343e-07    -2.991817e-07    1.337999e-07    1.645349e-07    3.816761e-08    1.060896e-07    2.622913e-08    -5.417845e-08    8.008282e-08
-8.329662e-08    -1.299969e-07    -6.620857e-08    -5.005444e-08    1.609487e-07    -1.257927e-07    3.896857e-07    3.907204e-07    -4.330299e-08    -3.027598e-07    -3.595327e-07    -3.350662e-07    2.003166e-06    -3.070425e-07    -9.751981e-07    2.288124e-07    -3.201869e-07    -3.345529e-07    8.138872e-08    1.137566e-07    -3.265081e-08    8.160504e-08    8.095614e-08    -6.136404e-08    -4.827659e-08    1.008371e-07    -3.056814e-07    -3.05131e-07    6.222893e-08    2.051128e-07    -5.390229e-08    5.873592e-08    1.817164e-07    5.700253e-08    -1.996639e-07
8.132009e-08    2.802528e-08    -2.410722e-08    5.383009e-08    -4.433113e-08    2.799351e-07    -3.423789e-07    -3.394997e-07    2.511275e-07    6.755059e-08    2.420844e-08    -5.089342e-07    -3.070425e-07    1.35192e-06    -3.081432e-07    2.377914e-09    2.176968e-07    1.26467e-07    -3.661156e-09    -1.184494e-07    4.042265e-08    -1.373691e-07    -1.39507e-07    3.325588e-08    1.101109e-07    8.10535e-08    8.526843e-08    1.125857e-07    1.178478e-07    -1.983188e-07    2.267297e-07    1.767643e-07    -6.272078e-08    -2.066549e-07    -1.734126e-07
-1.481782e-08    6.248277e-08    5.939146e-08    6.32544e-09    -7.513518e-08    -1.5522e-07    -1.99455e-08    -5.987538e-09    -1.906031e-07    1.939518e-07    -2.228069e-07    1.258872e-07    -9.751981e-07    -3.081432e-07    1.448944e-06    -1.72231e-07    1.461553e-07    1.470342e-07    -1.397399e-07    4.386399e-09    -6.334582e-09    6.459502e-08    2.963644e-08    -2.1813e-08    -2.189342e-08    -1.608349e-07    1.853117e-07    1.595136e-07    -1.836415e-07    2.011798e-08    -3.338984e-08    -1.821154e-07    -1.43891e-07    -2.092911e-08    2.929873e-09
1.044638e-07    4.042179e-08    -3.526357e-09    1.283201e-07    -7.828469e-08    1.357397e-07    -9.438938e-09    2.244983e-10    1.339615e-07    -1.038474e-07    -8.78063e-08    1.546435e-07    2.288124e-07    2.377914e-09    -1.72231e-07    1.367607e-06    -3.399759e-07    -6.355789e-07    1.187194e-07    -1.167139e-07    6.613122e-08    1.467187e-07    1.750315e-07    7.910922e-08    -2.442934e-07    2.379299e-08    -8.476078e-08    -1.177885e-07    -1.705593e-08    1.130567e-07    -1.963415e-07    -8.052151e-08    1.95242e-07    2.098011e-07    1.816533e-08
-7.889156e-08    -1.651778e-07    -8.662925e-08    -3.619039e-08    1.346451e-07    -6.155043e-08    -1.049188e-07    -1.285536e-07    -9.269349e-08    1.942836e-07    1.27743e-07    -2.517151e-07    -3.201869e-07    2.176968e-07    1.461553e-07    -3.399759e-07    1.754976e-06    8.989151e-08    -7.144456e-07    -6.704824e-08    1.038676e-07    -3.212242e-07    -2.810191e-07    1.626453e-07    1.640382e-07    -1.830333e-08    5.755278e-08    5.861514e-08    9.597722e-10    -4.948949e-08    1.479177e-08    1.304937e-07    8.973109e-08    1.469665e-08    -1.533507e-08
-9.614878e-08    -1.639927e-07    -8.639544e-08    -7.626111e-08    1.665235e-07    -5.610744e-08    -1.147112e-07    -1.300191e-07    -1.10547e-07    2.049461e-07    2.180929e-07    -3.345045e-07    -3.345529e-07    1.26467e-07    1.470342e-07    -6.355789e-07    8.989151e-08    1.706385e-06    -2.692439e-07    -7.773005e-07    5.456338e-08    -2.827447e-07    -3.368339e-07    7.046997e-08    2.659612e-07    -3.205093e-08    4.369783e-08    9.741262e-08    1.727274e-08    -6.947163e-08    -4.263684e-09    1.065744e-07    1.532648e-07    3.024236e-08    -2.53752e-07
9.790002e-08    3.189795e-08    -3.807301e-09    5.92448e-08    -6.429043e-08    9.06504e-08    -1.257508e-08    -3.682296e-08    1.024888e-07    -5.607173e-08    4.390188e-08    1.659212e-07    8.138872e-08    -3.661156e-09    -1.397399e-07    1.187194e-07    -7.144456e-07    -2.692439e-07    1.419714e-06    -4.286468e-07    1.058457e-07    3.362742e-08    7.50773e-08    1.078394e-07    -1.735441e-07    -2.137453e-10    -8.061973e-08    -7.582793e-08    -3.863633e-08    8.513924e-08    2.617208e-07    8.532739e-08    -1.288615e-07    -1.309934e-07    -1.347986e-07
3.829135e-09    1.049586e-07    6.144361e-08    -3.602214e-08    -7.071187e-08    -4.000778e-08    7.473837e-08    1.314421e-07    8.996525e-09    -1.242373e-07    -1.394382e-07    1.500274e-07    1.137566e-07    -1.184494e-07    4.386399e-09    -1.167139e-07    -6.704824e-08    -7.773005e-07    -4.286468e-07    1.454712e-06    -1.233199e-07    1.760398e-07    1.388776e-07    -1.711818e-07    2.352906e-09    3.231088e-08    1.915438e-08    -5.04835e-09    3.677339e-08    -4.684163e-08    -4.52932e-08    -1.771403e-07    -1.060272e-07    -3.713331e-08    -4.198397e-08
1.369844e-07    -6.564597e-09    -1.003922e-07    1.196022e-08    -4.960737e-09    5.605942e-08    -7.865591e-08    -1.05426e-07    4.423838e-08    6.926331e-08    -2.154692e-09    -4.021642e-08    -3.265081e-08    4.042265e-08    -6.334582e-09    6.613122e-08    1.038676e-07    5.456338e-08    1.058457e-07    -1.233199e-07    1.451722e-06    5.084839e-08    -8.917713e-07    9.169017e-09    -9.626868e-08    1.044622e-07    -6.394594e-08    -1.058587e-07    6.086563e-08    -7.887095e-09    9.801936e-08    -1.341353e-07    -2.337947e-08    1.830552e-07    -1.475658e-07
2.691304e-08    2.05836e-07    8.412299e-08    -8.190498e-08    -7.915998e-08    -1.9192e-08    4.544687e-08    9.05815e-08    7.179265e-09    -5.132398e-08    -1.327887e-07    8.755634e-08    8.160504e-08    -1.373691e-07    6.459502e-08    1.467187e-07    -3.212242e-07    -2.827447e-07    3.362742e-08    1.760398e-07    5.084839e-08    1.593388e-06    -3.757712e-07    -9.087368e-07    3.473426e-07    -1.18562e-07    2.516905e-08    2.526012e-08    -9.981249e-08    6.449022e-08    -1.547786e-07    -1.632288e-08    -8.360444e-08    -1.490098e-07    2.590583e-07
-8.519306e-08    4.137318e-08    1.762423e-07    7.18453e-08    -1.371595e-07    -1.018287e-08    8.762531e-08    1.169577e-07    -8.910737e-09    -1.228415e-07    -5.989724e-08    3.788821e-08    8.095614e-08    -1.39507e-07    2.963644e-08    1.750315e-07    -2.810191e-07    -3.368339e-07    7.50773e-08    1.388776e-07    -8.917713e-07    -3.757712e-07    1.553748e-06    6.150669e-08    -6.874152e-07    -1.051849e-07    -1.856564e-08    3.314313e-08    -6.438304e-08    9.104498e-08    -1.09051e-07    -5.076642e-08    -1.014469e-07    -9.569228e-08    2.680004e-07
2.052076e-08    -1.278372e-07    -8.016691e-08    1.561098e-07    3.06904e-08    5.99422e-08    -3.985193e-08    -6.875413e-08    5.040807e-08    -1.373985e-08    6.328733e-08    -5.396018e-08    -6.136404e-08    3.325588e-08    -2.1813e-08    7.910922e-08    1.626453e-07    7.046997e-08    1.078394e-07    -1.711818e-07    9.169017e-09    -9.087368e-07    6.150669e-08    1.45305e-06    -5.407393e-07    1.097588e-07    -8.151152e-08    -1.202722e-07    8.315985e-08    1.588424e-08    1.060701e-07    -1.477313e-07    -1.714357e-08    2.179832e-07    -1.437436e-07
-4.238714e-08    -1.974044e-08    -6.366952e-08    -1.043888e-07    2.12471e-07    -4.286899e-08    -2.421733e-08    -1.476276e-08    -2.690986e-08    3.830458e-08    8.162084e-08    -2.683973e-08    -4.827659e-08    1.101109e-07    -2.189342e-08    -2.442934e-07    1.640382e-07    2.659612e-07    -1.735441e-07    2.352906e-09    -9.626868e-08    3.473426e-07    -6.874152e-07    -5.407393e-07    1.411932e-06    -9.350052e-09    8.829553e-08    9.899948e-08    -1.031458e-08    -8.749885e-08    -7.700472e-09    1.885545e-07    1.413162e-07    -9.622348e-08    -1.326733e-07
7.95611e-08    -9.79059e-08    -8.597955e-08    1.026742e-07    -2.266994e-08    1.234846e-07    -4.130949e-08    -7.078535e-08    1.03604e-07    -5.788906e-08    2.64867e-08    1.298707e-07    1.008371e-07    8.10535e-08    -1.608349e-07    2.379299e-08    -1.830333e-08    -3.205093e-08    -2.137453e-10    3.231088e-08    1.044622e-07    -1.18562e-07    -1.051849e-07    1.097588e-07    -9.350052e-09    1.52958e-06    6.45166e-08    -9.56524e-07    -9.956706e-08    -2.853993e-08    1.088176e-07    -1.651704e-07    -1.957393e-08    2.230299e-07    -1.434936e-07
-2.444017e-08    1.506689e-07    9.46762e-08    -1.068482e-08    -8.226433e-08    -9.615384e-08    -4.546621e-08    -5.298075e-08    -1.591545e-07    1.735211e-07    1.184302e-07    -2.812343e-07    -3.056814e-07    8.526843e-08    1.853117e-07    -8.476078e-08    5.755278e-08    4.369783e-08    -8.061973e-08    1.915438e-08    -6.394594e-08    2.516905e-08    -1.856564e-08    -8.151152e-08    8.829553e-08    6.45166e-08    1.446377e-06    -1.275845e-07    -9.453861e-07    1.627079e-07    -1.167711e-07    -2.646731e-08    -1.280691e-07    -1.57478e-07    2.623821e-07
4.698947e-09    1.588674e-07    1.140144e-07    -6.362696e-08    -7.235096e-08    -1.494482e-07    -8.590004e-08    -4.232478e-08    -1.086033e-07    1.674734e-07    1.517627e-07    -2.991817e-07    -3.05131e-07    1.125857e-07    1.595136e-07    -1.177885e-07    5.861514e-08    9.741262e-08    -7.582793e-08    -5.04835e-09    -1.058587e-07    2.526012e-08    3.314313e-08    -1.202722e-07    9.899948e-08    -9.56524e-07    -1.275845e-07    1.464836e-06    9.324971e-08    -6.101678e-07    -1.201718e-07    -6.683426e-09    -9.67021e-08    -1.88571e-07    2.670313e-07
4.765644e-08    -1.014863e-07    -1.96383e-08    4.150707e-08    -1.444887e-08    1.247306e-07    -1.07619e-07    -6.985507e-08    1.549914e-07    -5.04608e-08    7.02234e-08    1.337999e-07    6.222893e-08    1.178478e-07    -1.836415e-07    -1.705593e-08    9.597722e-10    1.727274e-08    -3.863633e-08    3.677339e-08    6.086563e-08    -9.981249e-08    -6.438304e-08    8.315985e-08    -1.031458e-08    -9.956706e-08    -9.453861e-07    9.324971e-08    1.54226e-06    -5.403509e-07    7.15857e-08    -1.380205e-07    -1.367093e-08    2.016872e-07    -1.209773e-07
-4.009192e-08    -4.502294e-08    -7.257898e-08    -5.443866e-08    1.045495e-07    1.123062e-08    1.667624e-07    1.083838e-07    -2.521521e-08    -8.282017e-08    -1.685225e-07    1.645349e-07    2.051128e-07    -1.983188e-07    2.011798e-08    1.130567e-07    -4.948949e-08    -6.947163e-08    8.513924e-08    -4.684163e-08    -7.887095e-09    6.449022e-08    9.104498e-08    1.588424e-08    -8.749885e-08    -2.853993e-08    1.627079e-07    -6.101678e-07    -5.403509e-07    1.400184e-06    3.801573e-08    1.451005e-07    1.17239e-07    -1.223483e-08    -1.324958e-07
2.138016e-09    2.480514e-08    -6.015919e-09    -5.045955e-08    4.039307e-09    -1.240622e-08    -3.627236e-09    -1.213512e-08    3.569227e-09    2.284454e-08    -1.833988e-07    3.816761e-08    -5.390229e-08    2.267297e-07    -3.338984e-08    -1.963415e-07    1.479177e-08    -4.263684e-09    2.617208e-07    -4.52932e-08    9.801936e-08    -1.547786e-07    -1.09051e-07    1.060701e-07    -7.700472e-09    1.088176e-07    -1.167711e-07    -1.201718e-07    7.15857e-08    3.801573e-08    1.444516e-06    -1.939162e-07    -9.293725e-07    1.499415e-07    5.878618e-08
-7.771551e-09    -1.944247e-09    -1.738097e-08    -2.657571e-08    4.459842e-08    2.562838e-08    3.805718e-09    -2.420443e-08    3.47149e-09    2.12237e-08    -8.352092e-09    1.060896e-07    5.873592e-08    1.767643e-07    -1.821154e-07    -8.052151e-08    1.304937e-07    1.065744e-07    8.532739e-08    -1.771403e-07    -1.341353e-07    -1.632288e-08    -5.076642e-08    -1.477313e-07    1.885545e-07    -1.651704e-07    -2.646731e-08    -6.683426e-09    -1.380205e-07    1.451005e-07    -1.939162e-07    1.465682e-06    4.995097e-08    -9.667921e-07    3.112e-07
-2.667402e-09    -4.337656e-08    -1.662287e-09    3.250092e-08    3.234628e-08    1.041773e-08    2.054386e-08    -1.286499e-08    -1.402354e-08    7.566286e-09    1.986713e-07    2.622913e-08    1.817164e-07    -6.272078e-08    -1.43891e-07    1.95242e-07    8.973109e-08    1.532648e-07    -1.288615e-07    -1.060272e-07    -2.337947e-08    -8.360444e-08    -1.014469e-07    -1.714357e-08    1.413162e-07    -1.957393e-08    -1.280691e-07    -9.67021e-08    -1.367093e-08    1.17239e-07    -9.293725e-07    4.995097e-08    1.456154e-06    2.002684e-08    -6.826053e-07
-2.748115e-08    -1.478049e-09    5.403603e-08    3.901951e-08    -3.540792e-08    -2.110513e-08    -1.584067e-09    -3.371961e-09    -6.664496e-09    1.544534e-08    1.423319e-07    -5.417845e-08    5.700253e-08    -2.066549e-07    -2.092911e-08    2.098011e-07    1.469665e-08    3.024236e-08    -1.309934e-07    -3.713331e-08    1.830552e-07    -1.490098e-07    -9.569228e-08    2.179832e-07    -9.622348e-08    2.230299e-07    -1.57478e-07    -1.88571e-07    2.016872e-07    -1.223483e-08    1.499415e-07    -9.667921e-07    2.002684e-08    1.5434e-06    -8.089421e-07
3.540719e-08    5.064777e-08    -4.056891e-09    -1.370345e-09    -3.705517e-08    2.607341e-08    3.92486e-09    4.961468e-09    7.169761e-09    -2.012203e-08    1.919447e-08    8.008282e-08    -1.996639e-07    -1.734126e-07    2.929873e-09    1.816533e-08    -1.533507e-08    -2.53752e-07    -1.347986e-07    -4.198397e-08    -1.475658e-07    2.590583e-07    2.680004e-07    -1.437436e-07    -1.326733e-07    -1.434936e-07    2.623821e-07    2.670313e-07    -1.209773e-07    -1.324958e-07    5.878618e-08    3.112e-07    -6.826053e-07    -8.089421e-07    1.387049e-06
