1.508915e-06    -4.163723e-09    -1.015196e-06    -1.498986e-07    3.214666e-08    1.253235e-07    -3.901648e-08    -2.285534e-08    9.49854e-08    -7.003929e-08    1.047716e-07    -7.434073e-08    -1.109636e-07    1.351353e-07    -6.761026e-09    1.942593e-08    2.655474e-08    3.022077e-08    -2.884129e-08    -5.277413e-09
-4.163723e-09    1.44204e-06    -7.630112e-08    -8.281394e-07    1.405873e-07    5.379561e-08    -1.136873e-07    -1.268427e-07    5.311523e-08    5.727479e-08    3.70287e-08    -1.560233e-07    -1.400268e-07    9.137394e-09    7.568279e-08    1.104645e-08    2.45579e-08    -9.37384e-09    -7.657497e-09    4.711365e-08
-1.015196e-06    -7.630112e-08    1.461503e-06    4.31616e-08    -4.556048e-07    -2.78874e-08    -1.255047e-07    -9.895452e-08    -7.905739e-09    1.033292e-07    1.731832e-08    -6.314284e-08    -7.767734e-08    -6.747967e-08    5.808337e-08    -1.70495e-08    -1.5434e-08    -4.471698e-08    2.87007e-08    5.471769e-08
-1.498986e-07    -8.281394e-07    4.31616e-08    1.479273e-06    -5.360425e-07    5.879424e-08    -4.772573e-08    -5.88319e-08    2.989836e-08    2.554169e-08    1.134837e-07    -4.40926e-08    -9.877779e-08    6.457036e-08    1.968412e-08    -4.753665e-08    -5.2471e-08    2.171708e-08    2.715318e-08    -1.532583e-08
3.214666e-08    1.405873e-07    -4.556048e-07    -5.360425e-07    1.271812e-06    -9.037799e-08    1.505808e-07    1.803366e-07    -5.104094e-08    -9.149189e-08    -8.888192e-08    1.039984e-07    1.605465e-07    -2.541632e-08    -8.043468e-08    4.012246e-08    3.078189e-08    4.455753e-09    -1.772626e-08    -3.11537e-08
1.253235e-07    5.379561e-08    -2.78874e-08    5.879424e-08    -9.037799e-08    1.234127e-06    -4.804401e-07    -3.595327e-07    2.420844e-08    -2.228069e-07    -8.78063e-08    1.27743e-07    2.180929e-07    4.390188e-08    -1.394382e-07    -1.833988e-07    -8.352092e-09    1.986713e-07    1.423319e-07    1.919447e-08
-3.901648e-08    -1.136873e-07    -1.255047e-07    -4.772573e-08    1.505808e-07    -4.804401e-07    2.059324e-06    -3.350662e-07    -5.089342e-07    1.258872e-07    1.546435e-07    -2.517151e-07    -3.345045e-07    1.659212e-07    1.500274e-07    3.816761e-08    1.060896e-07    2.622913e-08    -5.417845e-08    8.008282e-08
-2.285534e-08    -1.268427e-07    -9.895452e-08    -5.88319e-08    1.803366e-07    -3.595327e-07    -3.350662e-07    2.003166e-06    -3.070425e-07    -9.751981e-07    2.288124e-07    -3.201869e-07    -3.345529e-07    8.138872e-08    1.137566e-07    -5.390229e-08    5.873592e-08    1.817164e-07    5.700253e-08    -1.996639e-07
9.49854e-08    5.311523e-08    -7.905739e-09    2.989836e-08    -5.104094e-08    2.420844e-08    -5.089342e-07    -3.070425e-07    1.35192e-06    -3.081432e-07    2.377914e-09    2.176968e-07    1.26467e-07    -3.661156e-09    -1.184494e-07    2.267297e-07    1.767643e-07    -6.272078e-08    -2.066549e-07    -1.734126e-07
-7.003929e-08    5.727479e-08    1.033292e-07    2.554169e-08    -9.149189e-08    -2.228069e-07    1.258872e-07    -9.751981e-07    -3.081432e-07    1.448944e-06    -1.72231e-07    1.461553e-07    1.470342e-07    -1.397399e-07    4.386399e-09    -3.338984e-08    -1.821154e-07    -1.43891e-07    -2.092911e-08    2.929873e-09
1.047716e-07    3.70287e-08    1.731832e-08    1.134837e-07    -8.888192e-08    -8.78063e-08    1.546435e-07    2.288124e-07    2.377914e-09    -1.72231e-07    1.367607e-06    -3.399759e-07    -6.355789e-07    1.187194e-07    -1.167139e-07    -1.963415e-07    -8.052151e-08    1.95242e-07    2.098011e-07    1.816533e-08
-7.434073e-08    -1.560233e-07    -6.314284e-08    -4.40926e-08    1.039984e-07    1.27743e-07    -2.517151e-07    -3.201869e-07    2.176968e-07    1.461553e-07    -3.399759e-07    1.754976e-06    8.989151e-08    -7.144456e-07    -6.704824e-08    1.479177e-08    1.304937e-07    8.973109e-08    1.469665e-08    -1.533507e-08
-1.109636e-07    -1.400268e-07    -7.767734e-08    -9.877779e-08    1.605465e-07    2.180929e-07    -3.345045e-07    -3.345529e-07    1.26467e-07    1.470342e-07    -6.355789e-07    8.989151e-08    1.706385e-06    -2.692439e-07    -7.773005e-07    -4.263684e-09    1.065744e-07    1.532648e-07    3.024236e-08    -2.53752e-07
1.351353e-07    9.137394e-09    -6.747967e-08    6.457036e-08    -2.541632e-08    4.390188e-08    1.659212e-07    8.138872e-08    -3.661156e-09    -1.397399e-07    1.187194e-07    -7.144456e-07    -2.692439e-07    1.419714e-06    -4.286468e-07    2.617208e-07    8.532739e-08    -1.288615e-07    -1.309934e-07    -1.347986e-07
-6.761026e-09    7.568279e-08    5.808337e-08    1.968412e-08    -8.043468e-08    -1.394382e-07    1.500274e-07    1.137566e-07    -1.184494e-07    4.386399e-09    -1.167139e-07    -6.704824e-08    -7.773005e-07    -4.286468e-07    1.454712e-06    -4.52932e-08    -1.771403e-07    -1.060272e-07    -3.713331e-08    -4.198397e-08
1.942593e-08    1.104645e-08    -1.70495e-08    -4.753665e-08    4.012246e-08    -1.833988e-07    3.816761e-08    -5.390229e-08    2.267297e-07    -3.338984e-08    -1.963415e-07    1.479177e-08    -4.263684e-09    2.617208e-07    -4.52932e-08    1.444516e-06    -1.939162e-07    -9.293725e-07    1.499415e-07    5.878618e-08
2.655474e-08    2.45579e-08    -1.5434e-08    -5.2471e-08    3.078189e-08    -8.352092e-09    1.060896e-07    5.873592e-08    1.767643e-07    -1.821154e-07    -8.052151e-08    1.304937e-07    1.065744e-07    8.532739e-08    -1.771403e-07    -1.939162e-07    1.465682e-06    4.995097e-08    -9.667921e-07    3.112e-07
3.022077e-08    -9.37384e-09    -4.471698e-08    2.171708e-08    4.455753e-09    1.986713e-07    2.622913e-08    1.817164e-07    -6.272078e-08    -1.43891e-07    1.95242e-07    8.973109e-08    1.532648e-07    -1.288615e-07    -1.060272e-07    -9.293725e-07    4.995097e-08    1.456154e-06    2.002684e-08    -6.826053e-07
-2.884129e-08    -7.657497e-09    2.87007e-08    2.715318e-08    -1.772626e-08    1.423319e-07    -5.417845e-08    5.700253e-08    -2.066549e-07    -2.092911e-08    2.098011e-07    1.469665e-08    3.024236e-08    -1.309934e-07    -3.713331e-08    1.499415e-07    -9.667921e-07    2.002684e-08    1.5434e-06    -8.089421e-07
-5.277413e-09    4.711365e-08    5.471769e-08    -1.532583e-08    -3.11537e-08    1.919447e-08    8.008282e-08    -1.996639e-07    -1.734126e-07    2.929873e-09    1.816533e-08    -1.533507e-08    -2.53752e-07    -1.347986e-07    -4.198397e-08    5.878618e-08    3.112e-07    -6.826053e-07    -8.089421e-07    1.387049e-06
