1.234127e-06    -4.804401e-07    -3.595327e-07    2.420844e-08    -2.228069e-07    -1.212854e-08    1.777627e-07    1.458703e-07    -2.86865e-08    -1.525248e-07    -1.833988e-07    -8.352092e-09    1.986713e-07    1.423319e-07    1.919447e-08
-4.804401e-07    2.059324e-06    -3.350662e-07    -5.089342e-07    1.258872e-07    1.124568e-07    -2.406397e-07    -2.086812e-07    1.510369e-07    1.003527e-07    3.816761e-08    1.060896e-07    2.622913e-08    -5.417845e-08    8.008282e-08
-3.595327e-07    -3.350662e-07    2.003166e-06    -3.070425e-07    -9.751981e-07    1.404741e-07    -1.862723e-07    -2.553019e-07    9.998552e-08    1.185664e-07    -5.390229e-08    5.873592e-08    1.817164e-07    5.700253e-08    -1.996639e-07
2.420844e-08    -5.089342e-07    -3.070425e-07    1.35192e-06    -3.081432e-07    -3.982244e-08    1.244034e-07    1.422155e-07    7.912581e-09    -1.194899e-07    2.267297e-07    1.767643e-07    -6.272078e-08    -2.066549e-07    -1.734126e-07
-2.228069e-07    1.258872e-07    -9.751981e-07    -3.081432e-07    1.448944e-06    -7.96522e-08    2.68999e-08    8.001038e-08    -9.456628e-08    8.730822e-09    -3.338984e-08    -1.821154e-07    -1.43891e-07    -2.092911e-08    2.929873e-09
-1.212854e-08    1.124568e-07    1.404741e-07    -3.982244e-08    -7.96522e-08    1.341467e-06    -1.219208e-07    -6.823208e-07    -1.35642e-07    -1.918035e-07    -1.47916e-07    -1.035671e-08    1.441796e-07    1.14929e-07    6.679898e-08
1.777627e-07    -2.406397e-07    -1.862723e-07    1.244034e-07    2.68999e-08    -1.219208e-07    1.959888e-06    -3.92745e-07    -5.239837e-07    -1.773262e-08    3.709911e-08    3.504624e-08    -2.576419e-08    5.548566e-08    1.526787e-07
1.458703e-07    -2.086812e-07    -2.553019e-07    1.422155e-07    8.001038e-08    -6.823208e-07    -3.92745e-07    1.96677e-06    -1.748312e-07    -7.574391e-07    1.901854e-09    5.602564e-08    1.297038e-07    5.421327e-08    -2.176861e-07
-2.86865e-08    1.510369e-07    9.998552e-08    7.912581e-09    -9.456628e-08    -1.35642e-07    -5.239837e-07    -1.748312e-07    1.389196e-06    -3.349705e-07    2.16354e-07    1.126388e-07    -5.008044e-08    -1.668523e-07    -1.888717e-07
-1.525248e-07    1.003527e-07    1.185664e-07    -1.194899e-07    8.730822e-09    -1.918035e-07    -1.773262e-08    -7.574391e-07    -3.349705e-07    1.439695e-06    -7.749069e-08    -1.078604e-07    -1.167381e-07    -6.901659e-08    -1.006865e-08
-1.833988e-07    3.816761e-08    -5.390229e-08    2.267297e-07    -3.338984e-08    -1.47916e-07    3.709911e-08    1.901854e-09    2.16354e-07    -7.749069e-08    1.444516e-06    -1.939162e-07    -9.293725e-07    1.499415e-07    5.878618e-08
-8.352092e-09    1.060896e-07    5.873592e-08    1.767643e-07    -1.821154e-07    -1.035671e-08    3.504624e-08    5.602564e-08    1.126388e-07    -1.078604e-07    -1.939162e-07    1.465682e-06    4.995097e-08    -9.667921e-07    3.112e-07
1.986713e-07    2.622913e-08    1.817164e-07    -6.272078e-08    -1.43891e-07    1.441796e-07    -2.576419e-08    1.297038e-07    -5.008044e-08    -1.167381e-07    -9.293725e-07    4.995097e-08    1.456154e-06    2.002684e-08    -6.826053e-07
1.423319e-07    -5.417845e-08    5.700253e-08    -2.066549e-07    -2.092911e-08    1.14929e-07    5.548566e-08    5.421327e-08    -1.668523e-07    -6.901659e-08    1.499415e-07    -9.667921e-07    2.002684e-08    1.5434e-06    -8.089421e-07
1.919447e-08    8.008282e-08    -1.996639e-07    -1.734126e-07    2.929873e-09    6.679898e-08    1.526787e-07    -2.176861e-07    -1.888717e-07    -1.006865e-08    5.878618e-08    3.112e-07    -6.826053e-07    -8.089421e-07    1.387049e-06
