1    -0.02954475    -0.6886428    -0.02435365    0.001571975    0.06443082    -0.07015391    -0.05780759    0.1339086    -0.02215292    0.1248173    -0.1155325    -0.1105805    0.1767402    -0.05914807
-0.02954475    1    -0.230843    -0.6910545    0.2013255    -0.05546732    -0.002827555    0.02384357    -0.06292279    0.07814099    -0.102223    -0.01980947    -0.01923039    -0.07527398    0.1578336
-0.6886428    -0.230843    1    -0.006458427    -0.3909671    -0.02648205    0.01348771    -0.001865565    -0.1240855    0.09211669    -0.09236206    0.009773263    0.02511242    -0.1310994    0.1178758
-0.02435365    -0.6910545    -0.006458427    1    -0.3307153    0.05139153    -0.03882252    -0.07138099    0.06367587    -0.02674284    0.06959323    -0.06669911    -0.02460443    0.11518    -0.08923101
0.001571975    0.2013255    -0.3909671    -0.3307153    1    -0.02051223    0.04563923    0.1137046    0.03057345    -0.1325142    0.01616435    0.1203652    0.0702878    -0.007335686    -0.1173098
0.06443082    -0.05546732    -0.02648205    0.05139153    -0.02051223    1    -0.09296697    -0.5872855    0.1205512    -0.008874198    0.05763775    -0.1311562    -0.03322864    0.1651721    -0.07828577
-0.07015391    -0.002827555    0.01348771    -0.03882252    0.04563923    -0.09296697    1    -0.2674181    -0.5953015    0.2580198    -0.07122164    -0.01854234    -0.03378469    -0.1252391    0.1431448
-0.05780759    0.02384357    -0.001865565    -0.07138099    0.1137046    -0.5872855    -0.2674181    1    -0.09069658    -0.3813491    -0.06970353    -0.01089588    -0.05592175    -0.1040838    0.1684001
0.1339086    -0.06292279    -0.1240855    0.06367587    0.03057345    0.1205512    -0.5953015    -0.09069658    1    -0.4833    0.07113511    -0.1224206    -0.005190791    0.1784945    -0.09433865
-0.02215292    0.07814099    0.09211669    -0.02674284    -0.1325142    -0.008874198    0.2580198    -0.3813491    -0.4833    1    -0.005105011    0.1899199    0.08406861    -0.07565051    -0.09136203
0.1248173    -0.102223    -0.09236206    0.06959323    0.01616435    0.05763775    -0.07122164    -0.06970353    0.07113511    -0.005105011    1    -0.1376514    -0.6676179    0.09997202    0.0203232
-0.1155325    -0.01980947    0.009773263    -0.06669911    0.1203652    -0.1311562    -0.01854234    -0.01089588    -0.1224206    0.1899199    -0.1376514    1    0.03542279    -0.676552    0.1943159
-0.1105805    -0.01923039    0.02511242    -0.02460443    0.0702878    -0.03322864    -0.03378469    -0.05592175    -0.005190791    0.08406861    -0.6676179    0.03542279    1    -0.05155417    -0.452103
0.1767402    -0.07527398    -0.1310994    0.11518    -0.007335686    0.1651721    -0.1252391    -0.1040838    0.1784945    -0.07565051    0.09997202    -0.676552    -0.05155417    1    -0.5967933
-0.05914807    0.1578336    0.1178758    -0.08923101    -0.1173098    -0.07828577    0.1431448    0.1684001    -0.09433865    -0.09136203    0.0203232    0.1943159    -0.452103    -0.5967933    1
