1    -0.0653515    -0.7025817    -0.07246449    -0.03990777    0.0459031    -0.04679347    -0.0162912    0.071306    -0.05553205    0.06375699    -0.04526758    -0.08097679    0.08014966    -0.02576871    0.007099553    0.02733702    -0.05443675    0.005809154    0.05036793    -0.05735186    -0.03068268    0.03731908    0.0339948    -0.01774125    0.01943873    -0.01632982    -0.02935552    0.0140425    0.02985828
-0.0653515    1    -0.05452125    -0.5470611    0.1192943    -0.02125433    0.108748    0.04464735    -0.04977563    -0.06059233    -0.05633923    -0.04876632    -0.003679735    -0.08453883    0.1217872    0.004822596    -0.01518732    -0.0102655    -0.01851174    0.01752086    -0.02122781    -0.03761231    0.01279158    0.04081183    0.01646836    0.02476291    0.03014527    0.005928166    -0.01602516    0.003538055
-0.7025817    -0.05452125    1    0.01906412    -0.3010253    -0.02112941    0.05848748    0.03008021    -0.03767364    -0.04752427    -0.05579805    -0.0720603    -0.02120898    -0.01193176    0.1047061    -0.004914606    -0.007113497    0.001473684    -0.02597089    0.00983138    -0.007419551    0.04277517    0.002508647    -0.02401571    0.04124434    -0.02664353    -0.0003940492    0.02558186    0.02065553    -0.002497296
-0.07246449    -0.5470611    0.01906412    1    -0.3474456    0.0396367    0.02124012    -0.03615557    -0.01981168    0.01135266    0.09615392    -0.04777666    -0.1171323    0.0759059    0.03727543    -0.02173738    0.01739484    0.01787867    -3.967328e-05    -0.02967924    0.03306556    0.0692363    0.003159733    -0.07714675    0.03158206    -0.06540965    -0.03890809    0.04240082    0.02374983    -0.005223195
-0.03990777    0.1192943    -0.3010253    -0.3474456    1    -0.007595226    -0.02463731    -0.05001719    -0.007893455    0.0855424    -0.03149083    0.1117756    0.114908    -0.02804286    -0.1174122    0.04141451    0.01632143    -0.01504354    -0.01318981    0.03223727    -0.008806754    -0.03036565    0.009668594    0.0296788    -0.06149167    -0.01434508    0.05874354    0.02270301    -0.03754585    -0.01615928
0.0459031    -0.02125433    -0.02112941    0.0396367    -0.007595226    1    -0.02954475    -0.6886428    -0.02435365    0.001571975    0.06443082    -0.07015391    -0.05780759    0.1339086    -0.02215292    0.01563207    0.03944733    -0.04878728    0.01403903    0.008049107    -0.09162924    0.03798744    0.1165212    -0.007314125    -0.06510241    -0.1351449    -0.3162261    0.07892803    0.4071962    -0.05170482
-0.04679347    0.108748    0.05848748    0.02124012    -0.02463731    -0.02954475    1    -0.230843    -0.6910545    0.2013255    -0.05546732    -0.002827555    0.02384357    -0.06292279    0.07814099    -0.05954499    0.03417341    0.0154458    -0.03931256    0.03904448    -0.04920301    -0.05762246    0.02099966    0.04462724    0.03819855    -0.2971513    0.01706269    0.3314899    0.09174125    -0.1051905
-0.0162912    0.04464735    0.03008021    -0.03615557    -0.05001719    -0.6886428    -0.230843    1    -0.006458427    -0.3909671    -0.02648205    0.01348771    -0.001865565    -0.1240855    0.09211669    -0.03895372    0.00825929    0.0700736    -0.02627683    -0.0203351    0.09372042    -0.006732673    -0.09861772    0.0295    0.01024666    0.08202919    0.3417959    0.025908    -0.2487614    -0.0629159
0.071306    -0.04977563    -0.03767364    -0.01981168    -0.007893455    -0.02435365    -0.6910545    -0.006458427    1    -0.3307153    0.05139153    -0.03882252    -0.07138099    0.06367587    -0.02674284    0.07530365    -0.03014948    -0.01112012    0.05435111    -0.06637589    0.01519089    0.08854756    0.03698186    -0.04423118    -0.05474142    0.4834642    0.04986708    -0.310246    -0.1127866    -0.07899863
-0.05553205    -0.06059233    -0.04752427    0.01135266    0.0855424    0.001571975    0.2013255    -0.3909671    -0.3307153    1    -0.02051223    0.04563923    0.1137046    0.03057345    -0.1325142    -0.01274756    -0.03079329    0.005564181    -0.01992162    0.03004776    -0.01244836    -0.04533453    -0.0184135    -0.01921662    0.05064297    -0.1597247    -0.2154691    -0.009454677    0.002635366    -0.04497447
0.06375699    -0.05633923    -0.05579805    0.09615392    -0.03149083    0.06443082    -0.05546732    -0.02648205    0.05139153    -0.02051223    1    -0.09296697    -0.5872855    0.1205512    -0.008874198    -0.0230327    0.04382166    0.007039563    -0.01722156    0.02898905    0.04926505    -0.1176351    -0.03088224    0.1632472    -0.09398396    -0.06106963    -0.04165248    0.01877955    0.05273184    -0.00498728
-0.04526758    -0.04876632    -0.0720603    -0.04777666    0.1117756    -0.07015391    -0.002827555    0.01348771    -0.03882252    0.04563923    -0.09296697    1    -0.2674181    -0.5953015    0.2580198    0.0002750232    -0.0293273    0.006297461    0.03043274    -0.03518806    -0.05184876    0.07176172    -0.03781501    -0.1925416    0.1628168    0.03857028    0.01328375    -0.04970586    -0.03546888    0.03272484
-0.08097679    -0.003679735    -0.02120898    -0.1171323    0.114908    -0.05780759    0.02384357    -0.001865565    -0.07138099    0.1137046    -0.5872855    -0.2674181    1    -0.09069658    -0.3813491    0.003161911    -0.009085525    0.06250807    0.01240716    -0.0775968    -0.0417618    -0.05885779    -0.1049232    -0.07321295    0.1991867    0.01633288    -0.00587882    -0.01083107    -0.02651377    0.01582178
0.08014966    -0.08453883    -0.01193176    0.0759059    -0.02804286    0.1339086    -0.06292279    -0.1240855    0.06367587    0.03057345    0.1205512    -0.5953015    -0.09069658    1    -0.4833    0.0254669    0.08001129    0.01650687    -0.05122752    0.00526952    0.05928642    -0.1474505    -0.009321575    0.195102    -0.1106225    -0.07212233    -0.02811238    0.03316674    0.002412025    0.03391574
-0.02576871    0.1217872    0.1047061    0.03727543    -0.1174122    -0.02215292    0.07814099    0.09211669    -0.02674284    -0.1325142    -0.008874198    0.2580198    -0.3813491    -0.4833    1    -0.01701656    -0.05960014    -0.06681116    0.02994303    0.03462136    -0.007809671    0.1851792    0.1013714    -0.04979448    -0.1077125    0.04512267    0.04657365    -0.02245275    0.01074679    -0.02995025
0.007099553    0.004822596    -0.004914606    -0.02173738    0.04141451    0.01563207    -0.05954499    -0.03895372    0.07530365    -0.01274756    -0.0230327    0.0002750232    0.003161911    0.0254669    -0.01701656    1    -0.2296069    -0.743259    0.1712309    0.09838464    -0.09466229    -0.0715232    0.1254426    0.1020719    -0.09814372    0.1072646    -0.04512088    -0.07552583    -0.008426058    0.006258214
0.02733702    -0.01518732    -0.007113497    0.01739484    0.01632143    0.03944733    0.03417341    0.00825929    -0.03014948    -0.03079329    0.04382166    -0.0293273    -0.009085525    0.08001129    -0.05960014    -0.2296069    1    0.1247282    -0.7481843    0.2853823    -0.1264362    0.005904659    0.1259589    0.04967899    -0.06030593    -0.02455228    0.1082446    0.04110864    -0.04767247    -0.0205369
-0.05443675    -0.0102655    0.001473684    0.01787867    -0.01504354    -0.04878728    0.0154458    0.0700736    -0.01112012    0.005564181    0.007039563    0.006297461    0.06250807    0.01650687    -0.06681116    -0.743259    0.1247282    1    -0.1546872    -0.4145793    0.07838862    0.07185313    -0.08737956    -0.05895017    0.04098928    -0.07629771    0.08181584    0.13183    -0.02622744    -0.1019825
0.005809154    -0.01851174    -0.02597089    -3.967328e-05    -0.01318981    0.01403903    -0.03931256    -0.02627683    0.05435111    -0.01992162    -0.01722156    0.03043274    0.01240716    -0.05122752    0.02994303    0.1712309    -0.7481843    -0.1546872    1    -0.613247    0.1565662    0.04850491    -0.0843628    -0.09004409    0.01908044    -0.008014986    -0.09557749    0.004808352    0.1089362    -0.04019657
0.05036793    0.01752086    0.00983138    -0.02967924    0.03223727    0.008049107    0.03904448    -0.0203351    -0.06637589    0.03004776    0.02898905    -0.03518806    -0.0775968    0.00526952    0.03462136    0.09838464    0.2853823    -0.4145793    -0.613247    1    -0.1061007    -0.07601201    0.05149282    0.0668769    -0.05802803    0.01721803    -0.02113992    -0.100766    -0.03088945    0.2042202
-0.05735186    -0.02122781    -0.007419551    0.03306556    -0.008806754    -0.09162924    -0.04920301    0.09372042    0.01519089    -0.01244836    0.04926505    -0.05184876    -0.0417618    0.05928642    -0.007809671    -0.09466229    -0.1264362    0.07838862    0.1565662    -0.1061007    1    0.05016715    -0.7652618    -0.2164396    0.2527462    0.1909245    0.07031001    -0.1807621    -0.1185183    0.077178
-0.03068268    -0.03761231    0.04277517    0.0692363    -0.03036565    0.03798744    -0.05762246    -0.006732673    0.08854756    -0.04533453    -0.1176351    0.07176172    -0.05885779    -0.1474505    0.1851792    -0.0715232    0.005904659    0.07185313    0.04850491    -0.07601201    0.05016715    1    0.07725506    -0.7808682    0.1179414    0.06206935    0.1372399    -0.03301078    -0.1247451    0.01291897
0.03731908    0.01279158    0.002508647    0.003159733    0.009668594    0.1165212    0.02099966    -0.09861772    0.03698186    -0.0184135    -0.03088224    -0.03781501    -0.1049232    -0.009321575    0.1013714    0.1254426    0.1259589    -0.08737956    -0.0843628    0.05149282    -0.7652618    0.07725506    1    0.210168    -0.6410685    -0.1453883    -0.05482711    0.1896746    0.1210361    -0.1523482
0.0339948    0.04081183    -0.02401571    -0.07714675    0.0296788    -0.007314125    0.04462724    0.0295    -0.04423118    -0.01921662    0.1632472    -0.1925416    -0.07321295    0.195102    -0.04979448    0.1020719    0.04967899    -0.05895017    -0.09004409    0.0668769    -0.2164396    -0.7808682    0.210168    1    -0.5415401    -0.124665    -0.1117934    0.1250539    0.1789884    -0.1091015
-0.01774125    0.01646836    0.04124434    0.03158206    -0.06149167    -0.06510241    0.03819855    0.01024666    -0.05474142    0.05064297    -0.09398396    0.1628168    0.1991867    -0.1106225    -0.1077125    -0.09814372    -0.06030593    0.04098928    0.01908044    -0.05802803    0.2527462    0.1179414    -0.6410685    -0.5415401    1    0.08516971    0.0399492    -0.142886    -0.1183964    0.2348613
0.01943873    0.02476291    -0.02664353    -0.06540965    -0.01434508    -0.1351449    -0.2971513    0.08202919    0.4834642    -0.1597247    -0.06106963    0.03857028    0.01633288    -0.07212233    0.04512267    0.1072646    -0.02455228    -0.07629771    -0.008014986    0.01721803    0.1909245    0.06206935    -0.1453883    -0.124665    0.08516971    1    0.02908078    -0.7833883    -0.1832564    0.1855046
-0.01632982    0.03014527    -0.0003940492    -0.03890809    0.05874354    -0.3162261    0.01706269    0.3417959    0.04986708    -0.2154691    -0.04165248    0.01328375    -0.00587882    -0.02811238    0.04657365    -0.04512088    0.1082446    0.08181584    -0.09557749    -0.02113992    0.07031001    0.1372399    -0.05482711    -0.1117934    0.0399492    0.02908078    1    0.1197286    -0.7818992    0.104468
-0.02935552    0.005928166    0.02558186    0.04240082    0.02270301    0.07892803    0.3314899    0.025908    -0.310246    -0.009454677    0.01877955    -0.04970586    -0.01083107    0.03316674    -0.02245275    -0.07552583    0.04110864    0.13183    0.004808352    -0.100766    -0.1807621    -0.03301078    0.1896746    0.1250539    -0.142886    -0.7833883    0.1197286    1    0.183956    -0.5796155
0.0140425    -0.01602516    0.02065553    0.02374983    -0.03754585    0.4071962    0.09174125    -0.2487614    -0.1127866    0.002635366    0.05273184    -0.03546888    -0.02651377    0.002412025    0.01074679    -0.008426058    -0.04767247    -0.02622744    0.1089362    -0.03088945    -0.1185183    -0.1247451    0.1210361    0.1789884    -0.1183964    -0.1832564    -0.7818992    0.183956    1    -0.5016877
0.02985828    0.003538055    -0.002497296    -0.005223195    -0.01615928    -0.05170482    -0.1051905    -0.0629159    -0.07899863    -0.04497447    -0.00498728    0.03272484    0.01582178    0.03391574    -0.02995025    0.006258214    -0.0205369    -0.1019825    -0.04019657    0.2042202    0.077178    0.01291897    -0.1523482    -0.1091015    0.2348613    0.1855046    0.104468    -0.5796155    -0.5016877    1
