1    -0.02954475    -0.6886428    -0.02435365    0.001571975    0.06443082    -0.07015391    -0.05780759    0.1339086    -0.02215292    -0.01974928    -0.0450938    -0.0111496    0.05431569    0.004275106    -0.1351449    -0.3162261    0.07892803    0.4071962    -0.05170482
-0.02954475    1    -0.230843    -0.6910545    0.2013255    -0.05546732    -0.002827555    0.02384357    -0.06292279    0.07814099    -0.01488605    -0.02772038    0.009062081    -0.003238605    0.01676849    -0.2971513    0.01706269    0.3314899    0.09174125    -0.1051905
-0.6886428    -0.230843    1    -0.006458427    -0.3909671    -0.02648205    0.01348771    -0.001865565    -0.1240855    0.09211669    -0.008943889    0.02905328    0.00760434    -0.04076948    0.009084699    0.08202919    0.3417959    0.025908    -0.2487614    -0.0629159
-0.02435365    -0.6910545    -0.006458427    1    -0.3307153    0.05139153    -0.03882252    -0.07138099    0.06367587    -0.02674284    0.01236187    -0.01212275    -0.02643032    0.01071135    0.02681798    0.4834642    0.04986708    -0.310246    -0.1127866    -0.07899863
0.001571975    0.2013255    -0.3909671    -0.3307153    1    -0.02051223    0.04563923    0.1137046    0.03057345    -0.1325142    0.02912173    0.03996227    -0.002435103    -0.005665167    -0.02650488    -0.1597247    -0.2154691    -0.009454677    0.002635366    -0.04497447
0.06443082    -0.05546732    -0.02648205    0.05139153    -0.02051223    1    -0.09296697    -0.5872855    0.1205512    -0.008874198    0.0004210706    -0.0316081    -0.02481247    0.01447521    0.02371828    -0.06106963    -0.04165248    0.01877955    0.05273184    -0.00498728
-0.07015391    -0.002827555    0.01348771    -0.03882252    0.04563923    -0.09296697    1    -0.2674181    -0.5953015    0.2580198    0.0004624759    0.01620884    -0.001890446    -0.03129001    0.007181377    0.03857028    0.01328375    -0.04970586    -0.03546888    0.03272484
-0.05780759    0.02384357    -0.001865565    -0.07138099    0.1137046    -0.5872855    -0.2674181    1    -0.09069658    -0.3813491    -0.0183472    -0.04880209    -0.02835648    -0.02339707    0.073176    0.01633288    -0.00587882    -0.01083107    -0.02651377    0.01582178
0.1339086    -0.06292279    -0.1240855    0.06367587    0.03057345    0.1205512    -0.5953015    -0.09069658    1    -0.4833    0.0350196    0.01336944    -0.06862458    -0.02903631    0.07838037    -0.07212233    -0.02811238    0.03316674    0.002412025    0.03391574
-0.02215292    0.07814099    0.09211669    -0.02674284    -0.1325142    -0.008874198    0.2580198    -0.3813491    -0.4833    1    -0.0517112    0.09033886    0.1191054    0.02105516    -0.1208245    0.04512267    0.04657365    -0.02245275    0.01074679    -0.02995025
-0.01974928    -0.01488605    -0.008943889    0.01236187    0.02912173    0.0004210706    0.0004624759    -0.0183472    0.0350196    -0.0517112    1    -0.01208665    -0.7751805    -0.07643994    0.1642374    0.1049116    0.003166684    -0.1140237    -0.1101719    0.1380064
-0.0450938    -0.02772038    0.02905328    -0.01212275    0.03996227    -0.0316081    0.01620884    -0.04880209    0.01336944    0.09033886    -0.01208665    1    0.1663351    -0.7695498    0.07538156    0.05027542    -0.004370663    -0.1127876    -0.0775803    0.1391031
-0.0111496    0.009062081    0.00760434    -0.02643032    -0.002435103    -0.02481247    -0.001890446    -0.02835648    -0.06862458    0.1191054    -0.7751805    0.1663351    1    0.03349777    -0.5361289    -0.1128927    -0.04252878    0.05771337    0.0932734    -0.04515614
0.05431569    -0.003238605    -0.04076948    0.01071135    -0.005665167    0.01447521    -0.03129001    -0.02339707    -0.02903631    0.02105516    -0.07643994    -0.7695498    0.03349777    1    -0.4759833    -0.08641455    -0.03666377    0.09197679    0.09155059    -0.1108292
0.004275106    0.01676849    0.009084699    0.02681798    -0.02650488    0.02371828    0.007181377    0.073176    0.07838037    -0.1208245    0.1642374    0.07538156    -0.5361289    -0.4759833    1    0.1227601    0.08501269    -0.02217771    -0.08434219    -0.01132286
-0.1351449    -0.2971513    0.08202919    0.4834642    -0.1597247    -0.06106963    0.03857028    0.01633288    -0.07212233    0.04512267    0.1049116    0.05027542    -0.1128927    -0.08641455    0.1227601    1    0.02908078    -0.7833883    -0.1832564    0.1855046
-0.3162261    0.01706269    0.3417959    0.04986708    -0.2154691    -0.04165248    0.01328375    -0.00587882    -0.02811238    0.04657365    0.003166684    -0.004370663    -0.04252878    -0.03666377    0.08501269    0.02908078    1    0.1197286    -0.7818992    0.104468
0.07892803    0.3314899    0.025908    -0.310246    -0.009454677    0.01877955    -0.04970586    -0.01083107    0.03316674    -0.02245275    -0.1140237    -0.1127876    0.05771337    0.09197679    -0.02217771    -0.7833883    0.1197286    1    0.183956    -0.5796155
0.4071962    0.09174125    -0.2487614    -0.1127866    0.002635366    0.05273184    -0.03546888    -0.02651377    0.002412025    0.01074679    -0.1101719    -0.0775803    0.0932734    0.09155059    -0.08434219    -0.1832564    -0.7818992    0.183956    1    -0.5016877
-0.05170482    -0.1051905    -0.0629159    -0.07899863    -0.04497447    -0.00498728    0.03272484    0.01582178    0.03391574    -0.02995025    0.1380064    0.1391031    -0.04515614    -0.1108292    -0.01132286    0.1855046    0.104468    -0.5796155    -0.5016877    1
