1    -0.02954475    -0.6886428    -0.02435365    0.001571975    0.06443082    -0.07015391    -0.05780759    0.1339086    -0.02215292    -0.1351449    -0.3162261    0.07892803    0.4071962    -0.05170482    -0.006324184    -0.003025217    0.0002312568    0.0275608    -0.002782145
-0.02954475    1    -0.230843    -0.6910545    0.2013255    -0.05546732    -0.002827555    0.02384357    -0.06292279    0.07814099    -0.2971513    0.01706269    0.3314899    0.09174125    -0.1051905    -0.002488634    -0.04091684    -0.008947251    0.01088409    -0.008096523
-0.6886428    -0.230843    1    -0.006458427    -0.3909671    -0.02648205    0.01348771    -0.001865565    -0.1240855    0.09211669    0.08202919    0.3417959    0.025908    -0.2487614    -0.0629159    -0.005340941    -0.04194383    -0.03784456    -0.03117283    0.05570123
-0.02435365    -0.6910545    -0.006458427    1    -0.3307153    0.05139153    -0.03882252    -0.07138099    0.06367587    -0.02674284    0.4834642    0.04986708    -0.310246    -0.1127866    -0.07899863    0.03629479    0.02441282    -0.0470697    -0.009796862    0.05305026
0.001571975    0.2013255    -0.3909671    -0.3307153    1    -0.02051223    0.04563923    0.1137046    0.03057345    -0.1325142    -0.1597247    -0.2154691    -0.009454677    0.002635366    -0.04497447    -0.003575355    0.07434816    0.08048503    -0.001377743    -0.09855602
0.06443082    -0.05546732    -0.02648205    0.05139153    -0.02051223    1    -0.09296697    -0.5872855    0.1205512    -0.008874198    -0.06106963    -0.04165248    0.01877955    0.05273184    -0.00498728    -0.005303463    0.03586342    0.02341528    0.0162719    -0.01294772
-0.07015391    -0.002827555    0.01348771    -0.03882252    0.04563923    -0.09296697    1    -0.2674181    -0.5953015    0.2580198    0.03857028    0.01328375    -0.04970586    -0.03546888    0.03272484    0.002553311    -0.02078851    0.01601615    0.0001710993    -0.01667433
-0.05780759    0.02384357    -0.001865565    -0.07138099    0.1137046    -0.5872855    -0.2674181    1    -0.09069658    -0.3813491    0.01633288    -0.00587882    -0.01083107    -0.02651377    0.01582178    -0.03140881    -0.01462852    0.02127022    0.01519333    -0.0343766
0.1339086    -0.06292279    -0.1240855    0.06367587    0.03057345    0.1205512    -0.5953015    -0.09069658    1    -0.4833    -0.07212233    -0.02811238    0.03316674    0.002412025    0.03391574    0.001390956    0.02920639    0.01321162    0.02770152    -0.000693453
-0.02215292    0.07814099    0.09211669    -0.02674284    -0.1325142    -0.008874198    0.2580198    -0.3813491    -0.4833    1    0.04512267    0.04657365    -0.02245275    0.01074679    -0.02995025    0.02596057    -0.0326868    -0.04390219    -0.03538663    0.01377583
-0.1351449    -0.2971513    0.08202919    0.4834642    -0.1597247    -0.06106963    0.03857028    0.01633288    -0.07212233    0.04512267    1    0.02908078    -0.7833883    -0.1832564    0.1855046    -0.07737391    -0.05215595    0.04417618    0.07019838    -0.03367996
-0.3162261    0.01706269    0.3417959    0.04986708    -0.2154691    -0.04165248    0.01328375    -0.00587882    -0.02811238    0.04657365    0.02908078    1    0.1197286    -0.7818992    0.104468    -0.04522939    -0.06440393    -0.004715029    0.03261016    0.03067191
0.07892803    0.3314899    0.025908    -0.310246    -0.009454677    0.01877955    -0.04970586    -0.01083107    0.03316674    -0.02245275    -0.7833883    0.1197286    1    0.183956    -0.5796155    0.07661353    0.01021009    -0.08486268    -0.07393855    0.09066545
0.4071962    0.09174125    -0.2487614    -0.1127866    0.002635366    0.05273184    -0.03546888    -0.02651377    0.002412025    0.01074679    -0.1832564    -0.7818992    0.183956    1    -0.5016877    0.03843592    0.05561709    -0.05450506    -0.0772906    0.08806092
-0.05170482    -0.1051905    -0.0629159    -0.07899863    -0.04497447    -0.00498728    0.03272484    0.01582178    0.03391574    -0.02995025    0.1855046    0.104468    -0.5796155    -0.5016877    1    -0.06206813    -0.04147707    0.101886    0.09768344    -0.1372463
-0.006324184    -0.002488634    -0.005340941    0.03629479    -0.003575355    -0.005303463    0.002553311    -0.03140881    0.001390956    0.02596057    -0.07737391    -0.04522939    0.07661353    0.03843592    -0.06206813    1    0.2292549    -0.7925327    -0.3398313    0.2443113
-0.003025217    -0.04091684    -0.04194383    0.02441282    0.07434816    0.03586342    -0.02078851    -0.01462852    0.02920639    -0.0326868    -0.05215595    -0.06440393    0.01021009    0.05561709    -0.04147707    0.2292549    1    0.0582692    -0.7753216    0.1000554
0.0002312568    -0.008947251    -0.03784456    -0.0470697    0.08048503    0.02341528    0.01601615    0.02127022    0.01321162    -0.04390219    0.04417618    -0.004715029    -0.08486268    -0.05450506    0.101886    -0.7925327    0.0582692    1    0.2852451    -0.6086443
0.0275608    0.01088409    -0.03117283    -0.009796862    -0.001377743    0.0162719    0.0001710993    0.01519333    0.02770152    -0.03538663    0.07019838    0.03261016    -0.07393855    -0.0772906    0.09768344    -0.3398313    -0.7753216    0.2852451    1    -0.503745
-0.002782145    -0.008096523    0.05570123    0.05305026    -0.09855602    -0.01294772    -0.01667433    -0.0343766    -0.000693453    0.01377583    -0.03367996    0.03067191    0.09066545    0.08806092    -0.1372463    0.2443113    0.1000554    -0.6086443    -0.503745    1
