1    -0.06179415    -0.5939001    -0.1180336    0.02355674    0.06777358    -0.03256545    -0.01853442    0.04042199    -0.02486809    0.05167966    -0.1152897    0.02066657    0.09069551    -0.05447833    -0.04035273    0.0431109    0.07112415    -0.02322071    -0.04646692    -0.03065267    -0.01769961    0.05009034    0.0559951    -0.06036414    0.05426853    0.000505366    -0.06805389    -0.03360533    0.06612075    -0.03900693    0.010278    0.04526071    0.001371452    -0.02929836
-0.06179415    1    -0.1008464    -0.6099681    0.04573424    -0.02951339    0.06014817    -0.02418068    -0.01952682    0.03791219    -0.09588906    0.06631092    0.06696303    -0.05048789    0.03211869    0.04956068    -0.05752618    -0.01767491    0.07328264    -0.0597043    0.0311435    0.02083692    -0.01284636    5.780415e-05    -0.009904912    -0.004246432    -0.04159932    0.00768869    0.01770902    -0.02889479    0.02731022    0.005732828    -0.03554778    -0.0358857    0.03533958
-0.5939001    -0.1008464    1    -0.06423964    -0.3811407    -0.05889854    0.0487907    0.07776806    -0.07632229    -0.03763317    -0.03325535    0.1240084    -0.02484923    -0.04320801    -0.007768238    0.003278509    0.0249634    -0.01292407    -0.001454679    0.0291588    0.02020352    0.04184439    -0.005928774    -0.01366671    -0.04291455    -0.02551256    -0.04440771    0.01413089    0.03410996    -0.02177367    -0.01514986    0.03284415    -0.01835454    -0.03479407    0.05644895
-0.1180336    -0.6099681    -0.06423964    1    -0.2719001    0.02962524    -0.01393313    0.02187897    -0.004943796    -0.04511865    0.05996405    0.01692201    -0.01928402    -0.02647303    -0.03397779    0.009487315    -0.008269734    -0.01730028    -0.01782193    0.05507071    -0.03616802    0.003565345    0.0312197    -0.02646607    0.004106452    -0.01513642    -0.006985553    -0.005106879    0.02898172    0.01311843    -0.02370409    -0.04042511    0.02851746    0.03624631    -0.004519646
0.02355674    0.04573424    -0.3811407    -0.2719001    1    -0.02088288    -0.08405107    -0.03049155    0.05859478    0.08546537    0.05134978    -0.07520341    -0.03895309    -0.0006839066    0.001843406    -0.02001439    -0.02539951    -0.01385478    0.001364644    2.791224e-05    0.006714172    -0.0517316    -0.02779441    0.009652567    0.05573689    -0.005234553    0.042336    0.02138593    -0.02681612    0.006279229    0.007547382    -0.02871708    -0.004351915    0.01826415    -0.03944485
0.06777358    -0.02951339    -0.05889854    0.02962524    -0.02088288    1    -0.02954475    -0.6886428    -0.02435365    0.001571975    0.06443082    -0.07015391    -0.05780759    0.1339086    -0.02215292    0.01563207    0.03944733    -0.04878728    0.01403903    0.008049107    -0.09162924    0.03798744    0.1165212    -0.007314125    -0.06510241    0.05017895    0.04223643    -0.01489325    -0.02165809    0.02387072    -0.1351449    -0.3162261    0.07892803    0.4071962    -0.05170482
-0.03256545    0.06014817    0.0487907    -0.01393313    -0.08405107    -0.02954475    1    -0.230843    -0.6910545    0.2013255    -0.05546732    -0.002827555    0.02384357    -0.06292279    0.07814099    -0.05954499    0.03417341    0.0154458    -0.03931256    0.03904448    -0.04920301    -0.05762246    0.02099966    0.04462724    0.03819855    0.00561323    0.01501671    -0.02800665    -0.01735379    0.05638861    -0.2971513    0.01706269    0.3314899    0.09174125    -0.1051905
-0.01853442    -0.02418068    0.07776806    0.02187897    -0.03049155    -0.6886428    -0.230843    1    -0.006458427    -0.3909671    -0.02648205    0.01348771    -0.001865565    -0.1240855    0.09211669    -0.03895372    0.00825929    0.0700736    -0.02627683    -0.0203351    0.09372042    -0.006732673    -0.09861772    0.0295    0.01024666    -0.04187479    -0.02229556    0.03699213    0.02125674    -0.04397248    0.08202919    0.3417959    0.025908    -0.2487614    -0.0629159
0.04042199    -0.01952682    -0.07632229    -0.004943796    0.05859478    -0.02435365    -0.6910545    -0.006458427    1    -0.3307153    0.05139153    -0.03882252    -0.07138099    0.06367587    -0.02674284    0.07530365    -0.03014948    -0.01112012    0.05435111    -0.06637589    0.01519089    0.08854756    0.03698186    -0.04423118    -0.05474142    -0.02494118    0.02615057    0.05452815    0.004904026    -0.0597561    0.4834642    0.04986708    -0.310246    -0.1127866    -0.07899863
-0.02486809    0.03791219    -0.03763317    -0.04511865    0.08546537    0.001571975    0.2013255    -0.3909671    -0.3307153    1    -0.02051223    0.04563923    0.1137046    0.03057345    -0.1325142    -0.01274756    -0.03079329    0.005564181    -0.01992162    0.03004776    -0.01244836    -0.04533453    -0.0184135    -0.01921662    0.05064297    0.0726668    -0.03342488    -0.08796458    -0.006911603    0.05374018    -0.1597247    -0.2154691    -0.009454677    0.002635366    -0.04497447
0.05167966    -0.09588906    -0.03325535    0.05996405    0.05134978    0.06443082    -0.05546732    -0.02648205    0.05139153    -0.02051223    1    -0.09296697    -0.5872855    0.1205512    -0.008874198    -0.0230327    0.04382166    0.007039563    -0.01722156    0.02898905    0.04926505    -0.1176351    -0.03088224    0.1632472    -0.09398396    -0.05614705    -0.03965656    0.02556047    0.04547907    -0.0001584828    -0.06106963    -0.04165248    0.01877955    0.05273184    -0.00498728
-0.1152897    0.06631092    0.1240084    0.01692201    -0.07520341    -0.07015391    -0.002827555    0.01348771    -0.03882252    0.04563923    -0.09296697    1    -0.2674181    -0.5953015    0.2580198    0.0002750232    -0.0293273    0.006297461    0.03043274    -0.03518806    -0.05184876    0.07176172    -0.03781501    -0.1925416    0.1628168    0.02789463    0.01180216    -0.04517602    -0.05660356    0.04698143    0.03857028    0.01328375    -0.04970586    -0.03546888    0.03272484
0.02066657    0.06696303    -0.02484923    -0.01928402    -0.03895309    -0.05780759    0.02384357    -0.001865565    -0.07138099    0.1137046    -0.5872855    -0.2674181    1    -0.09069658    -0.3813491    0.003161911    -0.009085525    0.06250807    0.01240716    -0.0775968    -0.0417618    -0.05885779    -0.1049232    -0.07321295    0.1991867    0.00432015    0.005100982    -0.02295805    -0.02390855    0.03868112    0.01633288    -0.00587882    -0.01083107    -0.02651377    0.01582178
0.09069551    -0.05048789    -0.04320801    -0.02647303    -0.0006839066    0.1339086    -0.06292279    -0.1240855    0.06367587    0.03057345    0.1205512    -0.5953015    -0.09069658    1    -0.4833    0.0254669    0.08001129    0.01650687    -0.05122752    0.00526952    0.05928642    -0.1474505    -0.009321575    0.195102    -0.1106225    -0.04403976    -0.07216046    0.006837407    0.07808713    9.347354e-05    -0.07212233    -0.02811238    0.03316674    0.002412025    0.03391574
-0.05447833    0.03211869    -0.007768238    -0.03397779    0.001843406    -0.02215292    0.07814099    0.09211669    -0.02674284    -0.1325142    -0.008874198    0.2580198    -0.3813491    -0.4833    1    -0.01701656    -0.05960014    -0.06681116    0.02994303    0.03462136    -0.007809671    0.1851792    0.1013714    -0.04979448    -0.1077125    0.06295784    0.08232487    0.008313983    -0.06665525    -0.04340985    0.04512267    0.04657365    -0.02245275    0.01074679    -0.02995025
-0.04035273    0.04956068    0.003278509    0.009487315    -0.02001439    0.01563207    -0.05954499    -0.03895372    0.07530365    -0.01274756    -0.0230327    0.0002750232    0.003161911    0.0254669    -0.01701656    1    -0.2296069    -0.743259    0.1712309    0.09838464    -0.09466229    -0.0715232    0.1254426    0.1020719    -0.09814372    -0.009180177    -0.1698095    -0.009686335    0.1510241    -0.08802743    0.1072646    -0.04512088    -0.07552583    -0.008426058    0.006258214
0.0431109    -0.05752618    0.0249634    -0.008269734    -0.02539951    0.03944733    0.03417341    0.00825929    -0.03014948    -0.03079329    0.04382166    -0.0293273    -0.009085525    0.08001129    -0.05960014    -0.2296069    1    0.1247282    -0.7481843    0.2853823    -0.1264362    0.005904659    0.1259589    0.04967899    -0.06030593    -0.06056771    -0.03716937    0.01489501    0.02721638    -0.004992201    -0.02455228    0.1082446    0.04110864    -0.04767247    -0.0205369
0.07112415    -0.01767491    -0.01292407    -0.01730028    -0.01385478    -0.04878728    0.0154458    0.0700736    -0.01112012    0.005564181    0.007039563    0.006297461    0.06250807    0.01650687    -0.06681116    -0.743259    0.1247282    1    -0.1546872    -0.4145793    0.07838862    0.07185313    -0.08737956    -0.05895017    0.04098928    -0.01512877    0.1054725    -0.01454969    -0.1442846    0.1031981    -0.07629771    0.08181584    0.13183    -0.02622744    -0.1019825
-0.02322071    0.07328264    -0.001454679    -0.01782193    0.001364644    0.01403903    -0.03931256    -0.02627683    0.05435111    -0.01992162    -0.01722156    0.03043274    0.01240716    -0.05122752    0.02994303    0.1712309    -0.7481843    -0.1546872    1    -0.613247    0.1565662    0.04850491    -0.0843628    -0.09004409    0.01908044    0.07450985    -0.0003542924    -0.0938763    -0.04349999    0.1094776    -0.008014986    -0.09557749    0.004808352    0.1089362    -0.04019657
-0.04646692    -0.0597043    0.0291588    0.05507071    2.791224e-05    0.008049107    0.03904448    -0.0203351    -0.06637589    0.03004776    0.02898905    -0.03518806    -0.0775968    0.00526952    0.03462136    0.09838464    0.2853823    -0.4145793    -0.613247    1    -0.1061007    -0.07601201    0.05149282    0.0668769    -0.05802803    -0.06812031    -0.03146359    0.0998366    0.1314101    -0.08824611    0.01721803    -0.02113992    -0.100766    -0.03088945    0.2042202
-0.03065267    0.0311435    0.02020352    -0.03616802    0.006714172    -0.09162924    -0.04920301    0.09372042    0.01519089    -0.01244836    0.04926505    -0.05184876    -0.0417618    0.05928642    -0.007809671    -0.09466229    -0.1264362    0.07838862    0.1565662    -0.1061007    1    0.05016715    -0.7652618    -0.2164396    0.2527462    -0.0604444    -0.09458534    0.04861639    0.1047501    -0.1034578    0.1909245    0.07031001    -0.1807621    -0.1185183    0.077178
-0.01769961    0.02083692    0.04184439    0.003565345    -0.0517316    0.03798744    -0.05762246    -0.006732673    0.08854756    -0.04533453    -0.1176351    0.07176172    -0.05885779    -0.1474505    0.1851792    -0.0715232    0.005904659    0.07185313    0.04850491    -0.07601201    0.05016715    1    0.07725506    -0.7808682    0.1179414    -0.04215013    -0.0006157541    -0.005732798    -0.05944968    0.03219827    0.06206935    0.1372399    -0.03301078    -0.1247451    0.01291897
0.05009034    -0.01284636    -0.005928774    0.0312197    -0.02779441    0.1165212    0.02099966    -0.09861772    0.03698186    -0.0184135    -0.03088224    -0.03781501    -0.1049232    -0.009321575    0.1013714    0.1254426    0.1259589    -0.08737956    -0.0843628    0.05149282    -0.7652618    0.07725506    1    0.210168    -0.6410685    0.08493011    -0.03365002    -0.1289423    -0.07523716    0.1425433    -0.1453883    -0.05482711    0.1896746    0.1210361    -0.1523482
0.0559951    5.780415e-05    -0.01366671    -0.02646607    0.009652567    -0.007314125    0.04462724    0.0295    -0.04423118    -0.01921662    0.1632472    -0.1925416    -0.07321295    0.195102    -0.04979448    0.1020719    0.04967899    -0.05895017    -0.09004409    0.0668769    -0.2164396    -0.7808682    0.210168    1    -0.5415401    0.09548739    -0.01307185    -0.1055645    -0.003940756    0.07893978    -0.124665    -0.1117934    0.1250539    0.1789884    -0.1091015
-0.06036414    -0.009904912    -0.04291455    0.004106452    0.05573689    -0.06510241    0.03819855    0.01024666    -0.05474142    0.05064297    -0.09398396    0.1628168    0.1991867    -0.1106225    -0.1077125    -0.09814372    -0.06030593    0.04098928    0.01908044    -0.05802803    0.2527462    0.1179414    -0.6410685    -0.5415401    1    -0.1539944    0.06879338    0.2115829    0.08648639    -0.1152816    0.08516971    0.0399492    -0.142886    -0.1183964    0.2348613
0.05426853    -0.004246432    -0.02551256    -0.01513642    -0.005234553    0.05017895    0.00561323    -0.04187479    -0.02494118    0.0726668    -0.05614705    0.02789463    0.00432015    -0.04403976    0.06295784    -0.009180177    -0.06056771    -0.01512877    0.07450985    -0.06812031    -0.0604444    -0.04215013    0.08493011    0.09548739    -0.1539944    1    0.1113    -0.7716235    -0.2948739    0.2616917    0.1044615    0.02428428    -0.07085852    -0.04111472    -0.02177296
0.000505366    -0.04159932    -0.04440771    -0.006985553    0.042336    0.04223643    0.01501671    -0.02229556    0.02615057    -0.03342488    -0.03965656    0.01180216    0.005100982    -0.07216046    0.08232487    -0.1698095    -0.03716937    0.1054725    -0.0003542924    -0.03146359    -0.09458534    -0.0006157541    -0.03365002    -0.01307185    0.06879338    0.1113    1    0.1167179    -0.7951628    0.1122501    -0.02094613    0.1431144    0.09554331    -0.04695692    -0.1000978
-0.06805389    0.00768869    0.01413089    -0.005106879    0.02138593    -0.01489325    -0.02800665    0.03699213    0.05452815    -0.08796458    0.02556047    -0.04517602    -0.02295805    0.006837407    0.008313983    -0.009686335    0.01489501    -0.01454969    -0.0938763    0.0998366    0.04861639    -0.005732798    -0.1289423    -0.1055645    0.2115829    -0.7716235    0.1167179    1    0.2636114    -0.66048    -0.06501139    0.01192206    0.1023733    0.03597716    -0.0656611
-0.03360533    0.01770902    0.03410996    0.02898172    -0.02681612    -0.02165809    -0.01735379    0.02125674    0.004904026    -0.006911603    0.04547907    -0.05660356    -0.02390855    0.07808713    -0.06665525    0.1510241    0.02721638    -0.1442846    -0.04349999    0.1314101    0.1047501    -0.05944968    -0.07523716    -0.003940756    0.08648639    -0.2948739    -0.7951628    0.2636114    1    -0.5298588    -0.01032162    -0.08980816    -0.02101983    0.06240364    0.04708478
0.06612075    -0.02889479    -0.02177367    0.01311843    0.006279229    0.02387072    0.05638861    -0.04397248    -0.0597561    0.05374018    -0.0001584828    0.04698143    0.03868112    9.347354e-05    -0.04340985    -0.08802743    -0.004992201    0.1031981    0.1094776    -0.08824611    -0.1034578    0.03219827    0.1425433    0.07893978    -0.1152816    0.2616917    0.1122501    -0.66048    -0.5298588    1    -0.02314234    -0.0369513    -0.03722676    0.01301768    0.1217102
-0.03900693    0.02731022    -0.01514986    -0.02370409    0.007547382    -0.1351449    -0.2971513    0.08202919    0.4834642    -0.1597247    -0.06106963    0.03857028    0.01633288    -0.07212233    0.04512267    0.1072646    -0.02455228    -0.07629771    -0.008014986    0.01721803    0.1909245    0.06206935    -0.1453883    -0.124665    0.08516971    0.1044615    -0.02094613    -0.06501139    -0.01032162    -0.02314234    1    0.02908078    -0.7833883    -0.1832564    0.1855046
0.010278    0.005732828    0.03284415    -0.04042511    -0.02871708    -0.3162261    0.01706269    0.3417959    0.04986708    -0.2154691    -0.04165248    0.01328375    -0.00587882    -0.02811238    0.04657365    -0.04512088    0.1082446    0.08181584    -0.09557749    -0.02113992    0.07031001    0.1372399    -0.05482711    -0.1117934    0.0399492    0.02428428    0.1431144    0.01192206    -0.08980816    -0.0369513    0.02908078    1    0.1197286    -0.7818992    0.104468
0.04526071    -0.03554778    -0.01835454    0.02851746    -0.004351915    0.07892803    0.3314899    0.025908    -0.310246    -0.009454677    0.01877955    -0.04970586    -0.01083107    0.03316674    -0.02245275    -0.07552583    0.04110864    0.13183    0.004808352    -0.100766    -0.1807621    -0.03301078    0.1896746    0.1250539    -0.142886    -0.07085852    0.09554331    0.1023733    -0.02101983    -0.03722676    -0.7833883    0.1197286    1    0.183956    -0.5796155
0.001371452    -0.0358857    -0.03479407    0.03624631    0.01826415    0.4071962    0.09174125    -0.2487614    -0.1127866    0.002635366    0.05273184    -0.03546888    -0.02651377    0.002412025    0.01074679    -0.008426058    -0.04767247    -0.02622744    0.1089362    -0.03088945    -0.1185183    -0.1247451    0.1210361    0.1789884    -0.1183964    -0.04111472    -0.04695692    0.03597716    0.06240364    0.01301768    -0.1832564    -0.7818992    0.183956    1    -0.5016877
-0.02929836    0.03533958    0.05644895    -0.004519646    -0.03944485    -0.05170482    -0.1051905    -0.0629159    -0.07899863    -0.04497447    -0.00498728    0.03272484    0.01582178    0.03391574    -0.02995025    0.006258214    -0.0205369    -0.1019825    -0.04019657    0.2042202    0.077178    0.01291897    -0.1523482    -0.1091015    0.2348613    -0.02177296    -0.1000978    -0.0656611    0.04708478    0.1217102    0.1855046    0.104468    -0.5796155    -0.5016877    1
