1    -0.07097652    -0.6286305    -0.03675972    0.02730792    0.05721269    -0.01971169    -0.01405888    0.02367157    -0.07552959    0.08365072    -0.04886774    -0.1069516    0.0434185    0.04013926
-0.07097652    1    -0.0791724    -0.5835572    0.1192374    -0.02995946    0.07754124    0.0847209    -0.01716222    -0.09676056    -0.06511278    -0.09344863    0.007771292    -0.08134763    0.1219432
-0.6286305    -0.0791724    1    -0.02143606    -0.3763256    -0.01469662    0.07508295    0.0002746751    -0.05262339    -0.02537025    -0.05471646    -0.02962098    -0.02505531    -0.0175405    0.09546896
-0.03675972    -0.5835572    -0.02143606    1    -0.4130093    0.0335131    -0.01055882    -0.04646247    0.03196545    0.03326258    0.08075094    -0.04796046    -0.09830862    0.1245576    -0.03026232
0.02730792    0.1192374    -0.3763256    -0.4130093    1    -0.05256895    -0.03572677    0.05832325    -0.0303684    0.05058365    -0.0309983    0.1104633    0.129679    -0.07459769    -0.09227742
0.05721269    -0.02995946    -0.01469662    0.0335131    -0.05256895    1    -0.02954475    -0.6886428    -0.02435365    0.001571975    0.06443082    -0.07015391    -0.05780759    0.1339086    -0.02215292
-0.01971169    0.07754124    0.07508295    -0.01055882    -0.03572677    -0.02954475    1    -0.230843    -0.6910545    0.2013255    -0.05546732    -0.002827555    0.02384357    -0.06292279    0.07814099
-0.01405888    0.0847209    0.0002746751    -0.04646247    0.05832325    -0.6886428    -0.230843    1    -0.006458427    -0.3909671    -0.02648205    0.01348771    -0.001865565    -0.1240855    0.09211669
0.02367157    -0.01716222    -0.05262339    0.03196545    -0.0303684    -0.02435365    -0.6910545    -0.006458427    1    -0.3307153    0.05139153    -0.03882252    -0.07138099    0.06367587    -0.02674284
-0.07552959    -0.09676056    -0.02537025    0.03326258    0.05058365    0.001571975    0.2013255    -0.3909671    -0.3307153    1    -0.02051223    0.04563923    0.1137046    0.03057345    -0.1325142
0.08365072    -0.06511278    -0.05471646    0.08075094    -0.0309983    0.06443082    -0.05546732    -0.02648205    0.05139153    -0.02051223    1    -0.09296697    -0.5872855    0.1205512    -0.008874198
-0.04886774    -0.09344863    -0.02962098    -0.04796046    0.1104633    -0.07015391    -0.002827555    0.01348771    -0.03882252    0.04563923    -0.09296697    1    -0.2674181    -0.5953015    0.2580198
-0.1069516    0.007771292    -0.02505531    -0.09830862    0.129679    -0.05780759    0.02384357    -0.001865565    -0.07138099    0.1137046    -0.5872855    -0.2674181    1    -0.09069658    -0.3813491
0.0434185    -0.08134763    -0.0175405    0.1245576    -0.07459769    0.1339086    -0.06292279    -0.1240855    0.06367587    0.03057345    0.1205512    -0.5953015    -0.09069658    1    -0.4833
0.04013926    0.1219432    0.09546896    -0.03026232    -0.09227742    -0.02215292    0.07814099    0.09211669    -0.02674284    -0.1325142    -0.008874198    0.2580198    -0.3813491    -0.4833    1
