1    -0.06409369    -0.6033327    -0.117936    0.005767962    0.05912668    0.05680018    -0.07209298    -0.02788376    0.04168878    0.07832183    -0.001543651    -0.04515409    0.01661505    -0.08180572    -0.06527813    0.007369303    0.03746083    0.01272303    -0.01241136
-0.06409369    1    -0.09900662    -0.5676348    0.03544622    0.02272515    0.07179108    -0.008381215    -0.07309756    -0.01248881    -0.03149223    0.07929445    0.0214283    -0.0427591    0.01179005    -0.03294082    0.005624542    0.00717986    -0.004399175    0.03743546
-0.6033327    -0.09900662    1    -0.06336199    -0.3576137    -0.1310191    -0.03837239    0.1471022    0.02558091    -0.06287862    0.0299431    0.01729769    0.03479909    -0.0405237    0.009483895    0.05408075    -0.005517923    -0.04672478    -0.01116124    0.001952295
-0.117936    -0.5676348    -0.06336199    1    -0.2964738    -0.01432731    0.01295273    0.03102279    0.02244774    -0.03312825    -0.03964216    -0.007947096    0.01918804    0.02502245    -0.001094818    0.01383702    -0.02827536    0.010097    0.01435697    -0.01563615
0.005767962    0.03544622    -0.3576137    -0.2964738    1    0.08043425    -0.03959978    -0.08465564    0.01379576    0.04840404    -0.04002131    -0.09305515    -0.02538079    0.07569078    0.1250716    0.001502745    0.005039329    -0.003852732    0.01668007    -0.02112197
0.05912668    0.02272515    -0.1310191    -0.01432731    0.08043425    1    -0.02954475    -0.6886428    -0.02435365    0.001571975    0.06443082    -0.07015391    -0.05780759    0.1339086    -0.02215292    -0.1351449    -0.3162261    0.07892803    0.4071962    -0.05170482
0.05680018    0.07179108    -0.03837239    0.01295273    -0.03959978    -0.02954475    1    -0.230843    -0.6910545    0.2013255    -0.05546732    -0.002827555    0.02384357    -0.06292279    0.07814099    -0.2971513    0.01706269    0.3314899    0.09174125    -0.1051905
-0.07209298    -0.008381215    0.1471022    0.03102279    -0.08465564    -0.6886428    -0.230843    1    -0.006458427    -0.3909671    -0.02648205    0.01348771    -0.001865565    -0.1240855    0.09211669    0.08202919    0.3417959    0.025908    -0.2487614    -0.0629159
-0.02788376    -0.07309756    0.02558091    0.02244774    0.01379576    -0.02435365    -0.6910545    -0.006458427    1    -0.3307153    0.05139153    -0.03882252    -0.07138099    0.06367587    -0.02674284    0.4834642    0.04986708    -0.310246    -0.1127866    -0.07899863
0.04168878    -0.01248881    -0.06287862    -0.03312825    0.04840404    0.001571975    0.2013255    -0.3909671    -0.3307153    1    -0.02051223    0.04563923    0.1137046    0.03057345    -0.1325142    -0.1597247    -0.2154691    -0.009454677    0.002635366    -0.04497447
0.07832183    -0.03149223    0.0299431    -0.03964216    -0.04002131    0.06443082    -0.05546732    -0.02648205    0.05139153    -0.02051223    1    -0.09296697    -0.5872855    0.1205512    -0.008874198    -0.06106963    -0.04165248    0.01877955    0.05273184    -0.00498728
-0.001543651    0.07929445    0.01729769    -0.007947096    -0.09305515    -0.07015391    -0.002827555    0.01348771    -0.03882252    0.04563923    -0.09296697    1    -0.2674181    -0.5953015    0.2580198    0.03857028    0.01328375    -0.04970586    -0.03546888    0.03272484
-0.04515409    0.0214283    0.03479909    0.01918804    -0.02538079    -0.05780759    0.02384357    -0.001865565    -0.07138099    0.1137046    -0.5872855    -0.2674181    1    -0.09069658    -0.3813491    0.01633288    -0.00587882    -0.01083107    -0.02651377    0.01582178
0.01661505    -0.0427591    -0.0405237    0.02502245    0.07569078    0.1339086    -0.06292279    -0.1240855    0.06367587    0.03057345    0.1205512    -0.5953015    -0.09069658    1    -0.4833    -0.07212233    -0.02811238    0.03316674    0.002412025    0.03391574
-0.08180572    0.01179005    0.009483895    -0.001094818    0.1250716    -0.02215292    0.07814099    0.09211669    -0.02674284    -0.1325142    -0.008874198    0.2580198    -0.3813491    -0.4833    1    0.04512267    0.04657365    -0.02245275    0.01074679    -0.02995025
-0.06527813    -0.03294082    0.05408075    0.01383702    0.001502745    -0.1351449    -0.2971513    0.08202919    0.4834642    -0.1597247    -0.06106963    0.03857028    0.01633288    -0.07212233    0.04512267    1    0.02908078    -0.7833883    -0.1832564    0.1855046
0.007369303    0.005624542    -0.005517923    -0.02827536    0.005039329    -0.3162261    0.01706269    0.3417959    0.04986708    -0.2154691    -0.04165248    0.01328375    -0.00587882    -0.02811238    0.04657365    0.02908078    1    0.1197286    -0.7818992    0.104468
0.03746083    0.00717986    -0.04672478    0.010097    -0.003852732    0.07892803    0.3314899    0.025908    -0.310246    -0.009454677    0.01877955    -0.04970586    -0.01083107    0.03316674    -0.02245275    -0.7833883    0.1197286    1    0.183956    -0.5796155
0.01272303    -0.004399175    -0.01116124    0.01435697    0.01668007    0.4071962    0.09174125    -0.2487614    -0.1127866    0.002635366    0.05273184    -0.03546888    -0.02651377    0.002412025    0.01074679    -0.1832564    -0.7818992    0.183956    1    -0.5016877
-0.01241136    0.03743546    0.001952295    -0.01563615    -0.02112197    -0.05170482    -0.1051905    -0.0629159    -0.07899863    -0.04497447    -0.00498728    0.03272484    0.01582178    0.03391574    -0.02995025    0.1855046    0.104468    -0.5796155    -0.5016877    1
