1    -0.02954475    -0.6886428    -0.02435365    0.001571975    -0.00115061    0.04618252    0.02695653    0.03478215    -0.08354777
-0.02954475    1    -0.230843    -0.6910545    0.2013255    0.09437929    -0.1324697    -0.09793039    0.08105257    0.135179
-0.6886428    -0.230843    1    -0.006458427    -0.3909671    0.0575962    -0.1205885    -0.04888089    0.1090982    0.06119841
-0.02435365    -0.6910545    -0.006458427    1    -0.3307153    0.02361104    0.08941838    0.02291733    -0.01312803    -0.09653067
0.001571975    0.2013255    -0.3909671    -0.3307153    1    -0.1065874    0.1154676    0.0681405    -0.1928973    -0.03969898
-0.00115061    0.09437929    0.0575962    0.02361104    -0.1065874    1    -0.04959194    -0.3653458    -0.1231477    -0.235414
0.04618252    -0.1324697    -0.1205885    0.08941838    0.1154676    -0.04959194    1    -0.6263962    -0.3809867    0.2643759
0.02695653    -0.09793039    -0.04888089    0.02291733    0.0681405    -0.3653458    -0.6263962    1    -0.04479658    -0.5652813
0.03478215    0.08105257    0.1090982    -0.01312803    -0.1928973    -0.1231477    -0.3809867    -0.04479658    1    0.1156272
-0.08354777    0.135179    0.06119841    -0.09653067    -0.03969898    -0.235414    0.2643759    -0.5652813    0.1156272    1
