1    -0.0653515    -0.7025817    -0.07246449    -0.03990777    0.03780605    -0.01481273    -0.02226548    -0.007613043    0.02113233    0.0459031    -0.04679347    -0.0162912    0.071306    -0.05553205    0.06375699    -0.04526758    -0.08097679    0.08014966    -0.02576871    0.007099553    0.02733702    -0.05443675    0.005809154    0.05036793    -0.05735186    -0.03068268    0.03731908    0.0339948    -0.01774125    0.08679149    -0.03097221    -0.0533212    0.06373618    -0.08078072    0.01943873    -0.01632982    -0.02935552    0.0140425    0.02985828    -0.0211035    -0.02844851    0.04425556    0.03614543    -0.04129023
-0.0653515    1    -0.05452125    -0.5470611    0.1192943    0.02888135    0.07290454    -0.04967516    -0.08799917    0.0392869    -0.02125433    0.108748    0.04464735    -0.04977563    -0.06059233    -0.05633923    -0.04876632    -0.003679735    -0.08453883    0.1217872    0.004822596    -0.01518732    -0.0102655    -0.01851174    0.01752086    -0.02122781    -0.03761231    0.01279158    0.04081183    0.01646836    -0.1394204    0.09162075    0.1137017    -0.0947956    -0.003072002    0.02476291    0.03014527    0.005928166    -0.01602516    0.003538055    -0.05571547    0.03124489    -0.005263358    0.01292093    0.0196505
-0.7025817    -0.05452125    1    0.01906412    -0.3010253    -0.03859815    -0.02588103    0.01661437    0.009023877    0.02334298    -0.02112941    0.05848748    0.03008021    -0.03767364    -0.04752427    -0.05579805    -0.0720603    -0.02120898    -0.01193176    0.1047061    -0.004914606    -0.007113497    0.001473684    -0.02597089    0.00983138    -0.007419551    0.04277517    0.002508647    -0.02401571    0.04124434    -0.06724498    0.05987391    0.1114909    -0.01177798    -0.02624548    -0.02664353    -0.0003940492    0.02558186    0.02065553    -0.002497296    -0.01354869    0.02381293    -0.0120049    -0.0008737186    0.03446948
-0.07246449    -0.5470611    0.01906412    1    -0.3474456    -0.009850831    -0.08751963    0.02895423    0.09793057    -0.03073621    0.0396367    0.02124012    -0.03615557    -0.01981168    0.01135266    0.09615392    -0.04777666    -0.1171323    0.0759059    0.03727543    -0.02173738    0.01739484    0.01787867    -3.967328e-05    -0.02967924    0.03306556    0.0692363    0.003159733    -0.07714675    0.03158206    0.112694    -0.009092361    -0.04774075    0.1126077    -0.06513158    -0.06540965    -0.03890809    0.04240082    0.02374983    -0.005223195    0.04149865    0.02677067    -0.03036496    -0.04351334    0.04054505
-0.03990777    0.1192943    -0.3010253    -0.3474456    1    -0.0127539    0.04102012    -0.0123815    -0.006952481    0.0208314    -0.007595226    -0.02463731    -0.05001719    -0.007893455    0.0855424    -0.03149083    0.1117756    0.114908    -0.02804286    -0.1174122    0.04141451    0.01632143    -0.01504354    -0.01318981    0.03223727    -0.008806754    -0.03036565    0.009668594    0.0296788    -0.06149167    -0.0383401    -0.02215446    -0.03365184    -0.07479489    0.1002162    -0.01434508    0.05874354    0.02270301    -0.03754585    -0.01615928    0.01341937    -0.0240525    0.003897094    -0.01999872    0.009542477
0.03780605    0.02888135    -0.03859815    -0.009850831    -0.0127539    1    -0.06179415    -0.5939001    -0.1180336    0.02355674    0.06777358    -0.03256545    -0.01853442    0.04042199    -0.02486809    0.05167966    -0.1152897    0.02066657    0.09069551    -0.05447833    -0.04035273    0.0431109    0.07112415    -0.02322071    -0.04646692    -0.03065267    -0.01769961    0.05009034    0.0559951    -0.06036414    0.1162023    -0.1066769    -0.1043039    0.1754894    -0.02627036    -0.03900693    0.010278    0.04526071    0.001371452    -0.02929836    0.01695272    -0.01407648    -0.03416736    0.06627287    -0.04323028
-0.01481273    0.07290454    -0.02588103    -0.08751963    0.04102012    -0.06179415    1    -0.1008464    -0.6099681    0.04573424    -0.02951339    0.06014817    -0.02418068    -0.01952682    0.03791219    -0.09588906    0.06631092    0.06696303    -0.05048789    0.03211869    0.04956068    -0.05752618    -0.01767491    0.07328264    -0.0597043    0.0311435    0.02083692    -0.01284636    5.780415e-05    -0.009904912    -0.09981231    -0.07278751    -0.0120283    -0.04702475    0.1095547    0.02731022    0.005732828    -0.03554778    -0.0358857    0.03533958    0.05017908    0.03859853    0.0003286684    0.003572982    -0.05133569
-0.02226548    -0.04967516    0.01661437    0.02895423    -0.0123815    -0.5939001    -0.1008464    1    -0.06423964    -0.3811407    -0.05889854    0.0487907    0.07776806    -0.07632229    -0.03763317    -0.03325535    0.1240084    -0.02484923    -0.04320801    -0.007768238    0.003278509    0.0249634    -0.01292407    -0.001454679    0.0291588    0.02020352    0.04184439    -0.005928774    -0.01366671    -0.04291455    -0.08991358    -0.01950374    -0.04552009    -0.1051977    0.1431752    -0.01514986    0.03284415    -0.01835454    -0.03479407    0.05644895    -0.02512137    0.03133349    0.05872744    -0.01318928    -0.05255804
-0.007613043    -0.08799917    0.009023877    0.09793057    -0.006952481    -0.1180336    -0.6099681    -0.06423964    1    -0.2719001    0.02962524    -0.01393313    0.02187897    -0.004943796    -0.04511865    0.05996405    0.01692201    -0.01928402    -0.02647303    -0.03397779    0.009487315    -0.008269734    -0.01730028    -0.01782193    0.05507071    -0.03616802    0.003565345    0.0312197    -0.02646607    0.004106452    0.156764    -0.07175043    -0.05450183    0.07758917    -0.06221434    -0.02370409    -0.04042511    0.02851746    0.03624631    -0.004519646    -0.002344669    -0.02653181    -0.01451307    -0.00431456    0.01790585
0.02113233    0.0392869    0.02334298    -0.03073621    0.0208314    0.02355674    0.04573424    -0.3811407    -0.2719001    1    -0.02088288    -0.08405107    -0.03049155    0.05859478    0.08546537    0.05134978    -0.07520341    -0.03895309    -0.0006839066    0.001843406    -0.02001439    -0.02539951    -0.01385478    0.001364644    2.791224e-05    0.006714172    -0.0517316    -0.02779441    0.009652567    0.05573689    -0.05389333    0.1836952    0.1530053    -0.0742562    -0.09665735    0.007547382    -0.02871708    -0.004351915    0.01826415    -0.03944485    -0.01086225    -0.01229876    0.01213007    -0.03356012    0.0535438
0.0459031    -0.02125433    -0.02112941    0.0396367    -0.007595226    0.06777358    -0.02951339    -0.05889854    0.02962524    -0.02088288    1    -0.02954475    -0.6886428    -0.02435365    0.001571975    0.06443082    -0.07015391    -0.05780759    0.1339086    -0.02215292    0.01563207    0.03944733    -0.04878728    0.01403903    0.008049107    -0.09162924    0.03798744    0.1165212    -0.007314125    -0.06510241    0.1096161    -0.03679114    -0.09023539    0.1049995    -0.01560174    -0.1351449    -0.3162261    0.07892803    0.4071962    -0.05170482    0.1248173    -0.1155325    -0.1105805    0.1767402    -0.05914807
-0.04679347    0.108748    0.05848748    0.02124012    -0.02463731    -0.03256545    0.06014817    0.0487907    -0.01393313    -0.08405107    -0.02954475    1    -0.230843    -0.6910545    0.2013255    -0.05546732    -0.002827555    0.02384357    -0.06292279    0.07814099    -0.05954499    0.03417341    0.0154458    -0.03931256    0.03904448    -0.04920301    -0.05762246    0.02099966    0.04462724    0.03819855    -0.08031891    -0.03798509    0.05166643    -0.03317085    0.01942614    -0.2971513    0.01706269    0.3314899    0.09174125    -0.1051905    -0.102223    -0.01980947    -0.01923039    -0.07527398    0.1578336
-0.0162912    0.04464735    0.03008021    -0.03615557    -0.05001719    -0.01853442    -0.02418068    0.07776806    0.02187897    -0.03049155    -0.6886428    -0.230843    1    -0.006458427    -0.3909671    -0.02648205    0.01348771    -0.001865565    -0.1240855    0.09211669    -0.03895372    0.00825929    0.0700736    -0.02627683    -0.0203351    0.09372042    -0.006732673    -0.09861772    0.0295    0.01024666    -0.1165714    -0.004719445    0.06854383    -0.08891676    0.06255886    0.08202919    0.3417959    0.025908    -0.2487614    -0.0629159    -0.09236206    0.009773263    0.02511242    -0.1310994    0.1178758
0.071306    -0.04977563    -0.03767364    -0.01981168    -0.007893455    0.04042199    -0.01952682    -0.07632229    -0.004943796    0.05859478    -0.02435365    -0.6910545    -0.006458427    1    -0.3307153    0.05139153    -0.03882252    -0.07138099    0.06367587    -0.02674284    0.07530365    -0.03014948    -0.01112012    0.05435111    -0.06637589    0.01519089    0.08854756    0.03698186    -0.04423118    -0.05474142    0.1007805    0.02156738    -0.103534    0.03191942    -0.002677041    0.4834642    0.04986708    -0.310246    -0.1127866    -0.07899863    0.06959323    -0.06669911    -0.02460443    0.11518    -0.08923101
-0.05553205    -0.06059233    -0.04752427    0.01135266    0.0855424    -0.02486809    0.03791219    -0.03763317    -0.04511865    0.08546537    0.001571975    0.2013255    -0.3909671    -0.3307153    1    -0.02051223    0.04563923    0.1137046    0.03057345    -0.1325142    -0.01274756    -0.03079329    0.005564181    -0.01992162    0.03004776    -0.01244836    -0.04533453    -0.0184135    -0.01921662    0.05064297    0.0213995    0.03685069    0.01935239    0.02303167    -0.03243195    -0.1597247    -0.2154691    -0.009454677    0.002635366    -0.04497447    0.01616435    0.1203652    0.0702878    -0.007335686    -0.1173098
0.06375699    -0.05633923    -0.05579805    0.09615392    -0.03149083    0.05167966    -0.09588906    -0.03325535    0.05996405    0.05134978    0.06443082    -0.05546732    -0.02648205    0.05139153    -0.02051223    1    -0.09296697    -0.5872855    0.1205512    -0.008874198    -0.0230327    0.04382166    0.007039563    -0.01722156    0.02898905    0.04926505    -0.1176351    -0.03088224    0.1632472    -0.09398396    0.1030662    -0.07605895    -0.06870183    0.09936693    0.01169829    -0.06106963    -0.04165248    0.01877955    0.05273184    -0.00498728    0.05763775    -0.1311562    -0.03322864    0.1651721    -0.07828577
-0.04526758    -0.04876632    -0.0720603    -0.04777666    0.1117756    -0.1152897    0.06631092    0.1240084    0.01692201    -0.07520341    -0.07015391    -0.002827555    0.01348771    -0.03882252    0.04563923    -0.09296697    1    -0.2674181    -0.5953015    0.2580198    0.0002750232    -0.0293273    0.006297461    0.03043274    -0.03518806    -0.05184876    0.07176172    -0.03781501    -0.1925416    0.1628168    -0.0996536    0.01994633    0.004172335    -0.05106776    0.08591229    0.03857028    0.01328375    -0.04970586    -0.03546888    0.03272484    -0.07122164    -0.01854234    -0.03378469    -0.1252391    0.1431448
-0.08097679    -0.003679735    -0.02120898    -0.1171323    0.114908    0.02066657    0.06696303    -0.02484923    -0.01928402    -0.03895309    -0.05780759    0.02384357    -0.001865565    -0.07138099    0.1137046    -0.5872855    -0.2674181    1    -0.09069658    -0.3813491    0.003161911    -0.009085525    0.06250807    0.01240716    -0.0775968    -0.0417618    -0.05885779    -0.1049232    -0.07321295    0.1991867    -0.06550003    0.01167621    -0.00244369    -0.1233466    0.05034909    0.01633288    -0.00587882    -0.01083107    -0.02651377    0.01582178    -0.06970353    -0.01089588    -0.05592175    -0.1040838    0.1684001
0.08014966    -0.08453883    -0.01193176    0.0759059    -0.02804286    0.09069551    -0.05048789    -0.04320801    -0.02647303    -0.0006839066    0.1339086    -0.06292279    -0.1240855    0.06367587    0.03057345    0.1205512    -0.5953015    -0.09069658    1    -0.4833    0.0254669    0.08001129    0.01650687    -0.05122752    0.00526952    0.05928642    -0.1474505    -0.009321575    0.195102    -0.1106225    0.08055422    -0.09252682    -0.04217377    0.08228877    -0.0396797    -0.07212233    -0.02811238    0.03316674    0.002412025    0.03391574    0.07113511    -0.1224206    -0.005190791    0.1784945    -0.09433865
-0.02576871    0.1217872    0.1047061    0.03727543    -0.1174122    -0.05447833    0.03211869    -0.007768238    -0.03397779    0.001843406    -0.02215292    0.07814099    0.09211669    -0.02674284    -0.1325142    -0.008874198    0.2580198    -0.3813491    -0.4833    1    -0.01701656    -0.05960014    -0.06681116    0.02994303    0.03462136    -0.007809671    0.1851792    0.1013714    -0.04979448    -0.1077125    -0.04017966    0.08678713    0.08857573    0.01464415    -0.05682052    0.04512267    0.04657365    -0.02245275    0.01074679    -0.02995025    -0.005105011    0.1899199    0.08406861    -0.07565051    -0.09136203
0.007099553    0.004822596    -0.004914606    -0.02173738    0.04141451    -0.04035273    0.04956068    0.003278509    0.009487315    -0.02001439    0.01563207    -0.05954499    -0.03895372    0.07530365    -0.01274756    -0.0230327    0.0002750232    0.003161911    0.0254669    -0.01701656    1    -0.2296069    -0.743259    0.1712309    0.09838464    -0.09466229    -0.0715232    0.1254426    0.1020719    -0.09814372    0.1476686    -0.08627475    -0.1013105    0.1764044    -0.08245222    0.1072646    -0.04512088    -0.07552583    -0.008426058    0.006258214    0.0856522    -0.04523471    -0.01801394    0.04003625    -0.04664262
0.02733702    -0.01518732    -0.007113497    0.01739484    0.01632143    0.0431109    -0.05752618    0.0249634    -0.008269734    -0.02539951    0.03944733    0.03417341    0.00825929    -0.03014948    -0.03079329    0.04382166    -0.0293273    -0.009085525    0.08001129    -0.05960014    -0.2296069    1    0.1247282    -0.7481843    0.2853823    -0.1264362    0.005904659    0.1259589    0.04967899    -0.06030593    -0.0478897    0.009875494    -0.05373106    -0.1053522    0.1262151    -0.02455228    0.1082446    0.04110864    -0.04767247    -0.0205369    -0.005273077    0.02508515    0.01570861    -0.03861038    0.02998282
-0.05443675    -0.0102655    0.001473684    0.01787867    -0.01504354    0.07112415    -0.01767491    -0.01292407    -0.01730028    -0.01385478    -0.04878728    0.0154458    0.0700736    -0.01112012    0.005564181    0.007039563    0.006297461    0.06250807    0.01650687    -0.06681116    -0.743259    0.1247282    1    -0.1546872    -0.4145793    0.07838862    0.07185313    -0.08737956    -0.05895017    0.04098928    -0.08638965    -0.02616639    -0.02200518    -0.08680329    0.1566834    -0.07629771    0.08181584    0.13183    -0.02622744    -0.1019825    -0.04089768    0.01373279    0.02227346    -0.03342417    0.01561103
0.005809154    -0.01851174    -0.02597089    -3.967328e-05    -0.01318981    -0.02322071    0.07328264    -0.001454679    -0.01782193    0.001364644    0.01403903    -0.03931256    -0.02627683    0.05435111    -0.01992162    -0.01722156    0.03043274    0.01240716    -0.05122752    0.02994303    0.1712309    -0.7481843    -0.1546872    1    -0.613247    0.1565662    0.04850491    -0.0843628    -0.09004409    0.01908044    0.07114374    -0.1041394    -0.04959351    0.1357013    -0.02389684    -0.008014986    -0.09557749    0.004808352    0.1089362    -0.04019657    0.02113682    -0.02903033    0.01013477    0.07918532    -0.08067909
0.05036793    0.01752086    0.00983138    -0.02967924    0.03223727    -0.04646692    -0.0597043    0.0291588    0.05507071    2.791224e-05    0.008049107    0.03904448    -0.0203351    -0.06637589    0.03004776    0.02898905    -0.03518806    -0.0775968    0.00526952    0.03462136    0.09838464    0.2853823    -0.4145793    -0.613247    1    -0.1061007    -0.07601201    0.05149282    0.0668769    -0.05802803    -0.0316358    0.1272315    0.1218356    -0.05882172    -0.1335473    0.01721803    -0.02113992    -0.100766    -0.03088945    0.2042202    -0.03872268    0.03142138    -0.01628364    -0.03578866    0.07470589
-0.05735186    -0.02122781    -0.007419551    0.03306556    -0.008806754    -0.03065267    0.0311435    0.02020352    -0.03616802    0.006714172    -0.09162924    -0.04920301    0.09372042    0.01519089    -0.01244836    0.04926505    -0.05184876    -0.0417618    0.05928642    -0.007809671    -0.09466229    -0.1264362    0.07838862    0.1565662    -0.1061007    1    0.05016715    -0.7652618    -0.2164396    0.2527462    -0.0228036    -0.02411838    0.03606677    0.03828862    -0.04145693    0.1909245    0.07031001    -0.1807621    -0.1185183    0.077178    0.1757093    -0.01902461    -0.08365833    -0.06035079    0.02954738
-0.03068268    -0.03761231    0.04277517    0.0692363    -0.03036565    -0.01769961    0.02083692    0.04184439    0.003565345    -0.0517316    0.03798744    -0.05762246    -0.006732673    0.08854756    -0.04533453    -0.1176351    0.07176172    -0.05885779    -0.1474505    0.1851792    -0.0715232    0.005904659    0.07185313    0.04850491    -0.07601201    0.05016715    1    0.07725506    -0.7808682    0.1179414    0.1262761    0.008030148    -0.05894042    0.0340227    0.00316198    0.06206935    0.1372399    -0.03301078    -0.1247451    0.01291897    0.04511379    0.1572304    -0.01627114    -0.09815471    -0.01748515
0.03731908    0.01279158    0.002508647    0.003159733    0.009668594    0.05009034    -0.01284636    -0.005928774    0.0312197    -0.02779441    0.1165212    0.02099966    -0.09861772    0.03698186    -0.0184135    -0.03088224    -0.03781501    -0.1049232    -0.009321575    0.1013714    0.1254426    0.1259589    -0.08737956    -0.0843628    0.05149282    -0.7652618    0.07725506    1    0.210168    -0.6410685    0.06820211    -0.008719703    -0.03070719    0.04692835    -0.01839709    -0.1453883    -0.05482711    0.1896746    0.1210361    -0.1523482    -0.1032741    0.05570676    0.1396427    0.0561913    -0.1408994
0.0339948    0.04081183    -0.02401571    -0.07714675    0.0296788    0.0559951    5.780415e-05    -0.01366671    -0.02646607    0.009652567    -0.007314125    0.04462724    0.0295    -0.04423118    -0.01921662    0.1632472    -0.1925416    -0.07321295    0.195102    -0.04979448    0.1020719    0.04967899    -0.05895017    -0.09004409    0.0668769    -0.2164396    -0.7808682    0.210168    1    -0.5415401    -0.08877299    -0.008013395    0.0358176    0.003555783    -0.009995167    -0.124665    -0.1117934    0.1250539    0.1789884    -0.1091015    -0.02245147    -0.0877916    0.04534361    0.128129    -0.06091721
-0.01774125    0.01646836    0.04124434    0.03158206    -0.06149167    -0.06036414    -0.009904912    -0.04291455    0.004106452    0.05573689    -0.06510241    0.03819855    0.01024666    -0.05474142    0.05064297    -0.09398396    0.1628168    0.1991867    -0.1106225    -0.1077125    -0.09814372    -0.06030593    0.04098928    0.01908044    -0.05802803    0.2527462    0.1179414    -0.6410685    -0.5415401    1    -0.03913438    0.04666721    0.03043407    -0.09457234    0.05019027    0.08516971    0.0399492    -0.142886    -0.1183964    0.2348613    -0.06040446    -0.04292855    -0.09685357    -0.04914318    0.253015
0.08679149    -0.1394204    -0.06724498    0.112694    -0.0383401    0.1162023    -0.09981231    -0.08991358    0.156764    -0.05389333    0.1096161    -0.08031891    -0.1165714    0.1007805    0.0213995    0.1030662    -0.0996536    -0.06550003    0.08055422    -0.04017966    0.1476686    -0.0478897    -0.08638965    0.07114374    -0.0316358    -0.0228036    0.1262761    0.06820211    -0.08877299    -0.03913438    1    -0.006012193    -0.5898456    0.08617625    -0.07295721    0.02000688    -0.0419823    -0.0676909    -0.0451536    0.08806643    0.1076101    -0.03764536    -0.04524536    0.1007491    -0.131228
-0.03097221    0.09162075    0.05987391    -0.009092361    -0.02215446    -0.1066769    -0.07278751    -0.01950374    -0.07175043    0.1836952    -0.03679114    -0.03798509    -0.004719445    0.02156738    0.03685069    -0.07605895    0.01994633    0.01167621    -0.09252682    0.08678713    -0.08627475    0.009875494    -0.02616639    -0.1041394    0.1272315    -0.02411838    0.008030148    -0.008719703    -0.008013395    0.04666721    -0.006012193    1    -0.2592951    -0.5895032    0.2392751    0.07592913    -0.03729169    -0.09945412    0.006121771    0.03954394    -0.07796276    -0.01470101    -0.05955463    -0.07328333    0.1700516
-0.0533212    0.1137017    0.1114909    -0.04774075    -0.03365184    -0.1043039    -0.0120283    -0.04552009    -0.05450183    0.1530053    -0.09023539    0.05166643    0.06854383    -0.103534    0.01935239    -0.06870183    0.004172335    -0.00244369    -0.04217377    0.08857573    -0.1013105    -0.05373106    -0.02200518    -0.04959351    0.1218356    0.03606677    -0.05894042    -0.03070719    0.0358176    0.03043407    -0.5898456    -0.2592951    1    -0.006376612    -0.4396046    -0.06002595    6.09206e-05    0.04150142    0.04689789    -0.02717956    -0.08738423    -0.02926552    -0.05541142    -0.0939214    0.2184909
0.06373618    -0.0947956    -0.01177798    0.1126077    -0.07479489    0.1754894    -0.04702475    -0.1051977    0.07758917    -0.0742562    0.1049995    -0.03317085    -0.08891676    0.03191942    0.02303167    0.09936693    -0.05106776    -0.1233466    0.08228877    0.01464415    0.1764044    -0.1053522    -0.08680329    0.1357013    -0.05882172    0.03828862    0.0340227    0.04692835    0.003555783    -0.09457234    0.08617625    -0.5895032    -0.006376612    1    -0.4237378    -0.03953856    -0.03081466    0.0116763    -0.0009384385    0.03061244    0.05396363    -0.07534543    -0.006880194    0.1585259    -0.1463556
-0.08078072    -0.003072002    -0.02624548    -0.06513158    0.1002162    -0.02627036    0.1095547    0.1431752    -0.06221434    -0.09665735    -0.01560174    0.01942614    0.06255886    -0.002677041    -0.03243195    0.01169829    0.08591229    0.05034909    -0.0396797    -0.05682052    -0.08245222    0.1262151    0.1566834    -0.02389684    -0.1335473    -0.04145693    0.00316198    -0.01839709    -0.009995167    0.05019027    -0.07295721    0.2392751    -0.4396046    -0.4237378    1    0.03029407    0.06615831    0.02437343    -0.02215882    -0.04801164    0.03271876    0.08872767    0.09144405    -0.03583204    -0.08763128
0.01943873    0.02476291    -0.02664353    -0.06540965    -0.01434508    -0.03900693    0.02731022    -0.01514986    -0.02370409    0.007547382    -0.1351449    -0.2971513    0.08202919    0.4834642    -0.1597247    -0.06106963    0.03857028    0.01633288    -0.07212233    0.04512267    0.1072646    -0.02455228    -0.07629771    -0.008014986    0.01721803    0.1909245    0.06206935    -0.1453883    -0.124665    0.08516971    0.02000688    0.07592913    -0.06002595    -0.03953856    0.03029407    1    0.02908078    -0.7833883    -0.1832564    0.1855046    -0.04770671    -0.06125778    0.04310393    0.08447078    -0.08224589
-0.01632982    0.03014527    -0.0003940492    -0.03890809    0.05874354    0.010278    0.005732828    0.03284415    -0.04042511    -0.02871708    -0.3162261    0.01706269    0.3417959    0.04986708    -0.2154691    -0.04165248    0.01328375    -0.00587882    -0.02811238    0.04657365    -0.04512088    0.1082446    0.08181584    -0.09557749    -0.02113992    0.07031001    0.1372399    -0.05482711    -0.1117934    0.0399492    -0.0419823    -0.03729169    6.09206e-05    -0.03081466    0.06615831    0.02908078    1    0.1197286    -0.7818992    0.104468    -0.09875956    0.02147977    0.0574648    -0.07599739    0.04724947
-0.02935552    0.005928166    0.02558186    0.04240082    0.02270301    0.04526071    -0.03554778    -0.01835454    0.02851746    -0.004351915    0.07892803    0.3314899    0.025908    -0.310246    -0.009454677    0.01877955    -0.04970586    -0.01083107    0.03316674    -0.02245275    -0.07552583    0.04110864    0.13183    0.004808352    -0.100766    -0.1807621    -0.03301078    0.1896746    0.1250539    -0.142886    -0.0676909    -0.09945412    0.04150142    0.0116763    0.02437343    -0.7833883    0.1197286    1    0.183956    -0.5796155    0.02061411    0.009775405    -0.05974862    -0.1146549    0.151426
0.0140425    -0.01602516    0.02065553    0.02374983    -0.03754585    0.001371452    -0.0358857    -0.03479407    0.03624631    0.01826415    0.4071962    0.09174125    -0.2487614    -0.1127866    0.002635366    0.05273184    -0.03546888    -0.02651377    0.002412025    0.01074679    -0.008426058    -0.04767247    -0.02622744    0.1089362    -0.03088945    -0.1185183    -0.1247451    0.1210361    0.1789884    -0.1183964    -0.0451536    0.006121771    0.04689789    -0.0009384385    -0.02215882    -0.1832564    -0.7818992    0.183956    1    -0.5016877    0.0992627    -0.08801021    -0.1117138    0.07056019    0.05887932
0.02985828    0.003538055    -0.002497296    -0.005223195    -0.01615928    -0.02929836    0.03533958    0.05644895    -0.004519646    -0.03944485    -0.05170482    -0.1051905    -0.0629159    -0.07899863    -0.04497447    -0.00498728    0.03272484    0.01582178    0.03391574    -0.02995025    0.006258214    -0.0205369    -0.1019825    -0.04019657    0.2042202    0.077178    0.01291897    -0.1523482    -0.1091015    0.2348613    0.08806643    0.03954394    -0.02717956    0.03061244    -0.04801164    0.1855046    0.104468    -0.5796155    -0.5016877    1    -0.09082348    0.08659771    0.1111492    0.04930926    -0.08575363
-0.0211035    -0.05571547    -0.01354869    0.04149865    0.01341937    0.01695272    0.05017908    -0.02512137    -0.002344669    -0.01086225    0.1248173    -0.102223    -0.09236206    0.06959323    0.01616435    0.05763775    -0.07122164    -0.06970353    0.07113511    -0.005105011    0.0856522    -0.005273077    -0.04089768    0.02113682    -0.03872268    0.1757093    0.04511379    -0.1032741    -0.02245147    -0.06040446    0.1076101    -0.07796276    -0.08738423    0.05396363    0.03271876    -0.04770671    -0.09875956    0.02061411    0.0992627    -0.09082348    1    -0.1376514    -0.6676179    0.09997202    0.0203232
-0.02844851    0.03124489    0.02381293    0.02677067    -0.0240525    -0.01407648    0.03859853    0.03133349    -0.02653181    -0.01229876    -0.1155325    -0.01980947    0.009773263    -0.06669911    0.1203652    -0.1311562    -0.01854234    -0.01089588    -0.1224206    0.1899199    -0.04523471    0.02508515    0.01373279    -0.02903033    0.03142138    -0.01902461    0.1572304    0.05570676    -0.0877916    -0.04292855    -0.03764536    -0.01470101    -0.02926552    -0.07534543    0.08872767    -0.06125778    0.02147977    0.009775405    -0.08801021    0.08659771    -0.1376514    1    0.03542279    -0.676552    0.1943159
0.04425556    -0.005263358    -0.0120049    -0.03036496    0.003897094    -0.03416736    0.0003286684    0.05872744    -0.01451307    0.01213007    -0.1105805    -0.01923039    0.02511242    -0.02460443    0.0702878    -0.03322864    -0.03378469    -0.05592175    -0.005190791    0.08406861    -0.01801394    0.01570861    0.02227346    0.01013477    -0.01628364    -0.08365833    -0.01627114    0.1396427    0.04534361    -0.09685357    -0.04524536    -0.05955463    -0.05541142    -0.006880194    0.09144405    0.04310393    0.0574648    -0.05974862    -0.1117138    0.1111492    -0.6676179    0.03542279    1    -0.05155417    -0.452103
0.03614543    0.01292093    -0.0008737186    -0.04351334    -0.01999872    0.06627287    0.003572982    -0.01318928    -0.00431456    -0.03356012    0.1767402    -0.07527398    -0.1310994    0.11518    -0.007335686    0.1651721    -0.1252391    -0.1040838    0.1784945    -0.07565051    0.04003625    -0.03861038    -0.03342417    0.07918532    -0.03578866    -0.06035079    -0.09815471    0.0561913    0.128129    -0.04914318    0.1007491    -0.07328333    -0.0939214    0.1585259    -0.03583204    0.08447078    -0.07599739    -0.1146549    0.07056019    0.04930926    0.09997202    -0.676552    -0.05155417    1    -0.5967933
-0.04129023    0.0196505    0.03446948    0.04054505    0.009542477    -0.04323028    -0.05133569    -0.05255804    0.01790585    0.0535438    -0.05914807    0.1578336    0.1178758    -0.08923101    -0.1173098    -0.07828577    0.1431448    0.1684001    -0.09433865    -0.09136203    -0.04664262    0.02998282    0.01561103    -0.08067909    0.07470589    0.02954738    -0.01748515    -0.1408994    -0.06091721    0.253015    -0.131228    0.1700516    0.2184909    -0.1463556    -0.08763128    -0.08224589    0.04724947    0.151426    0.05887932    -0.08575363    0.0203232    0.1943159    -0.452103    -0.5967933    1
