1    -0.218888    -0.3308694    0.08306893    -0.09162578    0.002477644    0.1592832    0.09834576    -0.04144671    -0.1770793
-0.218888    1    -0.5246829    -0.383431    0.2626359    0.05265547    -0.1381343    -0.09816013    0.08690509    0.08077235
-0.3308694    -0.5246829    1    -0.1363358    -0.5814342    0.02485102    -0.1155978    -0.09335984    0.03375198    0.1267012
0.08306893    -0.383431    -0.1363358    1    -0.08966739    0.03924015    0.03536271    0.08319613    0.04957174    -0.149328
-0.09162578    0.2626359    -0.5814342    -0.08966739    1    -0.1110342    0.09870528    0.1047374    -0.09683152    -0.04197342
0.002477644    0.05265547    0.02485102    0.03924015    -0.1110342    1    -0.02954475    -0.6886428    -0.02435365    0.001571975
0.1592832    -0.1381343    -0.1155978    0.03536271    0.09870528    -0.02954475    1    -0.230843    -0.6910545    0.2013255
0.09834576    -0.09816013    -0.09335984    0.08319613    0.1047374    -0.6886428    -0.230843    1    -0.006458427    -0.3909671
-0.04144671    0.08690509    0.03375198    0.04957174    -0.09683152    -0.02435365    -0.6910545    -0.006458427    1    -0.3307153
-0.1770793    0.08077235    0.1267012    -0.149328    -0.04197342    0.001571975    0.2013255    -0.3909671    -0.3307153    1
