1    -0.02954475    -0.6886428    -0.02435365    0.001571975    0.06443082    -0.07015391    -0.05780759    0.1339086    -0.02215292    -0.005726172    -0.05943923    0.03238843    0.1181485    -0.09600679    -0.1351449    -0.3162261    0.07892803    0.4071962    -0.05170482
-0.02954475    1    -0.230843    -0.6910545    0.2013255    -0.05546732    -0.002827555    0.02384357    -0.06292279    0.07814099    -0.08422547    -0.02148169    -0.001140089    -0.02670523    0.1069603    -0.2971513    0.01706269    0.3314899    0.09174125    -0.1051905
-0.6886428    -0.230843    1    -0.006458427    -0.3909671    -0.02648205    0.01348771    -0.001865565    -0.1240855    0.09211669    0.02240141    0.01033089    -0.05804785    -0.06108805    0.08193496    0.08202919    0.3417959    0.025908    -0.2487614    -0.0629159
-0.02435365    -0.6910545    -0.006458427    1    -0.3307153    0.05139153    -0.03882252    -0.07138099    0.06367587    -0.02674284    0.0405404    -0.002027345    0.002981894    0.03780915    -0.06965843    0.4834642    0.04986708    -0.310246    -0.1127866    -0.07899863
0.001571975    0.2013255    -0.3909671    -0.3307153    1    -0.02051223    0.04563923    0.1137046    0.03057345    -0.1325142    0.01276683    0.06091751    0.02938047    -0.0394169    -0.03719238    -0.1597247    -0.2154691    -0.009454677    0.002635366    -0.04497447
0.06443082    -0.05546732    -0.02648205    0.05139153    -0.02051223    1    -0.09296697    -0.5872855    0.1205512    -0.008874198    0.09144331    -0.1395352    -0.06685502    0.1552404    -0.05712691    -0.06106963    -0.04165248    0.01877955    0.05273184    -0.00498728
-0.07015391    -0.002827555    0.01348771    -0.03882252    0.04563923    -0.09296697    1    -0.2674181    -0.5953015    0.2580198    -0.07295513    0.02234999    -0.0474914    -0.163158    0.188544    0.03857028    0.01328375    -0.04970586    -0.03546888    0.03272484
-0.05780759    0.02384357    -0.001865565    -0.07138099    0.1137046    -0.5872855    -0.2674181    1    -0.09069658    -0.3813491    -0.07749114    -0.00311394    -0.04002052    -0.07562346    0.1360881    0.01633288    -0.00587882    -0.01083107    -0.02651377    0.01582178
0.1339086    -0.06292279    -0.1240855    0.06367587    0.03057345    0.1205512    -0.5953015    -0.09069658    1    -0.4833    0.07003529    -0.1504289    0.001679907    0.2007968    -0.1302686    -0.07212233    -0.02811238    0.03316674    0.002412025    0.03391574
-0.02215292    0.07814099    0.09211669    -0.02674284    -0.1325142    -0.008874198    0.2580198    -0.3813491    -0.4833    1    0.002615327    0.1696826    0.05225146    -0.07208402    -0.05749886    0.04512267    0.04657365    -0.02245275    0.01074679    -0.02995025
-0.005726172    -0.08422547    0.02240141    0.0405404    0.01276683    0.09144331    -0.07295513    -0.07749114    0.07003529    0.002615327    1    -0.07100112    -0.728322    -0.04729772    0.1596486    0.05030044    0.0005918744    -0.0525429    -0.01930441    -0.03462257
-0.05943923    -0.02148169    0.01033089    -0.002027345    0.06091751    -0.1395352    0.02234999    -0.00311394    -0.1504289    0.1696826    -0.07100112    1    0.0881019    -0.7726396    0.1730508    0.001013552    0.09809771    -0.01889444    -0.1123154    0.03407272
0.03238843    -0.001140089    -0.05804785    0.002981894    0.02938047    -0.06685502    -0.0474914    -0.04002052    0.001679907    0.05225146    -0.728322    0.0881019    1    0.04617607    -0.5515985    -0.01959183    -0.02646361    0.04686647    0.0205981    -0.001739401
0.1181485    -0.02670523    -0.06108805    0.03780915    -0.0394169    0.1552404    -0.163158    -0.07562346    0.2007968    -0.07208402    -0.04729772    -0.7726396    0.04617607    1    -0.5459898    -0.02572841    -0.09265618    0.03372716    0.1262716    -0.03149518
-0.09600679    0.1069603    0.08193496    -0.06965843    -0.03719238    -0.05712691    0.188544    0.1360881    -0.1302686    -0.05749886    0.1596486    0.1730508    -0.5515985    -0.5459898    1    -0.002836995    0.04874873    -0.02117814    -0.03632116    0.08784575
-0.1351449    -0.2971513    0.08202919    0.4834642    -0.1597247    -0.06106963    0.03857028    0.01633288    -0.07212233    0.04512267    0.05030044    0.001013552    -0.01959183    -0.02572841    -0.002836995    1    0.02908078    -0.7833883    -0.1832564    0.1855046
-0.3162261    0.01706269    0.3417959    0.04986708    -0.2154691    -0.04165248    0.01328375    -0.00587882    -0.02811238    0.04657365    0.0005918744    0.09809771    -0.02646361    -0.09265618    0.04874873    0.02908078    1    0.1197286    -0.7818992    0.104468
0.07892803    0.3314899    0.025908    -0.310246    -0.009454677    0.01877955    -0.04970586    -0.01083107    0.03316674    -0.02245275    -0.0525429    -0.01889444    0.04686647    0.03372716    -0.02117814    -0.7833883    0.1197286    1    0.183956    -0.5796155
0.4071962    0.09174125    -0.2487614    -0.1127866    0.002635366    0.05273184    -0.03546888    -0.02651377    0.002412025    0.01074679    -0.01930441    -0.1123154    0.0205981    0.1262716    -0.03632116    -0.1832564    -0.7818992    0.183956    1    -0.5016877
-0.05170482    -0.1051905    -0.0629159    -0.07899863    -0.04497447    -0.00498728    0.03272484    0.01582178    0.03391574    -0.02995025    -0.03462257    0.03407272    -0.001739401    -0.03149518    0.08784575    0.1855046    0.104468    -0.5796155    -0.5016877    1
