1    0.1175183    -0.6888881    -0.007499106    0.04592695    0.08694139    -0.02638908    -0.07670846    0.01887231    0.05163376
0.1175183    1    -0.2907878    -0.6958708    0.2802592    0.0006878979    0.02787225    -0.04002563    -0.06277328    0.07801242
-0.6888881    -0.2907878    1    0.09759804    -0.538035    -0.1055706    -0.02019566    0.0683465    0.01648555    -0.02745948
-0.007499106    -0.6958708    0.09759804    1    -0.4298296    0.03322856    -0.0263834    -0.03610461    0.0425188    -0.01214537
0.04592695    0.2802592    -0.538035    -0.4298296    1    0.05994318    0.04297992    -0.0143358    -0.04346975    -0.009830914
0.08694139    0.0006878979    -0.1055706    0.03322856    0.05994318    1    -0.02954475    -0.6886428    -0.02435365    0.001571975
-0.02638908    0.02787225    -0.02019566    -0.0263834    0.04297992    -0.02954475    1    -0.230843    -0.6910545    0.2013255
-0.07670846    -0.04002563    0.0683465    -0.03610461    -0.0143358    -0.6886428    -0.230843    1    -0.006458427    -0.3909671
0.01887231    -0.06277328    0.01648555    0.0425188    -0.04346975    -0.02435365    -0.6910545    -0.006458427    1    -0.3307153
0.05163376    0.07801242    -0.02745948    -0.01214537    -0.009830914    0.001571975    0.2013255    -0.3909671    -0.3307153    1
