1    -0.1750601    -0.4248295    0.2174913    0.002515153    0.01583179    0.02431362    -0.007301438    0.0004676572    -0.02911357    -0.02704097    0.02649808    -0.01492897    -0.02350755    0.01867777    0.1062739    -0.04173183    -0.06669368    0.0707084    0.03126267    -0.02445343    -0.00728827    0.02983422    0.02248903    -0.04256319    0.06621934    -0.1088972    -0.07793142    0.09708115    0.06477236    0.007737359    -0.0496647    0.03343609    0.1082092    -0.09720418    0.1128037    -0.005627156    0.01896328    0.1118635    -0.134257    0.06960626    -0.05946263    0.01124724    0.06525906    -0.0422528    -0.0301812    0.03886998    0.01183948    -0.03772405    0.0271299    -0.03868388    0.02683497    0.02435256    -0.03779789    0.01498125    0.04901338    0.03777627    -0.004170395    -0.02228881    -0.02847023    -0.02241952    0.02945679    0.008760102    -0.02560259    0.02023621    -0.0324485    0.03713678    -0.01089743    -0.0252368    0.02411072    -0.02542404    -0.002299594    0.01771625    -0.02638844    -0.00622173    -0.04251166    0.05005263    0.04100327    -0.01299162    -0.01067735    0.01143045    0.03571542    0.007562312    -0.01871933    -0.0147369    0.0009747135    0.03327251    -0.05064715    -0.0215638    0.05025186
-0.1750601    1    -0.01491714    -0.6222392    0.2333305    0.001579019    -0.05518153    -0.00146553    0.03063148    0.01764472    -0.03742454    0.05308068    0.02446545    -0.01794528    0.007860983    -0.01884409    0.02837125    -0.05689195    -0.01663733    0.04394241    -0.05551138    0.07994208    0.03391737    -0.06721558    0.03860115    -0.08912375    -0.07692517    0.02483626    0.006941856    0.1031524    -0.04952563    0.07152838    0.0610728    -0.02311315    -0.08404258    -0.2980614    0.1760931    0.1299954    -0.2695016    0.02233199    0.05904949    -0.003635176    -0.07226143    0.02426811    0.06971675    0.02743777    -0.01267183    0.01421855    0.04788913    -0.1172447    0.02570057    0.005629873    -0.02206836    0.0267326    -0.01257761    -0.07638673    0.04287444    0.07752935    -0.0354916    -0.03312849    0.05364091    -0.01631893    -0.03769026    0.0274596    -0.001477796    0.06517634    -0.02067189    -0.0349201    0.02311271    -0.007536412    0.04203092    0.03758479    -0.03875989    -0.02834886    -0.03010782    -0.003238345    0.007062447    0.02551063    -0.01840964    -0.02913901    0.01222076    0.01145902    0.03418631    0.0009239955    -0.02531505    0.03858535    -0.04293042    -0.03044503    0.020002    0.0008537819
-0.4248295    -0.01491714    1    0.05952327    -0.5232977    -0.05796589    -0.03024736    0.06909816    -0.01396418    0.01045658    -0.02309141    -0.02516572    0.05528584    0.06182433    -0.06535056    0.0492766    -0.06421367    -0.03536227    0.01248344    0.06460526    -0.007382865    0.1051694    0.01888647    -0.1032105    0.01341977    -0.008892919    -0.07442783    -0.04799066    -0.01705087    0.08121752    -0.01840606    0.05351053    0.06291157    -0.03478856    -0.01951604    -0.228924    0.1715365    0.146916    -0.2619994    -0.07211953    -0.03717377    -0.0524544    -0.01608579    0.07371991    0.07790413    0.05713032    -0.03903473    -0.03661051    0.02900273    -0.04906185    0.05941823    -0.02345454    -0.03673244    -0.0009793452    0.0164058    -0.02816364    0.07149433    0.05057256    -0.048711    -0.007703355    0.02445593    -0.02934515    -0.0160448    0.03610256    0.01897256    0.07469758    -0.07160698    -0.04301916    0.03843172    -0.007932219    0.0416767    0.05138633    -0.02934191    -0.03437963    0.006728031    -0.01238674    -0.01166035    0.02923344    0.0418471    -0.03793907    0.01725315    -0.03016273    0.02256089    0.05296424    -0.07297914    0.002771592    -0.05800285    0.03287454    0.02958227    -0.02717925
0.2174913    -0.6222392    0.05952327    1    -0.5990358    -0.01307645    0.04277145    -0.00368078    -0.02400563    0.005144751    0.007989553    -0.03876592    -0.01755944    0.02966799    0.01332508    0.1399626    -0.08823668    -0.08628976    0.1332735    0.0390444    0.04355567    -0.03030949    0.0303423    0.01397458    -0.0790857    0.141704    -0.05806259    -0.1313163    0.05721546    0.0411066    -0.00589075    0.02116704    0.02304788    -0.01029791    0.003824369    0.1493598    0.01297192    0.02439789    0.1390625    -0.2113299    0.03295568    -0.03238618    -0.03195911    0.05777876    0.04540745    0.01915614    -0.005837187    -0.0352114    -0.03927754    0.06889826    0.01295194    -0.007756155    -0.01507274    -0.04536799    0.0123655    0.0374761    0.01309802    0.003958793    -0.0008711112    -0.02311995    -0.02507977    -0.005862087    -0.00900583    -0.01177597    0.05591542    -0.01060321    0.00331427    -0.004962427    -0.03767499    0.01569491    0.01446909    -0.04394224    0.01020753    0.02735856    -0.03873351    -0.0541893    0.04775318    0.04810176    0.002899973    0.003584582    -0.04820604    0.01419888    0.03635762    -0.0002405232    -0.006649769    0.009905022    0.03889825    -0.01558606    -0.06794439    0.05679076
0.002515153    0.2333305    -0.5232977    -0.5990358    1    -0.01467582    -0.03386515    0.001945455    0.07431929    0.00592173    0.01251816    0.03036345    -0.04140801    -0.0420534    0.05631704    -0.171295    0.116167    0.1020139    -0.1270012    -0.03871811    -0.01461965    -0.07896462    -0.04492463    0.07609251    0.04925242    -0.09934181    0.1484838    0.1417193    -0.04974588    -0.1247196    0.03597718    -0.07128305    -0.07965728    0.02026767    0.06539621    0.0563764    -0.1666056    -0.1437062    0.1269514    0.2345591    -0.05598918    0.07469587    0.06070256    -0.1086727    -0.1021506    -0.03576383    -0.004759098    0.0147203    0.04331806    -0.02235641    0.01103227    0.02341695    -0.00105645    0.003877634    -0.02687516    0.01021374    -0.07437749    -0.04490543    0.04902425    0.003974    -0.01221327    -0.01065451    0.02797767    0.007083841    -0.0721387    -0.0139021    0.006085149    0.01554656    0.001828074    -0.0170674    -0.01550895    -0.001217096    -0.002270141    0.003223078    0.002678607    0.09143708    -0.03079676    -0.08937305    -0.02632274    0.02316852    0.05026147    -0.009815147    -0.07936827    -0.01687809    0.05447497    -0.01513226    -0.03677966    0.009636552    0.05131929    -0.06605082
0.01583179    0.001579019    -0.05796589    -0.01307645    -0.01467582    1    -0.05330177    -0.7076816    -0.05428078    -0.0042453    0.09337979    -0.1401505    -0.1160857    0.1043552    0.06404415    0.08878861    -0.01884682    -0.0562046    0.0542777    -0.02178732    0.0903397    0.005439    -0.05772181    0.00608729    -0.005567362    0.05842447    -0.05524    -0.03652682    0.0825026    -0.02101955    0.09440415    -0.1294106    -0.07099762    0.1520771    -0.06209975    0.08430061    -0.0579765    0.002003127    0.05902183    -0.04526792    0.1292805    -0.02905203    -0.01637126    0.1429335    -0.1773975    0.02478301    -0.02997963    -0.01719302    0.002793599    -0.004780708    -0.02008128    -0.008669348    0.0272147    0.003696634    -0.0004168177    0.04022846    -0.006808589    0.008655979    -0.0001045065    -0.03096077    0.002093887    0.02048352    0.02063264    -0.006095347    -0.007212894    -0.006319745    0.009255209    0.00631614    -0.01061578    0.01239531    -0.005666139    -0.01774859    0.01315532    0.02884757    -0.04730446    0.0208085    0.003794992    -0.03510047    -0.007407226    0.01931081    0.05724863    0.03310857    -0.0531706    -0.01483966    0.01823706    0.03953787    0.01803296    -0.03444617    -0.00245133    0.01230655
0.02431362    -0.05518153    -0.03024736    0.04277145    -0.03386515    -0.05330177    1    -0.07540401    -0.5736487    0.1523894    -0.1199486    0.01008388    0.04499226    -0.08215949    0.07351005    -0.01361854    0.005656384    -0.04410005    0.01842059    0.0200206    -0.06446558    0.1362499    0.08760612    -0.1335838    0.01491064    -0.1006011    0.1137481    0.1340073    -0.09334001    -0.05134254    -0.1071896    -0.02518382    0.01446428    -0.1225303    0.1791303    0.08151714    -0.0871528    -0.05622655    0.0525942    0.04149087    -0.2357386    0.1366384    0.1434264    -0.2609235    -0.003228105    0.002438665    -0.04470953    -0.01379367    0.01852192    -0.008756242    0.05603823    -0.028976    -0.08332444    0.005903699    0.07526527    -0.07614776    0.08248042    0.1133597    -0.08158568    -0.02306727    0.03479583    -0.02790178    -0.07154669    -0.002558912    0.06706808    0.0673721    -0.03364962    -0.08817947    -0.003244635    0.08286073    0.04139219    -0.04327657    -0.03143258    0.04234993    -0.01309686    -0.03898257    -0.0603947    -0.001631004    0.01004439    -0.006827188    -0.0228221    -0.02715039    0.004562921    -0.04618164    0.02805395    0.04427399    -0.02454241    -0.06456931    0.01969453    0.02887436
-0.007301438    -0.00146553    0.06909816    -0.00368078    0.001945455    -0.7076816    -0.07540401    1    0.02279707    -0.3127617    -0.09275608    0.04707542    -0.004244288    -0.1078054    0.08441666    0.0109562    -0.02203385    -0.04005337    0.01756891    0.05742907    -0.09752438    0.01116563    0.153977    -0.007917199    -0.08716705    -0.07846488    0.06362443    0.07276736    -0.01025244    -0.06725318    -0.0540998    0.008856851    -0.02043141    -0.09480753    0.12104    -0.02250994    -0.01298456    -0.04579361    0.02238258    0.09944789    -0.2233964    0.1347205    0.1083599    -0.2361557    0.0491654    -0.03697197    0.03182147    -0.005788415    -0.01150037    0.01890345    0.03877699    -0.01065999    -0.06132909    0.008843833    0.04384166    -0.04228334    0.1050891    0.04710212    -0.04401938    -0.009667042    -0.02324548    -0.03661892    -0.005758309    0.008126567    0.02786618    0.02154099    -0.02813244    -0.0410433    0.01165591    0.04540292    0.03609905    0.009909291    -0.0248052    -0.003523344    0.01295835    0.004799001    -0.03055554    -0.01059723    0.01788209    0.02655572    -0.07334591    -0.04508862    0.0453578    0.008916965    0.01397768    -0.03807851    -0.0233246    0.01719042    -0.005266336    0.03917351
0.0004676572    0.03063148    -0.01396418    -0.02400563    0.07431929    -0.05428078    -0.5736487    0.02279707    1    -0.3869901    0.1005112    -0.1439108    -0.1376963    0.08783474    0.0649689    0.1181875    -0.05167475    -0.0246916    0.01408683    0.05936459    0.01095991    -0.1022798    -0.006346156    0.172178    -0.1016929    0.09075988    -0.05576379    -0.04223015    0.05362087    -0.01557287    0.1925161    -0.1147462    -0.1067729    0.1238888    -0.06865889    0.03753863    -0.02364282    0.02222844    0.02219881    -0.08766133    0.1379205    -0.02525905    -0.03133128    0.1245969    -0.1349282    -0.01749437    0.04744433    0.0208171    -0.05220671    0.04587342    -0.0403027    0.001521182    0.03320285    0.02812571    -0.03200737    0.1051673    -0.02333071    -0.07762345    0.08705364    -0.03731638    -0.03112628    0.03882332    0.04119881    0.001469158    -0.02400253    -0.03164912    -0.02072688    0.03418504    0.05189316    -0.04382735    -0.05993648    0.05426034    0.06825409    -0.02062113    -0.01836998    0.04448964    0.03932416    -0.01137089    -0.01717312    0.02845469    -0.02365565    -0.01441605    0.0154831    0.05115974    -0.0005983304    -0.04755737    0.009178364    0.0478331    -0.002207048    -0.002304873
-0.02911357    0.01764472    0.01045658    0.005144751    0.00592173    -0.0042453    0.1523894    -0.3127617    -0.3869901    1    -0.01542669    0.0973309    0.1291996    0.01012248    -0.1592304    -0.104417    0.09152064    0.03042259    -0.04195618    -0.06146077    0.004930282    0.04498057    -0.1036106    -0.05899862    0.1864454    -0.03219403    -0.0283994    0.02402139    -0.07454313    0.0776143    -0.07844199    0.1801148    0.1072767    -0.07988907    -0.08571779    -0.06708296    0.09786746    0.03468695    -0.1278873    -0.007717385    0.07152251    -0.124748    -0.06443682    0.07188556    0.1120773    0.01075478    0.01006385    0.02542804    0.03396795    -0.07840136    0.0300873    0.00612896    0.002842135    -0.03238808    -0.02539443    -0.04962061    -0.1095312    0.01470343    0.03271889    0.01489552    -0.009932937    -0.02537119    -0.01046215    0.02956306    -0.006138259    -0.02123556    0.002051975    0.03605577    0.001595791    -0.05355421    0.04054367    0.03096259    -0.04592972    -0.03042193    0.01039025    -0.0686502    -0.01865156    0.05055686    0.0287763    -0.04341686    0.02413976    0.102268    0.007712979    -0.04737074    -0.01567473    -0.0001597905    -0.04925163    -0.0207082    0.05939772    -0.05770238
-0.02704097    -0.03742454    -0.02309141    0.007989553    0.01251816    0.09337979    -0.1199486    -0.09275608    0.1005112    -0.01542669    1    -0.06179415    -0.5939001    -0.1180336    0.02355674    0.1634554    0.003167241    -0.0895068    0.1761761    -0.1818439    0.09717232    -0.08722816    -0.08667009    0.1380336    -0.01523424    0.06777358    -0.03256545    -0.01853442    0.04042199    -0.02486809    0.05167966    -0.1152897    0.02066657    0.09069551    -0.05447833    0.1389514    -0.07622373    -0.01234681    0.06220939    -0.03429451    0.08197752    -0.001425257    -0.03697838    0.03881304    -0.05002561    -0.04035273    0.0431109    0.07112415    -0.02322071    -0.04646692    -0.03065267    -0.01769961    0.05009034    0.0559951    -0.06036414    0.1162023    -0.1066769    -0.1043039    0.1754894    -0.02627036    0.007482569    0.01891509    -0.01843323    0.01437767    -0.006697406    0.01295838    -0.05850945    -0.01582909    0.09730831    -0.05142728    -0.03900693    0.010278    0.04526071    0.001371452    -0.02929836    0.01280759    0.03723907    -0.0100492    -0.02669686    -0.006755493    0.1060747    -0.02626833    -0.08276362    0.01211681    0.009421968    0.01695272    -0.01407648    -0.03416736    0.06627287    -0.04323028
0.02649808    0.05308068    -0.02516572    -0.03876592    0.03036345    -0.1401505    0.01008388    0.04707542    -0.1439108    0.0973309    -0.06179415    1    -0.1008464    -0.6099681    0.04573424    -0.3052673    0.1793267    0.1450969    -0.2185411    -0.07608191    -0.03067778    -0.06843121    -0.0343644    -0.03209805    0.1146362    -0.02951339    0.06014817    -0.02418068    -0.01952682    0.03791219    -0.09588906    0.06631092    0.06696303    -0.05048789    0.03211869    0.01998462    0.002208098    -0.06512863    -0.006803569    0.05613285    0.001560001    -0.07429014    0.02348987    -0.01501669    0.07973867    0.04956068    -0.05752618    -0.01767491    0.07328264    -0.0597043    0.0311435    0.02083692    -0.01284636    5.780415e-05    -0.009904912    -0.09981231    -0.07278751    -0.0120283    -0.04702475    0.1095547    0.03406298    0.01750032    0.002225363    -0.008353258    -0.0243514    0.0268858    0.04548053    -0.01269761    -0.01923355    -0.01348765    0.02731022    0.005732828    -0.03554778    -0.0358857    0.03533958    -0.01381063    -0.0463417    0.03556589    0.03565988    -0.08591217    0.02149667    0.01418499    -0.0290766    -0.01621258    -0.02431367    0.05017908    0.03859853    0.0003286684    0.003572982    -0.05133569
-0.01492897    0.02446545    0.05528584    -0.01755944    -0.04140801    -0.1160857    0.04499226    -0.004244288    -0.1376963    0.1291996    -0.5939001    -0.1008464    1    -0.06423964    -0.3811407    -0.2913777    0.1082349    0.1933872    -0.2592305    0.04835366    -0.05156854    0.009508551    -0.07544323    -0.1066749    0.1357757    -0.05889854    0.0487907    0.07776806    -0.07632229    -0.03763317    -0.03325535    0.1240084    -0.02484923    -0.04320801    -0.007768238    -0.03104105    -0.004586906    -0.0329702    -0.02977939    0.0571621    0.01210735    -0.02341492    -0.03505125    0.02170153    0.03176039    0.003278509    0.0249634    -0.01292407    -0.001454679    0.0291588    0.02020352    0.04184439    -0.005928774    -0.01366671    -0.04291455    -0.08991358    -0.01950374    -0.04552009    -0.1051977    0.1431752    -0.02401794    0.01400013    0.01876383    -0.00799936    -0.02047109    -0.02649808    0.0549    0.02127432    -0.02359991    -0.0332647    -0.01514986    0.03284415    -0.01835454    -0.03479407    0.05644895    -0.02792715    -0.007897233    0.02109772    0.04342393    -0.01367678    -0.06213153    0.007087577    0.0578896    0.007889381    -0.01036099    -0.02512137    0.03133349    0.05872744    -0.01318928    -0.05255804
-0.02350755    -0.01794528    0.06182433    0.02966799    -0.0420534    0.1043552    -0.08215949    -0.1078054    0.08783474    0.01012248    -0.1180336    -0.6099681    -0.06423964    1    -0.2719001    0.2042444    -0.1049033    -0.03284362    0.1353615    -0.02617771    0.08828579    -0.01406343    -0.08150698    0.04104409    -0.007125094    0.02962524    -0.01393313    0.02187897    -0.004943796    -0.04511865    0.05996405    0.01692201    -0.01928402    -0.02647303    -0.03397779    0.03452722    -0.01647255    -0.03479468    0.09096843    0.03264919    0.02191401    -0.0185645    -0.04593798    0.1056719    0.0109211    0.009487315    -0.008269734    -0.01730028    -0.01782193    0.05507071    -0.03616802    0.003565345    0.0312197    -0.02646607    0.004106452    0.156764    -0.07175043    -0.05450183    0.07758917    -0.06221434    -0.04783721    -0.009089499    0.03052655    -0.00520894    -0.02782029    -0.02478192    0.005719094    0.04061504    -0.02626131    -0.01754155    -0.02370409    -0.04042511    0.02851746    0.03624631    -0.004519646    0.04781362    0.02812329    -0.05066692    -0.0445645    0.04875444    -0.02213641    0.01209078    0.01265232    0.00995439    0.02421431    -0.002344669    -0.02653181    -0.01451307    -0.00431456    0.01790585
0.01867777    0.007860983    -0.06535056    0.01332508    0.05631704    0.06404415    0.07351005    0.08441666    0.0649689    -0.1592304    0.02355674    0.04573424    -0.3811407    -0.2719001    1    0.1571348    -0.07809915    -0.1983519    0.1494826    0.1391772    -0.04240613    0.08882602    0.1915411    -0.01750514    -0.1416398    -0.02088288    -0.08405107    -0.03049155    0.05859478    0.08546537    0.05134978    -0.07520341    -0.03895309    -0.0006839066    0.001843406    -0.1070169    0.0745826    0.08113778    -0.07358305    -0.05988684    -0.09784893    0.06749055    0.06676996    -0.0523314    -0.06221906    -0.02001439    -0.02539951    -0.01385478    0.001364644    2.791224e-05    0.006714172    -0.0517316    -0.02779441    0.009652567    0.05573689    -0.05389333    0.1836952    0.1530053    -0.0742562    -0.09665735    0.02183823    -0.002681004    0.003168661    -7.183558e-05    0.01412672    0.03305312    -0.05874306    -0.01440025    0.004651166    0.0413756    0.007547382    -0.02871708    -0.004351915    0.01826415    -0.03944485    0.02108923    -0.02557202    0.006455076    -0.01385733    -0.0275204    -0.04528354    -0.03258053    0.001015344    0.01467392    0.05891425    -0.01086225    -0.01229876    0.01213007    -0.03356012    0.0535438
0.1062739    -0.01884409    0.0492766    0.1399626    -0.171295    0.08878861    -0.01361854    0.0109562    0.1181875    -0.104417    0.1634554    -0.3052673    -0.2913777    0.2042444    0.1571348    1    -0.3425514    -0.24755    0.1688995    0.007790085    0.02656314    0.05578644    0.1539805    0.0386632    -0.2203005    0.05389543    -0.04041079    -0.07738388    0.0345248    0.05482764    -0.006771738    -0.1240857    -0.0192503    0.04231941    0.03068441    -0.04447453    0.1105241    0.04735221    -0.02915444    -0.05416405    -0.07208635    0.1296411    0.0257668    -0.06267589    -0.06859719    0.1704847    0.1486006    -0.1184506    -0.149646    0.004453775    -0.1767803    -0.06666218    0.1860952    0.1281455    -0.04795744    0.05526012    0.1381016    0.07163358    0.06298322    -0.1727047    -0.1095937    -0.08567724    0.08364404    0.1766143    -0.03620868    -0.1263499    -0.07152569    0.1316732    0.1212015    -0.037562    -0.004582885    -0.04296578    0.02552021    0.05643201    -0.07085672    0.02534303    -0.007865883    -0.05393668    -0.01592101    0.0452931    0.0338047    -0.020371    -0.04451033    0.006222414    0.03073797    -0.08447945    -0.07770937    0.05651413    0.1102664    0.02200722
-0.04173183    0.02837125    -0.06421367    -0.08823668    0.116167    -0.01884682    0.005656384    -0.02203385    -0.05167475    0.09152064    0.003167241    0.1793267    0.1082349    -0.1049033    -0.07809915    -0.3425514    1    -0.6241456    -0.2792986    0.1218277    0.01189034    -0.1099098    -0.06119945    0.06726883    0.08203335    -0.0578075    0.00617488    0.07724433    -0.001794454    -0.04895622    -0.007700104    0.04115698    0.002289715    0.005184631    0.00498496    0.06583697    -0.06241659    -0.04868701    0.01462974    0.03298719    -0.01221896    -0.09842613    0.05058382    0.03587219    0.01075131    -0.02690586    0.006442792    0.09219105    0.04895535    -0.1754709    0.0457438    0.02730782    -0.02652208    -0.009126031    0.04985198    -0.01423017    -0.05531898    -0.08319305    -0.0007395214    0.1231705    0.01319556    0.03898592    0.01077077    -0.01010976    0.04019231    0.002706932    0.02306117    0.00103875    -0.007419912    0.03841537    -0.02692572    0.05480855    0.002903606    -0.06230863    0.03465143    -0.01271848    -0.05954494    -0.006231811    -7.483683e-05    0.003392176    -0.0150622    0.01909466    0.01027337    -0.01022215    -0.02755133    -0.01779192    0.02507684    0.01382804    0.01303361    0.01928556
-0.06669368    -0.05689195    -0.03536227    -0.08628976    0.1020139    -0.0562046    -0.04410005    -0.04005337    -0.0246916    0.03042259    -0.0895068    0.1450969    0.1933872    -0.03284362    -0.1983519    -0.24755    -0.6241456    1    -0.2963397    -0.2330515    0.04877607    -0.05211566    -0.1575486    -0.02371983    0.1280792    0.01083277    0.0509241    0.004399219    -0.04552222    -0.007806166    0.01698329    0.05278118    -0.006103072    -0.01968382    -0.02087392    0.06110959    -0.07642917    -0.07359805    0.09566148    0.07830104    0.1405388    -0.0142625    -0.1410526    0.04865965    0.06522706    0.00364856    -0.001524695    -0.02054624    -0.00354238    0.1007749    -0.03524317    -0.001486236    0.04598123    0.02887792    -0.1117265    0.04660471    -0.13866    -0.1110675    0.009018355    0.09334538    -0.04213796    0.02540923    0.06320094    -0.03363117    -0.0943907    -0.04358652    0.031866    0.05279601    -0.001865628    -0.08638982    0.007017316    -0.04656564    -0.03707781    0.01395382    0.05423006    0.01543309    -0.01418111    -0.02743036    0.03781053    -0.002227902    0.03604504    -0.03829034    -0.04505017    0.01594886    0.03695036    -0.01887102    0.02595673    0.07922218    0.0074203    -0.1310156
0.0707084    -0.01663733    0.01248344    0.1332735    -0.1270012    0.0542777    0.01842059    0.01756891    0.01408683    -0.04195618    0.1761761    -0.2185411    -0.2592305    0.1353615    0.1494826    0.1688995    -0.2792986    -0.2963397    1    -0.3314129    0.01751401    0.05822751    0.07922929    0.05887532    -0.1383074    0.01160255    -0.06977074    -0.06388856    0.02241983    0.07978027    -0.02263409    -0.07091541    -0.01417219    -0.03236774    0.05463202    -0.007234747    0.09957108    0.04294351    -0.06959932    -0.1054308    -0.01920492    0.0355328    0.05907627    -0.03329079    -0.07680343    -0.06930924    -0.08401437    0.06103516    0.1061077    -0.00217204    0.1556508    0.1312641    -0.06975276    -0.125634    -0.06005435    0.0621305    0.0304492    0.09469406    0.1060693    -0.1845677    0.1578264    0.07053546    -0.1094114    -0.06955907    -0.0482123    0.1993922    0.08101921    -0.1072662    -0.07815568    -0.06487866    -0.01576923    -0.03294314    0.01581278    0.02762851    -0.01828486    0.01564002    0.06651673    -0.005568377    -0.05730079    0.0346916    -0.05122849    -0.0004235332    0.01859759    -0.02506514    0.05159398    0.2354998    0.07558538    -0.1578722    -0.08792805    -0.01408765
0.03126267    0.04394241    0.06460526    0.0390444    -0.03871811    -0.02178732    0.0200206    0.05742907    0.05936459    -0.06146077    -0.1818439    -0.07608191    0.04835366    -0.02617771    0.1391772    0.007790085    0.1218277    -0.2330515    -0.3314129    1    -0.09773678    0.09706521    0.1241814    -0.1282615    -0.006289234    0.01080253    -0.01518604    0.01995498    0.03607049    -0.04102867    0.02810161    0.02308672    0.01445719    0.01612385    -0.05921099    -0.137052    0.02366438    0.0930267    -0.06346626    -0.01640351    -0.1315544    0.0147975    0.05810587    -0.009235673    0.02932604    -0.01267065    -0.00614099    -0.1081869    -0.07353396    0.255919    -0.05886408    -0.1385741    -0.03817062    0.003018188    0.03084064    -0.1135222    0.1653012    0.08421711    -0.1468627    0.0006379365    -0.06123957    -0.1298765    0.009222717    0.02912565    -0.04626603    -0.04278369    -0.1147302    -0.008738951    0.003373388    -0.0197679    0.02676728    0.05069387    0.03062471    0.01187546    -0.07281335    -0.007862747    0.04712069    0.04714826    -0.009746172    -0.02479599    -0.01819155    0.01863395    0.05416043    0.04290818    -0.07564668    -0.1188029    -0.1060314    0.02790666    -0.02140475    -0.006324006
-0.02445343    -0.05551138    -0.007382865    0.04355567    -0.01461965    0.0903397    -0.06446558    -0.09752438    0.01095991    0.004930282    0.09717232    -0.03067778    -0.05156854    0.08828579    -0.04240613    0.02656314    0.01189034    0.04877607    0.01751401    -0.09773678    1    0.1175183    -0.6888881    -0.007499106    0.04592695    0.08694139    -0.02638908    -0.07670846    0.01887231    0.05163376    0.01320145    -0.0683779    -0.02759256    0.09401442    -0.02440882    0.07498957    -0.03742716    -0.02100189    0.006554316    -0.006771614    0.003247247    -0.009592399    -0.01904375    0.0007578802    0.03226231    -0.002827093    0.04732857    0.0264577    -0.002927206    -0.02724981    0.05779381    -0.1090101    0.009181866    0.1207891    -0.1029446    0.1157756    -0.04191203    -0.09226187    0.08414962    -0.01413134    0.0380802    -0.02176642    -0.009570576    0.05724391    -0.07192983    0.03706809    -0.02777498    -0.0009125502    0.04669799    -0.06501368    -0.05247648    -0.06287038    0.01559836    0.01989635    0.00947159    0.105054    0.02556331    -0.1144393    -0.05624636    0.05673564    0.05666407    -0.004607897    -0.07351578    -0.0410724    0.05395607    0.03811379    0.0649115    -0.01489147    -0.01745127    -0.04125743
-0.00728827    0.07994208    0.1051694    -0.03030949    -0.07896462    0.005439    0.1362499    0.01116563    -0.1022798    0.04498057    -0.08722816    -0.06843121    0.009508551    -0.01406343    0.08882602    0.05578644    -0.1099098    -0.05211566    0.05822751    0.09706521    0.1175183    1    -0.2907878    -0.6958708    0.2802592    0.0006878979    0.02787225    -0.04002563    -0.06277328    0.07801242    -0.06545003    0.01269332    0.05536218    -0.08915411    0.05215381    -0.04420805    0.02502008    0.03777329    -0.1153491    0.02647943    -0.07782294    0.01018996    0.02807792    -0.03670038    0.04059141    0.009482024    -0.03336089    -0.05505825    0.01100202    0.008629717    -0.02805541    -0.08229511    -0.08719055    -0.05946678    0.1862357    -0.1231349    0.1208315    0.1789918    -0.1074679    -0.04166409    -0.02183843    -0.02360381    -0.06612683    -0.004014732    0.09920096    0.008134685    -0.05955376    -0.06734158    -0.001248415    0.0888398    0.05543488    -0.06671004    -0.07136681    0.04426683    0.01652237    -0.0260729    -0.05994205    0.009600527    0.06156277    -0.04081809    -0.063753    0.02209153    0.02319136    -0.03409314    0.02164125    0.003563782    -0.03867463    -0.0274839    0.0240722    0.01749138
0.02983422    0.03391737    0.01888647    0.0303423    -0.04492463    -0.05772181    0.08760612    0.153977    -0.006346156    -0.1036106    -0.08667009    -0.0343644    -0.07544323    -0.08150698    0.1915411    0.1539805    -0.06119945    -0.1575486    0.07922929    0.1241814    -0.6888881    -0.2907878    1    0.09759804    -0.538035    -0.1055706    -0.02019566    0.0683465    0.01648555    -0.02745948    -0.04430823    -0.01967199    -0.009121514    -0.06257924    0.1070096    -0.1161965    0.06290102    0.0009507525    -0.0358277    0.05666184    -0.09255916    0.06569828    0.05244081    -0.1052417    0.002946527    0.01708506    0.005955372    -0.01365    -0.03249318    0.009995071    -0.07832443    0.01206705    -0.05838536    -0.0788725    0.1861061    -0.05264226    0.1616217    0.1116544    -0.06725762    -0.08410259    -0.05176288    -0.04192296    0.0001480329    -0.02375705    0.08573061    -0.04862106    0.0101111    -0.02845086    -0.05266294    0.1308193    0.06996076    0.02175862    -0.07768749    -0.03088349    0.05794758    -0.09414703    -0.05031649    0.04611685    0.005022218    0.02445067    9.040841e-05    -0.04262509    -0.02525349    0.01080389    0.01191381    -0.04921008    -0.006044469    0.01836305    -0.003917189    0.04829828
0.02248903    -0.06721558    -0.1032105    0.01397458    0.07609251    0.00608729    -0.1335838    -0.007917199    0.172178    -0.05899862    0.1380336    -0.03209805    -0.1066749    0.04104409    -0.01750514    0.0386632    0.06726883    -0.02371983    0.05887532    -0.1282615    -0.007499106    -0.6958708    0.09759804    1    -0.4298296    0.03322856    -0.0263834    -0.03610461    0.0425188    -0.01214537    0.1020118    -0.1085737    -0.1068883    0.1191929    -0.009081046    0.03599704    -0.03339441    -0.006906887    0.05228453    -0.05367588    0.009908147    0.02584176    -0.01165603    0.00215075    0.002114588    -0.05357492    0.04211056    0.1192705    0.004471113    -0.06904954    0.06681686    -0.06112158    0.008848863    0.1275067    -0.121465    0.1664629    -0.09212589    -0.1347867    0.1750422    -0.04588428    0.05390506    0.01968625    -0.00458688    0.03433927    -0.0645121    0.03795101    -0.0132637    0.01598057    0.05548065    -0.07454921    -0.09681479    0.02869979    0.09249291    -0.01988521    -0.003017078    0.01938912    0.02896676    -0.06556923    -0.07617464    0.1128743    0.0235459    -0.06329387    -0.03923699    0.03437595    0.03246794    0.02671605    0.07705192    0.02414094    -0.006282117    -0.04155574
-0.04256319    0.03860115    0.01341977    -0.0790857    0.04925242    -0.005567362    0.01491064    -0.08716705    -0.1016929    0.1864454    -0.01523424    0.1146362    0.1357757    -0.007125094    -0.1416398    -0.2203005    0.08203335    0.1280792    -0.1383074    -0.006289234    0.04592695    0.2802592    -0.538035    -0.4298296    1    0.05994318    0.04297992    -0.0143358    -0.04346975    -0.009830914    -0.02018995    0.142373    0.06536231    -0.04589821    -0.09901867    0.07739879    -0.04079782    0.02446011    0.01787728    -0.06595801    0.08729528    -0.1167188    -0.0003244897    0.1339029    -0.04678849    -0.01413153    -0.0856748    -0.02898177    0.06155649    0.01053087    0.03392326    0.1139882    0.06910205    -0.03286044    -0.1417786    -0.05795392    -0.1016785    -0.04878234    -0.05125597    0.1051442    0.003317635    0.0451736    0.0347411    -0.003308406    -0.05641627    0.001941615    0.01869545    0.05218478    0.02072014    -0.1223152    -0.0101924    0.006944417    0.04364735    0.02965258    -0.07357629    0.02204073    0.03465393    0.06587695    0.0615801    -0.120212    -0.01502537    0.09038256    0.08943123    -0.02191114    -0.05633799    -0.02745773    -0.07163876    0.009207482    0.04189701    -0.04891097
0.06621934    -0.08912375    -0.008892919    0.141704    -0.09934181    0.05842447    -0.1006011    -0.07846488    0.09075988    -0.03219403    0.06777358    -0.02951339    -0.05889854    0.02962524    -0.02088288    0.05389543    -0.0578075    0.01083277    0.01160255    0.01080253    0.08694139    0.0006878979    -0.1055706    0.03322856    0.05994318    1    -0.02954475    -0.6886428    -0.02435365    0.001571975    0.06443082    -0.07015391    -0.05780759    0.1339086    -0.02215292    -0.00115061    0.04618252    0.02695653    0.03478215    -0.08354777    0.02210497    -0.005625861    0.01153422    -0.01543189    -0.0372272    0.01563207    0.03944733    -0.04878728    0.01403903    0.008049107    -0.09162924    0.03798744    0.1165212    -0.007314125    -0.06510241    0.1096161    -0.03679114    -0.09023539    0.1049995    -0.01560174    0.1348329    -0.1027551    -0.09106725    0.149632    -0.0641545    -0.005726172    -0.05943923    0.03238843    0.1181485    -0.09600679    -0.1351449    -0.3162261    0.07892803    0.4071962    -0.05170482    -0.006324184    -0.003025217    0.0002312568    0.0275608    -0.002782145    0.002441896    -0.02419697    0.0301268    0.01496668    -0.04018266    0.1248173    -0.1155325    -0.1105805    0.1767402    -0.05914807
-0.1088972    -0.07692517    -0.07442783    -0.05806259    0.1484838    -0.05524    0.1137481    0.06362443    -0.05576379    -0.0283994    -0.03256545    0.06014817    0.0487907    -0.01393313    -0.08405107    -0.04041079    0.00617488    0.0509241    -0.06977074    -0.01518604    -0.02638908    0.02787225    -0.02019566    -0.0263834    0.04297992    -0.02954475    1    -0.230843    -0.6910545    0.2013255    -0.05546732    -0.002827555    0.02384357    -0.06292279    0.07814099    0.09437929    -0.1324697    -0.09793039    0.08105257    0.135179    -0.06562623    0.03405532    0.0243466    -0.0784151    0.05082583    -0.05954499    0.03417341    0.0154458    -0.03931256    0.03904448    -0.04920301    -0.05762246    0.02099966    0.04462724    0.03819855    -0.08031891    -0.03798509    0.05166643    -0.03317085    0.01942614    -0.1088338    -0.03317463    -0.0156299    -0.05154363    0.1274984    -0.08422547    -0.02148169    -0.001140089    -0.02670523    0.1069603    -0.2971513    0.01706269    0.3314899    0.09174125    -0.1051905    -0.002488634    -0.04091684    -0.008947251    0.01088409    -0.008096523    -0.04686053    -0.001171372    0.01298223    0.01444384    -0.03086101    -0.102223    -0.01980947    -0.01923039    -0.07527398    0.1578336
-0.07793142    0.02483626    -0.04799066    -0.1313163    0.1417193    -0.03652682    0.1340073    0.07276736    -0.04223015    0.02402139    -0.01853442    -0.02418068    0.07776806    0.02187897    -0.03049155    -0.07738388    0.07724433    0.004399219    -0.06388856    0.01995498    -0.07670846    -0.04002563    0.0683465    -0.03610461    -0.0143358    -0.6886428    -0.230843    1    -0.006458427    -0.3909671    -0.02648205    0.01348771    -0.001865565    -0.1240855    0.09211669    0.0575962    -0.1205885    -0.04888089    0.1090982    0.06119841    -0.07607799    -0.001608413    0.04197843    -0.03385146    0.02032892    -0.03895372    0.00825929    0.0700736    -0.02627683    -0.0203351    0.09372042    -0.006732673    -0.09861772    0.0295    0.01024666    -0.1165714    -0.004719445    0.06854383    -0.08891676    0.06255886    -0.09750841    0.02030822    0.008943187    -0.1243313    0.1263049    0.02240141    0.01033089    -0.05804785    -0.06108805    0.08193496    0.08202919    0.3417959    0.025908    -0.2487614    -0.0629159    -0.005340941    -0.04194383    -0.03784456    -0.03117283    0.05570123    -0.02167811    -0.01926784    -0.04874781    -0.01805607    0.08730085    -0.09236206    0.009773263    0.02511242    -0.1310994    0.1178758
0.09708115    0.006941856    -0.01705087    0.05721546    -0.04974588    0.0825026    -0.09334001    -0.01025244    0.05362087    -0.07454313    0.04042199    -0.01952682    -0.07632229    -0.004943796    0.05859478    0.0345248    -0.001794454    -0.04552222    0.02241983    0.03607049    0.01887231    -0.06277328    0.01648555    0.0425188    -0.04346975    -0.02435365    -0.6910545    -0.006458427    1    -0.3307153    0.05139153    -0.03882252    -0.07138099    0.06367587    -0.02674284    0.02361104    0.08941838    0.02291733    -0.01312803    -0.09653067    -0.03701212    0.004282911    0.02254124    0.008661871    -0.02409745    0.07530365    -0.03014948    -0.01112012    0.05435111    -0.06637589    0.01519089    0.08854756    0.03698186    -0.04423118    -0.05474142    0.1007805    0.02156738    -0.103534    0.03191942    -0.002677041    0.08028699    -0.07731322    -0.05019253    0.09218421    -0.0281656    0.0405404    -0.002027345    0.002981894    0.03780915    -0.06965843    0.4834642    0.04986708    -0.310246    -0.1127866    -0.07899863    0.03629479    0.02441282    -0.0470697    -0.009796862    0.05305026    0.04628176    -0.05213211    -0.06164212    -0.01098869    0.09718906    0.06959323    -0.06669911    -0.02460443    0.11518    -0.08923101
0.06477236    0.1031524    0.08121752    0.0411066    -0.1247196    -0.02101955    -0.05134254    -0.06725318    -0.01557287    0.0776143    -0.02486809    0.03791219    -0.03763317    -0.04511865    0.08546537    0.05482764    -0.04895622    -0.007806166    0.07978027    -0.04102867    0.05163376    0.07801242    -0.02745948    -0.01214537    -0.009830914    0.001571975    0.2013255    -0.3909671    -0.3307153    1    -0.02051223    0.04563923    0.1137046    0.03057345    -0.1325142    -0.1065874    0.1154676    0.0681405    -0.1928973    -0.03969898    0.120062    -0.064261    -0.04854096    0.116031    0.0007749348    -0.01274756    -0.03079329    0.005564181    -0.01992162    0.03004776    -0.01244836    -0.04533453    -0.0184135    -0.01921662    0.05064297    0.0213995    0.03685069    0.01935239    0.02303167    -0.03243195    -0.01604173    0.1286633    0.1188782    -0.01096831    -0.1376726    0.01276683    0.06091751    0.02938047    -0.0394169    -0.03719238    -0.1597247    -0.2154691    -0.009454677    0.002635366    -0.04497447    -0.003575355    0.07434816    0.08048503    -0.001377743    -0.09855602    0.0163327    0.08368623    0.06951794    0.003541737    -0.1179821    0.01616435    0.1203652    0.0702878    -0.007335686    -0.1173098
0.007737359    -0.04952563    -0.01840606    -0.00589075    0.03597718    0.09440415    -0.1071896    -0.0540998    0.1925161    -0.07844199    0.05167966    -0.09588906    -0.03325535    0.05996405    0.05134978    -0.006771738    -0.007700104    0.01698329    -0.02263409    0.02810161    0.01320145    -0.06545003    -0.04430823    0.1020118    -0.02018995    0.06443082    -0.05546732    -0.02648205    0.05139153    -0.02051223    1    -0.09296697    -0.5872855    0.1205512    -0.008874198    -0.05986906    -0.03557438    0.01385454    -0.006368595    0.05900022    0.02976092    0.01818533    0.009618376    0.06954611    -0.1375378    -0.0230327    0.04382166    0.007039563    -0.01722156    0.02898905    0.04926505    -0.1176351    -0.03088224    0.1632472    -0.09398396    0.1030662    -0.07605895    -0.06870183    0.09936693    0.01169829    0.04710214    0.01754277    -0.03626073    -0.004614688    0.001635322    0.09144331    -0.1395352    -0.06685502    0.1552404    -0.05712691    -0.06106963    -0.04165248    0.01877955    0.05273184    -0.00498728    -0.005303463    0.03586342    0.02341528    0.0162719    -0.01294772    -0.1179656    -0.2980671    0.06641426    0.4483354    -0.1221541    0.05763775    -0.1311562    -0.03322864    0.1651721    -0.07828577
