1    -0.02954475    -0.6886428    -0.02435365    0.001571975    0.06443082    -0.07015391    -0.05780759    0.1339086    -0.02215292    0.01563207    0.03944733    -0.04878728    0.01403903    0.008049107    -0.09162924    0.03798744    0.1165212    -0.007314125    -0.06510241    -0.1351449    -0.3162261    0.07892803    0.4071962    -0.05170482    -0.006324184    -0.003025217    0.0002312568    0.0275608    -0.002782145
-0.02954475    1    -0.230843    -0.6910545    0.2013255    -0.05546732    -0.002827555    0.02384357    -0.06292279    0.07814099    -0.05954499    0.03417341    0.0154458    -0.03931256    0.03904448    -0.04920301    -0.05762246    0.02099966    0.04462724    0.03819855    -0.2971513    0.01706269    0.3314899    0.09174125    -0.1051905    -0.002488634    -0.04091684    -0.008947251    0.01088409    -0.008096523
-0.6886428    -0.230843    1    -0.006458427    -0.3909671    -0.02648205    0.01348771    -0.001865565    -0.1240855    0.09211669    -0.03895372    0.00825929    0.0700736    -0.02627683    -0.0203351    0.09372042    -0.006732673    -0.09861772    0.0295    0.01024666    0.08202919    0.3417959    0.025908    -0.2487614    -0.0629159    -0.005340941    -0.04194383    -0.03784456    -0.03117283    0.05570123
-0.02435365    -0.6910545    -0.006458427    1    -0.3307153    0.05139153    -0.03882252    -0.07138099    0.06367587    -0.02674284    0.07530365    -0.03014948    -0.01112012    0.05435111    -0.06637589    0.01519089    0.08854756    0.03698186    -0.04423118    -0.05474142    0.4834642    0.04986708    -0.310246    -0.1127866    -0.07899863    0.03629479    0.02441282    -0.0470697    -0.009796862    0.05305026
0.001571975    0.2013255    -0.3909671    -0.3307153    1    -0.02051223    0.04563923    0.1137046    0.03057345    -0.1325142    -0.01274756    -0.03079329    0.005564181    -0.01992162    0.03004776    -0.01244836    -0.04533453    -0.0184135    -0.01921662    0.05064297    -0.1597247    -0.2154691    -0.009454677    0.002635366    -0.04497447    -0.003575355    0.07434816    0.08048503    -0.001377743    -0.09855602
0.06443082    -0.05546732    -0.02648205    0.05139153    -0.02051223    1    -0.09296697    -0.5872855    0.1205512    -0.008874198    -0.0230327    0.04382166    0.007039563    -0.01722156    0.02898905    0.04926505    -0.1176351    -0.03088224    0.1632472    -0.09398396    -0.06106963    -0.04165248    0.01877955    0.05273184    -0.00498728    -0.005303463    0.03586342    0.02341528    0.0162719    -0.01294772
-0.07015391    -0.002827555    0.01348771    -0.03882252    0.04563923    -0.09296697    1    -0.2674181    -0.5953015    0.2580198    0.0002750232    -0.0293273    0.006297461    0.03043274    -0.03518806    -0.05184876    0.07176172    -0.03781501    -0.1925416    0.1628168    0.03857028    0.01328375    -0.04970586    -0.03546888    0.03272484    0.002553311    -0.02078851    0.01601615    0.0001710993    -0.01667433
-0.05780759    0.02384357    -0.001865565    -0.07138099    0.1137046    -0.5872855    -0.2674181    1    -0.09069658    -0.3813491    0.003161911    -0.009085525    0.06250807    0.01240716    -0.0775968    -0.0417618    -0.05885779    -0.1049232    -0.07321295    0.1991867    0.01633288    -0.00587882    -0.01083107    -0.02651377    0.01582178    -0.03140881    -0.01462852    0.02127022    0.01519333    -0.0343766
0.1339086    -0.06292279    -0.1240855    0.06367587    0.03057345    0.1205512    -0.5953015    -0.09069658    1    -0.4833    0.0254669    0.08001129    0.01650687    -0.05122752    0.00526952    0.05928642    -0.1474505    -0.009321575    0.195102    -0.1106225    -0.07212233    -0.02811238    0.03316674    0.002412025    0.03391574    0.001390956    0.02920639    0.01321162    0.02770152    -0.000693453
-0.02215292    0.07814099    0.09211669    -0.02674284    -0.1325142    -0.008874198    0.2580198    -0.3813491    -0.4833    1    -0.01701656    -0.05960014    -0.06681116    0.02994303    0.03462136    -0.007809671    0.1851792    0.1013714    -0.04979448    -0.1077125    0.04512267    0.04657365    -0.02245275    0.01074679    -0.02995025    0.02596057    -0.0326868    -0.04390219    -0.03538663    0.01377583
0.01563207    -0.05954499    -0.03895372    0.07530365    -0.01274756    -0.0230327    0.0002750232    0.003161911    0.0254669    -0.01701656    1    -0.2296069    -0.743259    0.1712309    0.09838464    -0.09466229    -0.0715232    0.1254426    0.1020719    -0.09814372    0.1072646    -0.04512088    -0.07552583    -0.008426058    0.006258214    0.01656886    -0.2055967    -0.04390103    0.2068011    -0.09176322
0.03944733    0.03417341    0.00825929    -0.03014948    -0.03079329    0.04382166    -0.0293273    -0.009085525    0.08001129    -0.05960014    -0.2296069    1    0.1247282    -0.7481843    0.2853823    -0.1264362    0.005904659    0.1259589    0.04967899    -0.06030593    -0.02455228    0.1082446    0.04110864    -0.04767247    -0.0205369    -0.116807    -0.0391434    0.02390862    0.01072822    0.04233635
-0.04878728    0.0154458    0.0700736    -0.01112012    0.005564181    0.007039563    0.006297461    0.06250807    0.01650687    -0.06681116    -0.743259    0.1247282    1    -0.1546872    -0.4145793    0.07838862    0.07185313    -0.08737956    -0.05895017    0.04098928    -0.07629771    0.08181584    0.13183    -0.02622744    -0.1019825    0.003933336    0.07085692    -0.04086499    -0.163016    0.1286928
0.01403903    -0.03931256    -0.02627683    0.05435111    -0.01992162    -0.01722156    0.03043274    0.01240716    -0.05122752    0.02994303    0.1712309    -0.7481843    -0.1546872    1    -0.613247    0.1565662    0.04850491    -0.0843628    -0.09004409    0.01908044    -0.008014986    -0.09557749    0.004808352    0.1089362    -0.04019657    0.1100344    0.01224132    -0.1021332    -0.04733093    0.07629642
0.008049107    0.03904448    -0.0203351    -0.06637589    0.03004776    0.02898905    -0.03518806    -0.0775968    0.00526952    0.03462136    0.09838464    0.2853823    -0.4145793    -0.613247    1    -0.1061007    -0.07601201    0.05149282    0.0668769    -0.05802803    0.01721803    -0.02113992    -0.100766    -0.03088945    0.2042202    -0.1055217    0.01189305    0.1535524    0.1220876    -0.1012406
-0.09162924    -0.04920301    0.09372042    0.01519089    -0.01244836    0.04926505    -0.05184876    -0.0417618    0.05928642    -0.007809671    -0.09466229    -0.1264362    0.07838862    0.1565662    -0.1061007    1    0.05016715    -0.7652618    -0.2164396    0.2527462    0.1909245    0.07031001    -0.1807621    -0.1185183    0.077178    -0.06744878    -0.06528374    0.0610014    0.09847936    -0.04109018
0.03798744    -0.05762246    -0.006732673    0.08854756    -0.04533453    -0.1176351    0.07176172    -0.05885779    -0.1474505    0.1851792    -0.0715232    0.005904659    0.07185313    0.04850491    -0.07601201    0.05016715    1    0.07725506    -0.7808682    0.1179414    0.06206935    0.1372399    -0.03301078    -0.1247451    0.01291897    -0.06224125    0.0773126    0.1233002    -0.01906659    -0.05702872
0.1165212    0.02099966    -0.09861772    0.03698186    -0.0184135    -0.03088224    -0.03781501    -0.1049232    -0.009321575    0.1013714    0.1254426    0.1259589    -0.08737956    -0.0843628    0.05149282    -0.7652618    0.07725506    1    0.210168    -0.6410685    -0.1453883    -0.05482711    0.1896746    0.1210361    -0.1523482    0.08847438    0.1177397    -0.02743997    -0.06673486    -0.008507817
-0.007314125    0.04462724    0.0295    -0.04423118    -0.01921662    0.1632472    -0.1925416    -0.07321295    0.195102    -0.04979448    0.1020719    0.04967899    -0.05895017    -0.09004409    0.0668769    -0.2164396    -0.7808682    0.210168    1    -0.5415401    -0.124665    -0.1117934    0.1250539    0.1789884    -0.1091015    0.114721    0.007375884    -0.09873641    -0.02684394    0.01511229
-0.06510241    0.03819855    0.01024666    -0.05474142    0.05064297    -0.09398396    0.1628168    0.1991867    -0.1106225    -0.1077125    -0.09814372    -0.06030593    0.04098928    0.01908044    -0.05802803    0.2527462    0.1179414    -0.6410685    -0.5415401    1    0.08516971    0.0399492    -0.142886    -0.1183964    0.2348613    -0.0916817    -0.1155987    0.0184697    0.02839411    -0.01388123
-0.1351449    -0.2971513    0.08202919    0.4834642    -0.1597247    -0.06106963    0.03857028    0.01633288    -0.07212233    0.04512267    0.1072646    -0.02455228    -0.07629771    -0.008014986    0.01721803    0.1909245    0.06206935    -0.1453883    -0.124665    0.08516971    1    0.02908078    -0.7833883    -0.1832564    0.1855046    -0.07737391    -0.05215595    0.04417618    0.07019838    -0.03367996
-0.3162261    0.01706269    0.3417959    0.04986708    -0.2154691    -0.04165248    0.01328375    -0.00587882    -0.02811238    0.04657365    -0.04512088    0.1082446    0.08181584    -0.09557749    -0.02113992    0.07031001    0.1372399    -0.05482711    -0.1117934    0.0399492    0.02908078    1    0.1197286    -0.7818992    0.104468    -0.04522939    -0.06440393    -0.004715029    0.03261016    0.03067191
0.07892803    0.3314899    0.025908    -0.310246    -0.009454677    0.01877955    -0.04970586    -0.01083107    0.03316674    -0.02245275    -0.07552583    0.04110864    0.13183    0.004808352    -0.100766    -0.1807621    -0.03301078    0.1896746    0.1250539    -0.142886    -0.7833883    0.1197286    1    0.183956    -0.5796155    0.07661353    0.01021009    -0.08486268    -0.07393855    0.09066545
0.4071962    0.09174125    -0.2487614    -0.1127866    0.002635366    0.05273184    -0.03546888    -0.02651377    0.002412025    0.01074679    -0.008426058    -0.04767247    -0.02622744    0.1089362    -0.03088945    -0.1185183    -0.1247451    0.1210361    0.1789884    -0.1183964    -0.1832564    -0.7818992    0.183956    1    -0.5016877    0.03843592    0.05561709    -0.05450506    -0.0772906    0.08806092
-0.05170482    -0.1051905    -0.0629159    -0.07899863    -0.04497447    -0.00498728    0.03272484    0.01582178    0.03391574    -0.02995025    0.006258214    -0.0205369    -0.1019825    -0.04019657    0.2042202    0.077178    0.01291897    -0.1523482    -0.1091015    0.2348613    0.1855046    0.104468    -0.5796155    -0.5016877    1    -0.06206813    -0.04147707    0.101886    0.09768344    -0.1372463
-0.006324184    -0.002488634    -0.005340941    0.03629479    -0.003575355    -0.005303463    0.002553311    -0.03140881    0.001390956    0.02596057    0.01656886    -0.116807    0.003933336    0.1100344    -0.1055217    -0.06744878    -0.06224125    0.08847438    0.114721    -0.0916817    -0.07737391    -0.04522939    0.07661353    0.03843592    -0.06206813    1    0.2292549    -0.7925327    -0.3398313    0.2443113
-0.003025217    -0.04091684    -0.04194383    0.02441282    0.07434816    0.03586342    -0.02078851    -0.01462852    0.02920639    -0.0326868    -0.2055967    -0.0391434    0.07085692    0.01224132    0.01189305    -0.06528374    0.0773126    0.1177397    0.007375884    -0.1155987    -0.05215595    -0.06440393    0.01021009    0.05561709    -0.04147707    0.2292549    1    0.0582692    -0.7753216    0.1000554
0.0002312568    -0.008947251    -0.03784456    -0.0470697    0.08048503    0.02341528    0.01601615    0.02127022    0.01321162    -0.04390219    -0.04390103    0.02390862    -0.04086499    -0.1021332    0.1535524    0.0610014    0.1233002    -0.02743997    -0.09873641    0.0184697    0.04417618    -0.004715029    -0.08486268    -0.05450506    0.101886    -0.7925327    0.0582692    1    0.2852451    -0.6086443
0.0275608    0.01088409    -0.03117283    -0.009796862    -0.001377743    0.0162719    0.0001710993    0.01519333    0.02770152    -0.03538663    0.2068011    0.01072822    -0.163016    -0.04733093    0.1220876    0.09847936    -0.01906659    -0.06673486    -0.02684394    0.02839411    0.07019838    0.03261016    -0.07393855    -0.0772906    0.09768344    -0.3398313    -0.7753216    0.2852451    1    -0.503745
-0.002782145    -0.008096523    0.05570123    0.05305026    -0.09855602    -0.01294772    -0.01667433    -0.0343766    -0.000693453    0.01377583    -0.09176322    0.04233635    0.1286928    0.07629642    -0.1012406    -0.04109018    -0.05702872    -0.008507817    0.01511229    -0.01388123    -0.03367996    0.03067191    0.09066545    0.08806092    -0.1372463    0.2443113    0.1000554    -0.6086443    -0.503745    1
