1    -0.06179415    -0.5939001    -0.1180336    0.02355674    0.08413338    -0.1154386    -0.1000648    0.1109304    -0.005129378    0.1634554    0.003167241    -0.0895068    0.1761761    -0.1818439    0.09717232    -0.08722816    -0.08667009    0.1380336    -0.01523424    0.06777358    -0.03256545    -0.01853442    0.04042199    -0.02486809    0.05167966    -0.1152897    0.02066657    0.09069551    -0.05447833    0.1389514    -0.07622373    -0.01234681    0.06220939    -0.03429451    0.08197752    -0.001425257    -0.03697838    0.03881304    -0.05002561    -0.04035273    0.0431109    0.07112415    -0.02322071    -0.04646692    -0.03065267    -0.01769961    0.05009034    0.0559951    -0.06036414    0.1162023    -0.1066769    -0.1043039    0.1754894    -0.02627036    0.007482569    0.01891509    -0.01843323    0.01437767    -0.006697406    0.01295838    -0.05850945    -0.01582909    0.09730831    -0.05142728    -0.03900693    0.010278    0.04526071    0.001371452    -0.02929836    0.1060747    -0.02626833    -0.08276362    0.01211681    0.009421968    0.01695272    -0.01407648    -0.03416736    0.06627287    -0.04323028
-0.06179415    1    -0.1008464    -0.6099681    0.04573424    -0.1428794    0.01691515    0.04397782    -0.1383665    0.07189472    -0.3052673    0.1793267    0.1450969    -0.2185411    -0.07608191    -0.03067778    -0.06843121    -0.0343644    -0.03209805    0.1146362    -0.02951339    0.06014817    -0.02418068    -0.01952682    0.03791219    -0.09588906    0.06631092    0.06696303    -0.05048789    0.03211869    0.01998462    0.002208098    -0.06512863    -0.006803569    0.05613285    0.001560001    -0.07429014    0.02348987    -0.01501669    0.07973867    0.04956068    -0.05752618    -0.01767491    0.07328264    -0.0597043    0.0311435    0.02083692    -0.01284636    5.780415e-05    -0.009904912    -0.09981231    -0.07278751    -0.0120283    -0.04702475    0.1095547    0.03406298    0.01750032    0.002225363    -0.008353258    -0.0243514    0.0268858    0.04548053    -0.01269761    -0.01923355    -0.01348765    0.02731022    0.005732828    -0.03554778    -0.0358857    0.03533958    0.02149667    0.01418499    -0.0290766    -0.01621258    -0.02431367    0.05017908    0.03859853    0.0003286684    0.003572982    -0.05133569
-0.5939001    -0.1008464    1    -0.06423964    -0.3811407    -0.1447721    0.02736427    0.0232221    -0.1129713    0.1703574    -0.2913777    0.1082349    0.1933872    -0.2592305    0.04835366    -0.05156854    0.009508551    -0.07544323    -0.1066749    0.1357757    -0.05889854    0.0487907    0.07776806    -0.07632229    -0.03763317    -0.03325535    0.1240084    -0.02484923    -0.04320801    -0.007768238    -0.03104105    -0.004586906    -0.0329702    -0.02977939    0.0571621    0.01210735    -0.02341492    -0.03505125    0.02170153    0.03176039    0.003278509    0.0249634    -0.01292407    -0.001454679    0.0291588    0.02020352    0.04184439    -0.005928774    -0.01366671    -0.04291455    -0.08991358    -0.01950374    -0.04552009    -0.1051977    0.1431752    -0.02401794    0.01400013    0.01876383    -0.00799936    -0.02047109    -0.02649808    0.0549    0.02127432    -0.02359991    -0.0332647    -0.01514986    0.03284415    -0.01835454    -0.03479407    0.05644895    -0.06213153    0.007087577    0.0578896    0.007889381    -0.01036099    -0.02512137    0.03133349    0.05872744    -0.01318928    -0.05255804
-0.1180336    -0.6099681    -0.06423964    1    -0.2719001    0.05089662    -0.1121762    -0.07544994    0.1367732    -0.01523543    0.2042444    -0.1049033    -0.03284362    0.1353615    -0.02617771    0.08828579    -0.01406343    -0.08150698    0.04104409    -0.007125094    0.02962524    -0.01393313    0.02187897    -0.004943796    -0.04511865    0.05996405    0.01692201    -0.01928402    -0.02647303    -0.03397779    0.03452722    -0.01647255    -0.03479468    0.09096843    0.03264919    0.02191401    -0.0185645    -0.04593798    0.1056719    0.0109211    0.009487315    -0.008269734    -0.01730028    -0.01782193    0.05507071    -0.03616802    0.003565345    0.0312197    -0.02646607    0.004106452    0.156764    -0.07175043    -0.05450183    0.07758917    -0.06221434    -0.04783721    -0.009089499    0.03052655    -0.00520894    -0.02782029    -0.02478192    0.005719094    0.04061504    -0.02626131    -0.01754155    -0.02370409    -0.04042511    0.02851746    0.03624631    -0.004519646    -0.02213641    0.01209078    0.01265232    0.00995439    0.02421431    -0.002344669    -0.02653181    -0.01451307    -0.00431456    0.01790585
0.02355674    0.04573424    -0.3811407    -0.2719001    1    0.1161216    0.1043566    0.04773272    0.01533999    -0.1622242    0.1571348    -0.07809915    -0.1983519    0.1494826    0.1391772    -0.04240613    0.08882602    0.1915411    -0.01750514    -0.1416398    -0.02088288    -0.08405107    -0.03049155    0.05859478    0.08546537    0.05134978    -0.07520341    -0.03895309    -0.0006839066    0.001843406    -0.1070169    0.0745826    0.08113778    -0.07358305    -0.05988684    -0.09784893    0.06749055    0.06676996    -0.0523314    -0.06221906    -0.02001439    -0.02539951    -0.01385478    0.001364644    2.791224e-05    0.006714172    -0.0517316    -0.02779441    0.009652567    0.05573689    -0.05389333    0.1836952    0.1530053    -0.0742562    -0.09665735    0.02183823    -0.002681004    0.003168661    -7.183558e-05    0.01412672    0.03305312    -0.05874306    -0.01440025    0.004651166    0.0413756    0.007547382    -0.02871708    -0.004351915    0.01826415    -0.03944485    -0.04528354    -0.03258053    0.001015344    0.01467392    0.05891425    -0.01086225    -0.01229876    0.01213007    -0.03356012    0.0535438
0.08413338    -0.1428794    -0.1447721    0.05089662    0.1161216    1    -0.001034051    -0.579239    -0.05867098    -0.04234761    0.09096491    -0.007805737    -0.05682554    0.01084811    0.04652311    0.03864859    -0.06475712    -0.003715495    0.1169609    -0.08696884    0.05757449    -0.04268726    -0.0180722    0.0889704    -0.03966699    0.1670293    -0.1051443    -0.145578    0.09727463    0.008522908    0.07733791    -0.03447539    -0.02487911    0.07180273    -0.03617703    0.1143156    0.007725952    -0.00614488    0.07462603    -0.1769522    -0.001952522    -0.01910817    0.02953536    0.001782647    -0.02566781    -0.01851948    -0.01934781    0.04737624    0.03829547    -0.048897    -0.007373971    -0.03492779    0.003335409    0.07879883    -0.03912897    -0.03090544    0.01078848    0.01556397    0.0037801    0.001732621    0.005077517    -0.027705    0.002501772    0.01215553    0.01095989    -0.03992098    0.04156477    0.06580205    -0.0118017    -0.0666521    0.006205996    -0.04536    -0.04454224    0.05416779    0.02253377    -0.01823968    0.02058904    0.04376419    -0.01302688    -0.01683618
-0.1154386    0.01691515    0.02736427    -0.1121762    0.1043566    -0.001034051    1    -0.09055389    -0.6628608    0.215994    -0.03947123    0.01303465    -0.04360872    0.006132214    0.07489098    -0.07357978    0.0710669    0.1233419    -0.06320749    -0.05696737    -0.08311372    0.07569721    0.1085696    -0.03483069    -0.06891825    -0.07186956    0.03370058    -0.03549441    -0.143073    0.1908255    0.02800331    -0.04696265    -0.06440547    0.04995742    0.09397543    -0.2154166    0.1334074    0.1272619    -0.2732348    0.004523844    -0.06235828    -0.01972189    0.03176132    0.01418295    -0.01421104    0.07440439    -0.04038257    -0.09509261    0.00215162    0.06618737    -0.1001008    0.08336838    0.09657601    -0.0684663    0.004151035    0.01209004    -0.06345213    -0.04215801    0.02782702    0.01933569    0.07627531    -0.04760982    -0.09127487    -0.02146446    0.1003001    0.02816424    -0.02543548    0.000715168    0.04049366    -0.04262547    -0.05024673    -0.06945978    0.009381559    0.01061502    0.01837359    0.01433906    -0.02425017    -0.009726631    -0.0009839155    0.01028365
-0.1000648    0.04397782    0.0232221    -0.07544994    0.04773272    -0.579239    -0.09055389    1    -0.07619338    -0.3353676    0.0318321    -0.0310665    -0.03633748    0.03250505    -0.01385271    -0.07292102    0.08887813    0.1092698    -0.1029734    -0.007283713    -0.1008543    0.1055262    0.09257895    -0.06215974    -0.04718874    -0.1111975    -0.06032263    0.04133    -0.06385503    0.1095042    0.03322025    -0.05748084    -0.04186087    0.03364864    0.05825182    -0.2456727    0.1421659    0.1190543    -0.2171776    0.04432504    0.04005596    -0.008626968    -0.06580115    0.00121369    0.02481854    0.01143923    0.006044124    -0.04063967    0.008111742    0.0557146    -0.01918069    0.1104303    0.07209405    -0.07473172    -0.03790823    0.008178936    -0.003639946    -0.03945109    -0.0263114    0.07992425    0.009688376    -0.003377877    -0.03791284    0.02045753    0.03414966    0.05218314    -0.01777049    -0.0614872    0.001715267    0.04228432    -0.0330276    -0.001933388    0.0310004    -0.0564712    0.02378692    0.003970722    -0.01708219    -0.04912191    0.0106584    0.06532427
0.1109304    -0.1383665    -0.1129713    0.1367732    0.01533999    -0.05867098    -0.6628608    -0.07619338    1    -0.4102918    0.1171963    -0.05925429    -0.02851748    0.05769783    -0.005393172    0.05741836    -0.04155417    -0.0529726    0.07310362    -0.02806758    0.09450982    -0.07421989    -0.06537391    0.05415065    -0.0005488509    0.1287695    -0.1302077    -0.03923505    0.1749582    -0.1391606    0.03398207    -0.04336795    0.05257282    0.007090708    -0.09100031    0.1547476    -0.06503983    -0.03985457    0.1904761    -0.1361964    0.005030102    0.04388699    -0.02128705    -0.05454337    0.06546073    -0.03696203    0.006850431    0.009958083    -0.002861585    0.01298676    0.1474601    0.002629019    -0.07414066    0.01676899    -0.03048036    -0.003251857    0.04794948    0.0512718    -0.006151776    -0.03728553    -0.04158637    0.01199746    0.03962223    0.03085366    -0.04407222    -0.02268221    -0.003837283    0.01255712    0.02023545    0.00150317    0.02326669    0.06403814    0.007936171    -0.01270575    -0.00454762    0.005283524    0.005098237    -0.02368206    0.00837236    0.02465908
-0.005129378    0.07189472    0.1703574    -0.01523543    -0.1622242    -0.04234761    0.215994    -0.3353676    -0.4102918    1    -0.1155822    0.06940761    0.06983619    -0.07468906    -0.0518738    0.03455315    -0.01536239    -0.07373261    -0.0009497598    0.03524836    -0.007765056    -0.01799834    -0.0616752    -0.01026454    0.07557238    -0.06536638    0.1582602    0.08579088    -0.07276751    -0.00433312    -0.1709462    0.07250524    0.05196956    -0.05215647    0.08857265    0.08183891    -0.08944599    -0.0984836    0.04111408    0.1383793    0.01048843    -0.002464204    0.0178704    -0.009262514    -0.005874661    -0.04289265    -0.009325183    0.05805759    0.004180092    -0.0614781    -0.041862    -0.09636674    0.0001811092    0.03390575    -0.03706911    0.03054511    -0.05032893    -0.03023763    0.02803424    -0.02243331    -0.02291701    0.009920977    0.04154877    -0.01705899    -0.02748736    -0.002408101    0.00254841    -0.01151339    -0.01993591    0.01190735    0.02148646    -0.01187482    -0.007712549    0.02312026    -0.04965794    -0.004897566    0.0112552    0.02133209    -0.01363519    -0.02280288
0.1634554    -0.3052673    -0.2913777    0.2042444    0.1571348    0.09096491    -0.03947123    0.0318321    0.1171963    -0.1155822    1    -0.3425514    -0.24755    0.1688995    0.007790085    0.02656314    0.05578644    0.1539805    0.0386632    -0.2203005    0.05389543    -0.04041079    -0.07738388    0.0345248    0.05482764    -0.006771738    -0.1240857    -0.0192503    0.04231941    0.03068441    -0.04447453    0.1105241    0.04735221    -0.02915444    -0.05416405    -0.07208635    0.1296411    0.0257668    -0.06267589    -0.06859719    0.1704847    0.1486006    -0.1184506    -0.149646    0.004453775    -0.1767803    -0.06666218    0.1860952    0.1281455    -0.04795744    0.05526012    0.1381016    0.07163358    0.06298322    -0.1727047    -0.1095937    -0.08567724    0.08364404    0.1766143    -0.03620868    -0.1263499    -0.07152569    0.1316732    0.1212015    -0.037562    -0.004582885    -0.04296578    0.02552021    0.05643201    -0.07085672    0.0338047    -0.020371    -0.04451033    0.006222414    0.03073797    -0.08447945    -0.07770937    0.05651413    0.1102664    0.02200722
0.003167241    0.1793267    0.1082349    -0.1049033    -0.07809915    -0.007805737    0.01303465    -0.0310665    -0.05925429    0.06940761    -0.3425514    1    -0.6241456    -0.2792986    0.1218277    0.01189034    -0.1099098    -0.06119945    0.06726883    0.08203335    -0.0578075    0.00617488    0.07724433    -0.001794454    -0.04895622    -0.007700104    0.04115698    0.002289715    0.005184631    0.00498496    0.06583697    -0.06241659    -0.04868701    0.01462974    0.03298719    -0.01221896    -0.09842613    0.05058382    0.03587219    0.01075131    -0.02690586    0.006442792    0.09219105    0.04895535    -0.1754709    0.0457438    0.02730782    -0.02652208    -0.009126031    0.04985198    -0.01423017    -0.05531898    -0.08319305    -0.0007395214    0.1231705    0.01319556    0.03898592    0.01077077    -0.01010976    0.04019231    0.002706932    0.02306117    0.00103875    -0.007419912    0.03841537    -0.02692572    0.05480855    0.002903606    -0.06230863    0.03465143    -0.0150622    0.01909466    0.01027337    -0.01022215    -0.02755133    -0.01779192    0.02507684    0.01382804    0.01303361    0.01928556
-0.0895068    0.1450969    0.1933872    -0.03284362    -0.1983519    -0.05682554    -0.04360872    -0.03633748    -0.02851748    0.06983619    -0.24755    -0.6241456    1    -0.2963397    -0.2330515    0.04877607    -0.05211566    -0.1575486    -0.02371983    0.1280792    0.01083277    0.0509241    0.004399219    -0.04552222    -0.007806166    0.01698329    0.05278118    -0.006103072    -0.01968382    -0.02087392    0.06110959    -0.07642917    -0.07359805    0.09566148    0.07830104    0.1405388    -0.0142625    -0.1410526    0.04865965    0.06522706    0.00364856    -0.001524695    -0.02054624    -0.00354238    0.1007749    -0.03524317    -0.001486236    0.04598123    0.02887792    -0.1117265    0.04660471    -0.13866    -0.1110675    0.009018355    0.09334538    -0.04213796    0.02540923    0.06320094    -0.03363117    -0.0943907    -0.04358652    0.031866    0.05279601    -0.001865628    -0.08638982    0.007017316    -0.04656564    -0.03707781    0.01395382    0.05423006    0.03604504    -0.03829034    -0.04505017    0.01594886    0.03695036    -0.01887102    0.02595673    0.07922218    0.0074203    -0.1310156
0.1761761    -0.2185411    -0.2592305    0.1353615    0.1494826    0.01084811    0.006132214    0.03250505    0.05769783    -0.07468906    0.1688995    -0.2792986    -0.2963397    1    -0.3314129    0.01751401    0.05822751    0.07922929    0.05887532    -0.1383074    0.01160255    -0.06977074    -0.06388856    0.02241983    0.07978027    -0.02263409    -0.07091541    -0.01417219    -0.03236774    0.05463202    -0.007234747    0.09957108    0.04294351    -0.06959932    -0.1054308    -0.01920492    0.0355328    0.05907627    -0.03329079    -0.07680343    -0.06930924    -0.08401437    0.06103516    0.1061077    -0.00217204    0.1556508    0.1312641    -0.06975276    -0.125634    -0.06005435    0.0621305    0.0304492    0.09469406    0.1060693    -0.1845677    0.1578264    0.07053546    -0.1094114    -0.06955907    -0.0482123    0.1993922    0.08101921    -0.1072662    -0.07815568    -0.06487866    -0.01576923    -0.03294314    0.01581278    0.02762851    -0.01828486    -0.05122849    -0.0004235332    0.01859759    -0.02506514    0.05159398    0.2354998    0.07558538    -0.1578722    -0.08792805    -0.01408765
-0.1818439    -0.07608191    0.04835366    -0.02617771    0.1391772    0.04652311    0.07489098    -0.01385271    -0.005393172    -0.0518738    0.007790085    0.1218277    -0.2330515    -0.3314129    1    -0.09773678    0.09706521    0.1241814    -0.1282615    -0.006289234    0.01080253    -0.01518604    0.01995498    0.03607049    -0.04102867    0.02810161    0.02308672    0.01445719    0.01612385    -0.05921099    -0.137052    0.02366438    0.0930267    -0.06346626    -0.01640351    -0.1315544    0.0147975    0.05810587    -0.009235673    0.02932604    -0.01267065    -0.00614099    -0.1081869    -0.07353396    0.255919    -0.05886408    -0.1385741    -0.03817062    0.003018188    0.03084064    -0.1135222    0.1653012    0.08421711    -0.1468627    0.0006379365    -0.06123957    -0.1298765    0.009222717    0.02912565    -0.04626603    -0.04278369    -0.1147302    -0.008738951    0.003373388    -0.0197679    0.02676728    0.05069387    0.03062471    0.01187546    -0.07281335    -0.01819155    0.01863395    0.05416043    0.04290818    -0.07564668    -0.1188029    -0.1060314    0.02790666    -0.02140475    -0.006324006
0.09717232    -0.03067778    -0.05156854    0.08828579    -0.04240613    0.03864859    -0.07357978    -0.07292102    0.05741836    0.03455315    0.02656314    0.01189034    0.04877607    0.01751401    -0.09773678    1    0.1175183    -0.6888881    -0.007499106    0.04592695    0.08694139    -0.02638908    -0.07670846    0.01887231    0.05163376    0.01320145    -0.0683779    -0.02759256    0.09401442    -0.02440882    0.07498957    -0.03742716    -0.02100189    0.006554316    -0.006771614    0.003247247    -0.009592399    -0.01904375    0.0007578802    0.03226231    -0.002827093    0.04732857    0.0264577    -0.002927206    -0.02724981    0.05779381    -0.1090101    0.009181866    0.1207891    -0.1029446    0.1157756    -0.04191203    -0.09226187    0.08414962    -0.01413134    0.0380802    -0.02176642    -0.009570576    0.05724391    -0.07192983    0.03706809    -0.02777498    -0.0009125502    0.04669799    -0.06501368    -0.05247648    -0.06287038    0.01559836    0.01989635    0.00947159    0.05666407    -0.004607897    -0.07351578    -0.0410724    0.05395607    0.03811379    0.0649115    -0.01489147    -0.01745127    -0.04125743
-0.08722816    -0.06843121    0.009508551    -0.01406343    0.08882602    -0.06475712    0.0710669    0.08887813    -0.04155417    -0.01536239    0.05578644    -0.1099098    -0.05211566    0.05822751    0.09706521    0.1175183    1    -0.2907878    -0.6958708    0.2802592    0.0006878979    0.02787225    -0.04002563    -0.06277328    0.07801242    -0.06545003    0.01269332    0.05536218    -0.08915411    0.05215381    -0.04420805    0.02502008    0.03777329    -0.1153491    0.02647943    -0.07782294    0.01018996    0.02807792    -0.03670038    0.04059141    0.009482024    -0.03336089    -0.05505825    0.01100202    0.008629717    -0.02805541    -0.08229511    -0.08719055    -0.05946678    0.1862357    -0.1231349    0.1208315    0.1789918    -0.1074679    -0.04166409    -0.02183843    -0.02360381    -0.06612683    -0.004014732    0.09920096    0.008134685    -0.05955376    -0.06734158    -0.001248415    0.0888398    0.05543488    -0.06671004    -0.07136681    0.04426683    0.01652237    -0.063753    0.02209153    0.02319136    -0.03409314    0.02164125    0.003563782    -0.03867463    -0.0274839    0.0240722    0.01749138
-0.08667009    -0.0343644    -0.07544323    -0.08150698    0.1915411    -0.003715495    0.1233419    0.1092698    -0.0529726    -0.07373261    0.1539805    -0.06119945    -0.1575486    0.07922929    0.1241814    -0.6888881    -0.2907878    1    0.09759804    -0.538035    -0.1055706    -0.02019566    0.0683465    0.01648555    -0.02745948    -0.04430823    -0.01967199    -0.009121514    -0.06257924    0.1070096    -0.1161965    0.06290102    0.0009507525    -0.0358277    0.05666184    -0.09255916    0.06569828    0.05244081    -0.1052417    0.002946527    0.01708506    0.005955372    -0.01365    -0.03249318    0.009995071    -0.07832443    0.01206705    -0.05838536    -0.0788725    0.1861061    -0.05264226    0.1616217    0.1116544    -0.06725762    -0.08410259    -0.05176288    -0.04192296    0.0001480329    -0.02375705    0.08573061    -0.04862106    0.0101111    -0.02845086    -0.05266294    0.1308193    0.06996076    0.02175862    -0.07768749    -0.03088349    0.05794758    9.040841e-05    -0.04262509    -0.02525349    0.01080389    0.01191381    -0.04921008    -0.006044469    0.01836305    -0.003917189    0.04829828
0.1380336    -0.03209805    -0.1066749    0.04104409    -0.01750514    0.1169609    -0.06320749    -0.1029734    0.07310362    -0.0009497598    0.0386632    0.06726883    -0.02371983    0.05887532    -0.1282615    -0.007499106    -0.6958708    0.09759804    1    -0.4298296    0.03322856    -0.0263834    -0.03610461    0.0425188    -0.01214537    0.1020118    -0.1085737    -0.1068883    0.1191929    -0.009081046    0.03599704    -0.03339441    -0.006906887    0.05228453    -0.05367588    0.009908147    0.02584176    -0.01165603    0.00215075    0.002114588    -0.05357492    0.04211056    0.1192705    0.004471113    -0.06904954    0.06681686    -0.06112158    0.008848863    0.1275067    -0.121465    0.1664629    -0.09212589    -0.1347867    0.1750422    -0.04588428    0.05390506    0.01968625    -0.00458688    0.03433927    -0.0645121    0.03795101    -0.0132637    0.01598057    0.05548065    -0.07454921    -0.09681479    0.02869979    0.09249291    -0.01988521    -0.003017078    0.0235459    -0.06329387    -0.03923699    0.03437595    0.03246794    0.02671605    0.07705192    0.02414094    -0.006282117    -0.04155574
-0.01523424    0.1146362    0.1357757    -0.007125094    -0.1416398    -0.08696884    -0.05696737    -0.007283713    -0.02806758    0.03524836    -0.2203005    0.08203335    0.1280792    -0.1383074    -0.006289234    0.04592695    0.2802592    -0.538035    -0.4298296    1    0.05994318    0.04297992    -0.0143358    -0.04346975    -0.009830914    -0.02018995    0.142373    0.06536231    -0.04589821    -0.09901867    0.07739879    -0.04079782    0.02446011    0.01787728    -0.06595801    0.08729528    -0.1167188    -0.0003244897    0.1339029    -0.04678849    -0.01413153    -0.0856748    -0.02898177    0.06155649    0.01053087    0.03392326    0.1139882    0.06910205    -0.03286044    -0.1417786    -0.05795392    -0.1016785    -0.04878234    -0.05125597    0.1051442    0.003317635    0.0451736    0.0347411    -0.003308406    -0.05641627    0.001941615    0.01869545    0.05218478    0.02072014    -0.1223152    -0.0101924    0.006944417    0.04364735    0.02965258    -0.07357629    -0.01502537    0.09038256    0.08943123    -0.02191114    -0.05633799    -0.02745773    -0.07163876    0.009207482    0.04189701    -0.04891097
0.06777358    -0.02951339    -0.05889854    0.02962524    -0.02088288    0.05757449    -0.08311372    -0.1008543    0.09450982    -0.007765056    0.05389543    -0.0578075    0.01083277    0.01160255    0.01080253    0.08694139    0.0006878979    -0.1055706    0.03322856    0.05994318    1    -0.02954475    -0.6886428    -0.02435365    0.001571975    0.06443082    -0.07015391    -0.05780759    0.1339086    -0.02215292    -0.00115061    0.04618252    0.02695653    0.03478215    -0.08354777    0.02210497    -0.005625861    0.01153422    -0.01543189    -0.0372272    0.01563207    0.03944733    -0.04878728    0.01403903    0.008049107    -0.09162924    0.03798744    0.1165212    -0.007314125    -0.06510241    0.1096161    -0.03679114    -0.09023539    0.1049995    -0.01560174    0.1348329    -0.1027551    -0.09106725    0.149632    -0.0641545    -0.005726172    -0.05943923    0.03238843    0.1181485    -0.09600679    -0.1351449    -0.3162261    0.07892803    0.4071962    -0.05170482    0.002441896    -0.02419697    0.0301268    0.01496668    -0.04018266    0.1248173    -0.1155325    -0.1105805    0.1767402    -0.05914807
-0.03256545    0.06014817    0.0487907    -0.01393313    -0.08405107    -0.04268726    0.07569721    0.1055262    -0.07421989    -0.01799834    -0.04041079    0.00617488    0.0509241    -0.06977074    -0.01518604    -0.02638908    0.02787225    -0.02019566    -0.0263834    0.04297992    -0.02954475    1    -0.230843    -0.6910545    0.2013255    -0.05546732    -0.002827555    0.02384357    -0.06292279    0.07814099    0.09437929    -0.1324697    -0.09793039    0.08105257    0.135179    -0.06562623    0.03405532    0.0243466    -0.0784151    0.05082583    -0.05954499    0.03417341    0.0154458    -0.03931256    0.03904448    -0.04920301    -0.05762246    0.02099966    0.04462724    0.03819855    -0.08031891    -0.03798509    0.05166643    -0.03317085    0.01942614    -0.1088338    -0.03317463    -0.0156299    -0.05154363    0.1274984    -0.08422547    -0.02148169    -0.001140089    -0.02670523    0.1069603    -0.2971513    0.01706269    0.3314899    0.09174125    -0.1051905    -0.04686053    -0.001171372    0.01298223    0.01444384    -0.03086101    -0.102223    -0.01980947    -0.01923039    -0.07527398    0.1578336
-0.01853442    -0.02418068    0.07776806    0.02187897    -0.03049155    -0.0180722    0.1085696    0.09257895    -0.06537391    -0.0616752    -0.07738388    0.07724433    0.004399219    -0.06388856    0.01995498    -0.07670846    -0.04002563    0.0683465    -0.03610461    -0.0143358    -0.6886428    -0.230843    1    -0.006458427    -0.3909671    -0.02648205    0.01348771    -0.001865565    -0.1240855    0.09211669    0.0575962    -0.1205885    -0.04888089    0.1090982    0.06119841    -0.07607799    -0.001608413    0.04197843    -0.03385146    0.02032892    -0.03895372    0.00825929    0.0700736    -0.02627683    -0.0203351    0.09372042    -0.006732673    -0.09861772    0.0295    0.01024666    -0.1165714    -0.004719445    0.06854383    -0.08891676    0.06255886    -0.09750841    0.02030822    0.008943187    -0.1243313    0.1263049    0.02240141    0.01033089    -0.05804785    -0.06108805    0.08193496    0.08202919    0.3417959    0.025908    -0.2487614    -0.0629159    -0.02167811    -0.01926784    -0.04874781    -0.01805607    0.08730085    -0.09236206    0.009773263    0.02511242    -0.1310994    0.1178758
0.04042199    -0.01952682    -0.07632229    -0.004943796    0.05859478    0.0889704    -0.03483069    -0.06215974    0.05415065    -0.01026454    0.0345248    -0.001794454    -0.04552222    0.02241983    0.03607049    0.01887231    -0.06277328    0.01648555    0.0425188    -0.04346975    -0.02435365    -0.6910545    -0.006458427    1    -0.3307153    0.05139153    -0.03882252    -0.07138099    0.06367587    -0.02674284    0.02361104    0.08941838    0.02291733    -0.01312803    -0.09653067    -0.03701212    0.004282911    0.02254124    0.008661871    -0.02409745    0.07530365    -0.03014948    -0.01112012    0.05435111    -0.06637589    0.01519089    0.08854756    0.03698186    -0.04423118    -0.05474142    0.1007805    0.02156738    -0.103534    0.03191942    -0.002677041    0.08028699    -0.07731322    -0.05019253    0.09218421    -0.0281656    0.0405404    -0.002027345    0.002981894    0.03780915    -0.06965843    0.4834642    0.04986708    -0.310246    -0.1127866    -0.07899863    0.04628176    -0.05213211    -0.06164212    -0.01098869    0.09718906    0.06959323    -0.06669911    -0.02460443    0.11518    -0.08923101
-0.02486809    0.03791219    -0.03763317    -0.04511865    0.08546537    -0.03966699    -0.06891825    -0.04718874    -0.0005488509    0.07557238    0.05482764    -0.04895622    -0.007806166    0.07978027    -0.04102867    0.05163376    0.07801242    -0.02745948    -0.01214537    -0.009830914    0.001571975    0.2013255    -0.3909671    -0.3307153    1    -0.02051223    0.04563923    0.1137046    0.03057345    -0.1325142    -0.1065874    0.1154676    0.0681405    -0.1928973    -0.03969898    0.120062    -0.064261    -0.04854096    0.116031    0.0007749348    -0.01274756    -0.03079329    0.005564181    -0.01992162    0.03004776    -0.01244836    -0.04533453    -0.0184135    -0.01921662    0.05064297    0.0213995    0.03685069    0.01935239    0.02303167    -0.03243195    -0.01604173    0.1286633    0.1188782    -0.01096831    -0.1376726    0.01276683    0.06091751    0.02938047    -0.0394169    -0.03719238    -0.1597247    -0.2154691    -0.009454677    0.002635366    -0.04497447    0.0163327    0.08368623    0.06951794    0.003541737    -0.1179821    0.01616435    0.1203652    0.0702878    -0.007335686    -0.1173098
0.05167966    -0.09588906    -0.03325535    0.05996405    0.05134978    0.1670293    -0.07186956    -0.1111975    0.1287695    -0.06536638    -0.006771738    -0.007700104    0.01698329    -0.02263409    0.02810161    0.01320145    -0.06545003    -0.04430823    0.1020118    -0.02018995    0.06443082    -0.05546732    -0.02648205    0.05139153    -0.02051223    1    -0.09296697    -0.5872855    0.1205512    -0.008874198    -0.05986906    -0.03557438    0.01385454    -0.006368595    0.05900022    0.02976092    0.01818533    0.009618376    0.06954611    -0.1375378    -0.0230327    0.04382166    0.007039563    -0.01722156    0.02898905    0.04926505    -0.1176351    -0.03088224    0.1632472    -0.09398396    0.1030662    -0.07605895    -0.06870183    0.09936693    0.01169829    0.04710214    0.01754277    -0.03626073    -0.004614688    0.001635322    0.09144331    -0.1395352    -0.06685502    0.1552404    -0.05712691    -0.06106963    -0.04165248    0.01877955    0.05273184    -0.00498728    -0.1179656    -0.2980671    0.06641426    0.4483354    -0.1221541    0.05763775    -0.1311562    -0.03322864    0.1651721    -0.07828577
-0.1152897    0.06631092    0.1240084    0.01692201    -0.07520341    -0.1051443    0.03370058    -0.06032263    -0.1302077    0.1582602    -0.1240857    0.04115698    0.05278118    -0.07091541    0.02308672    -0.0683779    0.01269332    -0.01967199    -0.1085737    0.142373    -0.07015391    -0.002827555    0.01348771    -0.03882252    0.04563923    -0.09296697    1    -0.2674181    -0.5953015    0.2580198    -0.0935748    0.08469843    -0.02022624    -0.0450756    0.0638189    0.06570928    -0.1070775    -0.0735188    0.08245047    0.1196483    0.0002750232    -0.0293273    0.006297461    0.03043274    -0.03518806    -0.05184876    0.07176172    -0.03781501    -0.1925416    0.1628168    -0.0996536    0.01994633    0.004172335    -0.05106776    0.08591229    -0.06038926    -0.02245117    -0.001589754    -0.04749324    0.06409999    -0.07295513    0.02234999    -0.0474914    -0.163158    0.188544    0.03857028    0.01328375    -0.04970586    -0.03546888    0.03272484    -0.2510339    0.02346951    0.3400784    0.1013593    -0.1992053    -0.07122164    -0.01854234    -0.03378469    -0.1252391    0.1431448
0.02066657    0.06696303    -0.02484923    -0.01928402    -0.03895309    -0.145578    -0.03549441    0.04133    -0.03923505    0.08579088    -0.0192503    0.002289715    -0.006103072    -0.01417219    0.01445719    -0.02759256    0.05536218    -0.009121514    -0.1068883    0.06536231    -0.05780759    0.02384357    -0.001865565    -0.07138099    0.1137046    -0.5872855    -0.2674181    1    -0.09069658    -0.3813491    -0.01116847    0.02349779    0.03049585    -0.06177808    -0.02088897    0.04360853    -0.1083042    -0.02654665    0.06765148    0.11326    0.003161911    -0.009085525    0.06250807    0.01240716    -0.0775968    -0.0417618    -0.05885779    -0.1049232    -0.07321295    0.1991867    -0.06550003    0.01167621    -0.00244369    -0.1233466    0.05034909    -0.0387741    -0.0405285    -0.01432079    -0.002247628    0.06114651    -0.07749114    -0.00311394    -0.04002052    -0.07562346    0.1360881    0.01633288    -0.00587882    -0.01083107    -0.02651377    0.01582178    0.07215081    0.3303277    0.05506116    -0.2063156    -0.1128322    -0.06970353    -0.01089588    -0.05592175    -0.1040838    0.1684001
0.09069551    -0.05048789    -0.04320801    -0.02647303    -0.0006839066    0.09727463    -0.143073    -0.06385503    0.1749582    -0.07276751    0.04231941    0.005184631    -0.01968382    -0.03236774    0.01612385    0.09401442    -0.08915411    -0.06257924    0.1191929    -0.04589821    0.1339086    -0.06292279    -0.1240855    0.06367587    0.03057345    0.1205512    -0.5953015    -0.09069658    1    -0.4833    -0.01105784    -0.01309842    0.05024548    -0.03154062    -0.05945728    0.04685137    0.05194265    -0.01272133    0.05252365    -0.08485076    0.0254669    0.08001129    0.01650687    -0.05122752    0.00526952    0.05928642    -0.1474505    -0.009321575    0.195102    -0.1106225    0.08055422    -0.09252682    -0.04217377    0.08228877    -0.0396797    0.0815159    -0.03339855    -0.008632428    0.08038157    -0.04880244    0.07003529    -0.1504289    0.001679907    0.2007968    -0.1302686    -0.07212233    -0.02811238    0.03316674    0.002412025    0.03391574    0.5098434    0.07291783    -0.3542301    -0.1281001    0.02787081    0.07113511    -0.1224206    -0.005190791    0.1784945    -0.09433865
-0.05447833    0.03211869    -0.007768238    -0.03397779    0.001843406    0.008522908    0.1908255    0.1095042    -0.1391606    -0.00433312    0.03068441    0.00498496    -0.02087392    0.05463202    -0.05921099    -0.02440882    0.05215381    0.1070096    -0.009081046    -0.09901867    -0.02215292    0.07814099    0.09211669    -0.02674284    -0.1325142    -0.008874198    0.2580198    -0.3813491    -0.4833    1    0.08071587    -0.0472729    -0.05392933    0.1129901    -0.0001739217    -0.1389066    0.1009307    0.0697749    -0.1891751    0.004837892    -0.01701656    -0.05960014    -0.06681116    0.02994303    0.03462136    -0.007809671    0.1851792    0.1013714    -0.04979448    -0.1077125    -0.04017966    0.08678713    0.08857573    0.01464415    -0.05682052    -0.0008092788    0.06068607    1.043309e-05    -0.04013991    -0.01363167    0.002615327    0.1696826    0.05225146    -0.07208402    -0.05749886    0.04512267    0.04657365    -0.02245275    0.01074679    -0.02995025    -0.3181835    -0.2759907    0.09980855    0.04931708    -0.08786729    -0.005105011    0.1899199    0.08406861    -0.07565051    -0.09136203
0.1389514    0.01998462    -0.03104105    0.03452722    -0.1070169    0.07733791    0.02800331    0.03322025    0.03398207    -0.1709462    -0.04447453    0.06583697    0.06110959    -0.007234747    -0.137052    0.07498957    -0.04420805    -0.1161965    0.03599704    0.07739879    -0.00115061    0.09437929    0.0575962    0.02361104    -0.1065874    -0.05986906    -0.0935748    -0.01116847    -0.01105784    0.08071587    1    -0.04959194    -0.3653458    -0.1231477    -0.235414    -0.02862622    0.008955436    0.09073879    -0.06501339    -0.09447889    -0.07609696    0.04274194    0.06904819    -0.01090389    -0.006615913    0.01666408    0.05693432    -0.0006484418    -0.04199493    0.005914286    0.06025899    -0.02602132    -0.1258989    -0.004949148    0.1129217    -0.1702429    -0.04803171    0.1042559    0.1313189    0.04431684    -0.009136779    0.01059224    -0.008654176    0.01641797    -0.01315003    -0.03389646    -0.01571408    0.04258827    0.0117354    -0.02573259    -0.01668924    -0.002891489    -0.03500614    -0.04070688    0.06917452    -0.01040112    0.06133382    0.01911049    0.01675741    -0.06221591
-0.07622373    0.002208098    -0.004586906    -0.01647255    0.0745826    -0.03447539    -0.04696265    -0.05748084    -0.04336795    0.07250524    0.1105241    -0.06241659    -0.07642917    0.09957108    0.02366438    -0.03742716    0.02502008    0.06290102    -0.03339441    -0.04079782    0.04618252    -0.1324697    -0.1205885    0.08941838    0.1154676    -0.03557438    0.08469843    0.02349779    -0.01309842    -0.0472729    -0.04959194    1    -0.6263962    -0.3809867    0.2643759    0.09542287    -0.05329368    -0.0703135    0.04889042    0.07020334    0.04309873    0.01662048    0.03427506    0.008170651    -0.08576838    0.01350773    0.02125024    0.0173065    -0.02122322    -0.04818402    -0.02363241    0.0614403    -0.005020797    -0.02322085    -0.0009948882    0.01241622    0.005161624    0.004143594    -0.002545312    0.08730928    -0.00372597    -0.0032623    0.04163321    0.00351536    -0.05522946    0.02666895    0.03287007    0.02247737    -0.01057741    -0.08692542    -0.004167716    0.008231056    0.02961447    0.001007124    -0.004703964    -0.01894117    0.006198445    0.07756309    -0.008251203    -0.05519194
-0.01234681    -0.06512863    -0.0329702    -0.03479468    0.08113778    -0.02487911    -0.06440547    -0.04186087    0.05257282    0.05196956    0.04735221    -0.04868701    -0.07359805    0.04294351    0.0930267    -0.02100189    0.03777329    0.0009507525    -0.006906887    0.02446011    0.02695653    -0.09793039    -0.04888089    0.02291733    0.0681405    0.01385454    -0.02022624    0.03049585    0.05024548    -0.05392933    -0.3653458    -0.6263962    1    -0.04479658    -0.5652813    0.04048802    -0.03210165    -0.04785495    0.07808669    0.03893889    0.01207084    0.02685769    -0.003714227    0.01201341    -0.04788217    0.01486091    0.01783109    0.03012459    0.01105537    -0.03527674    -0.03434051    -0.006571728    0.07054304    0.00714604    -0.03083346    0.06084653    0.03725464    0.02849516    0.0268375    -0.1481293    0.05830373    0.03183936    0.009057584    -0.00370616    -0.03802861    0.02854196    0.06663566    0.01183462    -0.01959888    -0.03170883    0.009370171    -0.01594508    0.0003053287    0.004164497    -0.01270747    0.05545266    0.005284587    -0.02549082    -0.004592954    0.01060062
0.06220939    -0.006803569    -0.02977939    0.09096843    -0.07358305    0.07180273    0.04995742    0.03364864    0.007090708    -0.05215647    -0.02915444    0.01462974    0.09566148    -0.06959932    -0.06346626    0.006554316    -0.1153491    -0.0358277    0.05228453    0.01787728    0.03478215    0.08105257    0.1090982    -0.01312803    -0.1928973    -0.006368595    -0.0450756    -0.06177808    -0.03154062    0.1129901    -0.1231477    -0.3809867    -0.04479658    1    0.1156272    -0.08727965    0.05419702    0.07491683    -0.05713886    -0.08470179    -0.005529019    -0.004494737    -0.002386608    -0.01225539    0.04012324    -0.05895    0.0442306    0.05582072    0.002050091    -0.008719888    0.02299299    -0.08070662    -0.01417867    -0.001594978    0.02402173    0.1274267    0.1005081    -0.07189103    -0.1742055    -0.08907045    -0.07425488    0.08680586    0.06399375    -0.06517439    0.01595199    -0.01686014    -0.008814342    0.0341068    0.0334382    0.005175358    0.0001621146    0.003150285    -0.05496362    -0.04524158    0.06318502    -0.000464846    0.07262736    -0.02296771    -0.08316854    0.07031703
-0.03429451    0.05613285    0.0571621    0.03264919    -0.05988684    -0.03617703    0.09397543    0.05825182    -0.09100031    0.08857265    -0.05416405    0.03298719    0.07830104    -0.1054308    -0.01640351    -0.006771614    0.02647943    0.05666184    -0.05367588    -0.06595801    -0.08354777    0.135179    0.06119841    -0.09653067    -0.03969898    0.05900022    0.0638189    -0.02088897    -0.05945728    -0.0001739217    -0.235414    0.2643759    -0.5652813    0.1156272    1    -0.08042156    0.05047742    0.02358717    -0.09094592    0.01972786    0.03143573    -0.07626808    -0.08257175    -0.04190356    0.1517097    -0.05329875    -0.1104846    -0.04987427    0.04384095    0.08359652    -0.02042693    0.0007901071    0.04009528    0.01340778    -0.05876657    -0.06301014    -0.09773162    -0.02872966    -0.02997979    0.01195671    -0.06741344    -0.08952706    -0.0383147    0.009030861    0.1118037    -0.02031276    -0.1077841    -0.07507797    0.02374497    0.1224013    -0.008423912    0.009603424    0.03008136    0.0522146    -0.05296474    -0.05747459    -0.1235436    -0.007489111    0.04218325    0.04934349
