1    -0.05330177    -0.7076816    -0.05428078    -0.0042453    0.05842447    -0.05524    -0.03652682    0.0825026    -0.02101955
-0.05330177    1    -0.07540401    -0.5736487    0.1523894    -0.1006011    0.1137481    0.1340073    -0.09334001    -0.05134254
-0.7076816    -0.07540401    1    0.02279707    -0.3127617    -0.07846488    0.06362443    0.07276736    -0.01025244    -0.06725318
-0.05428078    -0.5736487    0.02279707    1    -0.3869901    0.09075988    -0.05576379    -0.04223015    0.05362087    -0.01557287
-0.0042453    0.1523894    -0.3127617    -0.3869901    1    -0.03219403    -0.0283994    0.02402139    -0.07454313    0.0776143
0.05842447    -0.1006011    -0.07846488    0.09075988    -0.03219403    1    -0.02954475    -0.6886428    -0.02435365    0.001571975
-0.05524    0.1137481    0.06362443    -0.05576379    -0.0283994    -0.02954475    1    -0.230843    -0.6910545    0.2013255
-0.03652682    0.1340073    0.07276736    -0.04223015    0.02402139    -0.6886428    -0.230843    1    -0.006458427    -0.3909671
0.0825026    -0.09334001    -0.01025244    0.05362087    -0.07454313    -0.02435365    -0.6910545    -0.006458427    1    -0.3307153
-0.02101955    -0.05134254    -0.06725318    -0.01557287    0.0776143    0.001571975    0.2013255    -0.3909671    -0.3307153    1
