1    -0.02954475    -0.6886428    -0.02435365    0.001571975    0.09828382    -0.05298622    -0.06293949    0.0885955    -0.0374196
-0.02954475    1    -0.230843    -0.6910545    0.2013255    -0.07400939    -0.02422162    0.05071986    -0.04719078    0.05652664
-0.6886428    -0.230843    1    -0.006458427    -0.3909671    -0.09474816    -0.009160574    0.02064381    -0.06019989    0.09233541
-0.02435365    -0.6910545    -0.006458427    1    -0.3307153    0.09563383    -0.03212127    -0.0855135    0.06997081    -0.03741693
0.001571975    0.2013255    -0.3909671    -0.3307153    1    0.0003841864    0.1249447    0.05448274    -0.05080393    -0.06112409
0.09828382    -0.07400939    -0.09474816    0.09563383    0.0003841864    1    0.08307113    -0.7420018    -0.008477842    0.04639755
-0.05298622    -0.02422162    -0.009160574    -0.03212127    0.1249447    0.08307113    1    -0.2725877    -0.7281742    0.2765941
-0.06293949    0.05071986    0.02064381    -0.0855135    0.05448274    -0.7420018    -0.2725877    1    0.04992343    -0.4475786
0.0885955    -0.04719078    -0.06019989    0.06997081    -0.05080393    -0.008477842    -0.7281742    0.04992343    1    -0.415051
-0.0374196    0.05652664    0.09233541    -0.03741693    -0.06112409    0.04639755    0.2765941    -0.4475786    -0.415051    1
