1    -0.02954475    -0.6886428    -0.02435365    0.001571975    0.01563207    0.03944733    -0.04878728    0.01403903    0.008049107
-0.02954475    1    -0.230843    -0.6910545    0.2013255    -0.05954499    0.03417341    0.0154458    -0.03931256    0.03904448
-0.6886428    -0.230843    1    -0.006458427    -0.3909671    -0.03895372    0.00825929    0.0700736    -0.02627683    -0.0203351
-0.02435365    -0.6910545    -0.006458427    1    -0.3307153    0.07530365    -0.03014948    -0.01112012    0.05435111    -0.06637589
0.001571975    0.2013255    -0.3909671    -0.3307153    1    -0.01274756    -0.03079329    0.005564181    -0.01992162    0.03004776
0.01563207    -0.05954499    -0.03895372    0.07530365    -0.01274756    1    -0.2296069    -0.743259    0.1712309    0.09838464
0.03944733    0.03417341    0.00825929    -0.03014948    -0.03079329    -0.2296069    1    0.1247282    -0.7481843    0.2853823
-0.04878728    0.0154458    0.0700736    -0.01112012    0.005564181    -0.743259    0.1247282    1    -0.1546872    -0.4145793
0.01403903    -0.03931256    -0.02627683    0.05435111    -0.01992162    0.1712309    -0.7481843    -0.1546872    1    -0.613247
0.008049107    0.03904448    -0.0203351    -0.06637589    0.03004776    0.09838464    0.2853823    -0.4145793    -0.613247    1
