1    -0.02954475    -0.6886428    -0.02435365    0.001571975    0.06443082    -0.07015391    -0.05780759    0.1339086    -0.02215292    0.07994242    -0.03419432    -0.06696452    0.02817527    0.01963109    -0.1351449    -0.3162261    0.07892803    0.4071962    -0.05170482
-0.02954475    1    -0.230843    -0.6910545    0.2013255    -0.05546732    -0.002827555    0.02384357    -0.06292279    0.07814099    -0.02268121    -0.008376795    0.01310704    -0.0279386    0.02522165    -0.2971513    0.01706269    0.3314899    0.09174125    -0.1051905
-0.6886428    -0.230843    1    -0.006458427    -0.3909671    -0.02648205    0.01348771    -0.001865565    -0.1240855    0.09211669    -0.06538912    -0.0001679702    0.02719172    -0.03779993    0.01681593    0.08202919    0.3417959    0.025908    -0.2487614    -0.0629159
-0.02435365    -0.6910545    -0.006458427    1    -0.3307153    0.05139153    -0.03882252    -0.07138099    0.06367587    -0.02674284    0.01522934    -0.006770484    -0.03733638    0.04767327    0.003276057    0.4834642    0.04986708    -0.310246    -0.1127866    -0.07899863
0.001571975    0.2013255    -0.3909671    -0.3307153    1    -0.02051223    0.04563923    0.1137046    0.03057345    -0.1325142    0.01249053    0.01154754    0.0392554    0.02210625    -0.05119416    -0.1597247    -0.2154691    -0.009454677    0.002635366    -0.04497447
0.06443082    -0.05546732    -0.02648205    0.05139153    -0.02051223    1    -0.09296697    -0.5872855    0.1205512    -0.008874198    0.0601607    -0.06206367    -0.04486553    0.05276873    -0.03846274    -0.06106963    -0.04165248    0.01877955    0.05273184    -0.00498728
-0.07015391    -0.002827555    0.01348771    -0.03882252    0.04563923    -0.09296697    1    -0.2674181    -0.5953015    0.2580198    -0.05421645    0.03358152    -0.04410616    -0.1203146    0.137242    0.03857028    0.01328375    -0.04970586    -0.03546888    0.03272484
-0.05780759    0.02384357    -0.001865565    -0.07138099    0.1137046    -0.5872855    -0.2674181    1    -0.09069658    -0.3813491    -0.06120527    0.02570639    0.01884041    -0.07135334    0.05905911    0.01633288    -0.00587882    -0.01083107    -0.02651377    0.01582178
0.1339086    -0.06292279    -0.1240855    0.06367587    0.03057345    0.1205512    -0.5953015    -0.09069658    1    -0.4833    0.05980227    -0.1046151    -0.03850002    0.1447832    -0.03533021    -0.07212233    -0.02811238    0.03316674    0.002412025    0.03391574
-0.02215292    0.07814099    0.09211669    -0.02674284    -0.1325142    -0.008874198    0.2580198    -0.3813491    -0.4833    1    -0.02686748    0.05088851    0.1037121    -0.0002381203    -0.08177203    0.04512267    0.04657365    -0.02245275    0.01074679    -0.02995025
0.07994242    -0.02268121    -0.06538912    0.01522934    0.01249053    0.0601607    -0.05421645    -0.06120527    0.05980227    -0.02686748    1    0.1817067    -0.7009072    -0.08989701    0.03300119    -0.1144905    -0.0598532    0.07812975    0.04718442    -0.01537428
-0.03419432    -0.008376795    -0.0001679702    -0.006770484    0.01154754    -0.06206367    0.03358152    0.02570639    -0.1046151    0.05088851    0.1817067    1    -0.3427951    -0.6935129    0.2865004    0.04918521    -0.05765104    -0.07026395    0.04605205    0.01816245
-0.06696452    0.01310704    0.02719172    -0.03733638    0.0392554    -0.04486553    -0.04410616    0.01884041    -0.03850002    0.1037121    -0.7009072    -0.3427951    1    0.168816    -0.5352536    0.0719131    0.01188647    -0.07690721    -0.03460427    0.05860717
0.02817527    -0.0279386    -0.03779993    0.04767327    0.02210625    0.05276873    -0.1203146    -0.07135334    0.1447832    -0.0002381203    -0.08989701    -0.6935129    0.168816    1    -0.3929891    -0.02644826    0.03156231    0.02542131    -0.04975679    0.02065188
0.01963109    0.02522165    0.01681593    0.003276057    -0.05119416    -0.03846274    0.137242    0.05905911    -0.03533021    -0.08177203    0.03300119    0.2865004    -0.5352536    -0.3929891    1    0.02587646    0.03494627    0.01173853    -0.005729284    -0.04508734
-0.1351449    -0.2971513    0.08202919    0.4834642    -0.1597247    -0.06106963    0.03857028    0.01633288    -0.07212233    0.04512267    -0.1144905    0.04918521    0.0719131    -0.02644826    0.02587646    1    0.02908078    -0.7833883    -0.1832564    0.1855046
-0.3162261    0.01706269    0.3417959    0.04986708    -0.2154691    -0.04165248    0.01328375    -0.00587882    -0.02811238    0.04657365    -0.0598532    -0.05765104    0.01188647    0.03156231    0.03494627    0.02908078    1    0.1197286    -0.7818992    0.104468
0.07892803    0.3314899    0.025908    -0.310246    -0.009454677    0.01877955    -0.04970586    -0.01083107    0.03316674    -0.02245275    0.07812975    -0.07026395    -0.07690721    0.02542131    0.01173853    -0.7833883    0.1197286    1    0.183956    -0.5796155
0.4071962    0.09174125    -0.2487614    -0.1127866    0.002635366    0.05273184    -0.03546888    -0.02651377    0.002412025    0.01074679    0.04718442    0.04605205    -0.03460427    -0.04975679    -0.005729284    -0.1832564    -0.7818992    0.183956    1    -0.5016877
-0.05170482    -0.1051905    -0.0629159    -0.07899863    -0.04497447    -0.00498728    0.03272484    0.01582178    0.03391574    -0.02995025    -0.01537428    0.01816245    0.05860717    0.02065188    -0.04508734    0.1855046    0.104468    -0.5796155    -0.5016877    1
