1    -0.06179415    -0.5939001    -0.1180336    0.02355674    0.1634554    0.003167241    -0.0895068    0.1761761    -0.1818439    0.06777358    -0.03256545    -0.01853442    0.04042199    -0.02486809    0.05167966    -0.1152897    0.02066657    0.09069551    -0.05447833    0.1389514    -0.07622373    -0.01234681    0.06220939    -0.03429451    0.08197752    -0.001425257    -0.03697838    0.03881304    -0.05002561    -0.04035273    0.0431109    0.07112415    -0.02322071    -0.04646692    -0.03065267    -0.01769961    0.05009034    0.0559951    -0.06036414    0.1162023    -0.1066769    -0.1043039    0.1754894    -0.02627036    0.05426853    0.000505366    -0.06805389    -0.03360533    0.06612075    -0.03900693    0.010278    0.04526071    0.001371452    -0.02929836    0.1060747    -0.02626833    -0.08276362    0.01211681    0.009421968    0.01695272    -0.01407648    -0.03416736    0.06627287    -0.04323028
-0.06179415    1    -0.1008464    -0.6099681    0.04573424    -0.3052673    0.1793267    0.1450969    -0.2185411    -0.07608191    -0.02951339    0.06014817    -0.02418068    -0.01952682    0.03791219    -0.09588906    0.06631092    0.06696303    -0.05048789    0.03211869    0.01998462    0.002208098    -0.06512863    -0.006803569    0.05613285    0.001560001    -0.07429014    0.02348987    -0.01501669    0.07973867    0.04956068    -0.05752618    -0.01767491    0.07328264    -0.0597043    0.0311435    0.02083692    -0.01284636    5.780415e-05    -0.009904912    -0.09981231    -0.07278751    -0.0120283    -0.04702475    0.1095547    -0.004246432    -0.04159932    0.00768869    0.01770902    -0.02889479    0.02731022    0.005732828    -0.03554778    -0.0358857    0.03533958    0.02149667    0.01418499    -0.0290766    -0.01621258    -0.02431367    0.05017908    0.03859853    0.0003286684    0.003572982    -0.05133569
-0.5939001    -0.1008464    1    -0.06423964    -0.3811407    -0.2913777    0.1082349    0.1933872    -0.2592305    0.04835366    -0.05889854    0.0487907    0.07776806    -0.07632229    -0.03763317    -0.03325535    0.1240084    -0.02484923    -0.04320801    -0.007768238    -0.03104105    -0.004586906    -0.0329702    -0.02977939    0.0571621    0.01210735    -0.02341492    -0.03505125    0.02170153    0.03176039    0.003278509    0.0249634    -0.01292407    -0.001454679    0.0291588    0.02020352    0.04184439    -0.005928774    -0.01366671    -0.04291455    -0.08991358    -0.01950374    -0.04552009    -0.1051977    0.1431752    -0.02551256    -0.04440771    0.01413089    0.03410996    -0.02177367    -0.01514986    0.03284415    -0.01835454    -0.03479407    0.05644895    -0.06213153    0.007087577    0.0578896    0.007889381    -0.01036099    -0.02512137    0.03133349    0.05872744    -0.01318928    -0.05255804
-0.1180336    -0.6099681    -0.06423964    1    -0.2719001    0.2042444    -0.1049033    -0.03284362    0.1353615    -0.02617771    0.02962524    -0.01393313    0.02187897    -0.004943796    -0.04511865    0.05996405    0.01692201    -0.01928402    -0.02647303    -0.03397779    0.03452722    -0.01647255    -0.03479468    0.09096843    0.03264919    0.02191401    -0.0185645    -0.04593798    0.1056719    0.0109211    0.009487315    -0.008269734    -0.01730028    -0.01782193    0.05507071    -0.03616802    0.003565345    0.0312197    -0.02646607    0.004106452    0.156764    -0.07175043    -0.05450183    0.07758917    -0.06221434    -0.01513642    -0.006985553    -0.005106879    0.02898172    0.01311843    -0.02370409    -0.04042511    0.02851746    0.03624631    -0.004519646    -0.02213641    0.01209078    0.01265232    0.00995439    0.02421431    -0.002344669    -0.02653181    -0.01451307    -0.00431456    0.01790585
0.02355674    0.04573424    -0.3811407    -0.2719001    1    0.1571348    -0.07809915    -0.1983519    0.1494826    0.1391772    -0.02088288    -0.08405107    -0.03049155    0.05859478    0.08546537    0.05134978    -0.07520341    -0.03895309    -0.0006839066    0.001843406    -0.1070169    0.0745826    0.08113778    -0.07358305    -0.05988684    -0.09784893    0.06749055    0.06676996    -0.0523314    -0.06221906    -0.02001439    -0.02539951    -0.01385478    0.001364644    2.791224e-05    0.006714172    -0.0517316    -0.02779441    0.009652567    0.05573689    -0.05389333    0.1836952    0.1530053    -0.0742562    -0.09665735    -0.005234553    0.042336    0.02138593    -0.02681612    0.006279229    0.007547382    -0.02871708    -0.004351915    0.01826415    -0.03944485    -0.04528354    -0.03258053    0.001015344    0.01467392    0.05891425    -0.01086225    -0.01229876    0.01213007    -0.03356012    0.0535438
0.1634554    -0.3052673    -0.2913777    0.2042444    0.1571348    1    -0.3425514    -0.24755    0.1688995    0.007790085    0.05389543    -0.04041079    -0.07738388    0.0345248    0.05482764    -0.006771738    -0.1240857    -0.0192503    0.04231941    0.03068441    -0.04447453    0.1105241    0.04735221    -0.02915444    -0.05416405    -0.07208635    0.1296411    0.0257668    -0.06267589    -0.06859719    0.1704847    0.1486006    -0.1184506    -0.149646    0.004453775    -0.1767803    -0.06666218    0.1860952    0.1281455    -0.04795744    0.05526012    0.1381016    0.07163358    0.06298322    -0.1727047    0.02901511    -0.005855489    -0.03062845    -0.009909169    0.01139331    -0.004582885    -0.04296578    0.02552021    0.05643201    -0.07085672    0.0338047    -0.020371    -0.04451033    0.006222414    0.03073797    -0.08447945    -0.07770937    0.05651413    0.1102664    0.02200722
0.003167241    0.1793267    0.1082349    -0.1049033    -0.07809915    -0.3425514    1    -0.6241456    -0.2792986    0.1218277    -0.0578075    0.00617488    0.07724433    -0.001794454    -0.04895622    -0.007700104    0.04115698    0.002289715    0.005184631    0.00498496    0.06583697    -0.06241659    -0.04868701    0.01462974    0.03298719    -0.01221896    -0.09842613    0.05058382    0.03587219    0.01075131    -0.02690586    0.006442792    0.09219105    0.04895535    -0.1754709    0.0457438    0.02730782    -0.02652208    -0.009126031    0.04985198    -0.01423017    -0.05531898    -0.08319305    -0.0007395214    0.1231705    -0.02392559    -0.04965056    0.01132815    0.03570315    -0.003304345    -0.02692572    0.05480855    0.002903606    -0.06230863    0.03465143    -0.0150622    0.01909466    0.01027337    -0.01022215    -0.02755133    -0.01779192    0.02507684    0.01382804    0.01303361    0.01928556
-0.0895068    0.1450969    0.1933872    -0.03284362    -0.1983519    -0.24755    -0.6241456    1    -0.2963397    -0.2330515    0.01083277    0.0509241    0.004399219    -0.04552222    -0.007806166    0.01698329    0.05278118    -0.006103072    -0.01968382    -0.02087392    0.06110959    -0.07642917    -0.07359805    0.09566148    0.07830104    0.1405388    -0.0142625    -0.1410526    0.04865965    0.06522706    0.00364856    -0.001524695    -0.02054624    -0.00354238    0.1007749    -0.03524317    -0.001486236    0.04598123    0.02887792    -0.1117265    0.04660471    -0.13866    -0.1110675    0.009018355    0.09334538    0.002630206    -0.03693125    -0.02631473    0.01795838    0.009025377    0.007017316    -0.04656564    -0.03707781    0.01395382    0.05423006    0.03604504    -0.03829034    -0.04505017    0.01594886    0.03695036    -0.01887102    0.02595673    0.07922218    0.0074203    -0.1310156
0.1761761    -0.2185411    -0.2592305    0.1353615    0.1494826    0.1688995    -0.2792986    -0.2963397    1    -0.3314129    0.01160255    -0.06977074    -0.06388856    0.02241983    0.07978027    -0.02263409    -0.07091541    -0.01417219    -0.03236774    0.05463202    -0.007234747    0.09957108    0.04294351    -0.06959932    -0.1054308    -0.01920492    0.0355328    0.05907627    -0.03329079    -0.07680343    -0.06930924    -0.08401437    0.06103516    0.1061077    -0.00217204    0.1556508    0.1312641    -0.06975276    -0.125634    -0.06005435    0.0621305    0.0304492    0.09469406    0.1060693    -0.1845677    0.02855622    0.04183903    -0.0376764    -0.0668836    0.05776846    -0.01576923    -0.03294314    0.01581278    0.02762851    -0.01828486    -0.05122849    -0.0004235332    0.01859759    -0.02506514    0.05159398    0.2354998    0.07558538    -0.1578722    -0.08792805    -0.01408765
-0.1818439    -0.07608191    0.04835366    -0.02617771    0.1391772    0.007790085    0.1218277    -0.2330515    -0.3314129    1    0.01080253    -0.01518604    0.01995498    0.03607049    -0.04102867    0.02810161    0.02308672    0.01445719    0.01612385    -0.05921099    -0.137052    0.02366438    0.0930267    -0.06346626    -0.01640351    -0.1315544    0.0147975    0.05810587    -0.009235673    0.02932604    -0.01267065    -0.00614099    -0.1081869    -0.07353396    0.255919    -0.05886408    -0.1385741    -0.03817062    0.003018188    0.03084064    -0.1135222    0.1653012    0.08421711    -0.1468627    0.0006379365    -0.02732812    0.08717869    0.08234134    -0.003210931    -0.06594606    0.02676728    0.05069387    0.03062471    0.01187546    -0.07281335    -0.01819155    0.01863395    0.05416043    0.04290818    -0.07564668    -0.1188029    -0.1060314    0.02790666    -0.02140475    -0.006324006
0.06777358    -0.02951339    -0.05889854    0.02962524    -0.02088288    0.05389543    -0.0578075    0.01083277    0.01160255    0.01080253    1    -0.02954475    -0.6886428    -0.02435365    0.001571975    0.06443082    -0.07015391    -0.05780759    0.1339086    -0.02215292    -0.00115061    0.04618252    0.02695653    0.03478215    -0.08354777    0.02210497    -0.005625861    0.01153422    -0.01543189    -0.0372272    0.01563207    0.03944733    -0.04878728    0.01403903    0.008049107    -0.09162924    0.03798744    0.1165212    -0.007314125    -0.06510241    0.1096161    -0.03679114    -0.09023539    0.1049995    -0.01560174    0.05017895    0.04223643    -0.01489325    -0.02165809    0.02387072    -0.1351449    -0.3162261    0.07892803    0.4071962    -0.05170482    0.002441896    -0.02419697    0.0301268    0.01496668    -0.04018266    0.1248173    -0.1155325    -0.1105805    0.1767402    -0.05914807
-0.03256545    0.06014817    0.0487907    -0.01393313    -0.08405107    -0.04041079    0.00617488    0.0509241    -0.06977074    -0.01518604    -0.02954475    1    -0.230843    -0.6910545    0.2013255    -0.05546732    -0.002827555    0.02384357    -0.06292279    0.07814099    0.09437929    -0.1324697    -0.09793039    0.08105257    0.135179    -0.06562623    0.03405532    0.0243466    -0.0784151    0.05082583    -0.05954499    0.03417341    0.0154458    -0.03931256    0.03904448    -0.04920301    -0.05762246    0.02099966    0.04462724    0.03819855    -0.08031891    -0.03798509    0.05166643    -0.03317085    0.01942614    0.00561323    0.01501671    -0.02800665    -0.01735379    0.05638861    -0.2971513    0.01706269    0.3314899    0.09174125    -0.1051905    -0.04686053    -0.001171372    0.01298223    0.01444384    -0.03086101    -0.102223    -0.01980947    -0.01923039    -0.07527398    0.1578336
-0.01853442    -0.02418068    0.07776806    0.02187897    -0.03049155    -0.07738388    0.07724433    0.004399219    -0.06388856    0.01995498    -0.6886428    -0.230843    1    -0.006458427    -0.3909671    -0.02648205    0.01348771    -0.001865565    -0.1240855    0.09211669    0.0575962    -0.1205885    -0.04888089    0.1090982    0.06119841    -0.07607799    -0.001608413    0.04197843    -0.03385146    0.02032892    -0.03895372    0.00825929    0.0700736    -0.02627683    -0.0203351    0.09372042    -0.006732673    -0.09861772    0.0295    0.01024666    -0.1165714    -0.004719445    0.06854383    -0.08891676    0.06255886    -0.04187479    -0.02229556    0.03699213    0.02125674    -0.04397248    0.08202919    0.3417959    0.025908    -0.2487614    -0.0629159    -0.02167811    -0.01926784    -0.04874781    -0.01805607    0.08730085    -0.09236206    0.009773263    0.02511242    -0.1310994    0.1178758
0.04042199    -0.01952682    -0.07632229    -0.004943796    0.05859478    0.0345248    -0.001794454    -0.04552222    0.02241983    0.03607049    -0.02435365    -0.6910545    -0.006458427    1    -0.3307153    0.05139153    -0.03882252    -0.07138099    0.06367587    -0.02674284    0.02361104    0.08941838    0.02291733    -0.01312803    -0.09653067    -0.03701212    0.004282911    0.02254124    0.008661871    -0.02409745    0.07530365    -0.03014948    -0.01112012    0.05435111    -0.06637589    0.01519089    0.08854756    0.03698186    -0.04423118    -0.05474142    0.1007805    0.02156738    -0.103534    0.03191942    -0.002677041    -0.02494118    0.02615057    0.05452815    0.004904026    -0.0597561    0.4834642    0.04986708    -0.310246    -0.1127866    -0.07899863    0.04628176    -0.05213211    -0.06164212    -0.01098869    0.09718906    0.06959323    -0.06669911    -0.02460443    0.11518    -0.08923101
-0.02486809    0.03791219    -0.03763317    -0.04511865    0.08546537    0.05482764    -0.04895622    -0.007806166    0.07978027    -0.04102867    0.001571975    0.2013255    -0.3909671    -0.3307153    1    -0.02051223    0.04563923    0.1137046    0.03057345    -0.1325142    -0.1065874    0.1154676    0.0681405    -0.1928973    -0.03969898    0.120062    -0.064261    -0.04854096    0.116031    0.0007749348    -0.01274756    -0.03079329    0.005564181    -0.01992162    0.03004776    -0.01244836    -0.04533453    -0.0184135    -0.01921662    0.05064297    0.0213995    0.03685069    0.01935239    0.02303167    -0.03243195    0.0726668    -0.03342488    -0.08796458    -0.006911603    0.05374018    -0.1597247    -0.2154691    -0.009454677    0.002635366    -0.04497447    0.0163327    0.08368623    0.06951794    0.003541737    -0.1179821    0.01616435    0.1203652    0.0702878    -0.007335686    -0.1173098
0.05167966    -0.09588906    -0.03325535    0.05996405    0.05134978    -0.006771738    -0.007700104    0.01698329    -0.02263409    0.02810161    0.06443082    -0.05546732    -0.02648205    0.05139153    -0.02051223    1    -0.09296697    -0.5872855    0.1205512    -0.008874198    -0.05986906    -0.03557438    0.01385454    -0.006368595    0.05900022    0.02976092    0.01818533    0.009618376    0.06954611    -0.1375378    -0.0230327    0.04382166    0.007039563    -0.01722156    0.02898905    0.04926505    -0.1176351    -0.03088224    0.1632472    -0.09398396    0.1030662    -0.07605895    -0.06870183    0.09936693    0.01169829    -0.05614705    -0.03965656    0.02556047    0.04547907    -0.0001584828    -0.06106963    -0.04165248    0.01877955    0.05273184    -0.00498728    -0.1179656    -0.2980671    0.06641426    0.4483354    -0.1221541    0.05763775    -0.1311562    -0.03322864    0.1651721    -0.07828577
-0.1152897    0.06631092    0.1240084    0.01692201    -0.07520341    -0.1240857    0.04115698    0.05278118    -0.07091541    0.02308672    -0.07015391    -0.002827555    0.01348771    -0.03882252    0.04563923    -0.09296697    1    -0.2674181    -0.5953015    0.2580198    -0.0935748    0.08469843    -0.02022624    -0.0450756    0.0638189    0.06570928    -0.1070775    -0.0735188    0.08245047    0.1196483    0.0002750232    -0.0293273    0.006297461    0.03043274    -0.03518806    -0.05184876    0.07176172    -0.03781501    -0.1925416    0.1628168    -0.0996536    0.01994633    0.004172335    -0.05106776    0.08591229    0.02789463    0.01180216    -0.04517602    -0.05660356    0.04698143    0.03857028    0.01328375    -0.04970586    -0.03546888    0.03272484    -0.2510339    0.02346951    0.3400784    0.1013593    -0.1992053    -0.07122164    -0.01854234    -0.03378469    -0.1252391    0.1431448
0.02066657    0.06696303    -0.02484923    -0.01928402    -0.03895309    -0.0192503    0.002289715    -0.006103072    -0.01417219    0.01445719    -0.05780759    0.02384357    -0.001865565    -0.07138099    0.1137046    -0.5872855    -0.2674181    1    -0.09069658    -0.3813491    -0.01116847    0.02349779    0.03049585    -0.06177808    -0.02088897    0.04360853    -0.1083042    -0.02654665    0.06765148    0.11326    0.003161911    -0.009085525    0.06250807    0.01240716    -0.0775968    -0.0417618    -0.05885779    -0.1049232    -0.07321295    0.1991867    -0.06550003    0.01167621    -0.00244369    -0.1233466    0.05034909    0.00432015    0.005100982    -0.02295805    -0.02390855    0.03868112    0.01633288    -0.00587882    -0.01083107    -0.02651377    0.01582178    0.07215081    0.3303277    0.05506116    -0.2063156    -0.1128322    -0.06970353    -0.01089588    -0.05592175    -0.1040838    0.1684001
0.09069551    -0.05048789    -0.04320801    -0.02647303    -0.0006839066    0.04231941    0.005184631    -0.01968382    -0.03236774    0.01612385    0.1339086    -0.06292279    -0.1240855    0.06367587    0.03057345    0.1205512    -0.5953015    -0.09069658    1    -0.4833    -0.01105784    -0.01309842    0.05024548    -0.03154062    -0.05945728    0.04685137    0.05194265    -0.01272133    0.05252365    -0.08485076    0.0254669    0.08001129    0.01650687    -0.05122752    0.00526952    0.05928642    -0.1474505    -0.009321575    0.195102    -0.1106225    0.08055422    -0.09252682    -0.04217377    0.08228877    -0.0396797    -0.04403976    -0.07216046    0.006837407    0.07808713    9.347354e-05    -0.07212233    -0.02811238    0.03316674    0.002412025    0.03391574    0.5098434    0.07291783    -0.3542301    -0.1281001    0.02787081    0.07113511    -0.1224206    -0.005190791    0.1784945    -0.09433865
-0.05447833    0.03211869    -0.007768238    -0.03397779    0.001843406    0.03068441    0.00498496    -0.02087392    0.05463202    -0.05921099    -0.02215292    0.07814099    0.09211669    -0.02674284    -0.1325142    -0.008874198    0.2580198    -0.3813491    -0.4833    1    0.08071587    -0.0472729    -0.05392933    0.1129901    -0.0001739217    -0.1389066    0.1009307    0.0697749    -0.1891751    0.004837892    -0.01701656    -0.05960014    -0.06681116    0.02994303    0.03462136    -0.007809671    0.1851792    0.1013714    -0.04979448    -0.1077125    -0.04017966    0.08678713    0.08857573    0.01464415    -0.05682052    0.06295784    0.08232487    0.008313983    -0.06665525    -0.04340985    0.04512267    0.04657365    -0.02245275    0.01074679    -0.02995025    -0.3181835    -0.2759907    0.09980855    0.04931708    -0.08786729    -0.005105011    0.1899199    0.08406861    -0.07565051    -0.09136203
0.1389514    0.01998462    -0.03104105    0.03452722    -0.1070169    -0.04447453    0.06583697    0.06110959    -0.007234747    -0.137052    -0.00115061    0.09437929    0.0575962    0.02361104    -0.1065874    -0.05986906    -0.0935748    -0.01116847    -0.01105784    0.08071587    1    -0.04959194    -0.3653458    -0.1231477    -0.235414    -0.02862622    0.008955436    0.09073879    -0.06501339    -0.09447889    -0.07609696    0.04274194    0.06904819    -0.01090389    -0.006615913    0.01666408    0.05693432    -0.0006484418    -0.04199493    0.005914286    0.06025899    -0.02602132    -0.1258989    -0.004949148    0.1129217    -0.0386185    -0.02456899    0.05435782    0.06393363    -0.05267846    -0.03389646    -0.01571408    0.04258827    0.0117354    -0.02573259    -0.01668924    -0.002891489    -0.03500614    -0.04070688    0.06917452    -0.01040112    0.06133382    0.01911049    0.01675741    -0.06221591
-0.07622373    0.002208098    -0.004586906    -0.01647255    0.0745826    0.1105241    -0.06241659    -0.07642917    0.09957108    0.02366438    0.04618252    -0.1324697    -0.1205885    0.08941838    0.1154676    -0.03557438    0.08469843    0.02349779    -0.01309842    -0.0472729    -0.04959194    1    -0.6263962    -0.3809867    0.2643759    0.09542287    -0.05329368    -0.0703135    0.04889042    0.07020334    0.04309873    0.01662048    0.03427506    0.008170651    -0.08576838    0.01350773    0.02125024    0.0173065    -0.02122322    -0.04818402    -0.02363241    0.0614403    -0.005020797    -0.02322085    -0.0009948882    -0.01204158    0.04613441    0.05445148    0.0124764    -0.09674374    0.02666895    0.03287007    0.02247737    -0.01057741    -0.08692542    -0.004167716    0.008231056    0.02961447    0.001007124    -0.004703964    -0.01894117    0.006198445    0.07756309    -0.008251203    -0.05519194
-0.01234681    -0.06512863    -0.0329702    -0.03479468    0.08113778    0.04735221    -0.04868701    -0.07359805    0.04294351    0.0930267    0.02695653    -0.09793039    -0.04888089    0.02291733    0.0681405    0.01385454    -0.02022624    0.03049585    0.05024548    -0.05392933    -0.3653458    -0.6263962    1    -0.04479658    -0.5652813    0.04048802    -0.03210165    -0.04785495    0.07808669    0.03893889    0.01207084    0.02685769    -0.003714227    0.01201341    -0.04788217    0.01486091    0.01783109    0.03012459    0.01105537    -0.03527674    -0.03434051    -0.006571728    0.07054304    0.00714604    -0.03083346    0.05774499    0.05941115    -0.01713382    -0.06213837    0.02194811    0.02854196    0.06663566    0.01183462    -0.01959888    -0.03170883    0.009370171    -0.01594508    0.0003053287    0.004164497    -0.01270747    0.05545266    0.005284587    -0.02549082    -0.004592954    0.01060062
0.06220939    -0.006803569    -0.02977939    0.09096843    -0.07358305    -0.02915444    0.01462974    0.09566148    -0.06959932    -0.06346626    0.03478215    0.08105257    0.1090982    -0.01312803    -0.1928973    -0.006368595    -0.0450756    -0.06177808    -0.03154062    0.1129901    -0.1231477    -0.3809867    -0.04479658    1    0.1156272    -0.08727965    0.05419702    0.07491683    -0.05713886    -0.08470179    -0.005529019    -0.004494737    -0.002386608    -0.01225539    0.04012324    -0.05895    0.0442306    0.05582072    0.002050091    -0.008719888    0.02299299    -0.08070662    -0.01417867    -0.001594978    0.02402173    0.0431415    0.003580469    -0.0187542    0.003870131    -0.001458975    -0.01686014    -0.008814342    0.0341068    0.0334382    0.005175358    0.0001621146    0.003150285    -0.05496362    -0.04524158    0.06318502    -0.000464846    0.07262736    -0.02296771    -0.08316854    0.07031703
-0.03429451    0.05613285    0.0571621    0.03264919    -0.05988684    -0.05416405    0.03298719    0.07830104    -0.1054308    -0.01640351    -0.08354777    0.135179    0.06119841    -0.09653067    -0.03969898    0.05900022    0.0638189    -0.02088897    -0.05945728    -0.0001739217    -0.235414    0.2643759    -0.5652813    0.1156272    1    -0.08042156    0.05047742    0.02358717    -0.09094592    0.01972786    0.03143573    -0.07626808    -0.08257175    -0.04190356    0.1517097    -0.05329875    -0.1104846    -0.04987427    0.04384095    0.08359652    -0.02042693    0.0007901071    0.04009528    0.01340778    -0.05876657    -0.09149699    -0.08860264    -0.01009968    0.03724986    0.05418487    -0.02031276    -0.1077841    -0.07507797    0.02374497    0.1224013    -0.008423912    0.009603424    0.03008136    0.0522146    -0.05296474    -0.05747459    -0.1235436    -0.007489111    0.04218325    0.04934349
0.08197752    0.001560001    0.01210735    0.02191401    -0.09784893    -0.07208635    -0.01221896    0.1405388    -0.01920492    -0.1315544    0.02210497    -0.06562623    -0.07607799    -0.03701212    0.120062    0.02976092    0.06570928    0.04360853    0.04685137    -0.1389066    -0.02862622    0.09542287    0.04048802    -0.08727965    -0.08042156    1    0.1802937    -0.5691702    -0.2002636    -0.1141258    -0.02657914    0.02333335    0.06434097    0.0121997    -0.04081714    -0.03518199    0.04406992    0.08748384    -0.006565689    -0.09400843    0.006926832    -0.05485113    -0.1206977    -0.02248353    0.09874283    0.03336739    -0.02966839    -0.04435019    -0.001081334    0.02093952    -0.06617019    -0.01934476    0.02420527    -0.002939407    0.037454    -0.003906764    0.02706601    0.03703464    0.02824346    -0.0488362    0.02973779    0.05498523    0.07407697    -0.01060514    -0.09392598
-0.001425257    -0.07429014    -0.02341492    -0.0185645    0.06749055    0.1296411    -0.09842613    -0.0142625    0.0355328    0.0147975    -0.005625861    0.03405532    -0.001608413    0.004282911    -0.064261    0.01818533    -0.1070775    -0.1083042    0.05194265    0.1009307    0.008955436    -0.05329368    -0.03210165    0.05419702    0.05047742    0.1802937    1    -0.712963    -0.5634511    0.2419349    0.0250954    -0.001546188    -0.02327891    -0.04330114    0.04686558    -0.004117329    -0.05887365    0.02810096    0.07208845    -0.01944009    -0.009893346    0.05802443    0.03664878    0.004883361    -0.02681716    -0.00435143    0.02597634    0.02787761    -0.01219786    -0.006675863    -0.02244615    0.0283932    -0.003652813    -0.03930518    0.06957486    0.004158192    0.02600851    -0.0159317    -0.05735925    0.03966254    -0.00674628    0.01408197    0.04352533    0.03240485    -0.03614079
-0.03697838    0.02348987    -0.03505125    -0.04593798    0.06676996    0.0257668    0.05058382    -0.1410526    0.05907627    0.05810587    0.01153422    0.0243466    0.04197843    0.02254124    -0.04854096    0.009618376    -0.0735188    -0.02654665    -0.01272133    0.0697749    0.09073879    -0.0703135    -0.04785495    0.07491683    0.02358717    -0.5691702    -0.712963    1    0.1600804    -0.4300399    -0.01829581    0.04458221    0.01341398    0.004460754    -0.0483019    0.004094961    0.08498085    -0.01357486    -0.04992367    0.03569054    -0.006297432    0.02611275    0.0569163    -0.002624584    -0.05054589    -0.03372022    -0.004233508    0.01574911    0.006696442    -0.001374252    0.03635973    -0.05870628    -0.007456059    0.06691892    -0.0617522    -0.01944    -0.0008345508    0.0353223    0.008335525    -0.03372905    0.008916974    0.02095433    -0.05981778    -0.02081737    0.05972902
0.03881304    -0.01501669    0.02170153    0.1056719    -0.0523314    -0.06267589    0.03587219    0.04865965    -0.03329079    -0.009235673    -0.01543189    -0.0784151    -0.03385146    0.008661871    0.116031    0.06954611    0.08245047    0.06765148    0.05252365    -0.1891751    -0.06501339    0.04889042    0.07808669    -0.05713886    -0.09094592    -0.2002636    -0.5634511    0.1600804    1    -0.04550196    0.01616432    -0.01443337    -0.002664458    0.05834922    -0.03377706    0.04088292    0.03016526    -0.01105948    -0.05378308    -0.03262829    0.04406168    -0.09264929    -0.08889166    0.0308862    0.04626276    0.03633752    -0.0648004    -0.08732466    0.01040176    0.05784981    -0.01092351    0.004442602    -0.02399803    -0.02482417    0.003438339    0.04581257    0.01258463    0.01078633    0.05804431    -0.04879413    0.006911928    -0.03437708    0.01492334    0.008254262    -0.02685137
-0.05002561    0.07973867    0.03176039    0.0109211    -0.06221906    -0.06859719    0.01075131    0.06522706    -0.07680343    0.02932604    -0.0372272    0.05082583    0.02032892    -0.02409745    0.0007749348    -0.1375378    0.1196483    0.11326    -0.08485076    0.004837892    -0.09447889    0.07020334    0.03893889    -0.08470179    0.01972786    -0.1141258    0.2419349    -0.4300399    -0.04550196    1    0.008956748    -0.08283623    -0.04643421    -0.007185673    0.07781389    -0.01434644    -0.1607475    -0.08457745    0.04869665    0.08412436    -0.01690092    0.02321122    0.02356336    -0.002146749    -0.005846807    0.01984039    0.06011936    0.02623893    -0.02018318    -0.03009777    0.02084993    0.09507368    0.02290862    -0.07132812    -0.01898392    0.03204457    -0.07275854    -0.1021404    -0.003162287    0.06366392    -0.05358654    -0.09921473    -0.02379207    -0.006139206    0.05736875
-0.04035273    0.04956068    0.003278509    0.009487315    -0.02001439    0.1704847    -0.02690586    0.00364856    -0.06930924    -0.01267065    0.01563207    -0.05954499    -0.03895372    0.07530365    -0.01274756    -0.0230327    0.0002750232    0.003161911    0.0254669    -0.01701656    -0.07609696    0.04309873    0.01207084    -0.005529019    0.03143573    -0.02657914    0.0250954    -0.01829581    0.01616432    0.008956748    1    -0.2296069    -0.743259    0.1712309    0.09838464    -0.09466229    -0.0715232    0.1254426    0.1020719    -0.09814372    0.1476686    -0.08627475    -0.1013105    0.1764044    -0.08245222    -0.009180177    -0.1698095    -0.009686335    0.1510241    -0.08802743    0.1072646    -0.04512088    -0.07552583    -0.008426058    0.006258214    0.1390282    0.02702123    -0.1017102    -0.0605977    0.04019535    0.0856522    -0.04523471    -0.01801394    0.04003625    -0.04664262
0.0431109    -0.05752618    0.0249634    -0.008269734    -0.02539951    0.1486006    0.006442792    -0.001524695    -0.08401437    -0.00614099    0.03944733    0.03417341    0.00825929    -0.03014948    -0.03079329    0.04382166    -0.0293273    -0.009085525    0.08001129    -0.05960014    0.04274194    0.01662048    0.02685769    -0.004494737    -0.07626808    0.02333335    -0.001546188    0.04458221    -0.01443337    -0.08283623    -0.2296069    1    0.1247282    -0.7481843    0.2853823    -0.1264362    0.005904659    0.1259589    0.04967899    -0.06030593    -0.0478897    0.009875494    -0.05373106    -0.1053522    0.1262151    -0.06056771    -0.03716937    0.01489501    0.02721638    -0.004992201    -0.02455228    0.1082446    0.04110864    -0.04767247    -0.0205369    0.0725092    0.109443    -0.001203625    -0.05838122    -0.04321453    -0.005273077    0.02508515    0.01570861    -0.03861038    0.02998282
0.07112415    -0.01767491    -0.01292407    -0.01730028    -0.01385478    -0.1184506    0.09219105    -0.02054624    0.06103516    -0.1081869    -0.04878728    0.0154458    0.0700736    -0.01112012    0.005564181    0.007039563    0.006297461    0.06250807    0.01650687    -0.06681116    0.06904819    0.03427506    -0.003714227    -0.002386608    -0.08257175    0.06434097    -0.02327891    0.01341398    -0.002664458    -0.04643421    -0.743259    0.1247282    1    -0.1546872    -0.4145793    0.07838862    0.07185313    -0.08737956    -0.05895017    0.04098928    -0.08638965    -0.02616639    -0.02200518    -0.08680329    0.1566834    -0.01512877    0.1054725    -0.01454969    -0.1442846    0.1031981    -0.07629771    0.08181584    0.13183    -0.02622744    -0.1019825    -0.08916959    0.01612964    0.1352413    0.04771463    -0.1187544    -0.04089768    0.01373279    0.02227346    -0.03342417    0.01561103
-0.02322071    0.07328264    -0.001454679    -0.01782193    0.001364644    -0.149646    0.04895535    -0.00354238    0.1061077    -0.07353396    0.01403903    -0.03931256    -0.02627683    0.05435111    -0.01992162    -0.01722156    0.03043274    0.01240716    -0.05122752    0.02994303    -0.01090389    0.008170651    0.01201341    -0.01225539    -0.04190356    0.0121997    -0.04330114    0.004460754    0.05834922    -0.007185673    0.1712309    -0.7481843    -0.1546872    1    -0.613247    0.1565662    0.04850491    -0.0843628    -0.09004409    0.01908044    0.07114374    -0.1041394    -0.04959351    0.1357013    -0.02389684    0.07450985    -0.0003542924    -0.0938763    -0.04349999    0.1094776    -0.008014986    -0.09557749    0.004808352    0.1089362    -0.04019657    -0.0637756    -0.09026763    0.02109242    0.09666505    -0.01243428    0.02113682    -0.02903033    0.01013477    0.07918532    -0.08067909
-0.04646692    -0.0597043    0.0291588    0.05507071    2.791224e-05    0.004453775    -0.1754709    0.1007749    -0.00217204    0.255919    0.008049107    0.03904448    -0.0203351    -0.06637589    0.03004776    0.02898905    -0.03518806    -0.0775968    0.00526952    0.03462136    -0.006615913    -0.08576838    -0.04788217    0.04012324    0.1517097    -0.04081714    0.04686558    -0.0483019    -0.03377706    0.07781389    0.09838464    0.2853823    -0.4145793    -0.613247    1    -0.1061007    -0.07601201    0.05149282    0.0668769    -0.05802803    -0.0316358    0.1272315    0.1218356    -0.05882172    -0.1335473    -0.06812031    -0.03146359    0.0998366    0.1314101    -0.08824611    0.01721803    -0.02113992    -0.100766    -0.03088945    0.2042202    0.02807244    0.01460294    -0.09963817    -0.07310022    0.18661    -0.03872268    0.03142138    -0.01628364    -0.03578866    0.07470589
-0.03065267    0.0311435    0.02020352    -0.03616802    0.006714172    -0.1767803    0.0457438    -0.03524317    0.1556508    -0.05886408    -0.09162924    -0.04920301    0.09372042    0.01519089    -0.01244836    0.04926505    -0.05184876    -0.0417618    0.05928642    -0.007809671    0.01666408    0.01350773    0.01486091    -0.05895    -0.05329875    -0.03518199    -0.004117329    0.004094961    0.04088292    -0.01434644    -0.09466229    -0.1264362    0.07838862    0.1565662    -0.1061007    1    0.05016715    -0.7652618    -0.2164396    0.2527462    -0.0228036    -0.02411838    0.03606677    0.03828862    -0.04145693    -0.0604444    -0.09458534    0.04861639    0.1047501    -0.1034578    0.1909245    0.07031001    -0.1807621    -0.1185183    0.077178    0.05632841    0.06317599    -0.05417921    -0.08111974    0.09834939    0.1757093    -0.01902461    -0.08365833    -0.06035079    0.02954738
-0.01769961    0.02083692    0.04184439    0.003565345    -0.0517316    -0.06666218    0.02730782    -0.001486236    0.1312641    -0.1385741    0.03798744    -0.05762246    -0.006732673    0.08854756    -0.04533453    -0.1176351    0.07176172    -0.05885779    -0.1474505    0.1851792    0.05693432    0.02125024    0.01783109    0.0442306    -0.1104846    0.04406992    -0.05887365    0.08498085    0.03016526    -0.1607475    -0.0715232    0.005904659    0.07185313    0.04850491    -0.07601201    0.05016715    1    0.07725506    -0.7808682    0.1179414    0.1262761    0.008030148    -0.05894042    0.0340227    0.00316198    -0.04215013    -0.0006157541    -0.005732798    -0.05944968    0.03219827    0.06206935    0.1372399    -0.03301078    -0.1247451    0.01291897    -0.0565378    0.00996876    -0.0005498985    -0.1221495    0.146665    0.04511379    0.1572304    -0.01627114    -0.09815471    -0.01748515
0.05009034    -0.01284636    -0.005928774    0.0312197    -0.02779441    0.1860952    -0.02652208    0.04598123    -0.06975276    -0.03817062    0.1165212    0.02099966    -0.09861772    0.03698186    -0.0184135    -0.03088224    -0.03781501    -0.1049232    -0.009321575    0.1013714    -0.0006484418    0.0173065    0.03012459    0.05582072    -0.04987427    0.08748384    0.02810096    -0.01357486    -0.01105948    -0.08457745    0.1254426    0.1259589    -0.08737956    -0.0843628    0.05149282    -0.7652618    0.07725506    1    0.210168    -0.6410685    0.06820211    -0.008719703    -0.03070719    0.04692835    -0.01839709    0.08493011    -0.03365002    -0.1289423    -0.07523716    0.1425433    -0.1453883    -0.05482711    0.1896746    0.1210361    -0.1523482    -0.07655645    -0.1181726    -0.003767898    0.04811523    0.05396438    -0.1032741    0.05570676    0.1396427    0.0561913    -0.1408994
0.0559951    5.780415e-05    -0.01366671    -0.02646607    0.009652567    0.1281455    -0.009126031    0.02887792    -0.125634    0.003018188    -0.007314125    0.04462724    0.0295    -0.04423118    -0.01921662    0.1632472    -0.1925416    -0.07321295    0.195102    -0.04979448    -0.04199493    -0.02122322    0.01105537    0.002050091    0.04384095    -0.006565689    0.07208845    -0.04992367    -0.05378308    0.04869665    0.1020719    0.04967899    -0.05895017    -0.09004409    0.0668769    -0.2164396    -0.7808682    0.210168    1    -0.5415401    -0.08877299    -0.008013395    0.0358176    0.003555783    -0.009995167    0.09548739    -0.01307185    -0.1055645    -0.003940756    0.07893978    -0.124665    -0.1117934    0.1250539    0.1789884    -0.1091015    0.02504878    -0.1223118    -0.04271107    0.1239873    -0.07852063    -0.02245147    -0.0877916    0.04534361    0.128129    -0.06091721
-0.06036414    -0.009904912    -0.04291455    0.004106452    0.05573689    -0.04795744    0.04985198    -0.1117265    -0.06005435    0.03084064    -0.06510241    0.03819855    0.01024666    -0.05474142    0.05064297    -0.09398396    0.1628168    0.1991867    -0.1106225    -0.1077125    0.005914286    -0.04818402    -0.03527674    -0.008719888    0.08359652    -0.09400843    -0.01944009    0.03569054    -0.03262829    0.08412436    -0.09814372    -0.06030593    0.04098928    0.01908044    -0.05802803    0.2527462    0.1179414    -0.6410685    -0.5415401    1    -0.03913438    0.04666721    0.03043407    -0.09457234    0.05019027    -0.1539944    0.06879338    0.2115829    0.08648639    -0.1152816    0.08516971    0.0399492    -0.142886    -0.1183964    0.2348613    0.06896784    0.1893821    0.05204842    -0.09221801    -0.1305449    -0.06040446    -0.04292855    -0.09685357    -0.04914318    0.253015
0.1162023    -0.09981231    -0.08991358    0.156764    -0.05389333    0.05526012    -0.01423017    0.04660471    0.0621305    -0.1135222    0.1096161    -0.08031891    -0.1165714    0.1007805    0.0213995    0.1030662    -0.0996536    -0.06550003    0.08055422    -0.04017966    0.06025899    -0.02363241    -0.03434051    0.02299299    -0.02042693    0.006926832    -0.009893346    -0.006297432    0.04406168    -0.01690092    0.1476686    -0.0478897    -0.08638965    0.07114374    -0.0316358    -0.0228036    0.1262761    0.06820211    -0.08877299    -0.03913438    1    -0.006012193    -0.5898456    0.08617625    -0.07295721    -0.02775011    -0.05494955    -0.02064888    0.03114295    0.02859553    0.02000688    -0.0419823    -0.0676909    -0.0451536    0.08806643    0.04511923    0.001767592    -0.06445633    -0.01372151    0.0554438    0.1076101    -0.03764536    -0.04524536    0.1007491    -0.131228
-0.1066769    -0.07278751    -0.01950374    -0.07175043    0.1836952    0.1381016    -0.05531898    -0.13866    0.0304492    0.1653012    -0.03679114    -0.03798509    -0.004719445    0.02156738    0.03685069    -0.07605895    0.01994633    0.01167621    -0.09252682    0.08678713    -0.02602132    0.0614403    -0.006571728    -0.08070662    0.0007901071    -0.05485113    0.05802443    0.02611275    -0.09264929    0.02321122    -0.08627475    0.009875494    -0.02616639    -0.1041394    0.1272315    -0.02411838    0.008030148    -0.008719703    -0.008013395    0.04666721    -0.006012193    1    -0.2592951    -0.5895032    0.2392751    0.04248935    0.0211465    -0.06811916    -0.07284611    0.07896178    0.07592913    -0.03729169    -0.09945412    0.006121771    0.03954394    -0.03678603    -0.05916866    -0.01012221    0.01556901    0.03874026    -0.07796276    -0.01470101    -0.05955463    -0.07328333    0.1700516
-0.1043039    -0.0120283    -0.04552009    -0.05450183    0.1530053    0.07163358    -0.08319305    -0.1110675    0.09469406    0.08421711    -0.09023539    0.05166643    0.06854383    -0.103534    0.01935239    -0.06870183    0.004172335    -0.00244369    -0.04217377    0.08857573    -0.1258989    -0.005020797    0.07054304    -0.01417867    0.04009528    -0.1206977    0.03664878    0.0569163    -0.08889166    0.02356336    -0.1013105    -0.05373106    -0.02200518    -0.04959351    0.1218356    0.03606677    -0.05894042    -0.03070719    0.0358176    0.03043407    -0.5898456    -0.2592951    1    -0.006376612    -0.4396046    -0.01302346    0.0202182    0.01543734    0.0005098141    -0.03007292    -0.06002595    6.09206e-05    0.04150142    0.04689789    -0.02717956    -0.08244826    0.001399142    0.05637271    -0.01702433    -0.002799511    -0.08738423    -0.02926552    -0.05541142    -0.0939214    0.2184909
