1    -0.02954475    -0.6886428    -0.02435365    0.001571975    0.02210497    -0.005625861    0.01153422    -0.01543189    -0.0372272
-0.02954475    1    -0.230843    -0.6910545    0.2013255    -0.06562623    0.03405532    0.0243466    -0.0784151    0.05082583
-0.6886428    -0.230843    1    -0.006458427    -0.3909671    -0.07607799    -0.001608413    0.04197843    -0.03385146    0.02032892
-0.02435365    -0.6910545    -0.006458427    1    -0.3307153    -0.03701212    0.004282911    0.02254124    0.008661871    -0.02409745
0.001571975    0.2013255    -0.3909671    -0.3307153    1    0.120062    -0.064261    -0.04854096    0.116031    0.0007749348
0.02210497    -0.06562623    -0.07607799    -0.03701212    0.120062    1    0.1802937    -0.5691702    -0.2002636    -0.1141258
-0.005625861    0.03405532    -0.001608413    0.004282911    -0.064261    0.1802937    1    -0.712963    -0.5634511    0.2419349
0.01153422    0.0243466    0.04197843    0.02254124    -0.04854096    -0.5691702    -0.712963    1    0.1600804    -0.4300399
-0.01543189    -0.0784151    -0.03385146    0.008661871    0.116031    -0.2002636    -0.5634511    0.1600804    1    -0.04550196
-0.0372272    0.05082583    0.02032892    -0.02409745    0.0007749348    -0.1141258    0.2419349    -0.4300399    -0.04550196    1
