3.924155e-06    -1.684096e-07    -2.334304e-06    -5.472707e-07    7.053083e-08    3.912584e-07    -7.346866e-08    -3.835013e-07    3.869518e-07    -1.242204e-07    2.021588e-07    -1.433344e-07    -1.608733e-07    1.831144e-07    -4.860266e-08    3.345986e-07    1.093041e-07    -2.146793e-07    -5.531162e-08    -1.050579e-07
-1.684096e-07    3.96229e-06    -4.396727e-07    -2.460379e-06    2.04513e-07    -7.412089e-07    5.286746e-07    8.728808e-07    -6.021015e-07    -4.38996e-08    -2.944964e-07    1.881857e-07    3.220205e-07    -1.501064e-07    -3.120742e-08    -7.097241e-08    3.78293e-07    6.960446e-08    -2.515461e-07    -6.809382e-08
-2.334304e-06    -4.396727e-07    3.884889e-06    -1.64963e-07    -1.149445e-06    -8.020758e-07    6.08471e-07    9.124068e-07    -6.467582e-07    -2.152713e-08    -2.160932e-07    2.42181e-07    2.554112e-07    -1.049157e-07    -1.018603e-07    -2.479298e-07    4.859507e-08    3.667459e-07    -4.743136e-08    -9.389577e-08
-5.472707e-07    -2.460379e-06    -1.64963e-07    4.069895e-06    -9.110307e-07    3.84049e-07    -9.214972e-08    -3.619307e-07    4.027078e-07    -1.252694e-07    2.100259e-07    -3.196589e-08    -6.276256e-08    3.905906e-08    -4.138461e-08    -4.44096e-08    -2.240176e-07    5.464887e-08    2.897717e-07    8.687698e-09
7.053083e-08    2.04513e-07    -1.149445e-06    -9.110307e-07    2.400727e-06    3.94355e-07    -5.288843e-07    -5.200256e-07    2.629124e-07    1.544921e-07    6.572447e-08    -1.767035e-07    -1.741405e-07    3.502023e-08    8.227629e-08    -2.471589e-08    -1.511685e-07    -1.698189e-07    1.064929e-07    2.786621e-07
3.912584e-07    -7.412089e-07    -8.020758e-07    3.84049e-07    3.94355e-07    1.522817e-06    -6.193391e-07    -1.167208e-06    3.210409e-07    3.583482e-08    9.490581e-08    -1.484002e-07    -2.303897e-07    2.438064e-09    1.565773e-07    3.276806e-08    -1.354949e-07    -1.889602e-07    1.538786e-09    1.751181e-07
-7.346866e-08    5.286746e-07    6.08471e-07    -9.214972e-08    -5.288843e-07    -6.193391e-07    4.544071e-06    -2.302371e-06    -1.320329e-06    2.26815e-07    -4.83728e-08    1.530262e-07    8.991607e-08    -1.889333e-08    -7.920593e-08    -1.477421e-07    1.871415e-07    2.690685e-07    -8.816564e-08    -1.298037e-07
-3.835013e-07    8.728808e-07    9.124068e-07    -3.619307e-07    -5.200256e-07    -1.167208e-06    -2.302371e-06    4.281386e-06    -4.117152e-07    -5.328397e-07    -1.107992e-07    8.135843e-08    2.581546e-07    3.348996e-08    -1.393844e-07    6.067212e-08    1.013663e-07    1.544924e-08    3.147025e-08    -1.201929e-07
3.869518e-07    -6.021015e-07    -6.467582e-07    4.027078e-07    2.629124e-07    3.210409e-07    -1.320329e-06    -4.117152e-07    1.53437e-06    -1.456893e-07    4.309936e-08    -1.392119e-07    -1.364105e-07    -4.12515e-08    1.194735e-07    2.70261e-08    -2.005798e-07    -2.060123e-07    -1.313633e-12    2.001529e-07
-1.242204e-07    -4.38996e-08    -2.152713e-08    -1.252694e-07    1.544921e-07    3.583482e-08    2.26815e-07    -5.328397e-07    -1.456893e-07    4.091927e-07    2.987069e-08    1.241392e-08    -1.693088e-08    3.122167e-08    -3.227764e-08    -1.125099e-08    1.29301e-08    5.675945e-08    3.277728e-08    -5.054301e-08
2.021588e-07    -2.944964e-07    -2.160932e-07    2.100259e-07    6.572447e-08    9.490581e-08    -4.83728e-08    -1.107992e-07    4.309936e-08    2.987069e-08    5.688819e-06    7.011856e-10    -4.407768e-06    -3.903071e-07    1.419384e-07    3.370092e-07    -1.700594e-07    -2.17942e-07    4.380637e-07    -1.166888e-07
-1.433344e-07    1.881857e-07    2.42181e-07    -3.196589e-08    -1.767035e-07    -1.484002e-07    1.530262e-07    8.135843e-08    -1.392119e-07    1.241392e-08    7.011856e-10    6.556251e-06    -1.302988e-06    -4.337485e-06    6.190545e-07    -3.55601e-07    8.750881e-09    8.336568e-09    -3.571952e-07    4.331639e-07
-1.608733e-07    3.220205e-07    2.554112e-07    -6.276256e-08    -1.741405e-07    -2.303897e-07    8.991607e-08    2.581546e-07    -1.364105e-07    -1.693088e-08    -4.407768e-06    -1.302988e-06    6.599799e-06    9.317883e-08    -1.536047e-06    -2.387522e-07    -1.923774e-07    -8.534001e-08    -2.992111e-07    2.780413e-07
1.831144e-07    -1.501064e-07    -1.049157e-07    3.905906e-08    3.502023e-08    2.438064e-09    -1.889333e-08    3.348996e-08    -4.12515e-08    3.122167e-08    -3.903071e-07    -4.337485e-06    9.317883e-08    5.633031e-06    -1.088318e-06    4.109721e-07    -1.753488e-07    -2.89502e-07    2.968903e-07    -1.634487e-07
-4.860266e-08    -3.120742e-08    -1.018603e-07    -4.138461e-08    8.227629e-08    1.565773e-07    -7.920593e-08    -1.393844e-07    1.194735e-07    -3.227764e-08    1.419384e-07    6.190545e-07    -1.536047e-06    -1.088318e-06    2.336119e-06    -7.189419e-08    3.143534e-07    3.062847e-07    -1.2621e-07    -1.652033e-07
3.345986e-07    -7.097241e-08    -2.479298e-07    -4.44096e-08    -2.471589e-08    3.276806e-08    -1.477421e-07    6.067212e-08    2.70261e-08    -1.125099e-08    3.370092e-07    -3.55601e-07    -2.387522e-07    4.109721e-07    -7.189419e-08    4.450782e-06    -2.010048e-07    -3.128666e-06    3.419283e-07    2.703366e-08
1.093041e-07    3.78293e-07    4.859507e-08    -2.240176e-07    -1.511685e-07    -1.354949e-07    1.871415e-07    1.013663e-07    -2.005798e-07    1.29301e-08    -1.700594e-07    8.750881e-09    -1.923774e-07    -1.753488e-07    3.143534e-07    -2.010048e-07    5.097023e-06    -1.304585e-06    -3.029647e-06    9.681869e-07
-2.146793e-07    6.960446e-08    3.667459e-07    5.464887e-08    -1.698189e-07    -1.889602e-07    2.690685e-07    1.544924e-08    -2.060123e-07    5.675945e-08    -2.17942e-07    8.336568e-09    -8.534001e-08    -2.89502e-07    3.062847e-07    -3.128666e-06    -1.304585e-06    5.264917e-06    -8.953145e-08    -1.682977e-06
-5.531162e-08    -2.515461e-07    -4.743136e-08    2.897717e-07    1.064929e-07    1.538786e-09    -8.816564e-08    3.147025e-08    -1.313633e-12    3.277728e-08    4.380637e-07    -3.571952e-07    -2.992111e-07    2.968903e-07    -1.2621e-07    3.419283e-07    -3.029647e-06    -8.953145e-08    4.412261e-06    -1.565472e-06
-1.050579e-07    -6.809382e-08    -9.389577e-08    8.687698e-09    2.786621e-07    1.751181e-07    -1.298037e-07    -1.201929e-07    2.001529e-07    -5.054301e-08    -1.166888e-07    4.331639e-07    2.780413e-07    -1.634487e-07    -1.652033e-07    2.703366e-08    9.681869e-07    -1.682977e-06    -1.565472e-06    2.880845e-06
