3.924155e-06    -1.684096e-07    -2.334304e-06    -5.472707e-07    7.053083e-08    2.447024e-07    -1.362485e-07    -1.819171e-07    2.16112e-07    -9.776899e-08    2.021588e-07    -1.433344e-07    -1.608733e-07    1.831144e-07    -4.860266e-08    3.345986e-07    1.093041e-07    -2.146793e-07    -5.531162e-08    -1.050579e-07
-1.684096e-07    3.96229e-06    -4.396727e-07    -2.460379e-06    2.04513e-07    6.42082e-08    -3.035813e-07    -2.187238e-07    9.150541e-08    1.579383e-07    -2.944964e-07    1.881857e-07    3.220205e-07    -1.501064e-07    -3.120742e-08    -7.097241e-08    3.78293e-07    6.960446e-08    -2.515461e-07    -6.809382e-08
-2.334304e-06    -4.396727e-07    3.884889e-06    -1.64963e-07    -1.149445e-06    1.091169e-07    -2.983936e-07    -2.631225e-07    3.919332e-08    1.981156e-07    -2.160932e-07    2.42181e-07    2.554112e-07    -1.049157e-07    -1.018603e-07    -2.479298e-07    4.859507e-08    3.667459e-07    -4.743136e-08    -9.389577e-08
-5.472707e-07    -2.460379e-06    -1.64963e-07    4.069895e-06    -9.110307e-07    1.80777e-07    -3.034617e-07    4.605052e-08    2.042789e-07    -8.208446e-08    2.100259e-07    -3.196589e-08    -6.276256e-08    3.905906e-08    -4.138461e-08    -4.44096e-08    -2.240176e-07    5.464887e-08    2.897717e-07    8.687698e-09
7.053083e-08    2.04513e-07    -1.149445e-06    -9.110307e-07    2.400727e-06    -2.521664e-07    5.712868e-07    2.524497e-07    -2.761757e-07    -1.233242e-07    6.572447e-08    -1.767035e-07    -1.741405e-07    3.502023e-08    8.227629e-08    -2.471589e-08    -1.511685e-07    -1.698189e-07    1.064929e-07    2.786621e-07
2.447024e-07    6.42082e-08    1.091169e-07    1.80777e-07    -2.521664e-07    4.198355e-06    -3.570896e-07    -3.268864e-06    -2.005086e-07    -1.219386e-07    1.466182e-07    -4.302352e-07    -3.339175e-07    1.497636e-07    2.327058e-07    1.321577e-07    3.837891e-07    3.98826e-07    1.946811e-07    -5.250532e-07
-1.362485e-07    -3.035813e-07    -2.983936e-07    -3.034617e-07    5.712868e-07    -3.570896e-07    1.233661e-05    -8.056497e-06    -2.337646e-06    6.702505e-07    -2.529307e-07    7.658728e-07    4.836034e-07    -2.523897e-07    -2.65145e-07    2.176402e-07    -7.27721e-07    -8.338338e-07    2.533929e-07    5.91581e-07
-1.819171e-07    -2.187238e-07    -2.631225e-07    4.605052e-08    2.524497e-07    -3.268864e-06    -8.056497e-06    1.231061e-05    -7.233887e-07    -1.183478e-06    1.209897e-07    -9.523447e-08    1.564516e-07    1.2228e-07    -2.541033e-07    2.06839e-07    -6.396201e-07    -6.158771e-07    2.381444e-08    4.392275e-07
2.16112e-07    9.150541e-08    3.919332e-08    2.042789e-07    -2.761757e-07    -2.005086e-07    -2.337646e-06    -7.233887e-07    3.857491e-06    -3.243028e-07    3.896268e-08    -3.419184e-07    -4.138607e-07    -1.261315e-07    4.148845e-07    1.08036e-07    3.292992e-07    3.472286e-07    1.308195e-07    -4.428704e-07
-9.776899e-08    1.579383e-07    1.981156e-07    -8.208446e-08    -1.233242e-07    -1.219386e-07    6.702505e-07    -1.183478e-06    -3.243028e-07    1.055329e-06    -3.965965e-08    1.152689e-07    3.641938e-08    3.515607e-08    -6.090249e-08    -2.980511e-07    2.664832e-07    2.686432e-07    -2.351579e-07    1.476861e-09
2.021588e-07    -2.944964e-07    -2.160932e-07    2.100259e-07    6.572447e-08    1.466182e-07    -2.529307e-07    1.209897e-07    3.896268e-08    -3.965965e-08    5.688819e-06    7.011856e-10    -4.407768e-06    -3.903071e-07    1.419384e-07    3.370092e-07    -1.700594e-07    -2.17942e-07    4.380637e-07    -1.166888e-07
-1.433344e-07    1.881857e-07    2.42181e-07    -3.196589e-08    -1.767035e-07    -4.302352e-07    7.658728e-07    -9.523447e-08    -3.419184e-07    1.152689e-07    7.011856e-10    6.556251e-06    -1.302988e-06    -4.337485e-06    6.190545e-07    -3.55601e-07    8.750881e-09    8.336568e-09    -3.571952e-07    4.331639e-07
-1.608733e-07    3.220205e-07    2.554112e-07    -6.276256e-08    -1.741405e-07    -3.339175e-07    4.836034e-07    1.564516e-07    -4.138607e-07    3.641938e-08    -4.407768e-06    -1.302988e-06    6.599799e-06    9.317883e-08    -1.536047e-06    -2.387522e-07    -1.923774e-07    -8.534001e-08    -2.992111e-07    2.780413e-07
1.831144e-07    -1.501064e-07    -1.049157e-07    3.905906e-08    3.502023e-08    1.497636e-07    -2.523897e-07    1.2228e-07    -1.261315e-07    3.515607e-08    -3.903071e-07    -4.337485e-06    9.317883e-08    5.633031e-06    -1.088318e-06    4.109721e-07    -1.753488e-07    -2.89502e-07    2.968903e-07    -1.634487e-07
-4.860266e-08    -3.120742e-08    -1.018603e-07    -4.138461e-08    8.227629e-08    2.327058e-07    -2.65145e-07    -2.541033e-07    4.148845e-07    -6.090249e-08    1.419384e-07    6.190545e-07    -1.536047e-06    -1.088318e-06    2.336119e-06    -7.189419e-08    3.143534e-07    3.062847e-07    -1.2621e-07    -1.652033e-07
3.345986e-07    -7.097241e-08    -2.479298e-07    -4.44096e-08    -2.471589e-08    1.321577e-07    2.176402e-07    2.06839e-07    1.08036e-07    -2.980511e-07    3.370092e-07    -3.55601e-07    -2.387522e-07    4.109721e-07    -7.189419e-08    4.450782e-06    -2.010048e-07    -3.128666e-06    3.419283e-07    2.703366e-08
1.093041e-07    3.78293e-07    4.859507e-08    -2.240176e-07    -1.511685e-07    3.837891e-07    -7.27721e-07    -6.396201e-07    3.292992e-07    2.664832e-07    -1.700594e-07    8.750881e-09    -1.923774e-07    -1.753488e-07    3.143534e-07    -2.010048e-07    5.097023e-06    -1.304585e-06    -3.029647e-06    9.681869e-07
-2.146793e-07    6.960446e-08    3.667459e-07    5.464887e-08    -1.698189e-07    3.98826e-07    -8.338338e-07    -6.158771e-07    3.472286e-07    2.686432e-07    -2.17942e-07    8.336568e-09    -8.534001e-08    -2.89502e-07    3.062847e-07    -3.128666e-06    -1.304585e-06    5.264917e-06    -8.953145e-08    -1.682977e-06
-5.531162e-08    -2.515461e-07    -4.743136e-08    2.897717e-07    1.064929e-07    1.946811e-07    2.533929e-07    2.381444e-08    1.308195e-07    -2.351579e-07    4.380637e-07    -3.571952e-07    -2.992111e-07    2.968903e-07    -1.2621e-07    3.419283e-07    -3.029647e-06    -8.953145e-08    4.412261e-06    -1.565472e-06
-1.050579e-07    -6.809382e-08    -9.389577e-08    8.687698e-09    2.786621e-07    -5.250532e-07    5.91581e-07    4.392275e-07    -4.428704e-07    1.476861e-09    -1.166888e-07    4.331639e-07    2.780413e-07    -1.634487e-07    -1.652033e-07    2.703366e-08    9.681869e-07    -1.682977e-06    -1.565472e-06    2.880845e-06
