5.703121e-06    -2.34857e-07    -3.620678e-06    -4.919708e-07    2.5232e-08    6.364567e-07    -5.181121e-07    -4.738365e-07    6.030892e-07    -1.11557e-07
-2.34857e-07    3.926806e-06    -1.002308e-07    -2.260295e-06    3.949029e-07    -2.622021e-07    -1.172988e-07    -1.696303e-07    -3.127537e-07    4.482704e-07
-3.620678e-06    -1.002308e-07    4.598383e-06    1.814464e-07    -1.238884e-06    -3.536505e-07    -8.414165e-08    -9.873279e-08    -3.175568e-07    3.900733e-07
-4.919708e-07    -2.260295e-06    1.814464e-07    3.965647e-06    -1.309077e-06    4.048102e-07    -3.31628e-07    -3.18429e-07    3.47794e-07    -6.723647e-08
2.5232e-08    3.949029e-07    -1.238884e-06    -1.309077e-06    3.231137e-06    -1.728796e-07    4.230372e-07    4.041347e-07    -1.455827e-07    -2.257634e-07
6.364567e-07    -2.622021e-07    -3.536505e-07    4.048102e-07    -1.728796e-07    4.450782e-06    -2.010048e-07    -3.128666e-06    3.419283e-07    2.703366e-08
-5.181121e-07    -1.172988e-07    -8.414165e-08    -3.31628e-07    4.230372e-07    -2.010048e-07    5.097023e-06    -1.304585e-06    -3.029647e-06    9.681869e-07
-4.738365e-07    -1.696303e-07    -9.873279e-08    -3.18429e-07    4.041347e-07    -3.128666e-06    -1.304585e-06    5.264917e-06    -8.953145e-08    -1.682977e-06
6.030892e-07    -3.127537e-07    -3.175568e-07    3.47794e-07    -1.455827e-07    3.419283e-07    -3.029647e-06    -8.953145e-08    4.412261e-06    -1.565472e-06
-1.11557e-07    4.482704e-07    3.900733e-07    -6.723647e-08    -2.257634e-07    2.703366e-08    9.681869e-07    -1.682977e-06    -1.565472e-06    2.880845e-06
