1.133604e-05    -4.830607e-07    -9.574782e-06    1.700488e-07    3.543101e-07    6.427838e-07    -3.81912e-07    -5.420936e-07    7.051095e-07    -2.310259e-07
-4.830607e-07    1.44715e-05    -2.302421e-06    -9.600773e-06    1.007374e-06    -5.091691e-07    4.364909e-08    -2.433303e-08    -6.377337e-07    5.053036e-07
-9.574782e-06    -2.302421e-06    1.432088e-05    -5.137219e-07    -2.89303e-06    -5.986135e-07    -8.929495e-08    2.223511e-07    -6.171845e-07    4.675544e-07
1.700488e-07    -9.600773e-06    -5.137219e-07    1.10853e-05    -1.76495e-06    5.314827e-07    -3.722291e-07    -3.697771e-07    6.896993e-07    -1.186587e-07
3.543101e-07    1.007374e-06    -2.89303e-06    -1.76495e-06    3.451853e-06    -3.190462e-08    4.04381e-07    3.202593e-07    -4.520889e-08    -3.077282e-07
6.427838e-07    -5.091691e-07    -5.986135e-07    5.314827e-07    -3.190462e-08    4.450782e-06    -2.010048e-07    -3.128666e-06    3.419283e-07    2.703366e-08
-3.81912e-07    4.364909e-08    -8.929495e-08    -3.722291e-07    4.04381e-07    -2.010048e-07    5.097023e-06    -1.304585e-06    -3.029647e-06    9.681869e-07
-5.420936e-07    -2.433303e-08    2.223511e-07    -3.697771e-07    3.202593e-07    -3.128666e-06    -1.304585e-06    5.264917e-06    -8.953145e-08    -1.682977e-06
7.051095e-07    -6.377337e-07    -6.171845e-07    6.896993e-07    -4.520889e-08    3.419283e-07    -3.029647e-06    -8.953145e-08    4.412261e-06    -1.565472e-06
-2.310259e-07    5.053036e-07    4.675544e-07    -1.186587e-07    -3.077282e-07    2.703366e-08    9.681869e-07    -1.682977e-06    -1.565472e-06    2.880845e-06
