5.787415e-06    -1.517737e-07    -3.65629e-06    -6.46969e-07    4.738515e-08    2.349468e-07    -2.16032e-07    -1.727219e-07    3.014273e-07    -1.046182e-07    5.745206e-07    -5.183373e-07    -5.571258e-07    5.894074e-07    -7.494272e-08
-1.517737e-07    3.908859e-06    -1.424873e-07    -2.216408e-06    4.061929e-07    -2.011015e-07    5.434168e-07    3.654933e-07    -3.481738e-07    -1.187031e-07    -1.746699e-07    -2.471434e-07    -2.327002e-07    -2.508177e-07    4.763042e-07
-3.65629e-06    -1.424873e-07    4.536265e-06    1.832196e-07    -1.122059e-06    -3.101344e-07    3.676197e-07    4.380094e-07    -2.567336e-07    -1.232276e-07    -3.329296e-07    2.381297e-09    2.194865e-09    -4.124118e-07    3.645393e-07
-6.46969e-07    -2.216408e-06    1.832196e-07    4.007488e-06    -1.328285e-06    1.377294e-07    -1.580046e-07    -5.713926e-08    1.696671e-07    -3.618479e-08    3.774061e-07    -2.335932e-07    -3.054792e-07    3.488698e-07    -7.968703e-08
4.738515e-08    4.061929e-07    -1.122059e-06    -1.328285e-06    3.107555e-06    6.964128e-08    -1.867138e-07    -2.2485e-07    -4.189801e-08    1.68843e-07    -1.279362e-07    3.284867e-07    3.986498e-07    -4.220084e-08    -2.815688e-07
2.349468e-07    -2.011015e-07    -3.101344e-07    1.377294e-07    6.964128e-08    5.688819e-06    7.011856e-10    -4.407768e-06    -3.903071e-07    1.419384e-07    3.370092e-07    -1.700594e-07    -2.17942e-07    4.380637e-07    -1.166888e-07
-2.16032e-07    5.434168e-07    3.676197e-07    -1.580046e-07    -1.867138e-07    7.011856e-10    6.556251e-06    -1.302988e-06    -4.337485e-06    6.190545e-07    -3.55601e-07    8.750881e-09    8.336568e-09    -3.571952e-07    4.331639e-07
-1.727219e-07    3.654933e-07    4.380094e-07    -5.713926e-08    -2.2485e-07    -4.407768e-06    -1.302988e-06    6.599799e-06    9.317883e-08    -1.536047e-06    -2.387522e-07    -1.923774e-07    -8.534001e-08    -2.992111e-07    2.780413e-07
3.014273e-07    -3.481738e-07    -2.567336e-07    1.696671e-07    -4.189801e-08    -3.903071e-07    -4.337485e-06    9.317883e-08    5.633031e-06    -1.088318e-06    4.109721e-07    -1.753488e-07    -2.89502e-07    2.968903e-07    -1.634487e-07
-1.046182e-07    -1.187031e-07    -1.232276e-07    -3.618479e-08    1.68843e-07    1.419384e-07    6.190545e-07    -1.536047e-06    -1.088318e-06    2.336119e-06    -7.189419e-08    3.143534e-07    3.062847e-07    -1.2621e-07    -1.652033e-07
5.745206e-07    -1.746699e-07    -3.329296e-07    3.774061e-07    -1.279362e-07    3.370092e-07    -3.55601e-07    -2.387522e-07    4.109721e-07    -7.189419e-08    4.450782e-06    -2.010048e-07    -3.128666e-06    3.419283e-07    2.703366e-08
-5.183373e-07    -2.471434e-07    2.381297e-09    -2.335932e-07    3.284867e-07    -1.700594e-07    8.750881e-09    -1.923774e-07    -1.753488e-07    3.143534e-07    -2.010048e-07    5.097023e-06    -1.304585e-06    -3.029647e-06    9.681869e-07
-5.571258e-07    -2.327002e-07    2.194865e-09    -3.054792e-07    3.986498e-07    -2.17942e-07    8.336568e-09    -8.534001e-08    -2.89502e-07    3.062847e-07    -3.128666e-06    -1.304585e-06    5.264917e-06    -8.953145e-08    -1.682977e-06
5.894074e-07    -2.508177e-07    -4.124118e-07    3.488698e-07    -4.220084e-08    4.380637e-07    -3.571952e-07    -2.992111e-07    2.968903e-07    -1.2621e-07    3.419283e-07    -3.029647e-06    -8.953145e-08    4.412261e-06    -1.565472e-06
-7.494272e-08    4.763042e-07    3.645393e-07    -7.968703e-08    -2.815688e-07    -1.166888e-07    4.331639e-07    2.780413e-07    -1.634487e-07    -1.652033e-07    2.703366e-08    9.681869e-07    -1.682977e-06    -1.565472e-06    2.880845e-06
