5.172255e-06    2.427888e-07    -2.809872e-06    -2.827094e-07    2.905719e-07    6.22716e-08    -3.283857e-08    1.621353e-08    1.758319e-07    -1.490206e-07
2.427888e-07    3.569178e-06    -4.04574e-07    -2.42069e-06    8.808811e-07    -2.28811e-07    2.998268e-07    2.786813e-07    -1.418779e-07    -9.178854e-08
-2.809872e-06    -4.04574e-07    3.938312e-06    4.107296e-07    -2.125435e-06    -6.569379e-08    2.523692e-07    2.065291e-07    -1.178563e-07    -9.048285e-08
-2.827094e-07    -2.42069e-06    4.107296e-07    5.054463e-06    -2.842432e-06    1.658841e-07    -1.854516e-08    1.543255e-08    1.285654e-07    -1.224429e-07
2.905719e-07    8.808811e-07    -2.125435e-06    -2.842432e-06    6.504933e-06    -1.788743e-08    -2.633531e-07    -2.114797e-07    -6.750309e-08    1.786454e-07
6.22716e-08    -2.28811e-07    -6.569379e-08    1.658841e-07    -1.788743e-08    4.450782e-06    -2.010048e-07    -3.128666e-06    3.419283e-07    2.703366e-08
-3.283857e-08    2.998268e-07    2.523692e-07    -1.854516e-08    -2.633531e-07    -2.010048e-07    5.097023e-06    -1.304585e-06    -3.029647e-06    9.681869e-07
1.621353e-08    2.786813e-07    2.065291e-07    1.543255e-08    -2.114797e-07    -3.128666e-06    -1.304585e-06    5.264917e-06    -8.953145e-08    -1.682977e-06
1.758319e-07    -1.418779e-07    -1.178563e-07    1.285654e-07    -6.750309e-08    3.419283e-07    -3.029647e-06    -8.953145e-08    4.412261e-06    -1.565472e-06
-1.490206e-07    -9.178854e-08    -9.048285e-08    -1.224429e-07    1.786454e-07    2.703366e-08    9.681869e-07    -1.682977e-06    -1.565472e-06    2.880845e-06
