2.533777e-06    -4.266937e-07    -1.291445e-06    5.937822e-07    -7.863822e-11    1.549222e-07    -1.389422e-08    -1.136249e-07    -2.411984e-08    -1.098937e-09    1.351517e-08    4.34843e-08    7.135347e-09    -1.488053e-08    -5.067052e-09    2.835446e-07    -3.474275e-07    -4.339428e-07    1.811911e-07    1.638223e-07    3.341239e-07    -2.787892e-07    -4.29331e-07    3.110578e-07    5.08023e-08    1.667183e-07    3.817408e-08    -3.55231e-08    8.580231e-08    -1.154345e-07    9.946985e-09    -2.33261e-08    4.404023e-09    -1.247621e-09    5.278942e-08
-4.266937e-07    3.182776e-06    6.380439e-08    -2.655799e-06    8.383507e-07    1.628499e-10    3.17519e-08    3.356892e-08    2.290895e-09    -3.690489e-08    -1.265474e-09    6.203492e-08    3.841545e-08    -4.867754e-08    -1.426604e-08    -4.852373e-07    1.090418e-07    1.108757e-07    -5.387858e-07    4.232573e-07    -2.827978e-07    2.391571e-08    -6.933571e-08    -3.233309e-07    3.042869e-07    -1.821607e-07    1.988607e-07    3.334636e-07    -1.035312e-07    -1.424173e-07    -6.992827e-08    2.349795e-08    4.375085e-09    -4.009138e-08    5.548389e-08
-1.291445e-06    6.380439e-08    3.389444e-06    3.92713e-07    -2.300373e-06    8.097954e-09    6.906962e-08    2.115456e-08    -8.099883e-08    -2.970099e-08    -4.46262e-08    3.361369e-09    4.877538e-08    3.066017e-09    3.632891e-09    -4.310885e-07    -2.684061e-07    -2.003513e-07    -2.459131e-07    5.647887e-07    -2.385539e-08    -4.430109e-07    -3.076964e-07    3.602759e-08    3.34355e-07    -1.621587e-07    2.986313e-07    2.752374e-07    -1.229577e-07    -1.107265e-07    -2.960269e-08    -7.22022e-09    -5.601686e-09    -1.542182e-08    8.692396e-09
5.937822e-07    -2.655799e-06    3.92713e-07    5.445952e-06    -3.122491e-06    3.822714e-08    1.22846e-08    -5.732517e-08    -7.326929e-08    8.116174e-08    -3.767559e-08    -2.425063e-08    -4.615381e-08    3.341053e-08    3.734994e-08    5.416288e-07    -9.242895e-07    -7.978646e-07    7.387606e-07    1.764058e-07    7.013839e-07    -8.231493e-07    -6.735355e-07    7.289621e-07    4.248936e-08    1.817278e-07    5.552958e-09    -9.710395e-08    1.499057e-07    -8.131312e-08    1.635465e-07    2.198463e-08    -7.349054e-08    -8.145401e-08    2.169515e-08
-7.863822e-11    8.383507e-07    -2.300373e-06    -3.122491e-06    5.391972e-06    -1.558243e-07    -2.011603e-07    2.617847e-08    1.920909e-07    1.435406e-07    1.624887e-08    -6.105218e-08    -4.019799e-08    9.056859e-08    -3.315035e-08    -1.36973e-07    1.061144e-06    9.925343e-07    -2.932715e-07    -7.955765e-07    -4.782319e-07    1.072698e-06    8.577708e-07    -5.9445e-07    -3.868715e-07    7.911405e-08    -2.90951e-07    -3.502114e-07    -2.123162e-08    2.933386e-07    -2.343726e-08    3.544416e-08    4.167758e-08    8.38073e-08    -1.991271e-07
1.549222e-07    1.628499e-10    8.097954e-09    3.822714e-08    -1.558243e-07    5.703121e-06    -2.34857e-07    -3.620678e-06    -4.919708e-07    2.5232e-08    5.919013e-07    -5.579056e-07    -5.546793e-07    4.949413e-07    2.416044e-08    -4.822607e-08    -7.648346e-08    -4.573672e-08    -2.238256e-08    8.128084e-08    2.787638e-07    -1.48126e-07    -2.502251e-08    1.56569e-07    -9.533123e-08    6.364567e-07    -5.181121e-07    -4.738365e-07    6.030892e-07    -1.11557e-07    1.016356e-08    -2.357844e-08    -6.771174e-09    -1.065127e-07    1.217117e-07
-1.389422e-08    3.17519e-08    6.906962e-08    1.22846e-08    -2.011603e-07    -2.34857e-07    3.926806e-06    -1.002308e-07    -2.260295e-06    3.949029e-07    -3.470007e-07    -1.071504e-07    -5.163364e-08    -2.524917e-07    3.763251e-07    3.867403e-08    -2.177342e-08    -1.05532e-07    -6.874889e-08    1.033929e-07    -3.648849e-07    4.904795e-07    5.152375e-07    -3.731546e-07    -1.133111e-07    -2.622021e-07    -1.172988e-07    -1.696303e-07    -3.127537e-07    4.482704e-07    5.352387e-08    -8.951795e-09    -1.19225e-07    -9.074906e-09    1.409023e-07
-1.136249e-07    3.356892e-08    2.115456e-08    -5.732517e-08    2.617847e-08    -3.620678e-06    -1.002308e-07    4.598383e-06    1.814464e-07    -1.238884e-06    -5.261666e-07    8.155017e-08    8.891955e-08    -4.91925e-07    3.972271e-07    2.522092e-08    1.149484e-08    2.922321e-08    2.390131e-09    -5.577892e-08    -3.34706e-07    3.060811e-07    3.750993e-07    -1.094011e-07    -1.646504e-07    -3.536505e-07    -8.414165e-08    -9.873279e-08    -3.175568e-07    3.900733e-07    -1.964892e-08    -5.673042e-08    -1.188893e-08    1.642787e-07    -3.384638e-08
-2.411984e-08    2.290895e-09    -8.099883e-08    -7.326929e-08    1.920909e-07    -4.919708e-07    -2.260295e-06    1.814464e-07    3.965647e-06    -1.309077e-06    2.125157e-07    -3.955481e-07    -3.970713e-07    2.559397e-07    1.553612e-07    2.102067e-08    3.816003e-08    1.634311e-08    1.404771e-08    -9.253922e-08    3.111832e-07    -5.040095e-08    -2.473955e-07    1.188977e-07    -1.068106e-07    4.048102e-07    -3.31628e-07    -3.18429e-07    3.47794e-07    -6.723647e-08    -1.249229e-07    -7.268227e-08    8.17977e-08    1.186355e-07    -1.3299e-08
-1.098937e-09    -3.690489e-08    -2.970099e-08    8.116174e-08    1.435406e-07    2.5232e-08    3.949029e-07    -1.238884e-06    -1.309077e-06    3.231137e-06    7.95194e-08    3.052964e-07    3.349102e-07    1.18905e-07    -4.062504e-07    2.398338e-08    1.722127e-08    -4.4265e-08    2.509575e-08    7.985544e-08    -2.601392e-08    -2.133641e-07    -1.802064e-07    1.372431e-10    2.24923e-07    -1.728796e-07    4.230372e-07    4.041347e-07    -1.455827e-07    -2.257634e-07    8.647939e-09    1.215886e-07    8.64343e-08    -9.615525e-08    -1.001582e-07
1.351517e-08    -1.265474e-09    -4.46262e-08    -3.767559e-08    1.624887e-08    5.919013e-07    -3.470007e-07    -5.261666e-07    2.125157e-07    7.95194e-08    3.924155e-06    -1.684096e-07    -2.334304e-06    -5.472707e-07    7.053083e-08    5.37549e-08    4.684085e-08    -6.395567e-08    -3.163316e-08    1.266577e-07    2.021588e-07    -1.433344e-07    -1.608733e-07    1.831144e-07    -4.860266e-08    3.345986e-07    1.093041e-07    -2.146793e-07    -5.531162e-08    -1.050579e-07    5.640626e-09    -3.4865e-08    2.739396e-08    5.650298e-08    -3.679691e-10
4.34843e-08    6.203492e-08    3.361369e-09    -2.425063e-08    -6.105218e-08    -5.579056e-07    -1.071504e-07    8.155017e-08    -3.955481e-07    3.052964e-07    -1.684096e-07    3.96229e-06    -4.396727e-07    -2.460379e-06    2.04513e-07    -9.127783e-09    -5.681649e-08    -2.458543e-08    2.863088e-08    9.240912e-08    -2.944964e-07    1.881857e-07    3.220205e-07    -1.501064e-07    -3.120742e-08    -7.097241e-08    3.78293e-07    6.960446e-08    -2.515461e-07    -6.809382e-08    9.970981e-08    4.347579e-08    -7.500163e-08    -1.15496e-08    -8.344061e-08
7.135347e-09    3.841545e-08    4.877538e-08    -4.615381e-08    -4.019799e-08    -5.546793e-07    -5.163364e-08    8.891955e-08    -3.970713e-07    3.349102e-07    -2.334304e-06    -4.396727e-07    3.884889e-06    -1.64963e-07    -1.149445e-06    -8.166076e-08    -1.104766e-08    1.100237e-07    5.360254e-08    -7.162231e-08    -2.160932e-07    2.42181e-07    2.554112e-07    -1.049157e-07    -1.018603e-07    -2.479298e-07    4.859507e-08    3.667459e-07    -4.743136e-08    -9.389577e-08    -2.22931e-08    6.962436e-08    7.017221e-08    -1.932709e-08    -1.727612e-07
-1.488053e-08    -4.867754e-08    3.066017e-09    3.341053e-08    9.056859e-08    4.949413e-07    -2.524917e-07    -4.91925e-07    2.559397e-07    1.18905e-07    -5.472707e-07    -2.460379e-06    -1.64963e-07    4.069895e-06    -9.110307e-07    -2.585033e-09    2.231243e-08    2.021839e-08    1.807402e-08    -1.639863e-07    2.100259e-07    -3.196589e-08    -6.276256e-08    3.905906e-08    -4.138461e-08    -4.44096e-08    -2.240176e-07    5.464887e-08    2.897717e-07    8.687698e-09    4.537713e-09    2.63184e-08    4.464845e-08    -7.978124e-08    5.456145e-09
-5.067052e-09    -1.426604e-08    3.632891e-09    3.734994e-08    -3.315035e-08    2.416044e-08    3.763251e-07    3.972271e-07    1.553612e-07    -4.062504e-07    7.053083e-08    2.04513e-07    -1.149445e-06    -9.110307e-07    2.400727e-06    1.797764e-07    2.616918e-08    -1.046644e-07    -1.68396e-07    -1.297441e-07    6.572447e-08    -1.767035e-07    -1.741405e-07    3.502023e-08    8.227629e-08    -2.471589e-08    -1.511685e-07    -1.698189e-07    1.064929e-07    2.786621e-07    6.021593e-09    -5.22419e-08    -4.628649e-08    3.347417e-08    1.327031e-07
2.835446e-07    -4.852373e-07    -4.310885e-07    5.416288e-07    -1.36973e-07    -4.822607e-08    3.867403e-08    2.522092e-08    2.102067e-08    2.398338e-08    5.37549e-08    -9.127783e-09    -8.166076e-08    -2.585033e-09    1.797764e-07    4.031233e-06    -1.349133e-07    -2.383666e-06    -5.92292e-07    8.958909e-09    1.275874e-07    -5.3068e-08    8.637599e-08    7.782073e-08    -8.228944e-08    5.460638e-08    -2.512127e-07    1.357673e-08    2.622811e-07    -3.892938e-08    -2.42113e-08    -5.465718e-08    2.146841e-08    4.628573e-08    -3.635983e-08
-3.474275e-07    1.090418e-07    -2.684061e-07    -9.242895e-07    1.061144e-06    -7.648346e-08    -2.177342e-08    1.149484e-08    3.816003e-08    1.722127e-08    4.684085e-08    -5.681649e-08    -1.104766e-08    2.231243e-08    2.616918e-08    -1.349133e-07    3.917273e-06    -3.736174e-07    -2.365704e-06    1.450855e-07    -1.225449e-07    2.070728e-07    2.558935e-07    -9.758748e-08    -1.116133e-07    -2.357639e-07    1.592949e-07    2.830654e-07    -1.051099e-07    -6.424662e-08    -1.983373e-08    5.825707e-09    3.879564e-08    1.273127e-07    -1.516347e-07
-4.339428e-07    1.108757e-07    -2.003513e-07    -7.978646e-07    9.925343e-07    -4.573672e-08    -1.05532e-07    2.922321e-08    1.634311e-08    -4.4265e-08    -6.395567e-08    -2.458543e-08    1.100237e-07    2.021839e-08    -1.046644e-07    -2.383666e-06    -3.736174e-07    3.896848e-06    -1.752482e-07    -1.137147e-06    -1.931782e-07    2.328468e-07    1.672111e-07    -1.469752e-07    -4.919434e-08    -1.404526e-07    3.771455e-07    1.532002e-07    -2.067375e-07    -8.409384e-08    5.07326e-08    3.642758e-08    -1.023082e-08    1.488412e-09    -1.258304e-07
1.811911e-07    -5.387858e-07    -2.459131e-07    7.387606e-07    -2.932715e-07    -2.238256e-08    -6.874889e-08    2.390131e-09    1.404771e-08    2.509575e-08    -3.163316e-08    2.863088e-08    5.360254e-08    1.807402e-08    -1.68396e-07    -5.92292e-07    -2.365704e-06    -1.752482e-07    3.976115e-06    -9.157032e-07    8.954338e-08    -1.462102e-08    -1.477693e-07    7.378019e-08    -2.603306e-08    2.365975e-07    -3.141934e-08    -1.444657e-07    5.386535e-08    -7.544913e-08    5.415537e-08    2.75359e-08    3.764125e-08    -1.06466e-07    -2.231564e-08
1.638223e-07    4.232573e-07    5.647887e-07    1.764058e-07    -7.955765e-07    8.128084e-08    1.033929e-07    -5.577892e-08    -9.253922e-08    7.985544e-08    1.266577e-07    9.240912e-08    -7.162231e-08    -1.639863e-07    -1.297441e-07    8.958909e-09    1.450855e-07    -1.137147e-06    -9.157032e-07    2.505312e-06    2.408577e-08    -1.993573e-07    -1.477898e-07    5.763309e-08    1.675219e-07    9.43237e-08    -1.233948e-07    -1.492196e-07    -1.05896e-07    -8.90377e-09    -4.453383e-08    -1.262755e-08    -3.271179e-08    5.266398e-11    1.565979e-07
3.341239e-07    -2.827978e-07    -2.385539e-08    7.013839e-07    -4.782319e-07    2.787638e-07    -3.648849e-07    -3.34706e-07    3.111832e-07    -2.601392e-08    2.021588e-07    -2.944964e-07    -2.160932e-07    2.100259e-07    6.572447e-08    1.275874e-07    -1.225449e-07    -1.931782e-07    8.954338e-08    2.408577e-08    5.688819e-06    7.011856e-10    -4.407768e-06    -3.903071e-07    1.419384e-07    3.370092e-07    -1.700594e-07    -2.17942e-07    4.380637e-07    -1.166888e-07    3.289569e-07    -4.667471e-07    -5.190096e-09    8.3525e-07    -6.254092e-07
-2.787892e-07    2.391571e-08    -4.430109e-07    -8.231493e-07    1.072698e-06    -1.48126e-07    4.904795e-07    3.060811e-07    -5.040095e-08    -2.133641e-07    -1.433344e-07    1.881857e-07    2.42181e-07    -3.196589e-08    -1.767035e-07    -5.3068e-08    2.070728e-07    2.328468e-07    -1.462102e-08    -1.993573e-07    7.011856e-10    6.556251e-06    -1.302988e-06    -4.337485e-06    6.190545e-07    -3.55601e-07    8.750881e-09    8.336568e-09    -3.571952e-07    4.331639e-07    -3.243316e-07    2.327571e-08    -3.387924e-07    -6.337492e-07    9.395986e-07
-4.29331e-07    -6.933571e-08    -3.076964e-07    -6.735355e-07    8.577708e-07    -2.502251e-08    5.152375e-07    3.750993e-07    -2.473955e-07    -1.802064e-07    -1.608733e-07    3.220205e-07    2.554112e-07    -6.276256e-08    -1.741405e-07    8.637599e-08    2.558935e-07    1.672111e-07    -1.477693e-07    -1.477898e-07    -4.407768e-06    -1.302988e-06    6.599799e-06    9.317883e-08    -1.536047e-06    -2.387522e-07    -1.923774e-07    -8.534001e-08    -2.992111e-07    2.780413e-07    -3.345717e-07    9.654869e-08    -2.258874e-07    -7.716754e-07    9.525072e-07
3.110578e-07    -3.233309e-07    3.602759e-08    7.289621e-07    -5.9445e-07    1.56569e-07    -3.731546e-07    -1.094011e-07    1.188977e-07    1.372431e-10    1.831144e-07    -1.501064e-07    -1.049157e-07    3.905906e-08    3.502023e-08    7.782073e-08    -9.758748e-08    -1.469752e-07    7.378019e-08    5.763309e-08    -3.903071e-07    -4.337485e-06    9.317883e-08    5.633031e-06    -1.088318e-06    4.109721e-07    -1.753488e-07    -2.89502e-07    2.968903e-07    -1.634487e-07    2.210303e-07    -3.779896e-07    1.305574e-08    7.502919e-07    -5.441514e-07
5.08023e-08    3.042869e-07    3.34355e-07    4.248936e-08    -3.868715e-07    -9.533123e-08    -1.133111e-07    -1.646504e-07    -1.068106e-07    2.24923e-07    -4.860266e-08    -3.120742e-08    -1.018603e-07    -4.138461e-08    8.227629e-08    -8.228944e-08    -1.116133e-07    -4.919434e-08    -2.603306e-08    1.675219e-07    1.419384e-07    6.190545e-07    -1.536047e-06    -1.088318e-06    2.336119e-06    -7.189419e-08    3.143534e-07    3.062847e-07    -1.2621e-07    -1.652033e-07    7.031241e-08    3.116424e-07    2.51584e-07    -2.404351e-08    -3.610371e-07
1.667183e-07    -1.821607e-07    -1.621587e-07    1.817278e-07    7.911405e-08    6.364567e-07    -2.622021e-07    -3.536505e-07    4.048102e-07    -1.728796e-07    3.345986e-07    -7.097241e-08    -2.479298e-07    -4.44096e-08    -2.471589e-08    5.460638e-08    -2.357639e-07    -1.404526e-07    2.365975e-07    9.43237e-08    3.370092e-07    -3.55601e-07    -2.387522e-07    4.109721e-07    -7.189419e-08    4.450782e-06    -2.010048e-07    -3.128666e-06    3.419283e-07    2.703366e-08    2.479095e-07    -5.762254e-07    -6.022247e-08    8.499306e-07    -4.708406e-07
3.817408e-08    1.988607e-07    2.986313e-07    5.552958e-09    -2.90951e-07    -5.181121e-07    -1.172988e-07    -8.414165e-08    -3.31628e-07    4.230372e-07    1.093041e-07    3.78293e-07    4.859507e-08    -2.240176e-07    -1.511685e-07    -2.512127e-07    1.592949e-07    3.771455e-07    -3.141934e-08    -1.233948e-07    -1.700594e-07    8.750881e-09    -1.923774e-07    -1.753488e-07    3.143534e-07    -2.010048e-07    5.097023e-06    -1.304585e-06    -3.029647e-06    9.681869e-07    -4.019437e-07    6.125798e-08    -1.963543e-07    -6.328813e-07    8.028744e-07
-3.55231e-08    3.334636e-07    2.752374e-07    -9.710395e-08    -3.502114e-07    -4.738365e-07    -1.696303e-07    -9.873279e-08    -3.18429e-07    4.041347e-07    -2.146793e-07    6.960446e-08    3.667459e-07    5.464887e-08    -1.698189e-07    1.357673e-08    2.830654e-07    1.532002e-07    -1.444657e-07    -1.492196e-07    -2.17942e-07    8.336568e-09    -8.534001e-08    -2.89502e-07    3.062847e-07    -3.128666e-06    -1.304585e-06    5.264917e-06    -8.953145e-08    -1.682977e-06    -2.054369e-07    1.605173e-08    -3.954012e-07    -6.400887e-07    9.617131e-07
8.580231e-08    -1.035312e-07    -1.229577e-07    1.499057e-07    -2.123162e-08    6.030892e-07    -3.127537e-07    -3.175568e-07    3.47794e-07    -1.455827e-07    -5.531162e-08    -2.515461e-07    -4.743136e-08    2.897717e-07    1.064929e-07    2.622811e-07    -1.051099e-07    -2.067375e-07    5.386535e-08    -1.05896e-07    4.380637e-07    -3.571952e-07    -2.992111e-07    2.968903e-07    -1.2621e-07    3.419283e-07    -3.029647e-06    -8.953145e-08    4.412261e-06    -1.565472e-06    3.709478e-07    -5.894263e-07    -1.316183e-07    8.540834e-07    -4.656536e-07
-1.154345e-07    -1.424173e-07    -1.107265e-07    -8.131312e-08    2.933386e-07    -1.11557e-07    4.482704e-07    3.900733e-07    -6.723647e-08    -2.257634e-07    -1.050579e-07    -6.809382e-08    -9.389577e-08    8.687698e-09    2.786621e-07    -3.892938e-08    -6.424662e-08    -8.409384e-08    -7.544913e-08    -8.90377e-09    -1.166888e-07    4.331639e-07    2.780413e-07    -1.634487e-07    -1.652033e-07    2.703366e-08    9.681869e-07    -1.682977e-06    -1.565472e-06    2.880845e-06    -7.677999e-08    5.8565e-07    4.525336e-07    -2.301628e-07    -4.489618e-07
9.946985e-09    -6.992827e-08    -2.960269e-08    1.635465e-07    -2.343726e-08    1.016356e-08    5.352387e-08    -1.964892e-08    -1.249229e-07    8.647939e-09    5.640626e-09    9.970981e-08    -2.22931e-08    4.537713e-09    6.021593e-09    -2.42113e-08    -1.983373e-08    5.07326e-08    5.415537e-08    -4.453383e-08    3.289569e-07    -3.243316e-07    -3.345717e-07    2.210303e-07    7.031241e-08    2.479095e-07    -4.019437e-07    -2.054369e-07    3.709478e-07    -7.677999e-08    3.069153e-06    -5.261763e-07    -2.192146e-06    3.374953e-07    8.121976e-08
-2.33261e-08    2.349795e-08    -7.22022e-09    2.198463e-08    3.544416e-08    -2.357844e-08    -8.951795e-09    -5.673042e-08    -7.268227e-08    1.215886e-07    -3.4865e-08    4.347579e-08    6.962436e-08    2.63184e-08    -5.22419e-08    -5.465718e-08    5.825707e-09    3.642758e-08    2.75359e-08    -1.262755e-08    -4.667471e-07    2.327571e-08    9.654869e-08    -3.779896e-07    3.116424e-07    -5.762254e-07    6.125798e-08    1.605173e-08    -5.894263e-07    5.8565e-07    -5.261763e-07    3.847413e-06    1.141822e-07    -3.192157e-06    8.326779e-07
4.404023e-09    4.375085e-09    -5.601686e-09    -7.349054e-08    4.167758e-08    -6.771174e-09    -1.19225e-07    -1.188893e-08    8.17977e-08    8.64343e-08    2.739396e-08    -7.500163e-08    7.017221e-08    4.464845e-08    -4.628649e-08    2.146841e-08    3.879564e-08    -1.023082e-08    3.764125e-08    -3.271179e-08    -5.190096e-09    -3.387924e-07    -2.258874e-07    1.305574e-08    2.51584e-07    -6.022247e-08    -1.963543e-07    -3.954012e-07    -1.316183e-07    4.525336e-07    -2.192146e-06    1.141822e-07    3.763799e-06    3.70122e-09    -1.990408e-06
-1.247621e-09    -4.009138e-08    -1.542182e-08    -8.145401e-08    8.38073e-08    -1.065127e-07    -9.074906e-09    1.642787e-07    1.186355e-07    -9.615525e-08    5.650298e-08    -1.15496e-08    -1.932709e-08    -7.978124e-08    3.347417e-08    4.628573e-08    1.273127e-07    1.488412e-09    -1.06466e-07    5.266398e-11    8.3525e-07    -6.337492e-07    -7.716754e-07    7.502919e-07    -2.404351e-08    8.499306e-07    -6.328813e-07    -6.400887e-07    8.540834e-07    -2.301628e-07    3.374953e-07    -3.192157e-06    3.70122e-09    5.55885e-06    -2.989057e-06
5.278942e-08    5.548389e-08    8.692396e-09    2.169515e-08    -1.991271e-07    1.217117e-07    1.409023e-07    -3.384638e-08    -1.3299e-08    -1.001582e-07    -3.679691e-10    -8.344061e-08    -1.727612e-07    5.456145e-09    1.327031e-07    -3.635983e-08    -1.516347e-07    -1.258304e-07    -2.231564e-08    1.565979e-07    -6.254092e-07    9.395986e-07    9.525072e-07    -5.441514e-07    -3.610371e-07    -4.708406e-07    8.028744e-07    9.617131e-07    -4.656536e-07    -4.489618e-07    8.121976e-08    8.326779e-07    -1.990408e-06    -2.989057e-06    4.455677e-06
