2.533777e-06    -4.266937e-07    -1.291445e-06    5.937822e-07    -7.863822e-11    3.341239e-07    -2.787892e-07    -4.29331e-07    3.110578e-07    5.08023e-08    1.667183e-07    3.817408e-08    -3.55231e-08    8.580231e-08    -1.154345e-07
-4.266937e-07    3.182776e-06    6.380439e-08    -2.655799e-06    8.383507e-07    -2.827978e-07    2.391571e-08    -6.933571e-08    -3.233309e-07    3.042869e-07    -1.821607e-07    1.988607e-07    3.334636e-07    -1.035312e-07    -1.424173e-07
-1.291445e-06    6.380439e-08    3.389444e-06    3.92713e-07    -2.300373e-06    -2.385539e-08    -4.430109e-07    -3.076964e-07    3.602759e-08    3.34355e-07    -1.621587e-07    2.986313e-07    2.752374e-07    -1.229577e-07    -1.107265e-07
5.937822e-07    -2.655799e-06    3.92713e-07    5.445952e-06    -3.122491e-06    7.013839e-07    -8.231493e-07    -6.735355e-07    7.289621e-07    4.248936e-08    1.817278e-07    5.552958e-09    -9.710395e-08    1.499057e-07    -8.131312e-08
-7.863822e-11    8.383507e-07    -2.300373e-06    -3.122491e-06    5.391972e-06    -4.782319e-07    1.072698e-06    8.577708e-07    -5.9445e-07    -3.868715e-07    7.911405e-08    -2.90951e-07    -3.502114e-07    -2.123162e-08    2.933386e-07
3.341239e-07    -2.827978e-07    -2.385539e-08    7.013839e-07    -4.782319e-07    5.688819e-06    7.011856e-10    -4.407768e-06    -3.903071e-07    1.419384e-07    3.370092e-07    -1.700594e-07    -2.17942e-07    4.380637e-07    -1.166888e-07
-2.787892e-07    2.391571e-08    -4.430109e-07    -8.231493e-07    1.072698e-06    7.011856e-10    6.556251e-06    -1.302988e-06    -4.337485e-06    6.190545e-07    -3.55601e-07    8.750881e-09    8.336568e-09    -3.571952e-07    4.331639e-07
-4.29331e-07    -6.933571e-08    -3.076964e-07    -6.735355e-07    8.577708e-07    -4.407768e-06    -1.302988e-06    6.599799e-06    9.317883e-08    -1.536047e-06    -2.387522e-07    -1.923774e-07    -8.534001e-08    -2.992111e-07    2.780413e-07
3.110578e-07    -3.233309e-07    3.602759e-08    7.289621e-07    -5.9445e-07    -3.903071e-07    -4.337485e-06    9.317883e-08    5.633031e-06    -1.088318e-06    4.109721e-07    -1.753488e-07    -2.89502e-07    2.968903e-07    -1.634487e-07
5.08023e-08    3.042869e-07    3.34355e-07    4.248936e-08    -3.868715e-07    1.419384e-07    6.190545e-07    -1.536047e-06    -1.088318e-06    2.336119e-06    -7.189419e-08    3.143534e-07    3.062847e-07    -1.2621e-07    -1.652033e-07
1.667183e-07    -1.821607e-07    -1.621587e-07    1.817278e-07    7.911405e-08    3.370092e-07    -3.55601e-07    -2.387522e-07    4.109721e-07    -7.189419e-08    4.450782e-06    -2.010048e-07    -3.128666e-06    3.419283e-07    2.703366e-08
3.817408e-08    1.988607e-07    2.986313e-07    5.552958e-09    -2.90951e-07    -1.700594e-07    8.750881e-09    -1.923774e-07    -1.753488e-07    3.143534e-07    -2.010048e-07    5.097023e-06    -1.304585e-06    -3.029647e-06    9.681869e-07
-3.55231e-08    3.334636e-07    2.752374e-07    -9.710395e-08    -3.502114e-07    -2.17942e-07    8.336568e-09    -8.534001e-08    -2.89502e-07    3.062847e-07    -3.128666e-06    -1.304585e-06    5.264917e-06    -8.953145e-08    -1.682977e-06
8.580231e-08    -1.035312e-07    -1.229577e-07    1.499057e-07    -2.123162e-08    4.380637e-07    -3.571952e-07    -2.992111e-07    2.968903e-07    -1.2621e-07    3.419283e-07    -3.029647e-06    -8.953145e-08    4.412261e-06    -1.565472e-06
-1.154345e-07    -1.424173e-07    -1.107265e-07    -8.131312e-08    2.933386e-07    -1.166888e-07    4.331639e-07    2.780413e-07    -1.634487e-07    -1.652033e-07    2.703366e-08    9.681869e-07    -1.682977e-06    -1.565472e-06    2.880845e-06
