5.182159e-06    3.853866e-07    -2.464886e-06    -2.743596e-07    -9.928149e-08    4.964815e-07    -6.321169e-07    -5.736938e-07    5.393352e-07    9.549623e-08    1.452236e-07    1.062958e-08    -1.802539e-08    1.021808e-07    -6.929427e-08
3.853866e-07    4.010525e-06    -3.291143e-07    -2.734395e-06    8.042172e-07    -2.249805e-07    -1.878167e-07    -1.680587e-07    -1.117415e-07    3.067585e-07    -1.727741e-07    2.022647e-07    3.570791e-07    -1.365025e-07    -9.296903e-08
-2.464886e-06    -3.291143e-07    3.647567e-06    1.099244e-07    -1.724072e-06    -1.55451e-07    -1.132073e-07    -1.290898e-07    -2.451191e-07    3.061686e-07    -1.761509e-07    2.648812e-07    2.592284e-07    -8.526991e-08    -1.629667e-07
-2.743596e-07    -2.734395e-06    1.099244e-07    5.123746e-06    -2.446878e-06    5.214664e-07    -5.020011e-07    -5.455871e-07    4.761241e-07    3.60442e-08    1.775605e-07    6.341617e-08    -5.725336e-08    1.186995e-07    -1.598682e-07
-9.928149e-08    8.042172e-07    -1.724072e-06    -2.446878e-06    5.950417e-06    -2.651119e-07    6.715793e-07    6.441475e-07    -2.96451e-07    -3.205314e-07    7.599144e-08    -2.445882e-07    -3.20313e-07    -2.807546e-08    3.208593e-07
4.964815e-07    -2.249805e-07    -1.55451e-07    5.214664e-07    -2.651119e-07    5.688819e-06    7.011856e-10    -4.407768e-06    -3.903071e-07    1.419384e-07    3.370092e-07    -1.700594e-07    -2.17942e-07    4.380637e-07    -1.166888e-07
-6.321169e-07    -1.878167e-07    -1.132073e-07    -5.020011e-07    6.715793e-07    7.011856e-10    6.556251e-06    -1.302988e-06    -4.337485e-06    6.190545e-07    -3.55601e-07    8.750881e-09    8.336568e-09    -3.571952e-07    4.331639e-07
-5.736938e-07    -1.680587e-07    -1.290898e-07    -5.455871e-07    6.441475e-07    -4.407768e-06    -1.302988e-06    6.599799e-06    9.317883e-08    -1.536047e-06    -2.387522e-07    -1.923774e-07    -8.534001e-08    -2.992111e-07    2.780413e-07
5.393352e-07    -1.117415e-07    -2.451191e-07    4.761241e-07    -2.96451e-07    -3.903071e-07    -4.337485e-06    9.317883e-08    5.633031e-06    -1.088318e-06    4.109721e-07    -1.753488e-07    -2.89502e-07    2.968903e-07    -1.634487e-07
9.549623e-08    3.067585e-07    3.061686e-07    3.60442e-08    -3.205314e-07    1.419384e-07    6.190545e-07    -1.536047e-06    -1.088318e-06    2.336119e-06    -7.189419e-08    3.143534e-07    3.062847e-07    -1.2621e-07    -1.652033e-07
1.452236e-07    -1.727741e-07    -1.761509e-07    1.775605e-07    7.599144e-08    3.370092e-07    -3.55601e-07    -2.387522e-07    4.109721e-07    -7.189419e-08    4.450782e-06    -2.010048e-07    -3.128666e-06    3.419283e-07    2.703366e-08
1.062958e-08    2.022647e-07    2.648812e-07    6.341617e-08    -2.445882e-07    -1.700594e-07    8.750881e-09    -1.923774e-07    -1.753488e-07    3.143534e-07    -2.010048e-07    5.097023e-06    -1.304585e-06    -3.029647e-06    9.681869e-07
-1.802539e-08    3.570791e-07    2.592284e-07    -5.725336e-08    -3.20313e-07    -2.17942e-07    8.336568e-09    -8.534001e-08    -2.89502e-07    3.062847e-07    -3.128666e-06    -1.304585e-06    5.264917e-06    -8.953145e-08    -1.682977e-06
1.021808e-07    -1.365025e-07    -8.526991e-08    1.186995e-07    -2.807546e-08    4.380637e-07    -3.571952e-07    -2.992111e-07    2.968903e-07    -1.2621e-07    3.419283e-07    -3.029647e-06    -8.953145e-08    4.412261e-06    -1.565472e-06
-6.929427e-08    -9.296903e-08    -1.629667e-07    -1.598682e-07    3.208593e-07    -1.166888e-07    4.331639e-07    2.780413e-07    -1.634487e-07    -1.652033e-07    2.703366e-08    9.681869e-07    -1.682977e-06    -1.565472e-06    2.880845e-06
