3.924155e-06    -1.684096e-07    -2.334304e-06    -5.472707e-07    7.053083e-08    5.37549e-08    4.684085e-08    -6.395567e-08    -3.163316e-08    1.266577e-07    2.021588e-07    -1.433344e-07    -1.608733e-07    1.831144e-07    -4.860266e-08    3.345986e-07    1.093041e-07    -2.146793e-07    -5.531162e-08    -1.050579e-07    5.640626e-09    -3.4865e-08    2.739396e-08    5.650298e-08    -3.679691e-10
-1.684096e-07    3.96229e-06    -4.396727e-07    -2.460379e-06    2.04513e-07    -9.127783e-09    -5.681649e-08    -2.458543e-08    2.863088e-08    9.240912e-08    -2.944964e-07    1.881857e-07    3.220205e-07    -1.501064e-07    -3.120742e-08    -7.097241e-08    3.78293e-07    6.960446e-08    -2.515461e-07    -6.809382e-08    9.970981e-08    4.347579e-08    -7.500163e-08    -1.15496e-08    -8.344061e-08
-2.334304e-06    -4.396727e-07    3.884889e-06    -1.64963e-07    -1.149445e-06    -8.166076e-08    -1.104766e-08    1.100237e-07    5.360254e-08    -7.162231e-08    -2.160932e-07    2.42181e-07    2.554112e-07    -1.049157e-07    -1.018603e-07    -2.479298e-07    4.859507e-08    3.667459e-07    -4.743136e-08    -9.389577e-08    -2.22931e-08    6.962436e-08    7.017221e-08    -1.932709e-08    -1.727612e-07
-5.472707e-07    -2.460379e-06    -1.64963e-07    4.069895e-06    -9.110307e-07    -2.585033e-09    2.231243e-08    2.021839e-08    1.807402e-08    -1.639863e-07    2.100259e-07    -3.196589e-08    -6.276256e-08    3.905906e-08    -4.138461e-08    -4.44096e-08    -2.240176e-07    5.464887e-08    2.897717e-07    8.687698e-09    4.537713e-09    2.63184e-08    4.464845e-08    -7.978124e-08    5.456145e-09
7.053083e-08    2.04513e-07    -1.149445e-06    -9.110307e-07    2.400727e-06    1.797764e-07    2.616918e-08    -1.046644e-07    -1.68396e-07    -1.297441e-07    6.572447e-08    -1.767035e-07    -1.741405e-07    3.502023e-08    8.227629e-08    -2.471589e-08    -1.511685e-07    -1.698189e-07    1.064929e-07    2.786621e-07    6.021593e-09    -5.22419e-08    -4.628649e-08    3.347417e-08    1.327031e-07
5.37549e-08    -9.127783e-09    -8.166076e-08    -2.585033e-09    1.797764e-07    4.031233e-06    -1.349133e-07    -2.383666e-06    -5.92292e-07    8.958909e-09    1.275874e-07    -5.3068e-08    8.637599e-08    7.782073e-08    -8.228944e-08    5.460638e-08    -2.512127e-07    1.357673e-08    2.622811e-07    -3.892938e-08    -2.42113e-08    -5.465718e-08    2.146841e-08    4.628573e-08    -3.635983e-08
4.684085e-08    -5.681649e-08    -1.104766e-08    2.231243e-08    2.616918e-08    -1.349133e-07    3.917273e-06    -3.736174e-07    -2.365704e-06    1.450855e-07    -1.225449e-07    2.070728e-07    2.558935e-07    -9.758748e-08    -1.116133e-07    -2.357639e-07    1.592949e-07    2.830654e-07    -1.051099e-07    -6.424662e-08    -1.983373e-08    5.825707e-09    3.879564e-08    1.273127e-07    -1.516347e-07
-6.395567e-08    -2.458543e-08    1.100237e-07    2.021839e-08    -1.046644e-07    -2.383666e-06    -3.736174e-07    3.896848e-06    -1.752482e-07    -1.137147e-06    -1.931782e-07    2.328468e-07    1.672111e-07    -1.469752e-07    -4.919434e-08    -1.404526e-07    3.771455e-07    1.532002e-07    -2.067375e-07    -8.409384e-08    5.07326e-08    3.642758e-08    -1.023082e-08    1.488412e-09    -1.258304e-07
-3.163316e-08    2.863088e-08    5.360254e-08    1.807402e-08    -1.68396e-07    -5.92292e-07    -2.365704e-06    -1.752482e-07    3.976115e-06    -9.157032e-07    8.954338e-08    -1.462102e-08    -1.477693e-07    7.378019e-08    -2.603306e-08    2.365975e-07    -3.141934e-08    -1.444657e-07    5.386535e-08    -7.544913e-08    5.415537e-08    2.75359e-08    3.764125e-08    -1.06466e-07    -2.231564e-08
1.266577e-07    9.240912e-08    -7.162231e-08    -1.639863e-07    -1.297441e-07    8.958909e-09    1.450855e-07    -1.137147e-06    -9.157032e-07    2.505312e-06    2.408577e-08    -1.993573e-07    -1.477898e-07    5.763309e-08    1.675219e-07    9.43237e-08    -1.233948e-07    -1.492196e-07    -1.05896e-07    -8.90377e-09    -4.453383e-08    -1.262755e-08    -3.271179e-08    5.266398e-11    1.565979e-07
2.021588e-07    -2.944964e-07    -2.160932e-07    2.100259e-07    6.572447e-08    1.275874e-07    -1.225449e-07    -1.931782e-07    8.954338e-08    2.408577e-08    5.688819e-06    7.011856e-10    -4.407768e-06    -3.903071e-07    1.419384e-07    3.370092e-07    -1.700594e-07    -2.17942e-07    4.380637e-07    -1.166888e-07    3.289569e-07    -4.667471e-07    -5.190096e-09    8.3525e-07    -6.254092e-07
-1.433344e-07    1.881857e-07    2.42181e-07    -3.196589e-08    -1.767035e-07    -5.3068e-08    2.070728e-07    2.328468e-07    -1.462102e-08    -1.993573e-07    7.011856e-10    6.556251e-06    -1.302988e-06    -4.337485e-06    6.190545e-07    -3.55601e-07    8.750881e-09    8.336568e-09    -3.571952e-07    4.331639e-07    -3.243316e-07    2.327571e-08    -3.387924e-07    -6.337492e-07    9.395986e-07
-1.608733e-07    3.220205e-07    2.554112e-07    -6.276256e-08    -1.741405e-07    8.637599e-08    2.558935e-07    1.672111e-07    -1.477693e-07    -1.477898e-07    -4.407768e-06    -1.302988e-06    6.599799e-06    9.317883e-08    -1.536047e-06    -2.387522e-07    -1.923774e-07    -8.534001e-08    -2.992111e-07    2.780413e-07    -3.345717e-07    9.654869e-08    -2.258874e-07    -7.716754e-07    9.525072e-07
1.831144e-07    -1.501064e-07    -1.049157e-07    3.905906e-08    3.502023e-08    7.782073e-08    -9.758748e-08    -1.469752e-07    7.378019e-08    5.763309e-08    -3.903071e-07    -4.337485e-06    9.317883e-08    5.633031e-06    -1.088318e-06    4.109721e-07    -1.753488e-07    -2.89502e-07    2.968903e-07    -1.634487e-07    2.210303e-07    -3.779896e-07    1.305574e-08    7.502919e-07    -5.441514e-07
-4.860266e-08    -3.120742e-08    -1.018603e-07    -4.138461e-08    8.227629e-08    -8.228944e-08    -1.116133e-07    -4.919434e-08    -2.603306e-08    1.675219e-07    1.419384e-07    6.190545e-07    -1.536047e-06    -1.088318e-06    2.336119e-06    -7.189419e-08    3.143534e-07    3.062847e-07    -1.2621e-07    -1.652033e-07    7.031241e-08    3.116424e-07    2.51584e-07    -2.404351e-08    -3.610371e-07
3.345986e-07    -7.097241e-08    -2.479298e-07    -4.44096e-08    -2.471589e-08    5.460638e-08    -2.357639e-07    -1.404526e-07    2.365975e-07    9.43237e-08    3.370092e-07    -3.55601e-07    -2.387522e-07    4.109721e-07    -7.189419e-08    4.450782e-06    -2.010048e-07    -3.128666e-06    3.419283e-07    2.703366e-08    2.479095e-07    -5.762254e-07    -6.022247e-08    8.499306e-07    -4.708406e-07
1.093041e-07    3.78293e-07    4.859507e-08    -2.240176e-07    -1.511685e-07    -2.512127e-07    1.592949e-07    3.771455e-07    -3.141934e-08    -1.233948e-07    -1.700594e-07    8.750881e-09    -1.923774e-07    -1.753488e-07    3.143534e-07    -2.010048e-07    5.097023e-06    -1.304585e-06    -3.029647e-06    9.681869e-07    -4.019437e-07    6.125798e-08    -1.963543e-07    -6.328813e-07    8.028744e-07
-2.146793e-07    6.960446e-08    3.667459e-07    5.464887e-08    -1.698189e-07    1.357673e-08    2.830654e-07    1.532002e-07    -1.444657e-07    -1.492196e-07    -2.17942e-07    8.336568e-09    -8.534001e-08    -2.89502e-07    3.062847e-07    -3.128666e-06    -1.304585e-06    5.264917e-06    -8.953145e-08    -1.682977e-06    -2.054369e-07    1.605173e-08    -3.954012e-07    -6.400887e-07    9.617131e-07
-5.531162e-08    -2.515461e-07    -4.743136e-08    2.897717e-07    1.064929e-07    2.622811e-07    -1.051099e-07    -2.067375e-07    5.386535e-08    -1.05896e-07    4.380637e-07    -3.571952e-07    -2.992111e-07    2.968903e-07    -1.2621e-07    3.419283e-07    -3.029647e-06    -8.953145e-08    4.412261e-06    -1.565472e-06    3.709478e-07    -5.894263e-07    -1.316183e-07    8.540834e-07    -4.656536e-07
-1.050579e-07    -6.809382e-08    -9.389577e-08    8.687698e-09    2.786621e-07    -3.892938e-08    -6.424662e-08    -8.409384e-08    -7.544913e-08    -8.90377e-09    -1.166888e-07    4.331639e-07    2.780413e-07    -1.634487e-07    -1.652033e-07    2.703366e-08    9.681869e-07    -1.682977e-06    -1.565472e-06    2.880845e-06    -7.677999e-08    5.8565e-07    4.525336e-07    -2.301628e-07    -4.489618e-07
5.640626e-09    9.970981e-08    -2.22931e-08    4.537713e-09    6.021593e-09    -2.42113e-08    -1.983373e-08    5.07326e-08    5.415537e-08    -4.453383e-08    3.289569e-07    -3.243316e-07    -3.345717e-07    2.210303e-07    7.031241e-08    2.479095e-07    -4.019437e-07    -2.054369e-07    3.709478e-07    -7.677999e-08    3.069153e-06    -5.261763e-07    -2.192146e-06    3.374953e-07    8.121976e-08
-3.4865e-08    4.347579e-08    6.962436e-08    2.63184e-08    -5.22419e-08    -5.465718e-08    5.825707e-09    3.642758e-08    2.75359e-08    -1.262755e-08    -4.667471e-07    2.327571e-08    9.654869e-08    -3.779896e-07    3.116424e-07    -5.762254e-07    6.125798e-08    1.605173e-08    -5.894263e-07    5.8565e-07    -5.261763e-07    3.847413e-06    1.141822e-07    -3.192157e-06    8.326779e-07
2.739396e-08    -7.500163e-08    7.017221e-08    4.464845e-08    -4.628649e-08    2.146841e-08    3.879564e-08    -1.023082e-08    3.764125e-08    -3.271179e-08    -5.190096e-09    -3.387924e-07    -2.258874e-07    1.305574e-08    2.51584e-07    -6.022247e-08    -1.963543e-07    -3.954012e-07    -1.316183e-07    4.525336e-07    -2.192146e-06    1.141822e-07    3.763799e-06    3.70122e-09    -1.990408e-06
5.650298e-08    -1.15496e-08    -1.932709e-08    -7.978124e-08    3.347417e-08    4.628573e-08    1.273127e-07    1.488412e-09    -1.06466e-07    5.266398e-11    8.3525e-07    -6.337492e-07    -7.716754e-07    7.502919e-07    -2.404351e-08    8.499306e-07    -6.328813e-07    -6.400887e-07    8.540834e-07    -2.301628e-07    3.374953e-07    -3.192157e-06    3.70122e-09    5.55885e-06    -2.989057e-06
-3.679691e-10    -8.344061e-08    -1.727612e-07    5.456145e-09    1.327031e-07    -3.635983e-08    -1.516347e-07    -1.258304e-07    -2.231564e-08    1.565979e-07    -6.254092e-07    9.395986e-07    9.525072e-07    -5.441514e-07    -3.610371e-07    -4.708406e-07    8.028744e-07    9.617131e-07    -4.656536e-07    -4.489618e-07    8.121976e-08    8.326779e-07    -1.990408e-06    -2.989057e-06    4.455677e-06
