5.787415e-06    -1.517737e-07    -3.65629e-06    -6.46969e-07    4.738515e-08    5.745206e-07    -5.183373e-07    -5.571258e-07    5.894074e-07    -7.494272e-08
-1.517737e-07    3.908859e-06    -1.424873e-07    -2.216408e-06    4.061929e-07    -1.746699e-07    -2.471434e-07    -2.327002e-07    -2.508177e-07    4.763042e-07
-3.65629e-06    -1.424873e-07    4.536265e-06    1.832196e-07    -1.122059e-06    -3.329296e-07    2.381297e-09    2.194865e-09    -4.124118e-07    3.645393e-07
-6.46969e-07    -2.216408e-06    1.832196e-07    4.007488e-06    -1.328285e-06    3.774061e-07    -2.335932e-07    -3.054792e-07    3.488698e-07    -7.968703e-08
4.738515e-08    4.061929e-07    -1.122059e-06    -1.328285e-06    3.107555e-06    -1.279362e-07    3.284867e-07    3.986498e-07    -4.220084e-08    -2.815688e-07
5.745206e-07    -1.746699e-07    -3.329296e-07    3.774061e-07    -1.279362e-07    4.450782e-06    -2.010048e-07    -3.128666e-06    3.419283e-07    2.703366e-08
-5.183373e-07    -2.471434e-07    2.381297e-09    -2.335932e-07    3.284867e-07    -2.010048e-07    5.097023e-06    -1.304585e-06    -3.029647e-06    9.681869e-07
-5.571258e-07    -2.327002e-07    2.194865e-09    -3.054792e-07    3.986498e-07    -3.128666e-06    -1.304585e-06    5.264917e-06    -8.953145e-08    -1.682977e-06
5.894074e-07    -2.508177e-07    -4.124118e-07    3.488698e-07    -4.220084e-08    3.419283e-07    -3.029647e-06    -8.953145e-08    4.412261e-06    -1.565472e-06
-7.494272e-08    4.763042e-07    3.645393e-07    -7.968703e-08    -2.815688e-07    2.703366e-08    9.681869e-07    -1.682977e-06    -1.565472e-06    2.880845e-06
