2.533777e-06    -4.266937e-07    -1.291445e-06    5.937822e-07    -7.863822e-11    3.341239e-07    -2.787892e-07    -4.29331e-07    3.110578e-07    5.08023e-08
-4.266937e-07    3.182776e-06    6.380439e-08    -2.655799e-06    8.383507e-07    -2.827978e-07    2.391571e-08    -6.933571e-08    -3.233309e-07    3.042869e-07
-1.291445e-06    6.380439e-08    3.389444e-06    3.92713e-07    -2.300373e-06    -2.385539e-08    -4.430109e-07    -3.076964e-07    3.602759e-08    3.34355e-07
5.937822e-07    -2.655799e-06    3.92713e-07    5.445952e-06    -3.122491e-06    7.013839e-07    -8.231493e-07    -6.735355e-07    7.289621e-07    4.248936e-08
-7.863822e-11    8.383507e-07    -2.300373e-06    -3.122491e-06    5.391972e-06    -4.782319e-07    1.072698e-06    8.577708e-07    -5.9445e-07    -3.868715e-07
3.341239e-07    -2.827978e-07    -2.385539e-08    7.013839e-07    -4.782319e-07    5.688819e-06    7.011856e-10    -4.407768e-06    -3.903071e-07    1.419384e-07
-2.787892e-07    2.391571e-08    -4.430109e-07    -8.231493e-07    1.072698e-06    7.011856e-10    6.556251e-06    -1.302988e-06    -4.337485e-06    6.190545e-07
-4.29331e-07    -6.933571e-08    -3.076964e-07    -6.735355e-07    8.577708e-07    -4.407768e-06    -1.302988e-06    6.599799e-06    9.317883e-08    -1.536047e-06
3.110578e-07    -3.233309e-07    3.602759e-08    7.289621e-07    -5.9445e-07    -3.903071e-07    -4.337485e-06    9.317883e-08    5.633031e-06    -1.088318e-06
5.08023e-08    3.042869e-07    3.34355e-07    4.248936e-08    -3.868715e-07    1.419384e-07    6.190545e-07    -1.536047e-06    -1.088318e-06    2.336119e-06
