5.703121e-06    -2.34857e-07    -3.620678e-06    -4.919708e-07    2.5232e-08    6.206147e-07    -6.736868e-08    -4.64403e-07    7.299834e-07    -3.557775e-07    2.787638e-07    -1.48126e-07    -2.502251e-08    1.56569e-07    -9.533123e-08    6.364567e-07    -5.181121e-07    -4.738365e-07    6.030892e-07    -1.11557e-07
-2.34857e-07    3.926806e-06    -1.002308e-07    -2.260295e-06    3.949029e-07    -1.202926e-06    1.312669e-06    1.054909e-06    -1.012801e-06    -3.257415e-08    -3.648849e-07    4.904795e-07    5.152375e-07    -3.731546e-07    -1.133111e-07    -2.622021e-07    -1.172988e-07    -1.696303e-07    -3.127537e-07    4.482704e-07
-3.620678e-06    -1.002308e-07    4.598383e-06    1.814464e-07    -1.238884e-06    -1.111521e-06    9.251509e-07    1.160871e-06    -1.007568e-06    6.544276e-09    -3.34706e-07    3.060811e-07    3.750993e-07    -1.094011e-07    -1.646504e-07    -3.536505e-07    -8.414165e-08    -9.873279e-08    -3.175568e-07    3.900733e-07
-4.919708e-07    -2.260295e-06    1.814464e-07    3.965647e-06    -1.309077e-06    6.712351e-07    -3.595873e-07    -1.397364e-07    4.008292e-07    -2.393945e-07    3.111832e-07    -5.040095e-08    -2.473955e-07    1.188977e-07    -1.068106e-07    4.048102e-07    -3.31628e-07    -3.18429e-07    3.47794e-07    -6.723647e-08
2.5232e-08    3.949029e-07    -1.238884e-06    -1.309077e-06    3.231137e-06    3.649477e-07    -7.625569e-07    -5.475923e-07    3.779965e-07    1.547547e-07    -2.601392e-08    -2.133641e-07    -1.802064e-07    1.372431e-10    2.24923e-07    -1.728796e-07    4.230372e-07    4.041347e-07    -1.455827e-07    -2.257634e-07
6.206147e-07    -1.202926e-06    -1.111521e-06    6.712351e-07    3.649477e-07    4.198355e-06    -3.570896e-07    -3.268864e-06    -2.005086e-07    -1.219386e-07    1.466182e-07    -4.302352e-07    -3.339175e-07    1.497636e-07    2.327058e-07    1.321577e-07    3.837891e-07    3.98826e-07    1.946811e-07    -5.250532e-07
-6.736868e-08    1.312669e-06    9.251509e-07    -3.595873e-07    -7.625569e-07    -3.570896e-07    1.233661e-05    -8.056497e-06    -2.337646e-06    6.702505e-07    -2.529307e-07    7.658728e-07    4.836034e-07    -2.523897e-07    -2.65145e-07    2.176402e-07    -7.27721e-07    -8.338338e-07    2.533929e-07    5.91581e-07
-4.64403e-07    1.054909e-06    1.160871e-06    -1.397364e-07    -5.475923e-07    -3.268864e-06    -8.056497e-06    1.231061e-05    -7.233887e-07    -1.183478e-06    1.209897e-07    -9.523447e-08    1.564516e-07    1.2228e-07    -2.541033e-07    2.06839e-07    -6.396201e-07    -6.158771e-07    2.381444e-08    4.392275e-07
7.299834e-07    -1.012801e-06    -1.007568e-06    4.008292e-07    3.779965e-07    -2.005086e-07    -2.337646e-06    -7.233887e-07    3.857491e-06    -3.243028e-07    3.896268e-08    -3.419184e-07    -4.138607e-07    -1.261315e-07    4.148845e-07    1.08036e-07    3.292992e-07    3.472286e-07    1.308195e-07    -4.428704e-07
-3.557775e-07    -3.257415e-08    6.544276e-09    -2.393945e-07    1.547547e-07    -1.219386e-07    6.702505e-07    -1.183478e-06    -3.243028e-07    1.055329e-06    -3.965965e-08    1.152689e-07    3.641938e-08    3.515607e-08    -6.090249e-08    -2.980511e-07    2.664832e-07    2.686432e-07    -2.351579e-07    1.476861e-09
2.787638e-07    -3.648849e-07    -3.34706e-07    3.111832e-07    -2.601392e-08    1.466182e-07    -2.529307e-07    1.209897e-07    3.896268e-08    -3.965965e-08    5.688819e-06    7.011856e-10    -4.407768e-06    -3.903071e-07    1.419384e-07    3.370092e-07    -1.700594e-07    -2.17942e-07    4.380637e-07    -1.166888e-07
-1.48126e-07    4.904795e-07    3.060811e-07    -5.040095e-08    -2.133641e-07    -4.302352e-07    7.658728e-07    -9.523447e-08    -3.419184e-07    1.152689e-07    7.011856e-10    6.556251e-06    -1.302988e-06    -4.337485e-06    6.190545e-07    -3.55601e-07    8.750881e-09    8.336568e-09    -3.571952e-07    4.331639e-07
-2.502251e-08    5.152375e-07    3.750993e-07    -2.473955e-07    -1.802064e-07    -3.339175e-07    4.836034e-07    1.564516e-07    -4.138607e-07    3.641938e-08    -4.407768e-06    -1.302988e-06    6.599799e-06    9.317883e-08    -1.536047e-06    -2.387522e-07    -1.923774e-07    -8.534001e-08    -2.992111e-07    2.780413e-07
1.56569e-07    -3.731546e-07    -1.094011e-07    1.188977e-07    1.372431e-10    1.497636e-07    -2.523897e-07    1.2228e-07    -1.261315e-07    3.515607e-08    -3.903071e-07    -4.337485e-06    9.317883e-08    5.633031e-06    -1.088318e-06    4.109721e-07    -1.753488e-07    -2.89502e-07    2.968903e-07    -1.634487e-07
-9.533123e-08    -1.133111e-07    -1.646504e-07    -1.068106e-07    2.24923e-07    2.327058e-07    -2.65145e-07    -2.541033e-07    4.148845e-07    -6.090249e-08    1.419384e-07    6.190545e-07    -1.536047e-06    -1.088318e-06    2.336119e-06    -7.189419e-08    3.143534e-07    3.062847e-07    -1.2621e-07    -1.652033e-07
6.364567e-07    -2.622021e-07    -3.536505e-07    4.048102e-07    -1.728796e-07    1.321577e-07    2.176402e-07    2.06839e-07    1.08036e-07    -2.980511e-07    3.370092e-07    -3.55601e-07    -2.387522e-07    4.109721e-07    -7.189419e-08    4.450782e-06    -2.010048e-07    -3.128666e-06    3.419283e-07    2.703366e-08
-5.181121e-07    -1.172988e-07    -8.414165e-08    -3.31628e-07    4.230372e-07    3.837891e-07    -7.27721e-07    -6.396201e-07    3.292992e-07    2.664832e-07    -1.700594e-07    8.750881e-09    -1.923774e-07    -1.753488e-07    3.143534e-07    -2.010048e-07    5.097023e-06    -1.304585e-06    -3.029647e-06    9.681869e-07
-4.738365e-07    -1.696303e-07    -9.873279e-08    -3.18429e-07    4.041347e-07    3.98826e-07    -8.338338e-07    -6.158771e-07    3.472286e-07    2.686432e-07    -2.17942e-07    8.336568e-09    -8.534001e-08    -2.89502e-07    3.062847e-07    -3.128666e-06    -1.304585e-06    5.264917e-06    -8.953145e-08    -1.682977e-06
6.030892e-07    -3.127537e-07    -3.175568e-07    3.47794e-07    -1.455827e-07    1.946811e-07    2.533929e-07    2.381444e-08    1.308195e-07    -2.351579e-07    4.380637e-07    -3.571952e-07    -2.992111e-07    2.968903e-07    -1.2621e-07    3.419283e-07    -3.029647e-06    -8.953145e-08    4.412261e-06    -1.565472e-06
-1.11557e-07    4.482704e-07    3.900733e-07    -6.723647e-08    -2.257634e-07    -5.250532e-07    5.91581e-07    4.392275e-07    -4.428704e-07    1.476861e-09    -1.166888e-07    4.331639e-07    2.780413e-07    -1.634487e-07    -1.652033e-07    2.703366e-08    9.681869e-07    -1.682977e-06    -1.565472e-06    2.880845e-06
