5.703121e-06    -2.34857e-07    -3.620678e-06    -4.919708e-07    2.5232e-08    5.919013e-07    -5.579056e-07    -5.546793e-07    4.949413e-07    2.416044e-08    1.596705e-07    2.065596e-08    -2.350789e-08    9.850935e-08    -1.452547e-07    2.787638e-07    -1.48126e-07    -2.502251e-08    1.56569e-07    -9.533123e-08    6.364567e-07    -5.181121e-07    -4.738365e-07    6.030892e-07    -1.11557e-07
-2.34857e-07    3.926806e-06    -1.002308e-07    -2.260295e-06    3.949029e-07    -3.470007e-07    -1.071504e-07    -5.163364e-08    -2.524917e-07    3.763251e-07    7.759624e-08    5.343249e-08    4.061737e-08    -2.380855e-08    -1.389055e-07    -3.648849e-07    4.904795e-07    5.152375e-07    -3.731546e-07    -1.133111e-07    -2.622021e-07    -1.172988e-07    -1.696303e-07    -3.127537e-07    4.482704e-07
-3.620678e-06    -1.002308e-07    4.598383e-06    1.814464e-07    -1.238884e-06    -5.261666e-07    8.155017e-08    8.891955e-08    -4.91925e-07    3.972271e-07    -1.335033e-07    2.33815e-08    5.022287e-08    -6.119422e-08    4.57995e-08    -3.34706e-07    3.060811e-07    3.750993e-07    -1.094011e-07    -1.646504e-07    -3.536505e-07    -8.414165e-08    -9.873279e-08    -3.175568e-07    3.900733e-07
-4.919708e-07    -2.260295e-06    1.814464e-07    3.965647e-06    -1.309077e-06    2.125157e-07    -3.955481e-07    -3.970713e-07    2.559397e-07    1.553612e-07    -1.033711e-07    5.809943e-09    -6.139149e-08    -2.950803e-08    1.64729e-07    3.111832e-07    -5.040095e-08    -2.473955e-07    1.188977e-07    -1.068106e-07    4.048102e-07    -3.31628e-07    -3.18429e-07    3.47794e-07    -6.723647e-08
2.5232e-08    3.949029e-07    -1.238884e-06    -1.309077e-06    3.231137e-06    7.95194e-08    3.052964e-07    3.349102e-07    1.18905e-07    -4.062504e-07    1.666052e-08    -8.970056e-08    -1.927788e-08    4.097679e-08    -6.742555e-08    -2.601392e-08    -2.133641e-07    -1.802064e-07    1.372431e-10    2.24923e-07    -1.728796e-07    4.230372e-07    4.041347e-07    -1.455827e-07    -2.257634e-07
5.919013e-07    -3.470007e-07    -5.261666e-07    2.125157e-07    7.95194e-08    3.924155e-06    -1.684096e-07    -2.334304e-06    -5.472707e-07    7.053083e-08    3.33242e-08    -4.268881e-09    -3.397339e-08    -3.762645e-08    -1.089073e-08    2.021588e-07    -1.433344e-07    -1.608733e-07    1.831144e-07    -4.860266e-08    3.345986e-07    1.093041e-07    -2.146793e-07    -5.531162e-08    -1.050579e-07
-5.579056e-07    -1.071504e-07    8.155017e-08    -3.955481e-07    3.052964e-07    -1.684096e-07    3.96229e-06    -4.396727e-07    -2.460379e-06    2.04513e-07    1.68918e-08    2.987944e-08    4.679015e-08    2.10064e-08    -4.001258e-08    -2.944964e-07    1.881857e-07    3.220205e-07    -1.501064e-07    -3.120742e-08    -7.097241e-08    3.78293e-07    6.960446e-08    -2.515461e-07    -6.809382e-08
-5.546793e-07    -5.163364e-08    8.891955e-08    -3.970713e-07    3.349102e-07    -2.334304e-06    -4.396727e-07    3.884889e-06    -1.64963e-07    -1.149445e-06    -4.271999e-08    3.368023e-08    6.235127e-08    -6.756097e-10    2.957703e-08    -2.160932e-07    2.42181e-07    2.554112e-07    -1.049157e-07    -1.018603e-07    -2.479298e-07    4.859507e-08    3.667459e-07    -4.743136e-08    -9.389577e-08
4.949413e-07    -2.524917e-07    -4.91925e-07    2.559397e-07    1.18905e-07    -5.472707e-07    -2.460379e-06    -1.64963e-07    4.069895e-06    -9.110307e-07    -6.25292e-08    -6.146704e-08    6.64277e-09    3.073711e-08    1.20086e-08    2.100259e-07    -3.196589e-08    -6.276256e-08    3.905906e-08    -4.138461e-08    -4.44096e-08    -2.240176e-07    5.464887e-08    2.897717e-07    8.687698e-09
2.416044e-08    3.763251e-07    3.972271e-07    1.553612e-07    -4.062504e-07    7.053083e-08    2.04513e-07    -1.149445e-06    -9.110307e-07    2.400727e-06    2.510652e-08    1.456051e-08    -3.695192e-08    2.844755e-08    -3.169642e-08    6.572447e-08    -1.767035e-07    -1.741405e-07    3.502023e-08    8.227629e-08    -2.471589e-08    -1.511685e-07    -1.698189e-07    1.064929e-07    2.786621e-07
1.596705e-07    7.759624e-08    -1.335033e-07    -1.033711e-07    1.666052e-08    3.33242e-08    1.68918e-08    -4.271999e-08    -6.25292e-08    2.510652e-08    5.182159e-06    3.853866e-07    -2.464886e-06    -2.743596e-07    -9.928149e-08    4.964815e-07    -6.321169e-07    -5.736938e-07    5.393352e-07    9.549623e-08    1.452236e-07    1.062958e-08    -1.802539e-08    1.021808e-07    -6.929427e-08
2.065596e-08    5.343249e-08    2.33815e-08    5.809943e-09    -8.970056e-08    -4.268881e-09    2.987944e-08    3.368023e-08    -6.146704e-08    1.456051e-08    3.853866e-07    4.010525e-06    -3.291143e-07    -2.734395e-06    8.042172e-07    -2.249805e-07    -1.878167e-07    -1.680587e-07    -1.117415e-07    3.067585e-07    -1.727741e-07    2.022647e-07    3.570791e-07    -1.365025e-07    -9.296903e-08
-2.350789e-08    4.061737e-08    5.022287e-08    -6.139149e-08    -1.927788e-08    -3.397339e-08    4.679015e-08    6.235127e-08    6.64277e-09    -3.695192e-08    -2.464886e-06    -3.291143e-07    3.647567e-06    1.099244e-07    -1.724072e-06    -1.55451e-07    -1.132073e-07    -1.290898e-07    -2.451191e-07    3.061686e-07    -1.761509e-07    2.648812e-07    2.592284e-07    -8.526991e-08    -1.629667e-07
9.850935e-08    -2.380855e-08    -6.119422e-08    -2.950803e-08    4.097679e-08    -3.762645e-08    2.10064e-08    -6.756097e-10    3.073711e-08    2.844755e-08    -2.743596e-07    -2.734395e-06    1.099244e-07    5.123746e-06    -2.446878e-06    5.214664e-07    -5.020011e-07    -5.455871e-07    4.761241e-07    3.60442e-08    1.775605e-07    6.341617e-08    -5.725336e-08    1.186995e-07    -1.598682e-07
-1.452547e-07    -1.389055e-07    4.57995e-08    1.64729e-07    -6.742555e-08    -1.089073e-08    -4.001258e-08    2.957703e-08    1.20086e-08    -3.169642e-08    -9.928149e-08    8.042172e-07    -1.724072e-06    -2.446878e-06    5.950417e-06    -2.651119e-07    6.715793e-07    6.441475e-07    -2.96451e-07    -3.205314e-07    7.599144e-08    -2.445882e-07    -3.20313e-07    -2.807546e-08    3.208593e-07
2.787638e-07    -3.648849e-07    -3.34706e-07    3.111832e-07    -2.601392e-08    2.021588e-07    -2.944964e-07    -2.160932e-07    2.100259e-07    6.572447e-08    4.964815e-07    -2.249805e-07    -1.55451e-07    5.214664e-07    -2.651119e-07    5.688819e-06    7.011856e-10    -4.407768e-06    -3.903071e-07    1.419384e-07    3.370092e-07    -1.700594e-07    -2.17942e-07    4.380637e-07    -1.166888e-07
-1.48126e-07    4.904795e-07    3.060811e-07    -5.040095e-08    -2.133641e-07    -1.433344e-07    1.881857e-07    2.42181e-07    -3.196589e-08    -1.767035e-07    -6.321169e-07    -1.878167e-07    -1.132073e-07    -5.020011e-07    6.715793e-07    7.011856e-10    6.556251e-06    -1.302988e-06    -4.337485e-06    6.190545e-07    -3.55601e-07    8.750881e-09    8.336568e-09    -3.571952e-07    4.331639e-07
-2.502251e-08    5.152375e-07    3.750993e-07    -2.473955e-07    -1.802064e-07    -1.608733e-07    3.220205e-07    2.554112e-07    -6.276256e-08    -1.741405e-07    -5.736938e-07    -1.680587e-07    -1.290898e-07    -5.455871e-07    6.441475e-07    -4.407768e-06    -1.302988e-06    6.599799e-06    9.317883e-08    -1.536047e-06    -2.387522e-07    -1.923774e-07    -8.534001e-08    -2.992111e-07    2.780413e-07
1.56569e-07    -3.731546e-07    -1.094011e-07    1.188977e-07    1.372431e-10    1.831144e-07    -1.501064e-07    -1.049157e-07    3.905906e-08    3.502023e-08    5.393352e-07    -1.117415e-07    -2.451191e-07    4.761241e-07    -2.96451e-07    -3.903071e-07    -4.337485e-06    9.317883e-08    5.633031e-06    -1.088318e-06    4.109721e-07    -1.753488e-07    -2.89502e-07    2.968903e-07    -1.634487e-07
-9.533123e-08    -1.133111e-07    -1.646504e-07    -1.068106e-07    2.24923e-07    -4.860266e-08    -3.120742e-08    -1.018603e-07    -4.138461e-08    8.227629e-08    9.549623e-08    3.067585e-07    3.061686e-07    3.60442e-08    -3.205314e-07    1.419384e-07    6.190545e-07    -1.536047e-06    -1.088318e-06    2.336119e-06    -7.189419e-08    3.143534e-07    3.062847e-07    -1.2621e-07    -1.652033e-07
6.364567e-07    -2.622021e-07    -3.536505e-07    4.048102e-07    -1.728796e-07    3.345986e-07    -7.097241e-08    -2.479298e-07    -4.44096e-08    -2.471589e-08    1.452236e-07    -1.727741e-07    -1.761509e-07    1.775605e-07    7.599144e-08    3.370092e-07    -3.55601e-07    -2.387522e-07    4.109721e-07    -7.189419e-08    4.450782e-06    -2.010048e-07    -3.128666e-06    3.419283e-07    2.703366e-08
-5.181121e-07    -1.172988e-07    -8.414165e-08    -3.31628e-07    4.230372e-07    1.093041e-07    3.78293e-07    4.859507e-08    -2.240176e-07    -1.511685e-07    1.062958e-08    2.022647e-07    2.648812e-07    6.341617e-08    -2.445882e-07    -1.700594e-07    8.750881e-09    -1.923774e-07    -1.753488e-07    3.143534e-07    -2.010048e-07    5.097023e-06    -1.304585e-06    -3.029647e-06    9.681869e-07
-4.738365e-07    -1.696303e-07    -9.873279e-08    -3.18429e-07    4.041347e-07    -2.146793e-07    6.960446e-08    3.667459e-07    5.464887e-08    -1.698189e-07    -1.802539e-08    3.570791e-07    2.592284e-07    -5.725336e-08    -3.20313e-07    -2.17942e-07    8.336568e-09    -8.534001e-08    -2.89502e-07    3.062847e-07    -3.128666e-06    -1.304585e-06    5.264917e-06    -8.953145e-08    -1.682977e-06
6.030892e-07    -3.127537e-07    -3.175568e-07    3.47794e-07    -1.455827e-07    -5.531162e-08    -2.515461e-07    -4.743136e-08    2.897717e-07    1.064929e-07    1.021808e-07    -1.365025e-07    -8.526991e-08    1.186995e-07    -2.807546e-08    4.380637e-07    -3.571952e-07    -2.992111e-07    2.968903e-07    -1.2621e-07    3.419283e-07    -3.029647e-06    -8.953145e-08    4.412261e-06    -1.565472e-06
-1.11557e-07    4.482704e-07    3.900733e-07    -6.723647e-08    -2.257634e-07    -1.050579e-07    -6.809382e-08    -9.389577e-08    8.687698e-09    2.786621e-07    -6.929427e-08    -9.296903e-08    -1.629667e-07    -1.598682e-07    3.208593e-07    -1.166888e-07    4.331639e-07    2.780413e-07    -1.634487e-07    -1.652033e-07    2.703366e-08    9.681869e-07    -1.682977e-06    -1.565472e-06    2.880845e-06
