3.195493e-06    -1.639595e-06    -1.169982e-06    2.038072e-07    -2.913092e-07    -6.834888e-08    3.916e-07    5.08818e-07    6.361826e-08    -4.168652e-07    5.605655e-08    -2.887377e-07    -2.848581e-07    1.517386e-08    2.33324e-07
-1.639595e-06    1.056232e-05    -5.783004e-06    -1.839862e-06    1.109121e-06    4.800042e-07    -8.15228e-07    -9.162905e-07    5.173075e-07    3.967937e-07    -1.529789e-07    3.673128e-07    4.105586e-07    -4.289639e-09    -2.884378e-07
-1.169982e-06    -5.783004e-06    9.855298e-06    -1.005101e-06    -2.433211e-06    3.939513e-07    -9.148076e-07    -9.050359e-07    2.206934e-07    5.48557e-07    8.595515e-08    8.956586e-08    3.901164e-08    9.715014e-08    -9.469287e-08
2.038072e-07    -1.839862e-06    -1.005101e-06    3.603721e-06    -5.028667e-07    1.164735e-07    2.513594e-07    3.486804e-07    2.288653e-07    -4.706512e-07    -7.593513e-08    -3.411589e-07    -4.102091e-07    -1.228213e-07    4.741782e-07
-2.913092e-07    1.109121e-06    -2.433211e-06    -5.028667e-07    2.196402e-06    -4.08266e-07    4.895283e-07    4.194069e-07    -4.592538e-07    1.032092e-08    3.142921e-08    1.709473e-07    1.010001e-07    -3.491854e-08    -1.41371e-07
-6.834888e-08    4.800042e-07    3.939513e-07    1.164735e-07    -4.08266e-07    5.688819e-06    7.011856e-10    -4.407768e-06    -3.903071e-07    1.419384e-07    3.370092e-07    -1.700594e-07    -2.17942e-07    4.380637e-07    -1.166888e-07
3.916e-07    -8.15228e-07    -9.148076e-07    2.513594e-07    4.895283e-07    7.011856e-10    6.556251e-06    -1.302988e-06    -4.337485e-06    6.190545e-07    -3.55601e-07    8.750881e-09    8.336568e-09    -3.571952e-07    4.331639e-07
5.08818e-07    -9.162905e-07    -9.050359e-07    3.486804e-07    4.194069e-07    -4.407768e-06    -1.302988e-06    6.599799e-06    9.317883e-08    -1.536047e-06    -2.387522e-07    -1.923774e-07    -8.534001e-08    -2.992111e-07    2.780413e-07
6.361826e-08    5.173075e-07    2.206934e-07    2.288653e-07    -4.592538e-07    -3.903071e-07    -4.337485e-06    9.317883e-08    5.633031e-06    -1.088318e-06    4.109721e-07    -1.753488e-07    -2.89502e-07    2.968903e-07    -1.634487e-07
-4.168652e-07    3.967937e-07    5.48557e-07    -4.706512e-07    1.032092e-08    1.419384e-07    6.190545e-07    -1.536047e-06    -1.088318e-06    2.336119e-06    -7.189419e-08    3.143534e-07    3.062847e-07    -1.2621e-07    -1.652033e-07
5.605655e-08    -1.529789e-07    8.595515e-08    -7.593513e-08    3.142921e-08    3.370092e-07    -3.55601e-07    -2.387522e-07    4.109721e-07    -7.189419e-08    4.450782e-06    -2.010048e-07    -3.128666e-06    3.419283e-07    2.703366e-08
-2.887377e-07    3.673128e-07    8.956586e-08    -3.411589e-07    1.709473e-07    -1.700594e-07    8.750881e-09    -1.923774e-07    -1.753488e-07    3.143534e-07    -2.010048e-07    5.097023e-06    -1.304585e-06    -3.029647e-06    9.681869e-07
-2.848581e-07    4.105586e-07    3.901164e-08    -4.102091e-07    1.010001e-07    -2.17942e-07    8.336568e-09    -8.534001e-08    -2.89502e-07    3.062847e-07    -3.128666e-06    -1.304585e-06    5.264917e-06    -8.953145e-08    -1.682977e-06
1.517386e-08    -4.289639e-09    9.715014e-08    -1.228213e-07    -3.491854e-08    4.380637e-07    -3.571952e-07    -2.992111e-07    2.968903e-07    -1.2621e-07    3.419283e-07    -3.029647e-06    -8.953145e-08    4.412261e-06    -1.565472e-06
2.33324e-07    -2.884378e-07    -9.469287e-08    4.741782e-07    -1.41371e-07    -1.166888e-07    4.331639e-07    2.780413e-07    -1.634487e-07    -1.652033e-07    2.703366e-08    9.681869e-07    -1.682977e-06    -1.565472e-06    2.880845e-06
