1.522817e-06    -6.193391e-07    -1.167208e-06    3.210409e-07    3.583482e-08    9.490581e-08    -1.484002e-07    -2.303897e-07    2.438064e-09    1.565773e-07
-6.193391e-07    4.544071e-06    -2.302371e-06    -1.320329e-06    2.26815e-07    -4.83728e-08    1.530262e-07    8.991607e-08    -1.889333e-08    -7.920593e-08
-1.167208e-06    -2.302371e-06    4.281386e-06    -4.117152e-07    -5.328397e-07    -1.107992e-07    8.135843e-08    2.581546e-07    3.348996e-08    -1.393844e-07
3.210409e-07    -1.320329e-06    -4.117152e-07    1.53437e-06    -1.456893e-07    4.309936e-08    -1.392119e-07    -1.364105e-07    -4.12515e-08    1.194735e-07
3.583482e-08    2.26815e-07    -5.328397e-07    -1.456893e-07    4.091927e-07    2.987069e-08    1.241392e-08    -1.693088e-08    3.122167e-08    -3.227764e-08
9.490581e-08    -4.83728e-08    -1.107992e-07    4.309936e-08    2.987069e-08    5.688819e-06    7.011856e-10    -4.407768e-06    -3.903071e-07    1.419384e-07
-1.484002e-07    1.530262e-07    8.135843e-08    -1.392119e-07    1.241392e-08    7.011856e-10    6.556251e-06    -1.302988e-06    -4.337485e-06    6.190545e-07
-2.303897e-07    8.991607e-08    2.581546e-07    -1.364105e-07    -1.693088e-08    -4.407768e-06    -1.302988e-06    6.599799e-06    9.317883e-08    -1.536047e-06
2.438064e-09    -1.889333e-08    3.348996e-08    -4.12515e-08    3.122167e-08    -3.903071e-07    -4.337485e-06    9.317883e-08    5.633031e-06    -1.088318e-06
1.565773e-07    -7.920593e-08    -1.393844e-07    1.194735e-07    -3.227764e-08    1.419384e-07    6.190545e-07    -1.536047e-06    -1.088318e-06    2.336119e-06
