4.031233e-06    -1.349133e-07    -2.383666e-06    -5.92292e-07    8.958909e-09    1.275874e-07    -5.3068e-08    8.637599e-08    7.782073e-08    -8.228944e-08
-1.349133e-07    3.917273e-06    -3.736174e-07    -2.365704e-06    1.450855e-07    -1.225449e-07    2.070728e-07    2.558935e-07    -9.758748e-08    -1.116133e-07
-2.383666e-06    -3.736174e-07    3.896848e-06    -1.752482e-07    -1.137147e-06    -1.931782e-07    2.328468e-07    1.672111e-07    -1.469752e-07    -4.919434e-08
-5.92292e-07    -2.365704e-06    -1.752482e-07    3.976115e-06    -9.157032e-07    8.954338e-08    -1.462102e-08    -1.477693e-07    7.378019e-08    -2.603306e-08
8.958909e-09    1.450855e-07    -1.137147e-06    -9.157032e-07    2.505312e-06    2.408577e-08    -1.993573e-07    -1.477898e-07    5.763309e-08    1.675219e-07
1.275874e-07    -1.225449e-07    -1.931782e-07    8.954338e-08    2.408577e-08    5.688819e-06    7.011856e-10    -4.407768e-06    -3.903071e-07    1.419384e-07
-5.3068e-08    2.070728e-07    2.328468e-07    -1.462102e-08    -1.993573e-07    7.011856e-10    6.556251e-06    -1.302988e-06    -4.337485e-06    6.190545e-07
8.637599e-08    2.558935e-07    1.672111e-07    -1.477693e-07    -1.477898e-07    -4.407768e-06    -1.302988e-06    6.599799e-06    9.317883e-08    -1.536047e-06
7.782073e-08    -9.758748e-08    -1.469752e-07    7.378019e-08    5.763309e-08    -3.903071e-07    -4.337485e-06    9.317883e-08    5.633031e-06    -1.088318e-06
-8.228944e-08    -1.116133e-07    -4.919434e-08    -2.603306e-08    1.675219e-07    1.419384e-07    6.190545e-07    -1.536047e-06    -1.088318e-06    2.336119e-06
