5.787415e-06    -1.517737e-07    -3.65629e-06    -6.46969e-07    4.738515e-08    2.349468e-07    -2.16032e-07    -1.727219e-07    3.014273e-07    -1.046182e-07
-1.517737e-07    3.908859e-06    -1.424873e-07    -2.216408e-06    4.061929e-07    -2.011015e-07    5.434168e-07    3.654933e-07    -3.481738e-07    -1.187031e-07
-3.65629e-06    -1.424873e-07    4.536265e-06    1.832196e-07    -1.122059e-06    -3.101344e-07    3.676197e-07    4.380094e-07    -2.567336e-07    -1.232276e-07
-6.46969e-07    -2.216408e-06    1.832196e-07    4.007488e-06    -1.328285e-06    1.377294e-07    -1.580046e-07    -5.713926e-08    1.696671e-07    -3.618479e-08
4.738515e-08    4.061929e-07    -1.122059e-06    -1.328285e-06    3.107555e-06    6.964128e-08    -1.867138e-07    -2.2485e-07    -4.189801e-08    1.68843e-07
2.349468e-07    -2.011015e-07    -3.101344e-07    1.377294e-07    6.964128e-08    5.688819e-06    7.011856e-10    -4.407768e-06    -3.903071e-07    1.419384e-07
-2.16032e-07    5.434168e-07    3.676197e-07    -1.580046e-07    -1.867138e-07    7.011856e-10    6.556251e-06    -1.302988e-06    -4.337485e-06    6.190545e-07
-1.727219e-07    3.654933e-07    4.380094e-07    -5.713926e-08    -2.2485e-07    -4.407768e-06    -1.302988e-06    6.599799e-06    9.317883e-08    -1.536047e-06
3.014273e-07    -3.481738e-07    -2.567336e-07    1.696671e-07    -4.189801e-08    -3.903071e-07    -4.337485e-06    9.317883e-08    5.633031e-06    -1.088318e-06
-1.046182e-07    -1.187031e-07    -1.232276e-07    -3.618479e-08    1.68843e-07    1.419384e-07    6.190545e-07    -1.536047e-06    -1.088318e-06    2.336119e-06
