1.097541e-05    1.100321e-06    -8.138657e-06    -3.203094e-07    6.647987e-08    5.376788e-07    -6.331417e-07    -5.13657e-07    5.492237e-07    6.502468e-08
1.100321e-06    1.30728e-05    -3.444884e-06    -8.142735e-06    2.563034e-06    -6.682965e-07    3.563944e-07    3.458638e-07    -6.389692e-07    3.321733e-07
-8.138657e-06    -3.444884e-06    1.306918e-05    9.975466e-07    -5.104382e-06    -4.642069e-07    2.536201e-07    1.741851e-07    -5.13978e-07    2.40573e-07
-3.203094e-07    -8.142735e-06    9.975466e-07    1.096325e-05    -3.878048e-06    7.063248e-07    -5.345053e-07    -6.163377e-07    5.223747e-07    -7.460624e-08
6.647987e-08    2.563034e-06    -5.104382e-06    -3.878048e-06    8.086519e-06    -8.336922e-08    2.9678e-07    3.738129e-07    1.641303e-08    -3.14184e-07
5.376788e-07    -6.682965e-07    -4.642069e-07    7.063248e-07    -8.336922e-08    5.688819e-06    7.011856e-10    -4.407768e-06    -3.903071e-07    1.419384e-07
-6.331417e-07    3.563944e-07    2.536201e-07    -5.345053e-07    2.9678e-07    7.011856e-10    6.556251e-06    -1.302988e-06    -4.337485e-06    6.190545e-07
-5.13657e-07    3.458638e-07    1.741851e-07    -6.163377e-07    3.738129e-07    -4.407768e-06    -1.302988e-06    6.599799e-06    9.317883e-08    -1.536047e-06
5.492237e-07    -6.389692e-07    -5.13978e-07    5.223747e-07    1.641303e-08    -3.903071e-07    -4.337485e-06    9.317883e-08    5.633031e-06    -1.088318e-06
6.502468e-08    3.321733e-07    2.40573e-07    -7.460624e-08    -3.14184e-07    1.419384e-07    6.190545e-07    -1.536047e-06    -1.088318e-06    2.336119e-06
