5.703121e-06    -2.34857e-07    -3.620678e-06    -4.919708e-07    2.5232e-08    2.346637e-07    -1.895292e-07    -2.463728e-07    2.161349e-07    9.030757e-09    2.787638e-07    -1.48126e-07    -2.502251e-08    1.56569e-07    -9.533123e-08    6.364567e-07    -5.181121e-07    -4.738365e-07    6.030892e-07    -1.11557e-07
-2.34857e-07    3.926806e-06    -1.002308e-07    -2.260295e-06    3.949029e-07    1.316472e-07    -2.393649e-07    -2.425184e-07    9.860494e-08    9.836354e-08    -3.648849e-07    4.904795e-07    5.152375e-07    -3.731546e-07    -1.133111e-07    -2.622021e-07    -1.172988e-07    -1.696303e-07    -3.127537e-07    4.482704e-07
-3.620678e-06    -1.002308e-07    4.598383e-06    1.814464e-07    -1.238884e-06    4.496711e-08    -1.350327e-07    -1.318282e-07    2.869286e-08    6.401458e-08    -3.34706e-07    3.060811e-07    3.750993e-07    -1.094011e-07    -1.646504e-07    -3.536505e-07    -8.414165e-08    -9.873279e-08    -3.175568e-07    3.900733e-07
-4.919708e-07    -2.260295e-06    1.814464e-07    3.965647e-06    -1.309077e-06    2.14659e-07    -6.626004e-08    -1.933932e-07    1.020882e-07    -2.783958e-08    3.111832e-07    -5.040095e-08    -2.473955e-07    1.188977e-07    -1.068106e-07    4.048102e-07    -3.31628e-07    -3.18429e-07    3.47794e-07    -6.723647e-08
2.5232e-08    3.949029e-07    -1.238884e-06    -1.309077e-06    3.231137e-06    -2.010852e-07    2.149651e-07    3.156562e-07    -1.609942e-07    -7.112241e-08    -2.601392e-08    -2.133641e-07    -1.802064e-07    1.372431e-10    2.24923e-07    -1.728796e-07    4.230372e-07    4.041347e-07    -1.455827e-07    -2.257634e-07
2.346637e-07    1.316472e-07    4.496711e-08    2.14659e-07    -2.010852e-07    1.522817e-06    -6.193391e-07    -1.167208e-06    3.210409e-07    3.583482e-08    9.490581e-08    -1.484002e-07    -2.303897e-07    2.438064e-09    1.565773e-07    3.276806e-08    -1.354949e-07    -1.889602e-07    1.538786e-09    1.751181e-07
-1.895292e-07    -2.393649e-07    -1.350327e-07    -6.626004e-08    2.149651e-07    -6.193391e-07    4.544071e-06    -2.302371e-06    -1.320329e-06    2.26815e-07    -4.83728e-08    1.530262e-07    8.991607e-08    -1.889333e-08    -7.920593e-08    -1.477421e-07    1.871415e-07    2.690685e-07    -8.816564e-08    -1.298037e-07
-2.463728e-07    -2.425184e-07    -1.318282e-07    -1.933932e-07    3.156562e-07    -1.167208e-06    -2.302371e-06    4.281386e-06    -4.117152e-07    -5.328397e-07    -1.107992e-07    8.135843e-08    2.581546e-07    3.348996e-08    -1.393844e-07    6.067212e-08    1.013663e-07    1.544924e-08    3.147025e-08    -1.201929e-07
2.161349e-07    9.860494e-08    2.869286e-08    1.020882e-07    -1.609942e-07    3.210409e-07    -1.320329e-06    -4.117152e-07    1.53437e-06    -1.456893e-07    4.309936e-08    -1.392119e-07    -1.364105e-07    -4.12515e-08    1.194735e-07    2.70261e-08    -2.005798e-07    -2.060123e-07    -1.313633e-12    2.001529e-07
9.030757e-09    9.836354e-08    6.401458e-08    -2.783958e-08    -7.112241e-08    3.583482e-08    2.26815e-07    -5.328397e-07    -1.456893e-07    4.091927e-07    2.987069e-08    1.241392e-08    -1.693088e-08    3.122167e-08    -3.227764e-08    -1.125099e-08    1.29301e-08    5.675945e-08    3.277728e-08    -5.054301e-08
2.787638e-07    -3.648849e-07    -3.34706e-07    3.111832e-07    -2.601392e-08    9.490581e-08    -4.83728e-08    -1.107992e-07    4.309936e-08    2.987069e-08    5.688819e-06    7.011856e-10    -4.407768e-06    -3.903071e-07    1.419384e-07    3.370092e-07    -1.700594e-07    -2.17942e-07    4.380637e-07    -1.166888e-07
-1.48126e-07    4.904795e-07    3.060811e-07    -5.040095e-08    -2.133641e-07    -1.484002e-07    1.530262e-07    8.135843e-08    -1.392119e-07    1.241392e-08    7.011856e-10    6.556251e-06    -1.302988e-06    -4.337485e-06    6.190545e-07    -3.55601e-07    8.750881e-09    8.336568e-09    -3.571952e-07    4.331639e-07
-2.502251e-08    5.152375e-07    3.750993e-07    -2.473955e-07    -1.802064e-07    -2.303897e-07    8.991607e-08    2.581546e-07    -1.364105e-07    -1.693088e-08    -4.407768e-06    -1.302988e-06    6.599799e-06    9.317883e-08    -1.536047e-06    -2.387522e-07    -1.923774e-07    -8.534001e-08    -2.992111e-07    2.780413e-07
1.56569e-07    -3.731546e-07    -1.094011e-07    1.188977e-07    1.372431e-10    2.438064e-09    -1.889333e-08    3.348996e-08    -4.12515e-08    3.122167e-08    -3.903071e-07    -4.337485e-06    9.317883e-08    5.633031e-06    -1.088318e-06    4.109721e-07    -1.753488e-07    -2.89502e-07    2.968903e-07    -1.634487e-07
-9.533123e-08    -1.133111e-07    -1.646504e-07    -1.068106e-07    2.24923e-07    1.565773e-07    -7.920593e-08    -1.393844e-07    1.194735e-07    -3.227764e-08    1.419384e-07    6.190545e-07    -1.536047e-06    -1.088318e-06    2.336119e-06    -7.189419e-08    3.143534e-07    3.062847e-07    -1.2621e-07    -1.652033e-07
6.364567e-07    -2.622021e-07    -3.536505e-07    4.048102e-07    -1.728796e-07    3.276806e-08    -1.477421e-07    6.067212e-08    2.70261e-08    -1.125099e-08    3.370092e-07    -3.55601e-07    -2.387522e-07    4.109721e-07    -7.189419e-08    4.450782e-06    -2.010048e-07    -3.128666e-06    3.419283e-07    2.703366e-08
-5.181121e-07    -1.172988e-07    -8.414165e-08    -3.31628e-07    4.230372e-07    -1.354949e-07    1.871415e-07    1.013663e-07    -2.005798e-07    1.29301e-08    -1.700594e-07    8.750881e-09    -1.923774e-07    -1.753488e-07    3.143534e-07    -2.010048e-07    5.097023e-06    -1.304585e-06    -3.029647e-06    9.681869e-07
-4.738365e-07    -1.696303e-07    -9.873279e-08    -3.18429e-07    4.041347e-07    -1.889602e-07    2.690685e-07    1.544924e-08    -2.060123e-07    5.675945e-08    -2.17942e-07    8.336568e-09    -8.534001e-08    -2.89502e-07    3.062847e-07    -3.128666e-06    -1.304585e-06    5.264917e-06    -8.953145e-08    -1.682977e-06
6.030892e-07    -3.127537e-07    -3.175568e-07    3.47794e-07    -1.455827e-07    1.538786e-09    -8.816564e-08    3.147025e-08    -1.313633e-12    3.277728e-08    4.380637e-07    -3.571952e-07    -2.992111e-07    2.968903e-07    -1.2621e-07    3.419283e-07    -3.029647e-06    -8.953145e-08    4.412261e-06    -1.565472e-06
-1.11557e-07    4.482704e-07    3.900733e-07    -6.723647e-08    -2.257634e-07    1.751181e-07    -1.298037e-07    -1.201929e-07    2.001529e-07    -5.054301e-08    -1.166888e-07    4.331639e-07    2.780413e-07    -1.634487e-07    -1.652033e-07    2.703366e-08    9.681869e-07    -1.682977e-06    -1.565472e-06    2.880845e-06
