3.221831e-06    1.472723e-06    1.00789e-06    -6.222068e-08    -4.383924e-06    2.781521e-06    2.284103e-06    1.082647e-06    -1.023715e-06    -3.909962e-06    -1.233324e-06    -4.259636e-06    -2.918269e-06    -1.154544e-07    2.795087e-06    1.535124e-06    -3.619719e-07    -4.894401e-08    1.189569e-06    -1.301627e-06    -3.596006e-07    1.390708e-06    -4.647092e-07    1.136546e-06    2.018805e-07    1.477787e-06    -2.647365e-06    -2.198565e-06    1.258761e-06    8.747908e-07    1.286069e-06    -4.886663e-06    -4.593948e-06    1.541809e-06    3.447456e-06    -3.809763e-07    1.803918e-06    2.039629e-06    -1.163352e-06    -3.01418e-06
1.472723e-06    3.779681e-06    2.072725e-06    -1.450472e-06    -3.065462e-06    2.385613e-06    3.163285e-06    9.840429e-07    -1.791257e-06    -2.845922e-06    -1.127819e-06    -4.379461e-06    -2.633721e-06    -5.260243e-07    2.758596e-06    8.109923e-07    -2.861113e-07    -8.754331e-07    7.708648e-07    -8.762116e-08    -6.31615e-08    -2.222876e-07    -1.967494e-07    1.376791e-06    3.384231e-07    1.252488e-07    -2.650297e-06    -1.032302e-06    1.309911e-06    9.214148e-07    -4.82465e-07    -3.840987e-06    -2.293822e-06    3.393517e-07    2.843256e-06    1.298102e-06    1.165015e-06    5.449158e-07    -1.613542e-06    -1.927283e-06
1.00789e-06    2.072725e-06    2.764046e-06    -9.380762e-08    -3.339535e-06    9.082629e-07    1.988374e-06    1.171159e-06    -7.863855e-07    -1.456505e-06    -3.935223e-07    -3.33279e-06    -1.773122e-06    7.66511e-07    7.945206e-07    5.089133e-07    -5.36449e-07    -8.021797e-07    4.081426e-07    4.196452e-07    5.871354e-07    -6.67945e-07    -1.147682e-06    1.478793e-06    3.180939e-07    2.809573e-07    -7.178192e-07    -8.399514e-07    5.128972e-07    2.874885e-07    1.271105e-07    -2.113649e-06    -2.662166e-06    -2.014699e-07    2.346559e-06    3.770379e-07    1.485335e-06    1.199617e-06    -1.258159e-06    -1.96461e-06
-6.222068e-08    -1.450472e-06    -9.380762e-08    2.212921e-06    1.22171e-06    -8.37769e-07    -6.422915e-07    4.196567e-07    1.365533e-06    1.557872e-06    1.846208e-07    1.273034e-06    1.654784e-06    1.08843e-06    -1.858826e-06    -4.349633e-07    -2.967951e-07    -6.560657e-08    -6.707284e-07    6.803716e-07    8.456297e-07    -1.135479e-06    -7.471575e-07    1.000173e-07    -1.531745e-08    -3.832763e-07    2.451789e-06    1.287486e-06    -1.345022e-06    -8.934429e-07    8.029703e-07    8.480034e-07    -2.613261e-07    1.389651e-07    -4.960748e-07    -8.034056e-07    -1.411622e-08    -1.407052e-07    3.624283e-07    8.020232e-07
-4.383924e-06    -3.065462e-06    -3.339535e-06    1.22171e-06    1.152996e-05    -4.010841e-06    -4.214031e-06    -1.885748e-06    3.574329e-06    9.283774e-06    2.213577e-06    9.246918e-06    5.79014e-06    -1.340923e-06    -4.70961e-06    -3.34792e-06    5.514553e-07    8.649103e-07    -2.269219e-06    2.23591e-06    1.301112e-07    -2.304119e-06    1.40719e-06    -2.782727e-06    -3.552301e-07    -2.779575e-06    5.64226e-06    4.287978e-06    -3.081054e-06    -1.372384e-06    -1.482913e-06    8.273061e-06    7.779951e-06    -1.425517e-06    -6.526316e-06    3.728694e-07    -3.374782e-06    -4.41015e-06    1.580156e-06    6.387279e-06
2.781521e-06    2.385613e-06    9.082629e-07    -8.37769e-07    -4.010841e-06    3.468391e-06    2.926679e-06    5.622914e-07    -1.798774e-06    -4.233338e-06    -1.435261e-06    -4.939904e-06    -3.107472e-06    -5.52519e-07    3.542725e-06    1.996853e-06    -1.012516e-07    -2.240911e-07    1.154012e-06    -1.506761e-06    -5.037736e-07    1.605757e-06    -4.658652e-08    1.146534e-06    1.572834e-07    1.657439e-06    -3.876678e-06    -2.554874e-06    1.766085e-06    1.185138e-06    4.423886e-07    -5.58455e-06    -3.741761e-06    1.672881e-06    3.443892e-06    2.379592e-07    1.789372e-06    1.772695e-06    -1.308914e-06    -3.018793e-06
2.284103e-06    3.163285e-06    1.988374e-06    -6.422915e-07    -4.214031e-06    2.926679e-06    3.951817e-06    1.72896e-06    -1.882509e-06    -4.481254e-06    -1.909267e-06    -5.335349e-06    -2.382772e-06    3.608918e-07    2.976169e-06    1.856551e-06    -3.135864e-07    -8.37614e-07    4.85983e-07    -6.144837e-07    1.845091e-07    4.232534e-07    -5.949926e-07    1.467147e-06    3.37355e-07    1.269096e-06    -3.065205e-06    -1.933837e-06    1.490208e-06    7.116695e-07    7.477894e-08    -5.699473e-06    -3.742288e-06    1.325702e-06    3.825884e-06    6.478086e-07    1.851958e-06    1.559664e-06    -1.581042e-06    -2.948511e-06
1.082647e-06    9.840429e-07    1.171159e-06    4.196567e-07    -1.885748e-06    5.622914e-07    1.72896e-06    1.994331e-06    -1.7598e-09    -2.262425e-06    -1.091705e-06    -1.893666e-06    -2.563752e-07    9.443183e-07    6.741942e-07    2.928951e-07    -2.358845e-07    -4.063279e-07    -3.498778e-07    2.970809e-07    5.190655e-07    -5.76122e-07    -6.037864e-07    5.293025e-07    2.849514e-07    2.456079e-07    4.448611e-09    -1.521788e-07    2.144101e-08    -2.41393e-07    4.894247e-07    -2.076914e-06    -2.318669e-06    4.999383e-07    1.843476e-06    1.403794e-07    5.913629e-07    6.023875e-07    -6.614381e-07    -1.065514e-06
-1.023715e-06    -1.791257e-06    -7.863855e-07    1.365533e-06    3.574329e-06    -1.798774e-06    -1.882509e-06    -1.7598e-09    2.401696e-06    3.405092e-06    9.79797e-07    3.759441e-06    2.399829e-06    1.040246e-07    -2.535255e-06    -1.601143e-06    -1.242084e-07    4.344843e-07    -9.449127e-07    1.160854e-06    5.335653e-07    -1.046558e-06    -3.236757e-07    -1.004179e-06    2.029222e-08    -8.513962e-07    3.550935e-06    1.671652e-06    -1.76543e-06    -8.615235e-07    4.390298e-07    3.336423e-06    1.341779e-06    -4.629147e-07    -2.038471e-06    -6.723995e-07    -1.016811e-06    -1.021336e-06    5.094194e-07    2.245973e-06
-3.909962e-06    -2.845922e-06    -1.456505e-06    1.557872e-06    9.283774e-06    -4.233338e-06    -4.481254e-06    -2.262425e-06    3.405092e-06    1.065965e-05    3.201985e-06    8.298833e-06    4.382651e-06    -1.504655e-06    -5.007228e-06    -3.166409e-06    -1.495961e-08    2.542118e-07    -1.488532e-06    2.55375e-06    3.839237e-07    -2.266069e-06    1.306162e-07    -1.850067e-06    -1.980243e-07    -2.902243e-06    5.859467e-06    3.912825e-06    -2.892595e-06    -1.326925e-06    -9.032762e-07    8.911634e-06    6.417764e-06    -2.457706e-06    -5.859419e-06    -5.209689e-09    -2.541109e-06    -3.246026e-06    1.294167e-06    5.093463e-06
-1.233324e-06    -1.127819e-06    -3.935223e-07    1.846208e-07    2.213577e-06    -1.435261e-06    -1.909267e-06    -1.091705e-06    9.79797e-07    3.201985e-06    1.778666e-06    2.341663e-06    5.434211e-07    -6.647615e-07    -1.291184e-06    -1.057859e-06    3.060471e-07    2.746935e-07    -2.648521e-07    5.779964e-07    1.178503e-08    -1.040016e-07    1.729865e-07    -9.657337e-07    -1.339769e-07    -8.390016e-07    1.61697e-06    5.860927e-07    -8.614527e-07    4.965229e-08    -2.274868e-07    2.993181e-06    1.970731e-06    -7.48184e-07    -1.989376e-06    -2.896216e-07    -5.990572e-07    -5.704874e-07    3.095376e-07    1.462384e-06
-4.259636e-06    -4.379461e-06    -3.33279e-06    1.273034e-06    9.246918e-06    -4.939904e-06    -5.335349e-06    -1.893666e-06    3.759441e-06    8.298833e-06    2.341663e-06    1.102258e-05    6.608946e-06    -5.668611e-07    -6.370907e-06    -3.518087e-06    -2.930434e-07    4.652652e-07    -1.996692e-06    2.92254e-06    8.252231e-07    -2.278733e-06    -1.036122e-07    -2.868211e-06    -1.713231e-07    -2.783132e-06    7.669996e-06    5.034107e-06    -3.35445e-06    -2.293695e-06    -2.868656e-07    9.703868e-06    7.193089e-06    -1.915108e-06    -6.951457e-06    -1.444469e-06    -3.67481e-06    -3.811335e-06    2.41698e-06    7.102686e-06
-2.918269e-06    -2.633721e-06    -1.773122e-06    1.654784e-06    5.79014e-06    -3.107472e-06    -2.382772e-06    -2.563752e-07    2.399829e-06    4.382651e-06    5.434211e-07    6.608946e-06    6.058775e-06    1.095293e-06    -5.091285e-06    -1.876479e-06    -5.046534e-07    -4.712867e-07    -2.247121e-06    2.61155e-06    1.688915e-06    -2.84787e-06    -9.395799e-07    -1.246209e-06    2.557247e-08    -1.765202e-06    6.124854e-06    4.339917e-06    -2.746039e-06    -2.621444e-06    -2.821943e-07    5.56639e-06    4.337526e-06    -1.051933e-06    -3.996038e-06    -1.051399e-06    -2.525048e-06    -2.485908e-06    1.824534e-06    5.027202e-06
-1.154544e-07    -5.260243e-07    7.66511e-07    1.08843e-06    -1.340923e-06    -5.52519e-07    3.608918e-07    9.443183e-07    1.040246e-07    -1.504655e-06    -6.647615e-07    -5.668611e-07    1.095293e-06    3.045027e-06    -1.688355e-06    -2.296756e-07    -4.889309e-07    5.059238e-08    -5.180944e-07    5.511031e-07    1.201438e-06    -1.520274e-06    -9.436133e-07    8.21357e-07    -2.342927e-08    3.101076e-07    1.928252e-06    6.000327e-07    -9.223967e-07    -7.631732e-07    1.808943e-07    -6.648255e-07    -8.631042e-07    4.410059e-07    5.014036e-07    -6.153388e-07    6.252516e-07    2.395363e-07    -9.889193e-08    2.719578e-07
2.795087e-06    2.758596e-06    7.945206e-07    -1.858826e-06    -4.70961e-06    3.542725e-06    2.976169e-06    6.741942e-07    -2.535255e-06    -5.007228e-06    -1.291184e-06    -6.370907e-06    -5.091285e-06    -1.688355e-06    6.923098e-06    2.422506e-06    1.139447e-06    3.392276e-07    1.32165e-06    -2.858835e-06    -2.087051e-06    3.307577e-06    1.584048e-06    4.01813e-07    1.071534e-07    1.805608e-06    -6.944577e-06    -4.027446e-06    2.836463e-06    2.308958e-06    8.445607e-08    -5.965736e-06    -3.704034e-06    1.209215e-06    3.840954e-06    1.821063e-06    1.70677e-06    1.738804e-06    -1.726898e-06    -4.670772e-06
1.535124e-06    8.109923e-07    5.089133e-07    -4.349633e-07    -3.34792e-06    1.996853e-06    1.856551e-06    2.928951e-07    -1.601143e-06    -3.166409e-06    -1.057859e-06    -3.518087e-06    -1.876479e-06    -2.296756e-07    2.422506e-06    2.504367e-06    1.992461e-07    -2.406988e-07    5.373654e-07    -1.618165e-06    -4.773405e-07    2.217696e-06    -1.700834e-07    5.7693e-07    2.572412e-08    1.994937e-06    -3.496708e-06    -2.741671e-06    1.734827e-06    7.330396e-07    3.395452e-07    -3.84581e-06    -2.476554e-06    9.695278e-07    2.369808e-06    -1.762729e-07    1.454956e-06    2.059216e-06    -3.912756e-07    -3.036957e-06
-3.619719e-07    -2.861113e-07    -5.36449e-07    -2.967951e-07    5.514553e-07    -1.012516e-07    -3.135864e-07    -2.358845e-07    -1.242084e-07    -1.495961e-08    3.060471e-07    -2.930434e-07    -5.046534e-07    -4.889309e-07    1.139447e-06    1.992461e-07    9.371474e-07    4.622293e-07    -1.994899e-07    -7.296117e-07    -6.747369e-07    9.446475e-07    1.045693e-06    -7.027801e-07    -1.34665e-07    2.204124e-07    -1.300076e-06    -8.410457e-07    3.264441e-07    6.112474e-07    -3.678476e-07    1.965485e-08    6.155531e-07    4.796423e-08    -2.921016e-07    5.548117e-07    -8.571636e-08    1.353567e-08    -8.294482e-08    -4.292781e-07
-4.894401e-08    -8.754331e-07    -8.021797e-07    -6.560657e-08    8.649103e-07    -2.240911e-07    -8.37614e-07    -4.063279e-07    4.344843e-07    2.542118e-07    2.746935e-07    4.652652e-07    -4.712867e-07    5.059238e-08    3.392276e-07    -2.406988e-07    4.622293e-07    1.411402e-06    1.914142e-07    -1.119967e-06    -9.057098e-07    1.014527e-06    9.387689e-07    -4.563924e-07    -2.27196e-07    7.561416e-07    -4.957585e-07    -1.194132e-06    -3.441891e-08    7.172531e-07    1.080602e-07    2.684105e-07    9.365999e-08    1.37426e-07    -3.796401e-07    1.115168e-07    2.151148e-07    -4.908322e-08    -2.129022e-07    -2.220379e-07
1.189569e-06    7.708648e-07    4.081426e-07    -6.707284e-07    -2.269219e-06    1.154012e-06    4.85983e-07    -3.498778e-07    -9.449127e-07    -1.488532e-06    -2.648521e-07    -1.996692e-06    -2.247121e-06    -5.180944e-07    1.32165e-06    5.373654e-07    -1.994899e-07    1.914142e-07    1.37124e-06    -1.031754e-06    -7.043899e-07    9.093715e-07    2.618947e-07    8.433561e-07    -6.954249e-08    5.362136e-07    -2.154618e-06    -1.244332e-06    1.119657e-06    8.365815e-07    2.698493e-07    -1.670099e-06    -1.547266e-06    2.23262e-07    1.328616e-06    1.563458e-07    7.659028e-07    8.359031e-07    -2.97498e-07    -1.717276e-06
-1.301627e-06    -8.762116e-08    4.196452e-07    6.803716e-07    2.23591e-06    -1.506761e-06    -6.144837e-07    2.970809e-07    1.160854e-06    2.55375e-06    5.779964e-07    2.92254e-06    2.61155e-06    5.511031e-07    -2.858835e-06    -1.618165e-06    -7.296117e-07    -1.119967e-06    -1.031754e-06    2.707302e-06    1.57054e-06    -2.752528e-06    -1.160499e-06    -2.944498e-07    2.4867e-07    -1.972297e-06    4.046851e-06    3.125722e-06    -1.638579e-06    -1.35103e-06    -2.173793e-07    2.799854e-06    1.886917e-06    -6.288745e-07    -1.718657e-06    -5.838316e-07    -9.851225e-07    -1.439885e-06    2.745302e-07    2.997411e-06
-3.596006e-07    -6.31615e-08    5.871354e-07    8.456297e-07    1.301112e-07    -5.037736e-07    1.845091e-07    5.190655e-07    5.335653e-07    3.839237e-07    1.178503e-08    8.252231e-07    1.688915e-06    1.201438e-06    -2.087051e-06    -4.773405e-07    -6.747369e-07    -9.057098e-07    -7.043899e-07    1.57054e-06    1.624614e-06    -1.651357e-06    -1.449499e-06    2.050156e-07    1.474645e-07    -6.277691e-07    2.681968e-06    1.648717e-06    -1.076685e-06    -1.151871e-06    3.103044e-08    4.658297e-07    1.851371e-07    2.060563e-07    -3.216769e-07    -8.167484e-07    -2.28865e-07    -1.375361e-07    2.481387e-07    1.385197e-06
1.390708e-06    -2.222876e-07    -6.67945e-07    -1.135479e-06    -2.304119e-06    1.605757e-06    4.232534e-07    -5.76122e-07    -1.046558e-06    -2.266069e-06    -1.040016e-07    -2.278733e-06    -2.84787e-06    -1.520274e-06    3.307577e-06    2.217696e-06    9.446475e-07    1.014527e-06    9.093715e-07    -2.752528e-06    -1.651357e-06    4.455742e-06    7.728614e-07    -8.38374e-07    -1.526351e-07    2.599852e-06    -4.389784e-06    -4.313282e-06    2.069668e-06    1.730568e-06    4.061458e-07    -2.864599e-06    -1.847436e-06    1.051002e-06    1.450299e-06    -2.089634e-07    1.211972e-06    2.216313e-06    -3.724504e-07    -3.279189e-06
-4.647092e-07    -1.967494e-07    -1.147682e-06    -7.471575e-07    1.40719e-06    -4.658652e-08    -5.949926e-07    -6.037864e-07    -3.236757e-07    1.306162e-07    1.729865e-07    -1.036122e-07    -9.395799e-07    -9.436133e-07    1.584048e-06    -1.700834e-07    1.045693e-06    9.387689e-07    2.618947e-07    -1.160499e-06    -1.449499e-06    7.728614e-07    2.193761e-06    -6.233879e-07    -2.993434e-07    -1.366333e-07    -2.212668e-06    -6.861567e-07    6.189288e-07    1.023563e-06    -6.722674e-07    2.814564e-07    1.282532e-06    -5.481293e-08    -5.790267e-07    1.194712e-06    -3.642455e-07    -7.11679e-07    2.51994e-08    -3.205072e-07
1.136546e-06    1.376791e-06    1.478793e-06    1.000173e-07    -2.782727e-06    1.146534e-06    1.467147e-06    5.293025e-07    -1.004179e-06    -1.850067e-06    -9.657337e-07    -2.868211e-06    -1.246209e-06    8.21357e-07    4.01813e-07    5.7693e-07    -7.027801e-07    -4.563924e-07    8.433561e-07    -2.944498e-07    2.050156e-07    -8.38374e-07    -6.233879e-07    2.067907e-06    7.556469e-08    3.451496e-07    -1.022498e-06    -1.822946e-07    5.911618e-07    -8.772067e-08    1.98478e-07    -2.120512e-06    -2.158896e-06    -9.186219e-08    2.031912e-06    4.382668e-07    9.332555e-07    6.785087e-07    -4.235147e-07    -1.616981e-06
2.018805e-07    3.384231e-07    3.180939e-07    -1.531745e-08    -3.552301e-07    1.572834e-07    3.37355e-07    2.849514e-07    2.029222e-08    -1.980243e-07    -1.339769e-07    -1.713231e-07    2.557247e-08    -2.342927e-08    1.071534e-07    2.572412e-08    -1.34665e-07    -2.27196e-07    -6.954249e-08    2.4867e-07    1.474645e-07    -1.526351e-07    -2.993434e-07    7.556469e-08    1.398972e-07    -5.545747e-08    1.899617e-07    9.497691e-08    -9.462432e-09    -9.069841e-08    1.696269e-07    -1.620612e-07    -4.327058e-07    -7.974355e-08    2.936746e-07    -4.598335e-08    5.199589e-08    7.33897e-08    -1.71845e-07    -4.181976e-08
1.477787e-06    1.252488e-07    2.809573e-07    -3.832763e-07    -2.779575e-06    1.657439e-06    1.269096e-06    2.456079e-07    -8.513962e-07    -2.902243e-06    -8.390016e-07    -2.783132e-06    -1.765202e-06    3.101076e-07    1.805608e-06    1.994937e-06    2.204124e-07    7.561416e-07    5.362136e-07    -1.972297e-06    -6.277691e-07    2.599852e-06    -1.366333e-07    3.451496e-07    -5.545747e-08    2.757829e-06    -2.81784e-06    -3.522087e-06    1.399447e-06    9.324308e-07    4.753173e-07    -3.452198e-06    -2.702437e-06    1.18817e-06    2.093556e-06    -4.348242e-07    1.710294e-06    2.187827e-06    -6.714546e-07    -2.917018e-06
-2.647365e-06    -2.650297e-06    -7.178192e-07    2.451789e-06    5.64226e-06    -3.876678e-06    -3.065205e-06    4.448611e-09    3.550935e-06    5.859467e-06    1.61697e-06    7.669996e-06    6.124854e-06    1.928252e-06    -6.944577e-06    -3.496708e-06    -1.300076e-06    -4.957585e-07    -2.154618e-06    4.046851e-06    2.681968e-06    -4.389784e-06    -2.212668e-06    -1.022498e-06    1.899617e-07    -2.81784e-06    9.621951e-06    5.576157e-06    -4.307348e-06    -2.862941e-06    4.257277e-07    6.728896e-06    3.698826e-06    -1.197119e-06    -4.361267e-06    -1.992867e-06    -2.193592e-06    -2.757575e-06    1.151177e-06    6.460103e-06
-2.198565e-06    -1.032302e-06    -8.399514e-07    1.287486e-06    4.287978e-06    -2.554874e-06    -1.933837e-06    -1.521788e-07    1.671652e-06    3.912825e-06    5.860927e-07    5.034107e-06    4.339917e-06    6.000327e-07    -4.027446e-06    -2.741671e-06    -8.410457e-07    -1.194132e-06    -1.244332e-06    3.125722e-06    1.648717e-06    -4.313282e-06    -6.861567e-07    -1.822946e-07    9.497691e-08    -3.522087e-06    5.576157e-06    5.910446e-06    -2.602313e-06    -2.504339e-06    -4.185971e-07    5.122801e-06    3.842966e-06    -1.445983e-06    -3.235731e-06    -1.985789e-08    -2.821106e-06    -3.202209e-06    1.587886e-06    4.933563e-06
1.258761e-06    1.309911e-06    5.128972e-07    -1.345022e-06    -3.081054e-06    1.766085e-06    1.490208e-06    2.144101e-08    -1.76543e-06    -2.892595e-06    -8.614527e-07    -3.35445e-06    -2.746039e-06    -9.223967e-07    2.836463e-06    1.734827e-06    3.264441e-07    -3.441891e-08    1.119657e-06    -1.638579e-06    -1.076685e-06    2.069668e-06    6.189288e-07    5.911618e-07    -9.462432e-09    1.399447e-06    -4.307348e-06    -2.602313e-06    2.233165e-06    1.17423e-06    -1.083194e-07    -3.065239e-06    -1.846352e-06    4.929558e-07    2.09946e-06    6.272971e-07    1.079215e-06    1.487763e-06    -4.434264e-07    -3.078142e-06
8.747908e-07    9.214148e-07    2.874885e-07    -8.934429e-07    -1.372384e-06    1.185138e-06    7.116695e-07    -2.41393e-07    -8.615235e-07    -1.326925e-06    4.965229e-08    -2.293695e-06    -2.621444e-06    -7.631732e-07    2.308958e-06    7.330396e-07    6.112474e-07    7.172531e-07    8.365815e-07    -1.35103e-06    -1.151871e-06    1.730568e-06    1.023563e-06    -8.772067e-08    -9.069841e-08    9.324308e-07    -2.862941e-06    -2.504339e-06    1.17423e-06    1.796685e-06    1.741855e-08    -2.082984e-06    -1.206144e-06    5.347901e-07    1.16866e-06    3.456996e-07    1.321073e-06    8.939174e-07    -1.116065e-06    -1.869764e-06
1.286069e-06    -4.82465e-07    1.271105e-07    8.029703e-07    -1.482913e-06    4.423886e-07    7.477894e-08    4.894247e-07    4.390298e-07    -9.032762e-07    -2.274868e-07    -2.868656e-07    -2.821943e-07    1.808943e-07    8.445607e-08    3.395452e-07    -3.678476e-07    1.080602e-07    2.698493e-07    -2.173793e-07    3.103044e-08    4.061458e-07    -6.722674e-07    1.98478e-07    1.696269e-07    4.753173e-07    4.257277e-07    -4.185971e-07    -1.083194e-07    1.741855e-08    1.548255e-06    -6.577199e-07    -2.163214e-06    1.49357e-07    8.694332e-07    -1.135873e-06    6.40707e-07    8.553249e-07    -2.002086e-07    -5.350757e-07
-4.886663e-06    -3.840987e-06    -2.113649e-06    8.480034e-07    8.273061e-06    -5.58455e-06    -5.699473e-06    -2.076914e-06    3.336423e-06    8.911634e-06    2.993181e-06    9.703868e-06    5.56639e-06    -6.648255e-07    -5.965736e-06    -3.84581e-06    1.965485e-08    2.684105e-07    -1.670099e-06    2.799854e-06    4.658297e-07    -2.864599e-06    2.814564e-07    -2.120512e-06    -1.620612e-07    -3.452198e-06    6.728896e-06    5.122801e-06    -3.065239e-06    -2.082984e-06    -6.577199e-07    1.132229e-05    7.191044e-06    -3.754675e-06    -6.71304e-06    -3.173319e-07    -3.913247e-06    -3.752821e-06    2.53211e-06    6.274032e-06
-4.593948e-06    -2.293822e-06    -2.662166e-06    -2.613261e-07    7.779951e-06    -3.741761e-06    -3.742288e-06    -2.318669e-06    1.341779e-06    6.417764e-06    1.970731e-06    7.193089e-06    4.337526e-06    -8.631042e-07    -3.704034e-06    -2.476554e-06    6.155531e-07    9.365999e-08    -1.547266e-06    1.886917e-06    1.851371e-07    -1.847436e-06    1.282532e-06    -2.158896e-06    -4.327058e-07    -2.702437e-06    3.698826e-06    3.842966e-06    -1.846352e-06    -1.206144e-06    -2.163214e-06    7.191044e-06    8.034426e-06    -1.697878e-06    -5.890719e-06    5.831888e-07    -3.184206e-06    -3.736257e-06    1.926138e-06    5.384058e-06
1.541809e-06    3.393517e-07    -2.014699e-07    1.389651e-07    -1.425517e-06    1.672881e-06    1.325702e-06    4.999383e-07    -4.629147e-07    -2.457706e-06    -7.48184e-07    -1.915108e-06    -1.051933e-06    4.410059e-07    1.209215e-06    9.695278e-07    4.796423e-08    1.37426e-07    2.23262e-07    -6.288745e-07    2.060563e-07    1.051002e-06    -5.481293e-08    -9.186219e-08    -7.974355e-08    1.18817e-06    -1.197119e-06    -1.445983e-06    4.929558e-07    5.347901e-07    1.49357e-07    -3.754675e-06    -1.697878e-06    2.392076e-06    1.418895e-06    -5.907574e-07    1.173894e-06    1.093594e-06    -6.660125e-07    -1.155939e-06
3.447456e-06    2.843256e-06    2.346559e-06    -4.960748e-07    -6.526316e-06    3.443892e-06    3.825884e-06    1.843476e-06    -2.038471e-06    -5.859419e-06    -1.989376e-06    -6.951457e-06    -3.996038e-06    5.014036e-07    3.840954e-06    2.369808e-06    -2.921016e-07    -3.796401e-07    1.328616e-06    -1.718657e-06    -3.216769e-07    1.450299e-06    -5.790267e-07    2.031912e-06    2.936746e-07    2.093556e-06    -4.361267e-06    -3.235731e-06    2.09946e-06    1.16866e-06    8.694332e-07    -6.71304e-06    -5.890719e-06    1.418895e-06    5.096849e-06    4.325384e-07    2.523091e-06    2.798499e-06    -1.628583e-06    -4.807865e-06
-3.809763e-07    1.298102e-06    3.770379e-07    -8.034056e-07    3.728694e-07    2.379592e-07    6.478086e-07    1.403794e-07    -6.723995e-07    -5.209689e-09    -2.896216e-07    -1.444469e-06    -1.051399e-06    -6.153388e-07    1.821063e-06    -1.762729e-07    5.548117e-07    1.115168e-07    1.563458e-07    -5.838316e-07    -8.167484e-07    -2.089634e-07    1.194712e-06    4.382668e-07    -4.598335e-08    -4.348242e-07    -1.992867e-06    -1.985789e-08    6.272971e-07    3.456996e-07    -1.135873e-06    -3.173319e-07    5.831888e-07    -5.907574e-07    4.325384e-07    2.303782e-06    -5.224286e-07    -8.459685e-07    -2.300365e-07    -9.168202e-07
1.803918e-06    1.165015e-06    1.485335e-06    -1.411622e-08    -3.374782e-06    1.789372e-06    1.851958e-06    5.913629e-07    -1.016811e-06    -2.541109e-06    -5.990572e-07    -3.67481e-06    -2.525048e-06    6.252516e-07    1.70677e-06    1.454956e-06    -8.571636e-08    2.151148e-07    7.659028e-07    -9.851225e-07    -2.28865e-07    1.211972e-06    -3.642455e-07    9.332555e-07    5.199589e-08    1.710294e-06    -2.193592e-06    -2.821106e-06    1.079215e-06    1.321073e-06    6.40707e-07    -3.913247e-06    -3.184206e-06    1.173894e-06    2.523091e-06    -5.224286e-07    2.565348e-06    1.960738e-06    -1.609865e-06    -2.702971e-06
2.039629e-06    5.449158e-07    1.199617e-06    -1.407052e-07    -4.41015e-06    1.772695e-06    1.559664e-06    6.023875e-07    -1.021336e-06    -3.246026e-06    -5.704874e-07    -3.811335e-06    -2.485908e-06    2.395363e-07    1.738804e-06    2.059216e-06    1.353567e-08    -4.908322e-08    8.359031e-07    -1.439885e-06    -1.375361e-07    2.216313e-06    -7.11679e-07    6.785087e-07    7.33897e-08    2.187827e-06    -2.757575e-06    -3.202209e-06    1.487763e-06    8.939174e-07    8.553249e-07    -3.752821e-06    -3.736257e-06    1.093594e-06    2.798499e-06    -8.459685e-07    1.960738e-06    2.940409e-06    -6.760558e-07    -3.466035e-06
-1.163352e-06    -1.613542e-06    -1.258159e-06    3.624283e-07    1.580156e-06    -1.308914e-06    -1.581042e-06    -6.614381e-07    5.094194e-07    1.294167e-06    3.095376e-07    2.41698e-06    1.824534e-06    -9.889193e-08    -1.726898e-06    -3.912756e-07    -8.294482e-08    -2.129022e-07    -2.97498e-07    2.745302e-07    2.481387e-07    -3.724504e-07    2.51994e-08    -4.235147e-07    -1.71845e-07    -6.714546e-07    1.151177e-06    1.587886e-06    -4.434264e-07    -1.116065e-06    -2.002086e-07    2.53211e-06    1.926138e-06    -6.660125e-07    -1.628583e-06    -2.300365e-07    -1.609865e-06    -6.760558e-07    1.788099e-06    1.273985e-06
-3.01418e-06    -1.927283e-06    -1.96461e-06    8.020232e-07    6.387279e-06    -3.018793e-06    -2.948511e-06    -1.065514e-06    2.245973e-06    5.093463e-06    1.462384e-06    7.102686e-06    5.027202e-06    2.719578e-07    -4.670772e-06    -3.036957e-06    -4.292781e-07    -2.220379e-07    -1.717276e-06    2.997411e-06    1.385197e-06    -3.279189e-06    -3.205072e-07    -1.616981e-06    -4.181976e-08    -2.917018e-06    6.460103e-06    4.933563e-06    -3.078142e-06    -1.869764e-06    -5.350757e-07    6.274032e-06    5.384058e-06    -1.155939e-06    -4.807865e-06    -9.168202e-07    -2.702971e-06    -3.466035e-06    1.273985e-06    6.452158e-06
