5.822814e-06    1.144062e-06    -3.347841e-07    5.3992e-07    -4.367985e-06    -1.988696e-07    1.217381e-06    -5.376649e-07    1.253218e-06    1.985815e-07
1.144062e-06    6.940317e-06    2.053654e-06    -4.019397e-06    -2.213134e-06    -6.118209e-08    -3.575457e-07    -2.871209e-07    1.3351e-06    4.374203e-07
-3.347841e-07    2.053654e-06    6.090265e-06    2.954975e-07    -5.512376e-06    8.025421e-07    -9.170014e-07    -1.537005e-06    1.601306e-06    4.303922e-07
5.3992e-07    -4.019397e-06    2.954975e-07    7.617706e-06    -1.904709e-06    1.285857e-06    -1.408583e-06    -1.177437e-06    4.033921e-07    -1.525822e-08
-4.367985e-06    -2.213134e-06    -5.512376e-06    -1.904709e-06    1.682544e-05    -3.934667e-07    -1.850288e-06    2.075912e-06    -3.110673e-06    -4.739776e-07
-1.988696e-07    -6.118209e-08    8.025421e-07    1.285857e-06    -3.934667e-07    3.147431e-06    -2.270696e-06    -2.616707e-06    5.260565e-07    1.832993e-07
1.217381e-06    -3.575457e-07    -9.170014e-07    -1.408583e-06    -1.850288e-06    -2.270696e-06    8.999813e-06    -1.52951e-06    -2.158703e-06    7.417984e-08
-5.376649e-07    -2.871209e-07    -1.537005e-06    -1.177437e-06    2.075912e-06    -2.616707e-06    -1.52951e-06    6.475147e-06    -1.035103e-06    -8.321831e-07
1.253218e-06    1.3351e-06    1.601306e-06    4.033921e-07    -3.110673e-06    5.260565e-07    -2.158703e-06    -1.035103e-06    3.602277e-06    -7.012462e-08
1.985815e-07    4.374203e-07    4.303922e-07    -1.525822e-08    -4.739776e-07    1.832993e-07    7.417984e-08    -8.321831e-07    -7.012462e-08    5.490899e-07
