5.822814e-06    1.144062e-06    -3.347841e-07    5.3992e-07    -4.367985e-06    -8.445206e-07    -4.597568e-06    -3.407797e-06    2.927913e-08    2.917351e-06    1.571536e-06    -2.644095e-06    -2.226635e-06    1.317104e-06    8.288001e-07
1.144062e-06    6.940317e-06    2.053654e-06    -4.019397e-06    -2.213134e-06    -1.706765e-06    -4.471328e-06    -2.535129e-06    -7.888725e-07    3.128338e-06    -1.994812e-07    -2.376258e-06    -7.210409e-07    1.080705e-06    9.122618e-07
-3.347841e-07    2.053654e-06    6.090265e-06    2.954975e-07    -5.512376e-06    -8.456961e-07    -3.608695e-06    -1.798078e-06    6.760955e-07    1.158326e-06    3.681441e-08    -4.998022e-07    -4.41819e-07    4.216337e-07    1.052044e-07
5.3992e-07    -4.019397e-06    2.954975e-07    7.617706e-06    -1.904709e-06    8.833448e-07    6.361723e-07    9.819947e-07    1.470218e-06    -1.777695e-06    -1.30718e-07    2.446137e-06    1.278051e-06    -1.052024e-06    -1.111673e-06
-4.367985e-06    -2.213134e-06    -5.512376e-06    -1.904709e-06    1.682544e-05    2.341139e-06    1.022423e-05    6.301385e-06    -1.660814e-06    -5.232966e-06    -2.609434e-06    5.485054e-06    3.826327e-06    -3.251647e-06    -1.047269e-06
-8.445206e-07    -1.706765e-06    -8.456961e-07    8.833448e-07    2.341139e-06    7.481787e-06    2.106806e-06    -3.077257e-06    -1.156732e-06    -1.265952e-06    -3.393248e-07    1.708019e-06    2.503279e-07    -7.806079e-07    -8.315344e-08
-4.597568e-06    -4.471328e-06    -3.608695e-06    6.361723e-07    1.022423e-05    2.106806e-06    1.494939e-05    6.508715e-06    -2.827156e-06    -5.976005e-06    -2.821772e-06    8.32184e-06    5.15843e-06    -3.751714e-06    -2.349136e-06
-3.407797e-06    -2.535129e-06    -1.798078e-06    9.819947e-07    6.301385e-06    -3.077257e-06    6.508715e-06    1.065716e-05    1.27674e-06    -6.33017e-06    -2.109686e-06    6.389895e-06    4.931259e-06    -3.011308e-06    -2.816206e-06
2.927913e-08    -7.888725e-07    6.760955e-07    1.470218e-06    -1.660814e-06    -1.156732e-06    -2.827156e-06    1.27674e-06    7.010674e-06    -2.997433e-06    3.350461e-07    1.658062e-06    8.322441e-07    -4.482267e-07    -1.066105e-06
2.917351e-06    3.128338e-06    1.158326e-06    -1.777695e-06    -5.232966e-06    -1.265952e-06    -5.976005e-06    -6.33017e-06    -2.997433e-06    1.015424e-05    1.785668e-06    -7.178674e-06    -4.436226e-06    2.934582e-06    2.930638e-06
1.571536e-06    -1.994812e-07    3.681441e-08    -1.30718e-07    -2.609434e-06    -3.393248e-07    -2.821772e-06    -2.109686e-06    3.350461e-07    1.785668e-06    7.847485e-06    -2.629038e-06    -6.800047e-06    1.485388e-06    6.371722e-07
-2.644095e-06    -2.376258e-06    -4.998022e-07    2.446137e-06    5.485054e-06    1.708019e-06    8.32184e-06    6.389895e-06    1.658062e-06    -7.178674e-06    -2.629038e-06    1.568834e-05    3.959506e-06    -7.645079e-06    -1.579401e-06
-2.226635e-06    -7.210409e-07    -4.41819e-07    1.278051e-06    3.826327e-06    2.503279e-07    5.15843e-06    4.931259e-06    8.322441e-07    -4.436226e-06    -6.800047e-06    3.959506e-06    1.179055e-05    -2.385329e-06    -4.950616e-06
1.317104e-06    1.080705e-06    4.216337e-07    -1.052024e-06    -3.251647e-06    -7.806079e-07    -3.751714e-06    -3.011308e-06    -4.482267e-07    2.934582e-06    1.485388e-06    -7.645079e-06    -2.385329e-06    7.302858e-06    -6.247371e-07
8.288001e-07    9.122618e-07    1.052044e-07    -1.111673e-06    -1.047269e-06    -8.315344e-08    -2.349136e-06    -2.816206e-06    -1.066105e-06    2.930638e-06    6.371722e-07    -1.579401e-06    -4.950616e-06    -6.247371e-07    6.513323e-06
