5.822814e-06    1.144062e-06    -3.347841e-07    5.3992e-07    -4.367985e-06    2.784749e-06    2.218919e-06    1.032775e-06    -1.051526e-06    -3.689749e-06    -8.445206e-07    -4.597568e-06    -3.407797e-06    2.927913e-08    2.917351e-06    -4.668993e-07    1.83322e-06    2.069394e-06    -1.177078e-06    -2.933617e-06
1.144062e-06    6.940317e-06    2.053654e-06    -4.019397e-06    -2.213134e-06    2.336209e-06    3.146429e-06    9.342465e-07    -1.728713e-06    -2.779039e-06    -1.706765e-06    -4.471328e-06    -2.535129e-06    -7.888725e-07    3.128338e-06    1.232961e-06    1.118725e-06    6.100088e-07    -1.616778e-06    -1.926899e-06
-3.347841e-07    2.053654e-06    6.090265e-06    2.954975e-07    -5.512376e-06    8.637058e-07    1.935885e-06    1.227727e-06    -6.468777e-07    -1.56742e-06    -8.456961e-07    -3.608695e-06    -1.798078e-06    6.760955e-07    1.158326e-06    4.11088e-07    1.492643e-06    1.156638e-06    -1.292632e-06    -1.936726e-06
5.3992e-07    -4.019397e-06    2.954975e-07    7.617706e-06    -1.904709e-06    -7.462035e-07    -6.621544e-07    4.191916e-07    1.294289e-06    1.500334e-06    8.833448e-07    6.361723e-07    9.819947e-07    1.470218e-06    -1.777695e-06    -7.097075e-07    3.229972e-08    -1.950957e-07    2.765126e-07    7.846128e-07
-4.367985e-06    -2.213134e-06    -5.512376e-06    -1.904709e-06    1.682544e-05    -3.97297e-06    -4.10241e-06    -1.837802e-06    3.445397e-06    9.036637e-06    2.341139e-06    1.022423e-05    6.301385e-06    -1.660814e-06    -5.232966e-06    3.783606e-07    -3.430921e-06    -4.356023e-06    1.666386e-06    6.210474e-06
2.784749e-06    2.336209e-06    8.637058e-07    -7.462035e-07    -3.97297e-06    6.002168e-06    2.499985e-06    -7.291535e-07    -1.204992e-06    -4.233417e-06    -1.280339e-06    -4.953798e-06    -3.221097e-06    -5.766388e-07    3.541626e-06    2.479062e-07    1.766046e-06    1.777099e-06    -1.310161e-06    -2.966004e-06
2.218919e-06    3.146429e-06    1.935885e-06    -6.621544e-07    -4.10241e-06    2.499985e-06    7.134593e-06    1.792764e-06    -4.538308e-06    -3.642903e-06    -1.909104e-06    -5.303597e-06    -2.349203e-06    3.631827e-07    2.939264e-06    5.778804e-07    1.875456e-06    1.564039e-06    -1.621133e-06    -2.893027e-06
1.032775e-06    9.342465e-07    1.227727e-06    4.191916e-07    -1.837802e-06    -7.291535e-07    1.792764e-06    5.383775e-06    3.909532e-07    -4.562798e-06    -1.083607e-06    -1.824596e-06    -2.352206e-07    8.633195e-07    6.444932e-07    1.107767e-07    5.841426e-07    5.967858e-07    -6.768599e-07    -1.056822e-06
-1.051526e-06    -1.728713e-06    -6.468777e-07    1.294289e-06    3.445397e-06    -1.204992e-06    -4.538308e-06    3.909532e-07    7.847648e-06    2.826005e-07    1.018024e-06    3.771726e-06    2.342504e-06    3.075531e-08    -2.454093e-06    -5.08853e-07    -9.948266e-07    -1.094827e-06    4.279654e-07    2.267668e-06
-3.689749e-06    -2.779039e-06    -1.56742e-06    1.500334e-06    9.036637e-06    -4.233417e-06    -3.642903e-06    -4.562798e-06    2.826005e-07    1.605163e-05    3.04616e-06    8.097673e-06    4.40883e-06    -1.312564e-06    -4.863687e-06    -2.864695e-08    -2.505665e-06    -3.204349e-06    1.377975e-06    4.894336e-06
-8.445206e-07    -1.706765e-06    -8.456961e-07    8.833448e-07    2.341139e-06    -1.280339e-06    -1.909104e-06    -1.083607e-06    1.018024e-06    3.04616e-06    7.481787e-06    2.106806e-06    -3.077257e-06    -1.156732e-06    -1.265952e-06    -2.79458e-07    -6.226356e-07    -5.772586e-07    2.030248e-07    1.584096e-06
-4.597568e-06    -4.471328e-06    -3.608695e-06    6.361723e-07    1.022423e-05    -4.953798e-06    -5.303597e-06    -1.824596e-06    3.771726e-06    8.097673e-06    2.106806e-06    1.494939e-05    6.508715e-06    -2.827156e-06    -5.976005e-06    -1.390945e-06    -3.683762e-06    -3.93056e-06    2.407905e-06    7.243588e-06
-3.407797e-06    -2.535129e-06    -1.798078e-06    9.819947e-07    6.301385e-06    -3.221097e-06    -2.349203e-06    -2.352206e-07    2.342504e-06    4.40883e-06    -3.077257e-06    6.508715e-06    1.065716e-05    1.27674e-06    -6.33017e-06    -1.071047e-06    -2.581779e-06    -2.497797e-06    1.988813e-06    4.993355e-06
2.927913e-08    -7.888725e-07    6.760955e-07    1.470218e-06    -1.660814e-06    -5.766388e-07    3.631827e-07    8.633195e-07    3.075531e-08    -1.312564e-06    -1.156732e-06    -2.827156e-06    1.27674e-06    7.010674e-06    -2.997433e-06    -7.402617e-07    5.525694e-07    3.21334e-07    1.974359e-08    2.586588e-07
2.917351e-06    3.128338e-06    1.158326e-06    -1.777695e-06    -5.232966e-06    3.541626e-06    2.939264e-06    6.444932e-07    -2.454093e-06    -4.863687e-06    -1.265952e-06    -5.976005e-06    -6.33017e-06    -2.997433e-06    1.015424e-05    1.829711e-06    1.828359e-06    1.825239e-06    -1.823053e-06    -4.77093e-06
-4.668993e-07    1.232961e-06    4.11088e-07    -7.097075e-07    3.783606e-07    2.479062e-07    5.778804e-07    1.107767e-07    -5.08853e-07    -2.864695e-08    -2.79458e-07    -1.390945e-06    -1.071047e-06    -7.402617e-07    1.829711e-06    5.372935e-06    -1.048605e-06    -3.038114e-06    1.074588e-07    -8.356004e-07
1.83322e-06    1.118725e-06    1.492643e-06    3.229972e-08    -3.430921e-06    1.766046e-06    1.875456e-06    5.841426e-07    -9.948266e-07    -2.505665e-06    -6.226356e-07    -3.683762e-06    -2.581779e-06    5.525694e-07    1.828359e-06    -1.048605e-06    6.412761e-06    2.074921e-06    -4.802022e-06    -1.870294e-06
2.069394e-06    6.100088e-07    1.156638e-06    -1.950957e-07    -4.356023e-06    1.777099e-06    1.564039e-06    5.967858e-07    -1.094827e-06    -3.204349e-06    -5.772586e-07    -3.93056e-06    -2.497797e-06    3.21334e-07    1.825239e-06    -3.038114e-06    2.074921e-06    6.704207e-06    -6.723546e-07    -5.456442e-06
-1.177078e-06    -1.616778e-06    -1.292632e-06    2.765126e-07    1.666386e-06    -1.310161e-06    -1.621133e-06    -6.768599e-07    4.279654e-07    1.377975e-06    2.030248e-07    2.407905e-06    1.988813e-06    1.974359e-08    -1.823053e-06    1.074588e-07    -4.802022e-06    -6.723546e-07    7.346948e-06    -1.715072e-06
-2.933617e-06    -1.926899e-06    -1.936726e-06    7.846128e-07    6.210474e-06    -2.966004e-06    -2.893027e-06    -1.056822e-06    2.267668e-06    4.894336e-06    1.584096e-06    7.243588e-06    4.993355e-06    2.586588e-07    -4.77093e-06    -8.356004e-07    -1.870294e-06    -5.456442e-06    -1.715072e-06    1.090784e-05
