2.824795e-06    2.32684e-08    -4.005137e-07    7.244122e-07    -1.687462e-06    9.005775e-07    1.846394e-06    6.617964e-07    5.370587e-07    -2.406356e-06
2.32684e-08    9.764566e-07    3.793033e-07    -1.450308e-07    -6.205036e-07    -3.552952e-08    -3.236036e-07    -4.374607e-07    -9.378988e-09    1.133685e-06
-4.005137e-07    3.793033e-07    1.657109e-06    3.438411e-09    -1.080412e-06    3.290044e-07    -1.288484e-06    -1.470773e-07    -7.917142e-08    1.25047e-06
7.244122e-07    -1.450308e-07    3.438411e-09    1.413583e-06    -1.065945e-06    2.64959e-07    7.223545e-07    8.178313e-08    5.660531e-07    -1.38695e-06
-1.687462e-06    -6.205036e-07    -1.080412e-06    -1.065945e-06    2.704583e-06    -1.006095e-06    -5.056518e-07    -1.662427e-07    -2.97971e-07    5.507871e-07
9.005775e-07    -3.552952e-08    3.290044e-07    2.64959e-07    -1.006095e-06    1.728296e-06    5.63794e-07    6.632652e-08    2.454159e-08    -8.461414e-07
1.846394e-06    -3.236036e-07    -1.288484e-06    7.223545e-07    -5.056518e-07    5.63794e-07    3.379428e-06    1.695834e-06    7.760532e-07    -3.887484e-06
6.617964e-07    -4.374607e-07    -1.470773e-07    8.178313e-08    -1.662427e-07    6.632652e-08    1.695834e-06    2.808297e-06    1.282215e-06    -2.909534e-06
5.370587e-07    -9.378988e-09    -7.917142e-08    5.660531e-07    -2.97971e-07    2.454159e-08    7.760532e-07    1.282215e-06    1.788368e-06    -1.941441e-06
-2.406356e-06    1.133685e-06    1.25047e-06    -1.38695e-06    5.507871e-07    -8.461414e-07    -3.887484e-06    -2.909534e-06    -1.941441e-06    7.054571e-06
