2.610806e-06    -6.932331e-07    -1.302551e-06    1.299365e-06    -8.407168e-07    7.446001e-07    -1.277899e-07    -1.598183e-07    1.174748e-06    -9.324214e-07    -4.560931e-07    2.495448e-06    2.850893e-06    -6.805161e-07    -1.707733e-06
-6.932331e-07    1.820546e-06    1.15889e-06    -1.507002e-06    -4.918427e-07    -7.061887e-07    5.171593e-07    1.037227e-06    -3.361927e-08    -4.635477e-07    1.033693e-07    5.953569e-07    -6.662789e-07    -4.408782e-07    -3.654465e-08
-1.302551e-06    1.15889e-06    4.416799e-06    1.066789e-09    -2.817883e-06    8.080977e-07    1.091779e-06    4.181974e-07    4.021554e-07    -1.64345e-06    -6.749045e-07    3.812987e-06    8.48149e-07    -2.338545e-06    -2.485102e-07
1.299365e-06    -1.507002e-06    1.066789e-09    3.692722e-06    -1.906334e-06    2.378771e-06    2.21069e-07    -3.756597e-07    8.690063e-07    -1.514962e-06    -9.874116e-07    2.129238e-06    3.944123e-06    7.403408e-08    -2.323259e-06
-8.407168e-07    -4.918427e-07    -2.817883e-06    -1.906334e-06    4.014613e-06    -2.199168e-06    -7.371589e-07    -6.26077e-07    -1.527494e-06    2.893342e-06    7.54626e-07    -4.770335e-06    -3.705227e-06    1.698485e-06    2.452145e-06
7.446001e-07    -7.061887e-07    8.080977e-07    2.378771e-06    -2.199168e-06    2.824795e-06    2.32684e-08    -4.005137e-07    7.244122e-07    -1.687462e-06    -9.514384e-08    3.027044e-06    3.067287e-06    -3.806003e-07    -2.320598e-06
-1.277899e-07    5.171593e-07    1.091779e-06    2.21069e-07    -7.371589e-07    2.32684e-08    9.764566e-07    3.793033e-07    -1.450308e-07    -6.205036e-07    -4.042923e-07    1.004751e-06    3.233078e-07    -5.412781e-07    -7.458892e-08
-1.598183e-07    1.037227e-06    4.181974e-07    -3.756597e-07    -6.26077e-07    -4.005137e-07    3.793033e-07    1.657109e-06    3.438411e-09    -1.080412e-06    1.90795e-08    -7.212001e-07    1.105425e-07    3.372836e-07    -1.688354e-07
1.174748e-06    -3.361927e-08    4.021554e-07    8.690063e-07    -1.527494e-06    7.244122e-07    -1.450308e-07    3.438411e-09    1.413583e-06    -1.065945e-06    -6.682871e-07    2.457196e-06    2.779355e-06    -7.324272e-07    -1.883511e-06
-9.324214e-07    -4.635477e-07    -1.64345e-06    -1.514962e-06    2.893342e-06    -1.687462e-06    -6.205036e-07    -1.080412e-06    -1.065945e-06    2.704583e-06    4.58859e-07    -3.149633e-06    -3.309573e-06    9.548304e-07    2.203491e-06
-4.560931e-07    1.033693e-07    -6.749045e-07    -9.874116e-07    7.54626e-07    -9.514384e-08    -4.042923e-07    1.90795e-08    -6.682871e-07    4.58859e-07    2.042946e-06    -2.69479e-06    -3.387163e-06    1.215098e-06    1.34942e-06
2.495448e-06    5.953569e-07    3.812987e-06    2.129238e-06    -4.770335e-06    3.027044e-06    1.004751e-06    -7.212001e-07    2.457196e-06    -3.149633e-06    -2.69479e-06    1.45984e-05    8.449231e-06    -6.309037e-06    -5.211504e-06
2.850893e-06    -6.662789e-07    8.48149e-07    3.944123e-06    -3.705227e-06    3.067287e-06    3.233078e-07    1.105425e-07    2.779355e-06    -3.309573e-06    -3.387163e-06    8.449231e-06    1.166077e-05    -1.988424e-06    -7.266528e-06
-6.805161e-07    -4.408782e-07    -2.338545e-06    7.403408e-08    1.698485e-06    -3.806003e-07    -5.412781e-07    3.372836e-07    -7.324272e-07    9.548304e-07    1.215098e-06    -6.309037e-06    -1.988424e-06    3.870671e-06    3.912732e-07
-1.707733e-06    -3.654465e-08    -2.485102e-07    -2.323259e-06    2.452145e-06    -2.320598e-06    -7.458892e-08    -1.688354e-07    -1.883511e-06    2.203491e-06    1.34942e-06    -5.211504e-06    -7.266528e-06    3.912732e-07    5.803184e-06
