2.610806e-06    -6.932331e-07    -1.302551e-06    1.299365e-06    -8.407168e-07    7.446001e-07    -1.277899e-07    -1.598183e-07    1.174748e-06    -9.324214e-07    5.673226e-07    -2.321578e-06    -7.051509e-07    8.6406e-07    7.535675e-07
-6.932331e-07    1.820546e-06    1.15889e-06    -1.507002e-06    -4.918427e-07    -7.061887e-07    5.171593e-07    1.037227e-06    -3.361927e-08    -4.635477e-07    -1.950789e-07    9.364641e-08    -5.447929e-07    -1.935975e-07    6.317815e-07
-1.302551e-06    1.15889e-06    4.416799e-06    1.066789e-09    -2.817883e-06    8.080977e-07    1.091779e-06    4.181974e-07    4.021554e-07    -1.64345e-06    6.695324e-07    -3.862405e-06    -1.434532e-06    1.883113e-06    6.140289e-07
1.299365e-06    -1.507002e-06    1.066789e-09    3.692722e-06    -1.906334e-06    2.378771e-06    2.21069e-07    -3.756597e-07    8.690063e-07    -1.514962e-06    2.434243e-06    -4.150309e-06    -2.813014e-06    2.123912e-06    8.726218e-07
-8.407168e-07    -4.918427e-07    -2.817883e-06    -1.906334e-06    4.014613e-06    -2.199168e-06    -7.371589e-07    -6.26077e-07    -1.527494e-06    2.893342e-06    -2.408518e-06    5.872451e-06    3.275905e-06    -2.757112e-06    -1.468323e-06
7.446001e-07    -7.061887e-07    8.080977e-07    2.378771e-06    -2.199168e-06    2.824795e-06    2.32684e-08    -4.005137e-07    7.244122e-07    -1.687462e-06    2.481218e-06    -4.00357e-06    -2.907194e-06    2.143355e-06    6.328752e-07
-1.277899e-07    5.171593e-07    1.091779e-06    2.21069e-07    -7.371589e-07    2.32684e-08    9.764566e-07    3.793033e-07    -1.450308e-07    -6.205036e-07    4.143983e-08    -1.332495e-06    -6.064997e-07    3.466461e-07    5.706826e-07
-1.598183e-07    1.037227e-06    4.181974e-07    -3.756597e-07    -6.26077e-07    -4.005137e-07    3.793033e-07    1.657109e-06    3.438411e-09    -1.080412e-06    8.905942e-07    -1.038646e-07    -1.223553e-06    -2.280111e-07    6.819754e-07
1.174748e-06    -3.361927e-08    4.021554e-07    8.690063e-07    -1.527494e-06    7.244122e-07    -1.450308e-07    3.438411e-09    1.413583e-06    -1.065945e-06    8.172601e-07    -2.597429e-06    -1.243796e-06    1.404583e-06    7.639012e-07
-9.324214e-07    -4.635477e-07    -1.64345e-06    -1.514962e-06    2.893342e-06    -1.687462e-06    -6.205036e-07    -1.080412e-06    -1.065945e-06    2.704583e-06    -2.417617e-06    4.34901e-06    3.100993e-06    -1.919261e-06    -1.206519e-06
5.673226e-07    -1.950789e-07    6.695324e-07    2.434243e-06    -2.408518e-06    2.481218e-06    4.143983e-08    8.905942e-07    8.172601e-07    -2.417617e-06    3.754343e-06    -3.832111e-06    -4.291812e-06    2.138215e-06    9.871281e-07
-2.321578e-06    9.364641e-08    -3.862405e-06    -4.150309e-06    5.872451e-06    -4.00357e-06    -1.332495e-06    -1.038646e-07    -2.597429e-06    4.34901e-06    -3.832111e-06    1.135959e-05    5.702841e-06    -5.382542e-06    -2.633526e-06
-7.051509e-07    -5.447929e-07    -1.434532e-06    -2.813014e-06    3.275905e-06    -2.907194e-06    -6.064997e-07    -1.223553e-06    -1.243796e-06    3.100993e-06    -4.291812e-06    5.702841e-06    6.4487e-06    -3.053533e-06    -2.333134e-06
8.6406e-07    -1.935975e-07    1.883113e-06    2.123912e-06    -2.757112e-06    2.143355e-06    3.466461e-07    -2.280111e-07    1.404583e-06    -1.919261e-06    2.138215e-06    -5.382542e-06    -3.053533e-06    3.048471e-06    1.052605e-06
7.535675e-07    6.317815e-07    6.140289e-07    8.726218e-07    -1.468323e-06    6.328752e-07    5.706826e-07    6.819754e-07    7.639012e-07    -1.206519e-06    9.871281e-07    -2.633526e-06    -2.333134e-06    1.052605e-06    1.67151e-06
