3.490078e-06    1.213294e-06    1.097288e-06    2.060172e-07    -4.584124e-06    1.386294e-06    -5.701152e-07    -4.216225e-07    1.680811e-06    -1.322252e-06    1.699868e-06    -4.93764e-07    -9.00219e-08    1.287247e-06    -1.361335e-06
1.213294e-06    3.784766e-06    2.010427e-06    -1.633096e-06    -2.675437e-06    1.335244e-06    -9.42931e-07    -8.514696e-08    1.386805e-06    -4.685438e-07    7.689467e-07    -1.881766e-07    -1.016172e-06    7.75794e-07    -1.08121e-08
1.097288e-06    2.010427e-06    2.951421e-06    -1.846875e-07    -3.412919e-06    8.797723e-07    -6.707995e-07    -1.296278e-06    4.741276e-07    6.690185e-07    5.270642e-07    -5.167992e-07    -8.201523e-07    4.157611e-07    4.284136e-07
2.060172e-07    -1.633096e-06    -1.846875e-07    2.647575e-06    9.443321e-07    -2.552144e-08    -3.676112e-07    -1.639144e-06    -7.822841e-07    1.391606e-06    -4.289221e-07    -3.295788e-07    2.198166e-08    -7.1237e-07    6.245931e-07
-4.584124e-06    -2.675437e-06    -3.412919e-06    9.443321e-07    1.169766e-05    -3.403236e-06    1.602881e-06    1.421841e-06    -3.721297e-06    2.160274e-06    -3.57626e-06    7.102147e-07    1.009416e-06    -2.438682e-06    2.300034e-06
1.386294e-06    1.335244e-06    8.797723e-07    -2.552144e-08    -3.403236e-06    2.610806e-06    -6.932331e-07    -1.302551e-06    1.299365e-06    -8.407168e-07    7.446001e-07    -1.277899e-07    -1.598183e-07    1.174748e-06    -9.324214e-07
-5.701152e-07    -9.42931e-07    -6.707995e-07    -3.676112e-07    1.602881e-06    -6.932331e-07    1.820546e-06    1.15889e-06    -1.507002e-06    -4.918427e-07    -7.061887e-07    5.171593e-07    1.037227e-06    -3.361927e-08    -4.635477e-07
-4.216225e-07    -8.514696e-08    -1.296278e-06    -1.639144e-06    1.421841e-06    -1.302551e-06    1.15889e-06    4.416799e-06    1.066789e-09    -2.817883e-06    8.080977e-07    1.091779e-06    4.181974e-07    4.021554e-07    -1.64345e-06
1.680811e-06    1.386805e-06    4.741276e-07    -7.822841e-07    -3.721297e-06    1.299365e-06    -1.507002e-06    1.066789e-09    3.692722e-06    -1.906334e-06    2.378771e-06    2.21069e-07    -3.756597e-07    8.690063e-07    -1.514962e-06
-1.322252e-06    -4.685438e-07    6.690185e-07    1.391606e-06    2.160274e-06    -8.407168e-07    -4.918427e-07    -2.817883e-06    -1.906334e-06    4.014613e-06    -2.199168e-06    -7.371589e-07    -6.26077e-07    -1.527494e-06    2.893342e-06
1.699868e-06    7.689467e-07    5.270642e-07    -4.289221e-07    -3.57626e-06    7.446001e-07    -7.061887e-07    8.080977e-07    2.378771e-06    -2.199168e-06    2.824795e-06    2.32684e-08    -4.005137e-07    7.244122e-07    -1.687462e-06
-4.93764e-07    -1.881766e-07    -5.167992e-07    -3.295788e-07    7.102147e-07    -1.277899e-07    5.171593e-07    1.091779e-06    2.21069e-07    -7.371589e-07    2.32684e-08    9.764566e-07    3.793033e-07    -1.450308e-07    -6.205036e-07
-9.00219e-08    -1.016172e-06    -8.201523e-07    2.198166e-08    1.009416e-06    -1.598183e-07    1.037227e-06    4.181974e-07    -3.756597e-07    -6.26077e-07    -4.005137e-07    3.793033e-07    1.657109e-06    3.438411e-09    -1.080412e-06
1.287247e-06    7.75794e-07    4.157611e-07    -7.1237e-07    -2.438682e-06    1.174748e-06    -3.361927e-08    4.021554e-07    8.690063e-07    -1.527494e-06    7.244122e-07    -1.450308e-07    3.438411e-09    1.413583e-06    -1.065945e-06
-1.361335e-06    -1.08121e-08    4.284136e-07    6.245931e-07    2.300034e-06    -9.324214e-07    -4.635477e-07    -1.64345e-06    -1.514962e-06    2.893342e-06    -1.687462e-06    -6.205036e-07    -1.080412e-06    -1.065945e-06    2.704583e-06
