2.610806e-06    -6.932331e-07    -1.302551e-06    1.299365e-06    -8.407168e-07    7.446001e-07    -1.277899e-07    -1.598183e-07    1.174748e-06    -9.324214e-07    6.284956e-07    1.466304e-06    9.749462e-07    1.327784e-06    -1.993144e-06    -3.245739e-07    -2.434716e-06    -2.295351e-06    5.914269e-07    2.337016e-06
-6.932331e-07    1.820546e-06    1.15889e-06    -1.507002e-06    -4.918427e-07    -7.061887e-07    5.171593e-07    1.037227e-06    -3.361927e-08    -4.635477e-07    -8.11309e-07    -1.185242e-06    -5.523317e-07    -1.348522e-07    1.225531e-06    -4.970096e-07    7.08502e-07    1.421406e-06    -3.943827e-07    -1.199777e-06
-1.302551e-06    1.15889e-06    4.416799e-06    1.066789e-09    -2.817883e-06    8.080977e-07    1.091779e-06    4.181974e-07    4.021554e-07    -1.64345e-06    -4.531906e-07    -5.059125e-07    4.168969e-08    -1.887736e-06    2.744018e-06    -7.979827e-07    -1.194971e-06    -4.967827e-09    -9.987768e-07    1.340916e-06
1.299365e-06    -1.507002e-06    1.066789e-09    3.692722e-06    -1.906334e-06    2.378771e-06    2.21069e-07    -3.756597e-07    8.690063e-07    -1.514962e-06    1.367087e-06    1.3818e-06    9.764062e-07    1.410042e-07    -1.57548e-06    -2.193987e-07    -4.346786e-06    -4.339703e-06    8.908011e-07    4.82367e-06
-8.407168e-07    -4.918427e-07    -2.817883e-06    -1.906334e-06    4.014613e-06    -2.199168e-06    -7.371589e-07    -6.26077e-07    -1.527494e-06    2.893342e-06    -8.410895e-07    -4.520621e-07    2.666896e-08    2.390814e-07    -7.533704e-07    1.23595e-06    3.669039e-06    2.579244e-06    4.875582e-07    -4.188876e-06
7.446001e-07    -7.061887e-07    8.080977e-07    2.378771e-06    -2.199168e-06    2.824795e-06    2.32684e-08    -4.005137e-07    7.244122e-07    -1.687462e-06    1.910528e-06    1.757433e-06    -2.813382e-08    -8.074431e-08    -8.514131e-07    -9.684128e-07    -3.501576e-06    -2.897158e-06    -3.267253e-07    5.055637e-06
-1.277899e-07    5.171593e-07    1.091779e-06    2.21069e-07    -7.371589e-07    2.32684e-08    9.764566e-07    3.793033e-07    -1.450308e-07    -6.205036e-07    -4.646083e-07    -4.463274e-07    1.295456e-07    -6.458073e-07    1.032528e-06    1.077193e-07    -8.428849e-07    -4.61571e-07    2.418329e-07    7.554021e-08
-1.598183e-07    1.037227e-06    4.181974e-07    -3.756597e-07    -6.26077e-07    -4.005137e-07    3.793033e-07    1.657109e-06    3.438411e-09    -1.080412e-06    -2.713456e-08    -1.102939e-06    -1.140927e-06    2.975529e-07    5.03306e-07    -8.201582e-08    -3.326765e-07    -1.918514e-07    -1.368762e-07    -4.185342e-07
1.174748e-06    -3.361927e-08    4.021554e-07    8.690063e-07    -1.527494e-06    7.244122e-07    -1.450308e-07    3.438411e-09    1.413583e-06    -1.065945e-06    5.64189e-07    5.119489e-07    7.454318e-07    7.694917e-07    -1.12944e-06    -8.091361e-07    -1.674932e-06    -1.264646e-06    5.762291e-08    2.054893e-06
-9.324214e-07    -4.635477e-07    -1.64345e-06    -1.514962e-06    2.893342e-06    -1.687462e-06    -6.205036e-07    -1.080412e-06    -1.065945e-06    2.704583e-06    -1.333583e-06    -4.975041e-07    6.022211e-07    -1.241746e-07    -6.771665e-08    1.086613e-06    3.373863e-06    2.458167e-06    3.680318e-07    -3.634046e-06
6.284956e-07    -8.11309e-07    -4.531906e-07    1.367087e-06    -8.410895e-07    1.910528e-06    -4.646083e-07    -2.713456e-08    5.64189e-07    -1.333583e-06    4.065874e-06    1.444463e-06    -1.30919e-06    1.393739e-06    -2.555243e-06    -1.433668e-06    -2.280259e-06    -1.83779e-06    -1.01283e-06    4.346801e-06
1.466304e-06    -1.185242e-06    -5.059125e-07    1.3818e-06    -4.520621e-07    1.757433e-06    -4.463274e-07    -1.102939e-06    5.119489e-07    -4.975041e-07    1.444463e-06    3.996512e-06    2.036594e-06    -2.94904e-07    -2.130989e-06    -9.122413e-07    -3.172225e-06    -2.556465e-06    -1.066557e-07    4.575098e-06
9.749462e-07    -5.523317e-07    4.168969e-08    9.764062e-07    2.666896e-08    -2.813382e-08    1.295456e-07    -1.140927e-06    7.454318e-07    6.022211e-07    -1.30919e-06    2.036594e-06    4.786242e-06    -3.044692e-07    -2.243706e-06    -3.273632e-07    -2.654677e-06    -2.013751e-06    1.076065e-06    2.313064e-06
1.327784e-06    -1.348522e-07    -1.887736e-06    1.410042e-07    2.390814e-07    -8.074431e-08    -6.458073e-07    2.975529e-07    7.694917e-07    -1.241746e-07    1.393739e-06    -2.94904e-07    -3.044692e-07    2.846093e-06    -3.047384e-06    -6.045153e-07    -6.27527e-07    -7.461246e-07    -7.355696e-08    9.687616e-07
-1.993144e-06    1.225531e-06    2.744018e-06    -1.57548e-06    -7.533704e-07    -8.514131e-07    1.032528e-06    5.03306e-07    -1.12944e-06    -6.771665e-08    -2.555243e-06    -2.130989e-06    -2.243706e-06    -3.047384e-06    6.855159e-06    1.312094e-06    3.554071e-06    3.446629e-06    -4.330408e-07    -4.928073e-06
-3.245739e-07    -4.970096e-07    -7.979827e-07    -2.193987e-07    1.23595e-06    -9.684128e-07    1.077193e-07    -8.201582e-08    -8.091361e-07    1.086613e-06    -1.433668e-06    -9.122413e-07    -3.273632e-07    -6.045153e-07    1.312094e-06    2.001764e-06    1.686116e-06    5.904205e-07    8.1742e-07    -3.160535e-06
-2.434716e-06    7.08502e-07    -1.194971e-06    -4.346786e-06    3.669039e-06    -3.501576e-06    -8.428849e-07    -3.326765e-07    -1.674932e-06    3.373863e-06    -2.280259e-06    -3.172225e-06    -2.654677e-06    -6.27527e-07    3.554071e-06    1.686116e-06    8.997597e-06    7.171972e-06    -6.955095e-07    -9.452042e-06
-2.295351e-06    1.421406e-06    -4.967827e-09    -4.339703e-06    2.579244e-06    -2.897158e-06    -4.61571e-07    -1.918514e-07    -1.264646e-06    2.458167e-06    -1.83779e-06    -2.556465e-06    -2.013751e-06    -7.461246e-07    3.446629e-06    5.904205e-07    7.171972e-06    6.910058e-06    -1.004171e-06    -7.518411e-06
5.914269e-07    -3.943827e-07    -9.987768e-07    8.908011e-07    4.875582e-07    -3.267253e-07    2.418329e-07    -1.368762e-07    5.762291e-08    3.680318e-07    -1.01283e-06    -1.066557e-07    1.076065e-06    -7.355696e-08    -4.330408e-07    8.1742e-07    -6.955095e-07    -1.004171e-06    1.524391e-06    -5.479888e-07
2.337016e-06    -1.199777e-06    1.340916e-06    4.82367e-06    -4.188876e-06    5.055637e-06    7.554021e-08    -4.185342e-07    2.054893e-06    -3.634046e-06    4.346801e-06    4.575098e-06    2.313064e-06    9.687616e-07    -4.928073e-06    -3.160535e-06    -9.452042e-06    -7.518411e-06    -5.479888e-07    1.26785e-05
