3.490078e-06    1.213294e-06    1.097288e-06    2.060172e-07    -4.584124e-06    1.699868e-06    -4.93764e-07    -9.00219e-08    1.287247e-06    -1.361335e-06
1.213294e-06    3.784766e-06    2.010427e-06    -1.633096e-06    -2.675437e-06    7.689467e-07    -1.881766e-07    -1.016172e-06    7.75794e-07    -1.08121e-08
1.097288e-06    2.010427e-06    2.951421e-06    -1.846875e-07    -3.412919e-06    5.270642e-07    -5.167992e-07    -8.201523e-07    4.157611e-07    4.284136e-07
2.060172e-07    -1.633096e-06    -1.846875e-07    2.647575e-06    9.443321e-07    -4.289221e-07    -3.295788e-07    2.198166e-08    -7.1237e-07    6.245931e-07
-4.584124e-06    -2.675437e-06    -3.412919e-06    9.443321e-07    1.169766e-05    -3.57626e-06    7.102147e-07    1.009416e-06    -2.438682e-06    2.300034e-06
1.699868e-06    7.689467e-07    5.270642e-07    -4.289221e-07    -3.57626e-06    2.824795e-06    2.32684e-08    -4.005137e-07    7.244122e-07    -1.687462e-06
-4.93764e-07    -1.881766e-07    -5.167992e-07    -3.295788e-07    7.102147e-07    2.32684e-08    9.764566e-07    3.793033e-07    -1.450308e-07    -6.205036e-07
-9.00219e-08    -1.016172e-06    -8.201523e-07    2.198166e-08    1.009416e-06    -4.005137e-07    3.793033e-07    1.657109e-06    3.438411e-09    -1.080412e-06
1.287247e-06    7.75794e-07    4.157611e-07    -7.1237e-07    -2.438682e-06    7.244122e-07    -1.450308e-07    3.438411e-09    1.413583e-06    -1.065945e-06
-1.361335e-06    -1.08121e-08    4.284136e-07    6.245931e-07    2.300034e-06    -1.687462e-06    -6.205036e-07    -1.080412e-06    -1.065945e-06    2.704583e-06
