2.610806e-06    -6.932331e-07    -1.302551e-06    1.299365e-06    -8.407168e-07    7.446001e-07    -1.277899e-07    -1.598183e-07    1.174748e-06    -9.324214e-07    -3.245739e-07    -2.434716e-06    -2.295351e-06    5.914269e-07    2.337016e-06
-6.932331e-07    1.820546e-06    1.15889e-06    -1.507002e-06    -4.918427e-07    -7.061887e-07    5.171593e-07    1.037227e-06    -3.361927e-08    -4.635477e-07    -4.970096e-07    7.08502e-07    1.421406e-06    -3.943827e-07    -1.199777e-06
-1.302551e-06    1.15889e-06    4.416799e-06    1.066789e-09    -2.817883e-06    8.080977e-07    1.091779e-06    4.181974e-07    4.021554e-07    -1.64345e-06    -7.979827e-07    -1.194971e-06    -4.967827e-09    -9.987768e-07    1.340916e-06
1.299365e-06    -1.507002e-06    1.066789e-09    3.692722e-06    -1.906334e-06    2.378771e-06    2.21069e-07    -3.756597e-07    8.690063e-07    -1.514962e-06    -2.193987e-07    -4.346786e-06    -4.339703e-06    8.908011e-07    4.82367e-06
-8.407168e-07    -4.918427e-07    -2.817883e-06    -1.906334e-06    4.014613e-06    -2.199168e-06    -7.371589e-07    -6.26077e-07    -1.527494e-06    2.893342e-06    1.23595e-06    3.669039e-06    2.579244e-06    4.875582e-07    -4.188876e-06
7.446001e-07    -7.061887e-07    8.080977e-07    2.378771e-06    -2.199168e-06    2.824795e-06    2.32684e-08    -4.005137e-07    7.244122e-07    -1.687462e-06    -9.684128e-07    -3.501576e-06    -2.897158e-06    -3.267253e-07    5.055637e-06
-1.277899e-07    5.171593e-07    1.091779e-06    2.21069e-07    -7.371589e-07    2.32684e-08    9.764566e-07    3.793033e-07    -1.450308e-07    -6.205036e-07    1.077193e-07    -8.428849e-07    -4.61571e-07    2.418329e-07    7.554021e-08
-1.598183e-07    1.037227e-06    4.181974e-07    -3.756597e-07    -6.26077e-07    -4.005137e-07    3.793033e-07    1.657109e-06    3.438411e-09    -1.080412e-06    -8.201582e-08    -3.326765e-07    -1.918514e-07    -1.368762e-07    -4.185342e-07
1.174748e-06    -3.361927e-08    4.021554e-07    8.690063e-07    -1.527494e-06    7.244122e-07    -1.450308e-07    3.438411e-09    1.413583e-06    -1.065945e-06    -8.091361e-07    -1.674932e-06    -1.264646e-06    5.762291e-08    2.054893e-06
-9.324214e-07    -4.635477e-07    -1.64345e-06    -1.514962e-06    2.893342e-06    -1.687462e-06    -6.205036e-07    -1.080412e-06    -1.065945e-06    2.704583e-06    1.086613e-06    3.373863e-06    2.458167e-06    3.680318e-07    -3.634046e-06
-3.245739e-07    -4.970096e-07    -7.979827e-07    -2.193987e-07    1.23595e-06    -9.684128e-07    1.077193e-07    -8.201582e-08    -8.091361e-07    1.086613e-06    2.001764e-06    1.686116e-06    5.904205e-07    8.1742e-07    -3.160535e-06
-2.434716e-06    7.08502e-07    -1.194971e-06    -4.346786e-06    3.669039e-06    -3.501576e-06    -8.428849e-07    -3.326765e-07    -1.674932e-06    3.373863e-06    1.686116e-06    8.997597e-06    7.171972e-06    -6.955095e-07    -9.452042e-06
-2.295351e-06    1.421406e-06    -4.967827e-09    -4.339703e-06    2.579244e-06    -2.897158e-06    -4.61571e-07    -1.918514e-07    -1.264646e-06    2.458167e-06    5.904205e-07    7.171972e-06    6.910058e-06    -1.004171e-06    -7.518411e-06
5.914269e-07    -3.943827e-07    -9.987768e-07    8.908011e-07    4.875582e-07    -3.267253e-07    2.418329e-07    -1.368762e-07    5.762291e-08    3.680318e-07    8.1742e-07    -6.955095e-07    -1.004171e-06    1.524391e-06    -5.479888e-07
2.337016e-06    -1.199777e-06    1.340916e-06    4.82367e-06    -4.188876e-06    5.055637e-06    7.554021e-08    -4.185342e-07    2.054893e-06    -3.634046e-06    -3.160535e-06    -9.452042e-06    -7.518411e-06    -5.479888e-07    1.26785e-05
