1    -0.3425514    -0.24755    0.1688995    0.007790085    -0.1767803    -0.06666218    0.1860952    0.1281455    -0.04795744
-0.3425514    1    -0.6241456    -0.2792986    0.1218277    0.0457438    0.02730782    -0.02652208    -0.009126031    0.04985198
-0.24755    -0.6241456    1    -0.2963397    -0.2330515    -0.03524317    -0.001486236    0.04598123    0.02887792    -0.1117265
0.1688995    -0.2792986    -0.2963397    1    -0.3314129    0.1556508    0.1312641    -0.06975276    -0.125634    -0.06005435
0.007790085    0.1218277    -0.2330515    -0.3314129    1    -0.05886408    -0.1385741    -0.03817062    0.003018188    0.03084064
-0.1767803    0.0457438    -0.03524317    0.1556508    -0.05886408    1    0.05016715    -0.7652618    -0.2164396    0.2527462
-0.06666218    0.02730782    -0.001486236    0.1312641    -0.1385741    0.05016715    1    0.07725506    -0.7808682    0.1179414
0.1860952    -0.02652208    0.04598123    -0.06975276    -0.03817062    -0.7652618    0.07725506    1    0.210168    -0.6410685
0.1281455    -0.009126031    0.02887792    -0.125634    0.003018188    -0.2164396    -0.7808682    0.210168    1    -0.5415401
-0.04795744    0.04985198    -0.1117265    -0.06005435    0.03084064    0.2527462    0.1179414    -0.6410685    -0.5415401    1
