1    -0.1750601    -0.4248295    0.2174913    0.002515153    0.1062739    -0.04173183    -0.06669368    0.0707084    0.03126267
-0.1750601    1    -0.01491714    -0.6222392    0.2333305    -0.01884409    0.02837125    -0.05689195    -0.01663733    0.04394241
-0.4248295    -0.01491714    1    0.05952327    -0.5232977    0.0492766    -0.06421367    -0.03536227    0.01248344    0.06460526
0.2174913    -0.6222392    0.05952327    1    -0.5990358    0.1399626    -0.08823668    -0.08628976    0.1332735    0.0390444
0.002515153    0.2333305    -0.5232977    -0.5990358    1    -0.171295    0.116167    0.1020139    -0.1270012    -0.03871811
0.1062739    -0.01884409    0.0492766    0.1399626    -0.171295    1    -0.3425514    -0.24755    0.1688995    0.007790085
-0.04173183    0.02837125    -0.06421367    -0.08823668    0.116167    -0.3425514    1    -0.6241456    -0.2792986    0.1218277
-0.06669368    -0.05689195    -0.03536227    -0.08628976    0.1020139    -0.24755    -0.6241456    1    -0.2963397    -0.2330515
0.0707084    -0.01663733    0.01248344    0.1332735    -0.1270012    0.1688995    -0.2792986    -0.2963397    1    -0.3314129
0.03126267    0.04394241    0.06460526    0.0390444    -0.03871811    0.007790085    0.1218277    -0.2330515    -0.3314129    1
