1    -0.3425514    -0.24755    0.1688995    0.007790085    -0.1364736    -0.09239087    0.120127    0.1839321    -0.04879159
-0.3425514    1    -0.6241456    -0.2792986    0.1218277    0.04330707    0.1207345    0.004865055    -0.06361702    0.02409166
-0.24755    -0.6241456    1    -0.2963397    -0.2330515    0.01838795    -0.0320004    -0.00170544    0.02240941    -0.08165196
0.1688995    -0.2792986    -0.2963397    1    -0.3314129    0.09916495    0.03631859    -0.05790354    -0.06243533    -0.06498399
0.007790085    0.1218277    -0.2330515    -0.3314129    1    -0.09245291    -0.09794985    0.00584134    -0.03526675    0.01347757
-0.1364736    0.04330707    0.01838795    0.09916495    -0.09245291    1    -0.1169316    -0.7228295    0.1430365    0.1130299
-0.09239087    0.1207345    -0.0320004    0.03631859    -0.09794985    -0.1169316    1    0.1225456    -0.708288    0.1717449
0.120127    0.004865055    -0.00170544    -0.05790354    0.00584134    -0.7228295    0.1225456    1    -0.1843117    -0.4438617
0.1839321    -0.06361702    0.02240941    -0.06243533    -0.03526675    0.1430365    -0.708288    -0.1843117    1    -0.5048047
-0.04879159    0.02409166    -0.08165196    -0.06498399    0.01347757    0.1130299    0.1717449    -0.4438617    -0.5048047    1
