1    -0.3425514    -0.24755    0.1688995    0.007790085    -0.1453446    -0.1716474    0.1132302    0.19118    0.01407584
-0.3425514    1    -0.6241456    -0.2792986    0.1218277    0.03714502    0.1370234    -0.009296749    -0.08270393    0.0667338
-0.24755    -0.6241456    1    -0.2963397    -0.2330515    -0.00478214    -0.02904938    0.0527791    0.05035648    -0.1605414
0.1688995    -0.2792986    -0.2963397    1    -0.3314129    0.102882    0.02494316    -0.08181711    -0.05895945    -0.04539112
0.007790085    0.1218277    -0.2330515    -0.3314129    1    -0.03601382    -0.06748301    -0.01016155    -0.03317605    -0.02385132
-0.1453446    0.03714502    -0.00478214    0.102882    -0.03601382    1    -0.01208665    -0.7751805    -0.07643994    0.1642374
-0.1716474    0.1370234    -0.02904938    0.02494316    -0.06748301    -0.01208665    1    0.1663351    -0.7695498    0.07538156
0.1132302    -0.009296749    0.0527791    -0.08181711    -0.01016155    -0.7751805    0.1663351    1    0.03349777    -0.5361289
0.19118    -0.08270393    0.05035648    -0.05895945    -0.03317605    -0.07643994    -0.7695498    0.03349777    1    -0.4759833
0.01407584    0.0667338    -0.1605414    -0.04539112    -0.02385132    0.1642374    0.07538156    -0.5361289    -0.4759833    1
