1    -0.218888    -0.3308694    0.08306893    -0.09162578    -0.0726342    0.03164698    0.1365472    -0.06940269    -0.1212137
-0.218888    1    -0.5246829    -0.383431    0.2626359    0.05963466    -0.03160506    -0.1102095    0.08473605    0.07643379
-0.3308694    -0.5246829    1    -0.1363358    -0.5814342    0.1099491    -0.09270507    -0.05466427    0.0697782    0.05707297
0.08306893    -0.383431    -0.1363358    1    -0.08966739    0.004607078    0.04839986    0.04241508    -0.01228161    -0.1035727
-0.09162578    0.2626359    -0.5814342    -0.08966739    1    -0.1379643    0.09830582    0.06422653    -0.1264957    -0.02782674
-0.0726342    0.05963466    0.1099491    0.004607078    -0.1379643    1    -0.3425514    -0.24755    0.1688995    0.007790085
0.03164698    -0.03160506    -0.09270507    0.04839986    0.09830582    -0.3425514    1    -0.6241456    -0.2792986    0.1218277
0.1365472    -0.1102095    -0.05466427    0.04241508    0.06422653    -0.24755    -0.6241456    1    -0.2963397    -0.2330515
-0.06940269    0.08473605    0.0697782    -0.01228161    -0.1264957    0.1688995    -0.2792986    -0.2963397    1    -0.3314129
-0.1212137    0.07643379    0.05707297    -0.1035727    -0.02782674    0.007790085    0.1218277    -0.2330515    -0.3314129    1
