6.5356e-06    6.433282e-08    -2.624365e-06    -5.492661e-08    -1.609206e-06    -2.004842e-07    1.400298e-06    2.080684e-06    -3.449899e-07    -3.073317e-06
6.433282e-08    4.854421e-06    8.861192e-08    -2.565194e-06    -5.845262e-07    5.349779e-07    -7.989065e-08    5.233131e-08    4.436784e-08    -5.809128e-07
-2.624365e-06    8.861192e-08    5.30825e-06    1.616607e-08    -2.257114e-06    1.622494e-07    2.515424e-07    -5.931404e-08    -2.114137e-07    -3.478682e-07
-5.492661e-08    -2.565194e-06    1.616607e-08    5.347355e-06    -1.947457e-06    2.105011e-07    7.934387e-07    8.735444e-07    -4.03964e-07    -1.739591e-06
-1.609206e-06    -5.845262e-07    -2.257114e-06    -1.947457e-06    5.212614e-06    -6.283654e-07    -9.9775e-07    -1.472597e-06    2.745828e-07    3.154009e-06
-2.004842e-07    5.349779e-07    1.622494e-07    2.105011e-07    -6.283654e-07    5.372935e-06    -1.048605e-06    -3.038114e-06    1.074588e-07    -8.356004e-07
1.400298e-06    -7.989065e-08    2.515424e-07    7.934387e-07    -9.9775e-07    -1.048605e-06    6.412761e-06    2.074921e-06    -4.802022e-06    -1.870294e-06
2.080684e-06    5.233131e-08    -5.931404e-08    8.735444e-07    -1.472597e-06    -3.038114e-06    2.074921e-06    6.704207e-06    -6.723546e-07    -5.456442e-06
-3.449899e-07    4.436784e-08    -2.114137e-07    -4.03964e-07    2.745828e-07    1.074588e-07    -4.802022e-06    -6.723546e-07    7.346948e-06    -1.715072e-06
-3.073317e-06    -5.809128e-07    -3.478682e-07    -1.739591e-06    3.154009e-06    -8.356004e-07    -1.870294e-06    -5.456442e-06    -1.715072e-06    1.090784e-05
