8.310243e-06    7.169591e-07    -4.005831e-06    -1.139772e-06    -1.311306e-06    8.723208e-07    -6.651288e-07    -2.288375e-06    8.895626e-07    9.175665e-07    3.804687e-07    -8.237795e-07    6.104271e-07    -5.196329e-07    -2.176071e-07    6.840223e-07    -6.922536e-07    -8.714777e-07    1.913014e-07    1.311851e-06
7.169591e-07    1.271021e-05    7.131861e-06    -2.430606e-06    -6.207599e-06    4.216585e-06    -5.631379e-06    -7.054097e-06    1.797955e-06    4.302609e-06    1.355258e-06    -2.995215e-06    -9.934152e-07    -1.754371e-06    4.464795e-08    -7.79268e-07    -3.389888e-06    -2.919055e-06    2.412173e-06    5.568948e-06
-4.005831e-06    7.131861e-06    1.191275e-05    9.718327e-07    -7.686366e-06    3.370573e-06    -4.080508e-06    -5.804688e-06    9.515876e-07    3.651749e-06    1.368758e-06    -3.362651e-06    -1.411966e-06    -7.093724e-07    1.491779e-07    -9.431759e-07    -2.739263e-06    -2.872688e-06    1.894416e-06    5.153622e-06
-1.139772e-06    -2.430606e-06    9.718327e-07    5.917591e-06    -2.512549e-06    1.215828e-06    1.329903e-06    -2.291447e-06    -3.50943e-07    3.624135e-08    8.124783e-07    -9.970099e-07    -7.471732e-07    6.89149e-07    -7.227117e-08    -9.679974e-07    2.910283e-07    -4.015845e-08    8.419603e-08    8.165579e-07
-1.311306e-06    -6.207599e-06    -7.686366e-06    -2.512549e-06    1.256022e-05    -3.64133e-06    3.383984e-06    6.253423e-06    -5.712001e-07    -3.526703e-06    -2.165944e-06    4.294361e-06    1.550167e-06    5.816053e-07    -7.52102e-08    1.268432e-06    2.471529e-06    2.678225e-06    -1.496492e-06    -5.778216e-06
8.723208e-07    4.216585e-06    3.370573e-06    1.215828e-06    -3.64133e-06    8.042005e-06    -4.810785e-06    -8.391052e-06    1.675909e-06    1.544941e-06    -2.555085e-07    -2.692611e-07    8.581062e-07    -9.925896e-07    -5.946494e-07    -1.584675e-06    -1.781617e-06    -6.321215e-07    2.457271e-06    2.787715e-06
-6.651288e-07    -5.631379e-06    -4.080508e-06    1.329903e-06    3.383984e-06    -4.810785e-06    1.91187e-05    -4.663881e-06    -3.463173e-06    -7.922267e-07    1.46239e-06    -6.061301e-07    -1.644916e-06    1.822573e-06    2.958864e-07    -3.685812e-07    2.643078e-06    1.190894e-06    -2.368185e-06    -7.346208e-07
-2.288375e-06    -7.054097e-06    -5.804688e-06    -2.291447e-06    6.253423e-06    -8.391052e-06    -4.663881e-06    3.147253e-05    -7.028738e-06    -9.613422e-06    4.980032e-07    8.448003e-08    -2.308588e-06    3.801437e-06    1.131152e-06    1.340956e-06    3.389165e-06    4.677276e-06    -2.355926e-06    -8.565458e-06
8.895626e-07    1.797955e-06    9.515876e-07    -3.50943e-07    -5.712001e-07    1.675909e-06    -3.463173e-06    -7.028738e-06    7.032057e-06    2.004882e-06    -1.136388e-06    1.227513e-06    1.702744e-06    -1.766066e-06    -4.442341e-07    1.067932e-06    -7.073638e-07    -1.604515e-06    2.870819e-08    9.374238e-07
9.175665e-07    4.302609e-06    3.651749e-06    3.624135e-08    -3.526703e-06    1.544941e-06    -7.922267e-07    -9.613422e-06    2.004882e-06    6.251922e-06    -2.12463e-07    -7.585649e-07    8.597008e-07    -2.124743e-06    -1.822441e-07    -1.836587e-07    -2.056933e-06    -2.753645e-06    6.938187e-07    3.897065e-06
3.804687e-07    1.355258e-06    1.368758e-06    8.124783e-07    -2.165944e-06    -2.555085e-07    1.46239e-06    4.980032e-07    -1.136388e-06    -2.12463e-07    3.147431e-06    -2.270696e-06    -2.616707e-06    5.260565e-07    1.832993e-07    -1.131448e-06    -4.301079e-07    8.361947e-08    5.972722e-07    1.464961e-06
-8.237795e-07    -2.995215e-06    -3.362651e-06    -9.970099e-07    4.294361e-06    -2.692611e-07    -6.061301e-07    8.448003e-08    1.227513e-06    -7.585649e-07    -2.270696e-06    8.999813e-06    -1.52951e-06    -2.158703e-06    7.417984e-08    -2.033496e-07    1.366504e-06    2.215715e-06    -4.497084e-07    -3.054949e-06
6.104271e-07    -9.934152e-07    -1.411966e-06    -7.471732e-07    1.550167e-06    8.581062e-07    -1.644916e-06    -2.308588e-06    1.702744e-06    8.597008e-07    -2.616707e-06    -1.52951e-06    6.475147e-06    -1.035103e-06    -8.321831e-07    1.180325e-06    -2.302314e-07    -4.45687e-07    8.534755e-08    -9.110639e-07
-5.196329e-07    -1.754371e-06    -7.093724e-07    6.89149e-07    5.816053e-07    -9.925896e-07    1.822573e-06    3.801437e-06    -1.766066e-06    -2.124743e-06    5.260565e-07    -2.158703e-06    -1.035103e-06    3.602277e-06    -7.012462e-08    8.208397e-07    1.055915e-06    4.606324e-07    -6.463205e-07    -1.764431e-06
-2.176071e-07    4.464795e-08    1.491779e-07    -7.227117e-08    -7.52102e-08    -5.946494e-07    2.958864e-07    1.131152e-06    -4.442341e-07    -1.822441e-07    1.832993e-07    7.417984e-08    -8.321831e-07    -7.012462e-08    5.490899e-07    -6.801364e-08    -8.368661e-08    4.643949e-10    -1.814252e-07    -4.2345e-08
6.840223e-07    -7.79268e-07    -9.431759e-07    -9.679974e-07    1.268432e-06    -1.584675e-06    -3.685812e-07    1.340956e-06    1.067932e-06    -1.836587e-07    -1.131448e-06    -2.033496e-07    1.180325e-06    8.208397e-07    -6.801364e-08    5.372935e-06    -1.048605e-06    -3.038114e-06    1.074588e-07    -8.356004e-07
-6.922536e-07    -3.389888e-06    -2.739263e-06    2.910283e-07    2.471529e-06    -1.781617e-06    2.643078e-06    3.389165e-06    -7.073638e-07    -2.056933e-06    -4.301079e-07    1.366504e-06    -2.302314e-07    1.055915e-06    -8.368661e-08    -1.048605e-06    6.412761e-06    2.074921e-06    -4.802022e-06    -1.870294e-06
-8.714777e-07    -2.919055e-06    -2.872688e-06    -4.015845e-08    2.678225e-06    -6.321215e-07    1.190894e-06    4.677276e-06    -1.604515e-06    -2.753645e-06    8.361947e-08    2.215715e-06    -4.45687e-07    4.606324e-07    4.643949e-10    -3.038114e-06    2.074921e-06    6.704207e-06    -6.723546e-07    -5.456442e-06
1.913014e-07    2.412173e-06    1.894416e-06    8.419603e-08    -1.496492e-06    2.457271e-06    -2.368185e-06    -2.355926e-06    2.870819e-08    6.938187e-07    5.972722e-07    -4.497084e-07    8.534755e-08    -6.463205e-07    -1.814252e-07    1.074588e-07    -4.802022e-06    -6.723546e-07    7.346948e-06    -1.715072e-06
1.311851e-06    5.568948e-06    5.153622e-06    8.165579e-07    -5.778216e-06    2.787715e-06    -7.346208e-07    -8.565458e-06    9.374238e-07    3.897065e-06    1.464961e-06    -3.054949e-06    -9.110639e-07    -1.764431e-06    -4.2345e-08    -8.356004e-07    -1.870294e-06    -5.456442e-06    -1.715072e-06    1.090784e-05
