6.40453e-06    1.805346e-06    -1.789783e-06    3.080078e-09    -3.085656e-06    -6.560894e-08    -6.54855e-07    -1.174165e-06    4.424348e-07    2.021903e-06
1.805346e-06    1.318194e-05    6.971675e-06    -3.502478e-06    -9.198236e-06    -1.081987e-06    -3.194677e-06    -3.361776e-06    2.238338e-06    6.216886e-06
-1.789783e-06    6.971675e-06    1.050383e-05    -7.422984e-07    -9.049029e-06    -5.726965e-07    -3.006883e-06    -2.507672e-06    2.103888e-06    4.516348e-06
3.080078e-09    -3.502478e-06    -7.422984e-07    5.972233e-06    -1.824118e-06    -1.340807e-07    2.771992e-07    1.244574e-07    -3.071829e-07    3.319786e-07
-3.085656e-06    -9.198236e-06    -9.049029e-06    -1.824118e-06    1.634509e-05    4.211424e-07    4.009545e-06    4.672319e-06    -2.402497e-06    -7.803914e-06
-6.560894e-08    -1.081987e-06    -5.726965e-07    -1.340807e-07    4.211424e-07    5.372935e-06    -1.048605e-06    -3.038114e-06    1.074588e-07    -8.356004e-07
-6.54855e-07    -3.194677e-06    -3.006883e-06    2.771992e-07    4.009545e-06    -1.048605e-06    6.412761e-06    2.074921e-06    -4.802022e-06    -1.870294e-06
-1.174165e-06    -3.361776e-06    -2.507672e-06    1.244574e-07    4.672319e-06    -3.038114e-06    2.074921e-06    6.704207e-06    -6.723546e-07    -5.456442e-06
4.424348e-07    2.238338e-06    2.103888e-06    -3.071829e-07    -2.402497e-06    1.074588e-07    -4.802022e-06    -6.723546e-07    7.346948e-06    -1.715072e-06
2.021903e-06    6.216886e-06    4.516348e-06    3.319786e-07    -7.803914e-06    -8.356004e-07    -1.870294e-06    -5.456442e-06    -1.715072e-06    1.090784e-05
