6.002168e-06    2.499985e-06    -7.291535e-07    -1.204992e-06    -4.233417e-06    -3.495821e-07    1.537177e-06    -2.75223e-07    1.288261e-06    1.867654e-07    2.479062e-07    1.766046e-06    1.777099e-06    -1.310161e-06    -2.966004e-06
2.499985e-06    7.134593e-06    1.792764e-06    -4.538308e-06    -3.642903e-06    2.018324e-07    2.726e-07    -6.518382e-07    1.411968e-06    4.154211e-07    5.778804e-07    1.875456e-06    1.564039e-06    -1.621133e-06    -2.893027e-06
-7.291535e-07    1.792764e-06    5.383775e-06    3.909532e-07    -4.562798e-06    7.095472e-07    -8.637079e-07    -9.030707e-07    6.354235e-07    3.794719e-07    1.107767e-07    5.841426e-07    5.967858e-07    -6.768599e-07    -1.056822e-06
-1.204992e-06    -4.538308e-06    3.909532e-07    7.847648e-06    2.826005e-07    9.752737e-07    -1.267185e-06    -8.658649e-07    -6.660566e-07    2.335008e-08    -5.08853e-07    -9.948266e-07    -1.094827e-06    4.279654e-07    2.267668e-06
-4.233417e-06    -3.642903e-06    -4.562798e-06    2.826005e-07    1.605163e-05    -1.524929e-07    -1.746867e-06    8.76154e-07    -2.261628e-06    -3.192572e-07    -2.864695e-08    -2.505665e-06    -3.204349e-06    1.377975e-06    4.894336e-06
-3.495821e-07    2.018324e-07    7.095472e-07    9.752737e-07    -1.524929e-07    3.147431e-06    -2.270696e-06    -2.616707e-06    5.260565e-07    1.832993e-07    -1.131448e-06    -4.301079e-07    8.361947e-08    5.972722e-07    1.464961e-06
1.537177e-06    2.726e-07    -8.637079e-07    -1.267185e-06    -1.746867e-06    -2.270696e-06    8.999813e-06    -1.52951e-06    -2.158703e-06    7.417984e-08    -2.033496e-07    1.366504e-06    2.215715e-06    -4.497084e-07    -3.054949e-06
-2.75223e-07    -6.518382e-07    -9.030707e-07    -8.658649e-07    8.76154e-07    -2.616707e-06    -1.52951e-06    6.475147e-06    -1.035103e-06    -8.321831e-07    1.180325e-06    -2.302314e-07    -4.45687e-07    8.534755e-08    -9.110639e-07
1.288261e-06    1.411968e-06    6.354235e-07    -6.660566e-07    -2.261628e-06    5.260565e-07    -2.158703e-06    -1.035103e-06    3.602277e-06    -7.012462e-08    8.208397e-07    1.055915e-06    4.606324e-07    -6.463205e-07    -1.764431e-06
1.867654e-07    4.154211e-07    3.794719e-07    2.335008e-08    -3.192572e-07    1.832993e-07    7.417984e-08    -8.321831e-07    -7.012462e-08    5.490899e-07    -6.801364e-08    -8.368661e-08    4.643949e-10    -1.814252e-07    -4.2345e-08
2.479062e-07    5.778804e-07    1.107767e-07    -5.08853e-07    -2.864695e-08    -1.131448e-06    -2.033496e-07    1.180325e-06    8.208397e-07    -6.801364e-08    5.372935e-06    -1.048605e-06    -3.038114e-06    1.074588e-07    -8.356004e-07
1.766046e-06    1.875456e-06    5.841426e-07    -9.948266e-07    -2.505665e-06    -4.301079e-07    1.366504e-06    -2.302314e-07    1.055915e-06    -8.368661e-08    -1.048605e-06    6.412761e-06    2.074921e-06    -4.802022e-06    -1.870294e-06
1.777099e-06    1.564039e-06    5.967858e-07    -1.094827e-06    -3.204349e-06    8.361947e-08    2.215715e-06    -4.45687e-07    4.606324e-07    4.643949e-10    -3.038114e-06    2.074921e-06    6.704207e-06    -6.723546e-07    -5.456442e-06
-1.310161e-06    -1.621133e-06    -6.768599e-07    4.279654e-07    1.377975e-06    5.972722e-07    -4.497084e-07    8.534755e-08    -6.463205e-07    -1.814252e-07    1.074588e-07    -4.802022e-06    -6.723546e-07    7.346948e-06    -1.715072e-06
-2.966004e-06    -2.893027e-06    -1.056822e-06    2.267668e-06    4.894336e-06    1.464961e-06    -3.054949e-06    -9.110639e-07    -1.764431e-06    -4.2345e-08    -8.356004e-07    -1.870294e-06    -5.456442e-06    -1.715072e-06    1.090784e-05
