6.002168e-06    2.499985e-06    -7.291535e-07    -1.204992e-06    -4.233417e-06    -1.280339e-06    -4.953798e-06    -3.221097e-06    -5.766388e-07    3.541626e-06    -2.202562e-06    4.498146e-06    3.781789e-06    -1.006005e-06    -2.769854e-06    -3.495821e-07    1.537177e-06    -2.75223e-07    1.288261e-06    1.867654e-07    7.432461e-06    -1.994054e-07    -7.430926e-06    -1.228026e-06    -1.887441e-07    2.479062e-07    1.766046e-06    1.777099e-06    -1.310161e-06    -2.966004e-06
2.499985e-06    7.134593e-06    1.792764e-06    -4.538308e-06    -3.642903e-06    -1.909104e-06    -5.303597e-06    -2.349203e-06    3.631827e-07    2.939264e-06    -4.907613e-06    4.611861e-06    7.840229e-06    -3.242027e-06    -2.662937e-06    2.018324e-07    2.726e-07    -6.518382e-07    1.411968e-06    4.154211e-07    5.54591e-06    9.883185e-07    -4.116627e-06    -1.448733e-06    -1.742286e-06    5.778804e-07    1.875456e-06    1.564039e-06    -1.621133e-06    -2.893027e-06
-7.291535e-07    1.792764e-06    5.383775e-06    3.909532e-07    -4.562798e-06    -1.083607e-06    -1.824596e-06    -2.352206e-07    8.633195e-07    6.444932e-07    -2.810231e-06    7.622788e-07    6.685309e-06    -1.858539e-06    -1.733522e-06    7.095472e-07    -8.637079e-07    -9.030707e-07    6.354235e-07    3.794719e-07    9.937284e-07    1.323658e-06    7.725171e-08    -5.40342e-08    -2.044219e-06    1.107767e-07    5.841426e-07    5.967858e-07    -6.768599e-07    -1.056822e-06
-1.204992e-06    -4.538308e-06    3.909532e-07    7.847648e-06    2.826005e-07    1.018024e-06    3.771726e-06    2.342504e-06    3.075531e-08    -2.454093e-06    1.736789e-06    -1.302366e-06    -3.296986e-06    2.55013e-06    1.136097e-06    9.752737e-07    -1.267185e-06    -8.658649e-07    -6.660566e-07    2.335008e-08    -4.001137e-06    3.974699e-07    4.27801e-06    8.909778e-07    -1.113351e-06    -5.08853e-07    -9.948266e-07    -1.094827e-06    4.279654e-07    2.267668e-06
-4.233417e-06    -3.642903e-06    -4.562798e-06    2.826005e-07    1.605163e-05    3.04616e-06    8.097673e-06    4.40883e-06    -1.312564e-06    -4.863687e-06    3.914461e-06    -4.351388e-06    -1.086835e-05    3.440739e-06    6.298191e-06    -1.524929e-07    -1.746867e-06    8.76154e-07    -2.261628e-06    -3.192572e-07    -1.155756e-05    -1.13363e-06    1.086004e-05    7.639993e-07    2.777257e-08    -2.864695e-08    -2.505665e-06    -3.204349e-06    1.377975e-06    4.894336e-06
-1.280339e-06    -1.909104e-06    -1.083607e-06    1.018024e-06    3.04616e-06    7.481787e-06    2.106806e-06    -3.077257e-06    -1.156732e-06    -1.265952e-06    1.975221e-06    -1.338736e-06    -3.741022e-06    1.091287e-06    1.694568e-06    2.464487e-07    -2.935308e-07    -7.338631e-08    -7.495988e-07    -1.249462e-07    -2.179001e-06    -8.877771e-07    2.244062e-06    2.514435e-07    4.715029e-07    -2.79458e-07    -6.226356e-07    -5.772586e-07    2.030248e-07    1.584096e-06
-4.953798e-06    -5.303597e-06    -1.824596e-06    3.771726e-06    8.097673e-06    2.106806e-06    1.494939e-05    6.508715e-06    -2.827156e-06    -5.976005e-06    4.833698e-06    -5.091686e-06    -1.169407e-05    3.584717e-06    5.825425e-06    9.568703e-07    -2.518098e-06    -3.461307e-07    -2.769606e-06    -7.295953e-08    -1.426498e-05    1.883786e-06    1.341026e-05    1.484146e-06    -6.545061e-07    -1.390945e-06    -3.683762e-06    -3.93056e-06    2.407905e-06    7.243588e-06
-3.221097e-06    -2.349203e-06    -2.352206e-07    2.342504e-06    4.40883e-06    -3.077257e-06    6.508715e-06    1.065716e-05    1.27674e-06    -6.33017e-06    2.561179e-06    -2.191134e-06    -6.186009e-06    1.240668e-06    2.857781e-06    1.733882e-06    -2.982903e-06    -1.071408e-06    -1.217516e-06    8.958705e-08    -1.00117e-05    2.889272e-06    1.12307e-05    8.086423e-07    -1.842942e-06    -1.071047e-06    -2.581779e-06    -2.497797e-06    1.988813e-06    4.993355e-06
-5.766388e-07    3.631827e-07    8.633195e-07    3.075531e-08    -1.312564e-06    -1.156732e-06    -2.827156e-06    1.27674e-06    7.010674e-06    -2.997433e-06    5.794173e-07    8.093126e-07    3.979584e-07    -8.730004e-07    -9.268243e-07    1.416097e-06    -1.586535e-06    -1.137006e-06    9.234452e-07    -5.126885e-08    7.95841e-07    3.297444e-07    1.691634e-06    1.619016e-06    -8.875584e-07    -7.402617e-07    5.525694e-07    3.21334e-07    1.974359e-08    2.586588e-07
3.541626e-06    2.939264e-06    6.444932e-07    -2.454093e-06    -4.863687e-06    -1.265952e-06    -5.976005e-06    -6.33017e-06    -2.997433e-06    1.015424e-05    -3.651903e-06    1.915062e-06    6.675126e-06    -5.661919e-07    -2.685341e-06    -2.288136e-06    3.522542e-06    1.899704e-06    2.408188e-07    3.603099e-08    6.963992e-06    -1.112375e-06    -1.04897e-05    -1.566389e-06    2.857345e-06    1.829711e-06    1.828359e-06    1.825239e-06    -1.823053e-06    -4.77093e-06
-2.202562e-06    -4.907613e-06    -2.810231e-06    1.736789e-06    3.914461e-06    1.975221e-06    4.833698e-06    2.561179e-06    5.794173e-07    -3.651903e-06    8.042005e-06    -4.810785e-06    -8.391052e-06    1.675909e-06    1.544941e-06    -2.555085e-07    -2.692611e-07    8.581062e-07    -9.925896e-07    -5.946494e-07    -4.203755e-06    -7.027744e-07    2.893219e-06    1.070918e-06    2.60402e-06    -1.584675e-06    -1.781617e-06    -6.321215e-07    2.457271e-06    2.787715e-06
4.498146e-06    4.611861e-06    7.622788e-07    -1.302366e-06    -4.351388e-06    -1.338736e-06    -5.091686e-06    -2.191134e-06    8.093126e-07    1.915062e-06    -4.810785e-06    1.91187e-05    -4.663881e-06    -3.463173e-06    -7.922267e-07    1.46239e-06    -6.061301e-07    -1.644916e-06    1.822573e-06    2.958864e-07    7.765215e-06    8.13473e-08    -3.806946e-06    -2.126712e-06    -1.297736e-06    -3.685812e-07    2.643078e-06    1.190894e-06    -2.368185e-06    -7.346208e-07
3.781789e-06    7.840229e-06    6.685309e-06    -3.296986e-06    -1.086835e-05    -3.741022e-06    -1.169407e-05    -6.186009e-06    3.979584e-07    6.675126e-06    -8.391052e-06    -4.663881e-06    3.147253e-05    -7.028738e-06    -9.613422e-06    4.980032e-07    8.448003e-08    -2.308588e-06    3.801437e-06    1.131152e-06    1.145561e-05    5.842249e-07    -9.348033e-06    -1.406503e-06    -3.71809e-06    1.340956e-06    3.389165e-06    4.677276e-06    -2.355926e-06    -8.565458e-06
-1.006005e-06    -3.242027e-06    -1.858539e-06    2.55013e-06    3.440739e-06    1.091287e-06    3.584717e-06    1.240668e-06    -8.730004e-07    -5.661919e-07    1.675909e-06    -3.463173e-06    -7.028738e-06    7.032057e-06    2.004882e-06    -1.136388e-06    1.227513e-06    1.702744e-06    -1.766066e-06    -4.442341e-07    -4.13224e-06    -3.557998e-07    7.971868e-07    7.630828e-07    1.720199e-06    1.067932e-06    -7.073638e-07    -1.604515e-06    2.870819e-08    9.374238e-07
-2.769854e-06    -2.662937e-06    -1.733522e-06    1.136097e-06    6.298191e-06    1.694568e-06    5.825425e-06    2.857781e-06    -9.268243e-07    -2.685341e-06    1.544941e-06    -7.922267e-07    -9.613422e-06    2.004882e-06    6.251922e-06    -2.12463e-07    -7.585649e-07    8.597008e-07    -2.124743e-06    -1.822441e-07    -7.952255e-06    -1.356619e-07    7.415775e-06    8.020914e-07    2.802321e-08    -1.836587e-07    -2.056933e-06    -2.753645e-06    6.938187e-07    3.897065e-06
-3.495821e-07    2.018324e-07    7.095472e-07    9.752737e-07    -1.524929e-07    2.464487e-07    9.568703e-07    1.733882e-06    1.416097e-06    -2.288136e-06    -2.555085e-07    1.46239e-06    4.980032e-07    -1.136388e-06    -2.12463e-07    3.147431e-06    -2.270696e-06    -2.616707e-06    5.260565e-07    1.832993e-07    -1.33758e-06    1.546327e-06    4.169561e-06    3.727951e-07    -2.110031e-06    -1.131448e-06    -4.301079e-07    8.361947e-08    5.972722e-07    1.464961e-06
1.537177e-06    2.726e-07    -8.637079e-07    -1.267185e-06    -1.746867e-06    -2.935308e-07    -2.518098e-06    -2.982903e-06    -1.586535e-06    3.522542e-06    -2.692611e-07    -6.061301e-07    8.448003e-08    1.227513e-06    -7.585649e-07    -2.270696e-06    8.999813e-06    -1.52951e-06    -2.158703e-06    7.417984e-08    4.35473e-06    -1.165344e-06    -9.146473e-06    7.204967e-07    1.268383e-06    -2.033496e-07    1.366504e-06    2.215715e-06    -4.497084e-07    -3.054949e-06
-2.75223e-07    -6.518382e-07    -9.030707e-07    -8.658649e-07    8.76154e-07    -7.338631e-08    -3.461307e-07    -1.071408e-06    -1.137006e-06    1.899704e-06    8.581062e-07    -1.644916e-06    -2.308588e-06    1.702744e-06    8.597008e-07    -2.616707e-06    -1.52951e-06    6.475147e-06    -1.035103e-06    -8.321831e-07    4.885394e-08    -1.694866e-06    -2.508325e-06    -4.33187e-07    2.881591e-06    1.180325e-06    -2.302314e-07    -4.45687e-07    8.534755e-08    -9.110639e-07
1.288261e-06    1.411968e-06    6.354235e-07    -6.660566e-07    -2.261628e-06    -7.495988e-07    -2.769606e-06    -1.217516e-06    9.234452e-07    2.408188e-07    -9.925896e-07    1.822573e-06    3.801437e-06    -1.766066e-06    -2.124743e-06    5.260565e-07    -2.158703e-06    -1.035103e-06    3.602277e-06    -7.012462e-08    4.228231e-06    -1.761267e-08    -1.736077e-06    -4.830777e-07    -7.327867e-07    8.208397e-07    1.055915e-06    4.606324e-07    -6.463205e-07    -1.764431e-06
1.867654e-07    4.154211e-07    3.794719e-07    2.335008e-08    -3.192572e-07    -1.249462e-07    -7.295953e-08    8.958705e-08    -5.126885e-08    3.603099e-08    -5.946494e-07    2.958864e-07    1.131152e-06    -4.442341e-07    -1.822441e-07    1.832993e-07    7.417984e-08    -8.321831e-07    -7.012462e-08    5.490899e-07    -1.783151e-07    3.98343e-07    5.345336e-07    -3.89096e-07    -4.894065e-07    -6.801364e-08    -8.368661e-08    4.643949e-10    -1.814252e-07    -4.2345e-08
7.432461e-06    5.54591e-06    9.937284e-07    -4.001137e-06    -1.155756e-05    -2.179001e-06    -1.426498e-05    -1.00117e-05    7.95841e-07    6.963992e-06    -4.203755e-06    7.765215e-06    1.145561e-05    -4.13224e-06    -7.952255e-06    -1.33758e-06    4.35473e-06    4.885394e-08    4.228231e-06    -1.783151e-07    3.447127e-05    -1.75381e-06    -2.926069e-05    -3.41665e-06    1.053693e-06    5.086391e-09    6.186458e-06    6.556562e-06    -3.30752e-06    -9.839203e-06
-1.994054e-07    9.883185e-07    1.323658e-06    3.974699e-07    -1.13363e-06    -8.877771e-07    1.883786e-06    2.889272e-06    3.297444e-07    -1.112375e-06    -7.027744e-07    8.13473e-08    5.842249e-07    -3.557998e-07    -1.356619e-07    1.546327e-06    -1.165344e-06    -1.694866e-06    -1.761267e-08    3.98343e-07    -1.75381e-06    1.633123e-05    -2.068668e-06    -7.985345e-06    1.689296e-06    3.352984e-08    -1.153125e-06    -5.262953e-07    1.018953e-06    1.043283e-06
-7.430926e-06    -4.116627e-06    7.725171e-08    4.27801e-06    1.086004e-05    2.244062e-06    1.341026e-05    1.12307e-05    1.691634e-06    -1.04897e-05    2.893219e-06    -3.806946e-06    -9.348033e-06    7.971868e-07    7.415775e-06    4.169561e-06    -9.146473e-06    -2.508325e-06    -1.736077e-06    5.345336e-07    -2.926069e-05    -2.068668e-06    4.014613e-05    2.628551e-06    -8.016042e-06    -5.752443e-07    -5.028594e-06    -7.048326e-06    1.985404e-06    1.178185e-05
-1.228026e-06    -1.448733e-06    -5.40342e-08    8.909778e-07    7.639993e-07    2.514435e-07    1.484146e-06    8.086423e-07    1.619016e-06    -1.566389e-06    1.070918e-06    -2.126712e-06    -1.406503e-06    7.630828e-07    8.020914e-07    3.727951e-07    7.204967e-07    -4.33187e-07    -4.830777e-07    -3.89096e-07    -3.41665e-06    -7.985345e-06    2.628551e-06    1.515576e-05    -6.47047e-06    -1.190777e-06    3.866016e-07    5.969367e-07    4.961805e-07    -1.346914e-07
-1.887441e-07    -1.742286e-06    -2.044219e-06    -1.113351e-06    2.777257e-08    4.715029e-07    -6.545061e-07    -1.842942e-06    -8.875584e-07    2.857345e-06    2.60402e-06    -1.297736e-06    -3.71809e-06    1.720199e-06    2.802321e-08    -2.110031e-06    1.268383e-06    2.881591e-06    -7.327867e-07    -4.894065e-07    1.053693e-06    1.689296e-06    -8.016042e-06    -6.47047e-06    1.560759e-05    1.498076e-06    -1.548826e-06    -1.214109e-06    1.058997e-06    1.396884e-07
2.479062e-07    5.778804e-07    1.107767e-07    -5.08853e-07    -2.864695e-08    -2.79458e-07    -1.390945e-06    -1.071047e-06    -7.402617e-07    1.829711e-06    -1.584675e-06    -3.685812e-07    1.340956e-06    1.067932e-06    -1.836587e-07    -1.131448e-06    -2.033496e-07    1.180325e-06    8.208397e-07    -6.801364e-08    5.086391e-09    3.352984e-08    -5.752443e-07    -1.190777e-06    1.498076e-06    5.372935e-06    -1.048605e-06    -3.038114e-06    1.074588e-07    -8.356004e-07
1.766046e-06    1.875456e-06    5.841426e-07    -9.948266e-07    -2.505665e-06    -6.226356e-07    -3.683762e-06    -2.581779e-06    5.525694e-07    1.828359e-06    -1.781617e-06    2.643078e-06    3.389165e-06    -7.073638e-07    -2.056933e-06    -4.301079e-07    1.366504e-06    -2.302314e-07    1.055915e-06    -8.368661e-08    6.186458e-06    -1.153125e-06    -5.028594e-06    3.866016e-07    -1.548826e-06    -1.048605e-06    6.412761e-06    2.074921e-06    -4.802022e-06    -1.870294e-06
1.777099e-06    1.564039e-06    5.967858e-07    -1.094827e-06    -3.204349e-06    -5.772586e-07    -3.93056e-06    -2.497797e-06    3.21334e-07    1.825239e-06    -6.321215e-07    1.190894e-06    4.677276e-06    -1.604515e-06    -2.753645e-06    8.361947e-08    2.215715e-06    -4.45687e-07    4.606324e-07    4.643949e-10    6.556562e-06    -5.262953e-07    -7.048326e-06    5.969367e-07    -1.214109e-06    -3.038114e-06    2.074921e-06    6.704207e-06    -6.723546e-07    -5.456442e-06
-1.310161e-06    -1.621133e-06    -6.768599e-07    4.279654e-07    1.377975e-06    2.030248e-07    2.407905e-06    1.988813e-06    1.974359e-08    -1.823053e-06    2.457271e-06    -2.368185e-06    -2.355926e-06    2.870819e-08    6.938187e-07    5.972722e-07    -4.497084e-07    8.534755e-08    -6.463205e-07    -1.814252e-07    -3.30752e-06    1.018953e-06    1.985404e-06    4.961805e-07    1.058997e-06    1.074588e-07    -4.802022e-06    -6.723546e-07    7.346948e-06    -1.715072e-06
-2.966004e-06    -2.893027e-06    -1.056822e-06    2.267668e-06    4.894336e-06    1.584096e-06    7.243588e-06    4.993355e-06    2.586588e-07    -4.77093e-06    2.787715e-06    -7.346208e-07    -8.565458e-06    9.374238e-07    3.897065e-06    1.464961e-06    -3.054949e-06    -9.110639e-07    -1.764431e-06    -4.2345e-08    -9.839203e-06    1.043283e-06    1.178185e-05    -1.346914e-07    1.396884e-07    -8.356004e-07    -1.870294e-06    -5.456442e-06    -1.715072e-06    1.090784e-05
