6.40453e-06    1.805346e-06    -1.789783e-06    3.080078e-09    -3.085656e-06    1.530098e-06    7.376406e-08    -3.924785e-06    5.939409e-07    1.269054e-06    9.035914e-07    -1.70394e-06    -1.234211e-07    -5.018605e-09    -1.940833e-07    -6.560894e-08    -6.54855e-07    -1.174165e-06    4.424348e-07    2.021903e-06
1.805346e-06    1.318194e-05    6.971675e-06    -3.502478e-06    -9.198236e-06    4.088805e-06    -4.516479e-06    -7.793698e-06    1.537482e-06    4.507593e-06    1.679319e-06    -3.828731e-06    -1.223962e-06    -1.217867e-06    1.605227e-08    -1.081987e-06    -3.194677e-06    -3.361776e-06    2.238338e-06    6.216886e-06
-1.789783e-06    6.971675e-06    1.050383e-05    -7.422984e-07    -9.049029e-06    3.438613e-06    -5.211607e-06    -5.043836e-06    1.436155e-06    3.414338e-06    9.603358e-07    -2.559287e-06    -9.077085e-07    -1.27486e-06    1.260342e-07    -5.726965e-07    -3.006883e-06    -2.507672e-06    2.103888e-06    4.516348e-06
3.080078e-09    -3.502478e-06    -7.422984e-07    5.972233e-06    -1.824118e-06    3.609355e-07    6.955007e-07    -4.024566e-07    -3.723943e-07    -2.394287e-07    4.62102e-07    -4.366871e-07    -1.613283e-07    2.000262e-07    -3.83173e-08    -1.340807e-07    2.771992e-07    1.244574e-07    -3.071829e-07    3.319786e-07
-3.085656e-06    -9.198236e-06    -9.049029e-06    -1.824118e-06    1.634509e-05    -5.745789e-06    5.145172e-06    1.160331e-05    -2.875499e-06    -5.60936e-06    -1.657129e-06    4.7911e-06    3.880366e-07    1.548246e-06    2.302625e-07    4.211424e-07    4.009545e-06    4.672319e-06    -2.402497e-06    -7.803914e-06
1.530098e-06    4.088805e-06    3.438613e-06    3.609355e-07    -5.745789e-06    8.042005e-06    -4.810785e-06    -8.391052e-06    1.675909e-06    1.544941e-06    -2.555085e-07    -2.692611e-07    8.581062e-07    -9.925896e-07    -5.946494e-07    -1.584675e-06    -1.781617e-06    -6.321215e-07    2.457271e-06    2.787715e-06
7.376406e-08    -4.516479e-06    -5.211607e-06    6.955007e-07    5.145172e-06    -4.810785e-06    1.91187e-05    -4.663881e-06    -3.463173e-06    -7.922267e-07    1.46239e-06    -6.061301e-07    -1.644916e-06    1.822573e-06    2.958864e-07    -3.685812e-07    2.643078e-06    1.190894e-06    -2.368185e-06    -7.346208e-07
-3.924785e-06    -7.793698e-06    -5.043836e-06    -4.024566e-07    1.160331e-05    -8.391052e-06    -4.663881e-06    3.147253e-05    -7.028738e-06    -9.613422e-06    4.980032e-07    8.448003e-08    -2.308588e-06    3.801437e-06    1.131152e-06    1.340956e-06    3.389165e-06    4.677276e-06    -2.355926e-06    -8.565458e-06
5.939409e-07    1.537482e-06    1.436155e-06    -3.723943e-07    -2.875499e-06    1.675909e-06    -3.463173e-06    -7.028738e-06    7.032057e-06    2.004882e-06    -1.136388e-06    1.227513e-06    1.702744e-06    -1.766066e-06    -4.442341e-07    1.067932e-06    -7.073638e-07    -1.604515e-06    2.870819e-08    9.374238e-07
1.269054e-06    4.507593e-06    3.414338e-06    -2.394287e-07    -5.60936e-06    1.544941e-06    -7.922267e-07    -9.613422e-06    2.004882e-06    6.251922e-06    -2.12463e-07    -7.585649e-07    8.597008e-07    -2.124743e-06    -1.822441e-07    -1.836587e-07    -2.056933e-06    -2.753645e-06    6.938187e-07    3.897065e-06
9.035914e-07    1.679319e-06    9.603358e-07    4.62102e-07    -1.657129e-06    -2.555085e-07    1.46239e-06    4.980032e-07    -1.136388e-06    -2.12463e-07    3.147431e-06    -2.270696e-06    -2.616707e-06    5.260565e-07    1.832993e-07    -1.131448e-06    -4.301079e-07    8.361947e-08    5.972722e-07    1.464961e-06
-1.70394e-06    -3.828731e-06    -2.559287e-06    -4.366871e-07    4.7911e-06    -2.692611e-07    -6.061301e-07    8.448003e-08    1.227513e-06    -7.585649e-07    -2.270696e-06    8.999813e-06    -1.52951e-06    -2.158703e-06    7.417984e-08    -2.033496e-07    1.366504e-06    2.215715e-06    -4.497084e-07    -3.054949e-06
-1.234211e-07    -1.223962e-06    -9.077085e-07    -1.613283e-07    3.880366e-07    8.581062e-07    -1.644916e-06    -2.308588e-06    1.702744e-06    8.597008e-07    -2.616707e-06    -1.52951e-06    6.475147e-06    -1.035103e-06    -8.321831e-07    1.180325e-06    -2.302314e-07    -4.45687e-07    8.534755e-08    -9.110639e-07
-5.018605e-09    -1.217867e-06    -1.27486e-06    2.000262e-07    1.548246e-06    -9.925896e-07    1.822573e-06    3.801437e-06    -1.766066e-06    -2.124743e-06    5.260565e-07    -2.158703e-06    -1.035103e-06    3.602277e-06    -7.012462e-08    8.208397e-07    1.055915e-06    4.606324e-07    -6.463205e-07    -1.764431e-06
-1.940833e-07    1.605227e-08    1.260342e-07    -3.83173e-08    2.302625e-07    -5.946494e-07    2.958864e-07    1.131152e-06    -4.442341e-07    -1.822441e-07    1.832993e-07    7.417984e-08    -8.321831e-07    -7.012462e-08    5.490899e-07    -6.801364e-08    -8.368661e-08    4.643949e-10    -1.814252e-07    -4.2345e-08
-6.560894e-08    -1.081987e-06    -5.726965e-07    -1.340807e-07    4.211424e-07    -1.584675e-06    -3.685812e-07    1.340956e-06    1.067932e-06    -1.836587e-07    -1.131448e-06    -2.033496e-07    1.180325e-06    8.208397e-07    -6.801364e-08    5.372935e-06    -1.048605e-06    -3.038114e-06    1.074588e-07    -8.356004e-07
-6.54855e-07    -3.194677e-06    -3.006883e-06    2.771992e-07    4.009545e-06    -1.781617e-06    2.643078e-06    3.389165e-06    -7.073638e-07    -2.056933e-06    -4.301079e-07    1.366504e-06    -2.302314e-07    1.055915e-06    -8.368661e-08    -1.048605e-06    6.412761e-06    2.074921e-06    -4.802022e-06    -1.870294e-06
-1.174165e-06    -3.361776e-06    -2.507672e-06    1.244574e-07    4.672319e-06    -6.321215e-07    1.190894e-06    4.677276e-06    -1.604515e-06    -2.753645e-06    8.361947e-08    2.215715e-06    -4.45687e-07    4.606324e-07    4.643949e-10    -3.038114e-06    2.074921e-06    6.704207e-06    -6.723546e-07    -5.456442e-06
4.424348e-07    2.238338e-06    2.103888e-06    -3.071829e-07    -2.402497e-06    2.457271e-06    -2.368185e-06    -2.355926e-06    2.870819e-08    6.938187e-07    5.972722e-07    -4.497084e-07    8.534755e-08    -6.463205e-07    -1.814252e-07    1.074588e-07    -4.802022e-06    -6.723546e-07    7.346948e-06    -1.715072e-06
2.021903e-06    6.216886e-06    4.516348e-06    3.319786e-07    -7.803914e-06    2.787715e-06    -7.346208e-07    -8.565458e-06    9.374238e-07    3.897065e-06    1.464961e-06    -3.054949e-06    -9.110639e-07    -1.764431e-06    -4.2345e-08    -8.356004e-07    -1.870294e-06    -5.456442e-06    -1.715072e-06    1.090784e-05
