5.986784e-06    -5.296229e-07    -3.377952e-06    3.889622e-07    -6.078117e-07    1.716217e-07    -2.303351e-08    -3.882954e-07    1.763542e-06    -1.029826e-07    1.425542e-07    1.103521e-06    8.864857e-07    -5.834542e-07    -1.603617e-06
-5.296229e-07    5.636718e-06    8.171368e-07    -3.663831e-06    -6.033849e-07    -1.976336e-06    1.535463e-06    1.967351e-06    -1.472192e-06    -1.078493e-07    6.220229e-07    -4.292939e-07    -5.792725e-07    2.297105e-08    -7.036676e-08
-3.377952e-06    8.171368e-07    7.445097e-06    1.276807e-07    -3.790918e-06    -2.530239e-06    3.043643e-06    2.697749e-06    -1.641489e-06    -2.744734e-07    1.298005e-06    -6.271573e-07    2.600347e-08    5.468709e-07    -1.603088e-06
3.889622e-07    -3.663831e-06    1.276807e-07    7.232965e-06    -2.657269e-06    3.036387e-07    1.613494e-06    -3.496128e-07    1.149436e-06    -2.24787e-07    -1.869835e-07    1.752253e-06    2.104521e-06    -8.097556e-07    -2.663882e-06
-6.078117e-07    -6.033849e-07    -3.790918e-06    -2.657269e-06    6.276715e-06    2.372439e-06    -3.915357e-06    -1.93823e-06    5.392069e-08    4.332605e-07    -7.121315e-07    -9.94616e-07    -1.528724e-06    1.357994e-07    3.491419e-06
1.716217e-07    -1.976336e-06    -2.530239e-06    3.036387e-07    2.372439e-06    3.147431e-06    -2.270696e-06    -2.616707e-06    5.260565e-07    1.832993e-07    -1.131448e-06    -4.301079e-07    8.361947e-08    5.972722e-07    1.464961e-06
-2.303351e-08    1.535463e-06    3.043643e-06    1.613494e-06    -3.915357e-06    -2.270696e-06    8.999813e-06    -1.52951e-06    -2.158703e-06    7.417984e-08    -2.033496e-07    1.366504e-06    2.215715e-06    -4.497084e-07    -3.054949e-06
-3.882954e-07    1.967351e-06    2.697749e-06    -3.496128e-07    -1.93823e-06    -2.616707e-06    -1.52951e-06    6.475147e-06    -1.035103e-06    -8.321831e-07    1.180325e-06    -2.302314e-07    -4.45687e-07    8.534755e-08    -9.110639e-07
1.763542e-06    -1.472192e-06    -1.641489e-06    1.149436e-06    5.392069e-08    5.260565e-07    -2.158703e-06    -1.035103e-06    3.602277e-06    -7.012462e-08    8.208397e-07    1.055915e-06    4.606324e-07    -6.463205e-07    -1.764431e-06
-1.029826e-07    -1.078493e-07    -2.744734e-07    -2.24787e-07    4.332605e-07    1.832993e-07    7.417984e-08    -8.321831e-07    -7.012462e-08    5.490899e-07    -6.801364e-08    -8.368661e-08    4.643949e-10    -1.814252e-07    -4.2345e-08
1.425542e-07    6.220229e-07    1.298005e-06    -1.869835e-07    -7.121315e-07    -1.131448e-06    -2.033496e-07    1.180325e-06    8.208397e-07    -6.801364e-08    5.372935e-06    -1.048605e-06    -3.038114e-06    1.074588e-07    -8.356004e-07
1.103521e-06    -4.292939e-07    -6.271573e-07    1.752253e-06    -9.94616e-07    -4.301079e-07    1.366504e-06    -2.302314e-07    1.055915e-06    -8.368661e-08    -1.048605e-06    6.412761e-06    2.074921e-06    -4.802022e-06    -1.870294e-06
8.864857e-07    -5.792725e-07    2.600347e-08    2.104521e-06    -1.528724e-06    8.361947e-08    2.215715e-06    -4.45687e-07    4.606324e-07    4.643949e-10    -3.038114e-06    2.074921e-06    6.704207e-06    -6.723546e-07    -5.456442e-06
-5.834542e-07    2.297105e-08    5.468709e-07    -8.097556e-07    1.357994e-07    5.972722e-07    -4.497084e-07    8.534755e-08    -6.463205e-07    -1.814252e-07    1.074588e-07    -4.802022e-06    -6.723546e-07    7.346948e-06    -1.715072e-06
-1.603617e-06    -7.036676e-08    -1.603088e-06    -2.663882e-06    3.491419e-06    1.464961e-06    -3.054949e-06    -9.110639e-07    -1.764431e-06    -4.2345e-08    -8.356004e-07    -1.870294e-06    -5.456442e-06    -1.715072e-06    1.090784e-05
