6.582398e-06    1.037564e-06    -2.446976e-06    -3.224219e-07    -8.358538e-07    -1.892071e-07    1.04311e-06    2.856079e-07    1.140192e-06    -1.112852e-06    -8.535279e-08    1.019997e-06    -3.567718e-07    1.33239e-07    7.493415e-08    -4.194073e-08    1.042243e-07    3.941521e-07    -3.310779e-08    -6.925684e-07
1.037564e-06    7.037613e-06    1.691766e-06    -2.041662e-06    -2.820863e-06    -3.957595e-06    2.492994e-06    8.303798e-06    -3.038334e-06    -2.72155e-06    2.481087e-07    7.324402e-08    -6.877827e-07    1.40315e-06    3.536604e-07    5.208159e-07    1.273954e-06    1.364337e-06    -9.111702e-07    -2.654648e-06
-2.446976e-06    1.691766e-06    6.470306e-06    1.44606e-06    -4.993714e-06    -3.882092e-06    3.490439e-06    6.760025e-06    -2.731477e-06    -2.114869e-06    4.839747e-07    -4.755863e-07    -8.076503e-07    1.150788e-06    4.00371e-07    2.251774e-07    1.514257e-06    1.160144e-06    -1.477891e-06    -1.936522e-06
-3.224219e-07    -2.041662e-06    1.44606e-06    6.593983e-06    -4.096146e-06    -1.173797e-06    3.126342e-06    1.136944e-06    1.391767e-07    -1.231653e-06    2.45434e-07    2.43231e-07    -3.442232e-07    6.344871e-07    9.599355e-08    2.402016e-07    1.214994e-06    6.828013e-07    -1.261516e-06    -1.087171e-06
-8.358538e-07    -2.820863e-06    -4.993714e-06    -4.096146e-06    1.26802e-05    4.568852e-06    -5.259506e-06    -9.80969e-06    3.490774e-06    4.112386e-06    -5.978723e-07    3.945709e-07    1.758988e-06    -2.799644e-06    -5.683653e-07    2.792027e-07    -3.030956e-06    -2.128458e-06    2.238492e-06    3.362007e-06
-1.892071e-07    -3.957595e-06    -3.882092e-06    -1.173797e-06    4.568852e-06    8.042005e-06    -4.810785e-06    -8.391052e-06    1.675909e-06    1.544941e-06    -2.555085e-07    -2.692611e-07    8.581062e-07    -9.925896e-07    -5.946494e-07    -1.584675e-06    -1.781617e-06    -6.321215e-07    2.457271e-06    2.787715e-06
1.04311e-06    2.492994e-06    3.490439e-06    3.126342e-06    -5.259506e-06    -4.810785e-06    1.91187e-05    -4.663881e-06    -3.463173e-06    -7.922267e-07    1.46239e-06    -6.061301e-07    -1.644916e-06    1.822573e-06    2.958864e-07    -3.685812e-07    2.643078e-06    1.190894e-06    -2.368185e-06    -7.346208e-07
2.856079e-07    8.303798e-06    6.760025e-06    1.136944e-06    -9.80969e-06    -8.391052e-06    -4.663881e-06    3.147253e-05    -7.028738e-06    -9.613422e-06    4.980032e-07    8.448003e-08    -2.308588e-06    3.801437e-06    1.131152e-06    1.340956e-06    3.389165e-06    4.677276e-06    -2.355926e-06    -8.565458e-06
1.140192e-06    -3.038334e-06    -2.731477e-06    1.391767e-07    3.490774e-06    1.675909e-06    -3.463173e-06    -7.028738e-06    7.032057e-06    2.004882e-06    -1.136388e-06    1.227513e-06    1.702744e-06    -1.766066e-06    -4.442341e-07    1.067932e-06    -7.073638e-07    -1.604515e-06    2.870819e-08    9.374238e-07
-1.112852e-06    -2.72155e-06    -2.114869e-06    -1.231653e-06    4.112386e-06    1.544941e-06    -7.922267e-07    -9.613422e-06    2.004882e-06    6.251922e-06    -2.12463e-07    -7.585649e-07    8.597008e-07    -2.124743e-06    -1.822441e-07    -1.836587e-07    -2.056933e-06    -2.753645e-06    6.938187e-07    3.897065e-06
-8.535279e-08    2.481087e-07    4.839747e-07    2.45434e-07    -5.978723e-07    -2.555085e-07    1.46239e-06    4.980032e-07    -1.136388e-06    -2.12463e-07    3.147431e-06    -2.270696e-06    -2.616707e-06    5.260565e-07    1.832993e-07    -1.131448e-06    -4.301079e-07    8.361947e-08    5.972722e-07    1.464961e-06
1.019997e-06    7.324402e-08    -4.755863e-07    2.43231e-07    3.945709e-07    -2.692611e-07    -6.061301e-07    8.448003e-08    1.227513e-06    -7.585649e-07    -2.270696e-06    8.999813e-06    -1.52951e-06    -2.158703e-06    7.417984e-08    -2.033496e-07    1.366504e-06    2.215715e-06    -4.497084e-07    -3.054949e-06
-3.567718e-07    -6.877827e-07    -8.076503e-07    -3.442232e-07    1.758988e-06    8.581062e-07    -1.644916e-06    -2.308588e-06    1.702744e-06    8.597008e-07    -2.616707e-06    -1.52951e-06    6.475147e-06    -1.035103e-06    -8.321831e-07    1.180325e-06    -2.302314e-07    -4.45687e-07    8.534755e-08    -9.110639e-07
1.33239e-07    1.40315e-06    1.150788e-06    6.344871e-07    -2.799644e-06    -9.925896e-07    1.822573e-06    3.801437e-06    -1.766066e-06    -2.124743e-06    5.260565e-07    -2.158703e-06    -1.035103e-06    3.602277e-06    -7.012462e-08    8.208397e-07    1.055915e-06    4.606324e-07    -6.463205e-07    -1.764431e-06
7.493415e-08    3.536604e-07    4.00371e-07    9.599355e-08    -5.683653e-07    -5.946494e-07    2.958864e-07    1.131152e-06    -4.442341e-07    -1.822441e-07    1.832993e-07    7.417984e-08    -8.321831e-07    -7.012462e-08    5.490899e-07    -6.801364e-08    -8.368661e-08    4.643949e-10    -1.814252e-07    -4.2345e-08
-4.194073e-08    5.208159e-07    2.251774e-07    2.402016e-07    2.792027e-07    -1.584675e-06    -3.685812e-07    1.340956e-06    1.067932e-06    -1.836587e-07    -1.131448e-06    -2.033496e-07    1.180325e-06    8.208397e-07    -6.801364e-08    5.372935e-06    -1.048605e-06    -3.038114e-06    1.074588e-07    -8.356004e-07
1.042243e-07    1.273954e-06    1.514257e-06    1.214994e-06    -3.030956e-06    -1.781617e-06    2.643078e-06    3.389165e-06    -7.073638e-07    -2.056933e-06    -4.301079e-07    1.366504e-06    -2.302314e-07    1.055915e-06    -8.368661e-08    -1.048605e-06    6.412761e-06    2.074921e-06    -4.802022e-06    -1.870294e-06
3.941521e-07    1.364337e-06    1.160144e-06    6.828013e-07    -2.128458e-06    -6.321215e-07    1.190894e-06    4.677276e-06    -1.604515e-06    -2.753645e-06    8.361947e-08    2.215715e-06    -4.45687e-07    4.606324e-07    4.643949e-10    -3.038114e-06    2.074921e-06    6.704207e-06    -6.723546e-07    -5.456442e-06
-3.310779e-08    -9.111702e-07    -1.477891e-06    -1.261516e-06    2.238492e-06    2.457271e-06    -2.368185e-06    -2.355926e-06    2.870819e-08    6.938187e-07    5.972722e-07    -4.497084e-07    8.534755e-08    -6.463205e-07    -1.814252e-07    1.074588e-07    -4.802022e-06    -6.723546e-07    7.346948e-06    -1.715072e-06
-6.925684e-07    -2.654648e-06    -1.936522e-06    -1.087171e-06    3.362007e-06    2.787715e-06    -7.346208e-07    -8.565458e-06    9.374238e-07    3.897065e-06    1.464961e-06    -3.054949e-06    -9.110639e-07    -1.764431e-06    -4.2345e-08    -8.356004e-07    -1.870294e-06    -5.456442e-06    -1.715072e-06    1.090784e-05
