5.986784e-06    -5.296229e-07    -3.377952e-06    3.889622e-07    -6.078117e-07    -3.441333e-07    1.746857e-06    2.319799e-06    -1.199349e-06    -1.887141e-06    1.716217e-07    -2.303351e-08    -3.882954e-07    1.763542e-06    -1.029826e-07    1.425542e-07    1.103521e-06    8.864857e-07    -5.834542e-07    -1.603617e-06
-5.296229e-07    5.636718e-06    8.171368e-07    -3.663831e-06    -6.033849e-07    6.935143e-07    -2.678825e-06    -1.324661e-06    1.411444e-06    1.213819e-06    -1.976336e-06    1.535463e-06    1.967351e-06    -1.472192e-06    -1.078493e-07    6.220229e-07    -4.292939e-07    -5.792725e-07    2.297105e-08    -7.036676e-08
-3.377952e-06    8.171368e-07    7.445097e-06    1.276807e-07    -3.790918e-06    -4.06503e-09    -2.46373e-06    -9.321339e-07    1.832906e-06    7.353185e-07    -2.530239e-06    3.043643e-06    2.697749e-06    -1.641489e-06    -2.744734e-07    1.298005e-06    -6.271573e-07    2.600347e-08    5.468709e-07    -1.603088e-06
3.889622e-07    -3.663831e-06    1.276807e-07    7.232965e-06    -2.657269e-06    -1.149388e-06    3.057262e-06    1.890913e-06    -9.173135e-07    -2.243802e-06    3.036387e-07    1.613494e-06    -3.496128e-07    1.149436e-06    -2.24787e-07    -1.869835e-07    1.752253e-06    2.104521e-06    -8.097556e-07    -2.663882e-06
-6.078117e-07    -6.033849e-07    -3.790918e-06    -2.657269e-06    6.276715e-06    2.882749e-08    4.048751e-07    -2.248754e-07    -9.113749e-07    1.041881e-06    2.372439e-06    -3.915357e-06    -1.93823e-06    5.392069e-08    4.332605e-07    -7.121315e-07    -9.94616e-07    -1.528724e-06    1.357994e-07    3.491419e-06
-3.441333e-07    6.935143e-07    -4.06503e-09    -1.149388e-06    2.882749e-08    8.042005e-06    -4.810785e-06    -8.391052e-06    1.675909e-06    1.544941e-06    -2.555085e-07    -2.692611e-07    8.581062e-07    -9.925896e-07    -5.946494e-07    -1.584675e-06    -1.781617e-06    -6.321215e-07    2.457271e-06    2.787715e-06
1.746857e-06    -2.678825e-06    -2.46373e-06    3.057262e-06    4.048751e-07    -4.810785e-06    1.91187e-05    -4.663881e-06    -3.463173e-06    -7.922267e-07    1.46239e-06    -6.061301e-07    -1.644916e-06    1.822573e-06    2.958864e-07    -3.685812e-07    2.643078e-06    1.190894e-06    -2.368185e-06    -7.346208e-07
2.319799e-06    -1.324661e-06    -9.321339e-07    1.890913e-06    -2.248754e-07    -8.391052e-06    -4.663881e-06    3.147253e-05    -7.028738e-06    -9.613422e-06    4.980032e-07    8.448003e-08    -2.308588e-06    3.801437e-06    1.131152e-06    1.340956e-06    3.389165e-06    4.677276e-06    -2.355926e-06    -8.565458e-06
-1.199349e-06    1.411444e-06    1.832906e-06    -9.173135e-07    -9.113749e-07    1.675909e-06    -3.463173e-06    -7.028738e-06    7.032057e-06    2.004882e-06    -1.136388e-06    1.227513e-06    1.702744e-06    -1.766066e-06    -4.442341e-07    1.067932e-06    -7.073638e-07    -1.604515e-06    2.870819e-08    9.374238e-07
-1.887141e-06    1.213819e-06    7.353185e-07    -2.243802e-06    1.041881e-06    1.544941e-06    -7.922267e-07    -9.613422e-06    2.004882e-06    6.251922e-06    -2.12463e-07    -7.585649e-07    8.597008e-07    -2.124743e-06    -1.822441e-07    -1.836587e-07    -2.056933e-06    -2.753645e-06    6.938187e-07    3.897065e-06
1.716217e-07    -1.976336e-06    -2.530239e-06    3.036387e-07    2.372439e-06    -2.555085e-07    1.46239e-06    4.980032e-07    -1.136388e-06    -2.12463e-07    3.147431e-06    -2.270696e-06    -2.616707e-06    5.260565e-07    1.832993e-07    -1.131448e-06    -4.301079e-07    8.361947e-08    5.972722e-07    1.464961e-06
-2.303351e-08    1.535463e-06    3.043643e-06    1.613494e-06    -3.915357e-06    -2.692611e-07    -6.061301e-07    8.448003e-08    1.227513e-06    -7.585649e-07    -2.270696e-06    8.999813e-06    -1.52951e-06    -2.158703e-06    7.417984e-08    -2.033496e-07    1.366504e-06    2.215715e-06    -4.497084e-07    -3.054949e-06
-3.882954e-07    1.967351e-06    2.697749e-06    -3.496128e-07    -1.93823e-06    8.581062e-07    -1.644916e-06    -2.308588e-06    1.702744e-06    8.597008e-07    -2.616707e-06    -1.52951e-06    6.475147e-06    -1.035103e-06    -8.321831e-07    1.180325e-06    -2.302314e-07    -4.45687e-07    8.534755e-08    -9.110639e-07
1.763542e-06    -1.472192e-06    -1.641489e-06    1.149436e-06    5.392069e-08    -9.925896e-07    1.822573e-06    3.801437e-06    -1.766066e-06    -2.124743e-06    5.260565e-07    -2.158703e-06    -1.035103e-06    3.602277e-06    -7.012462e-08    8.208397e-07    1.055915e-06    4.606324e-07    -6.463205e-07    -1.764431e-06
-1.029826e-07    -1.078493e-07    -2.744734e-07    -2.24787e-07    4.332605e-07    -5.946494e-07    2.958864e-07    1.131152e-06    -4.442341e-07    -1.822441e-07    1.832993e-07    7.417984e-08    -8.321831e-07    -7.012462e-08    5.490899e-07    -6.801364e-08    -8.368661e-08    4.643949e-10    -1.814252e-07    -4.2345e-08
1.425542e-07    6.220229e-07    1.298005e-06    -1.869835e-07    -7.121315e-07    -1.584675e-06    -3.685812e-07    1.340956e-06    1.067932e-06    -1.836587e-07    -1.131448e-06    -2.033496e-07    1.180325e-06    8.208397e-07    -6.801364e-08    5.372935e-06    -1.048605e-06    -3.038114e-06    1.074588e-07    -8.356004e-07
1.103521e-06    -4.292939e-07    -6.271573e-07    1.752253e-06    -9.94616e-07    -1.781617e-06    2.643078e-06    3.389165e-06    -7.073638e-07    -2.056933e-06    -4.301079e-07    1.366504e-06    -2.302314e-07    1.055915e-06    -8.368661e-08    -1.048605e-06    6.412761e-06    2.074921e-06    -4.802022e-06    -1.870294e-06
8.864857e-07    -5.792725e-07    2.600347e-08    2.104521e-06    -1.528724e-06    -6.321215e-07    1.190894e-06    4.677276e-06    -1.604515e-06    -2.753645e-06    8.361947e-08    2.215715e-06    -4.45687e-07    4.606324e-07    4.643949e-10    -3.038114e-06    2.074921e-06    6.704207e-06    -6.723546e-07    -5.456442e-06
-5.834542e-07    2.297105e-08    5.468709e-07    -8.097556e-07    1.357994e-07    2.457271e-06    -2.368185e-06    -2.355926e-06    2.870819e-08    6.938187e-07    5.972722e-07    -4.497084e-07    8.534755e-08    -6.463205e-07    -1.814252e-07    1.074588e-07    -4.802022e-06    -6.723546e-07    7.346948e-06    -1.715072e-06
-1.603617e-06    -7.036676e-08    -1.603088e-06    -2.663882e-06    3.491419e-06    2.787715e-06    -7.346208e-07    -8.565458e-06    9.374238e-07    3.897065e-06    1.464961e-06    -3.054949e-06    -9.110639e-07    -1.764431e-06    -4.2345e-08    -8.356004e-07    -1.870294e-06    -5.456442e-06    -1.715072e-06    1.090784e-05
