8.56438e-06    1.656935e-06    -3.73977e-06    5.371598e-07    -1.851676e-06    -7.355973e-07    1.617401e-06    2.257883e-06    -4.605523e-07    -2.833919e-06
1.656935e-06    7.710914e-06    1.915862e-06    -2.814275e-06    -1.363248e-06    1.080695e-06    1.482334e-06    1.548501e-06    -1.188522e-06    -3.182629e-06
-3.73977e-06    1.915862e-06    8.080443e-06    6.411805e-07    -4.812911e-06    1.230689e-06    7.80759e-07    2.269184e-07    -1.591052e-06    -1.228718e-06
5.371598e-07    -2.814275e-06    6.411805e-07    7.31455e-06    -5.379579e-06    -9.285491e-07    1.048785e-06    4.052787e-07    -7.908764e-07    -1.799957e-07
-1.851676e-06    -1.363248e-06    -4.812911e-06    -5.379579e-06    1.304621e-05    1.001114e-06    -2.715132e-06    -2.01367e-06    2.301545e-06    2.384326e-06
-7.355973e-07    1.080695e-06    1.230689e-06    -9.285491e-07    1.001114e-06    5.372935e-06    -1.048605e-06    -3.038114e-06    1.074588e-07    -8.356004e-07
1.617401e-06    1.482334e-06    7.80759e-07    1.048785e-06    -2.715132e-06    -1.048605e-06    6.412761e-06    2.074921e-06    -4.802022e-06    -1.870294e-06
2.257883e-06    1.548501e-06    2.269184e-07    4.052787e-07    -2.01367e-06    -3.038114e-06    2.074921e-06    6.704207e-06    -6.723546e-07    -5.456442e-06
-4.605523e-07    -1.188522e-06    -1.591052e-06    -7.908764e-07    2.301545e-06    1.074588e-07    -4.802022e-06    -6.723546e-07    7.346948e-06    -1.715072e-06
-2.833919e-06    -3.182629e-06    -1.228718e-06    -1.799957e-07    2.384326e-06    -8.356004e-07    -1.870294e-06    -5.456442e-06    -1.715072e-06    1.090784e-05
