8.042005e-06    -4.810785e-06    -8.391052e-06    1.675909e-06    1.544941e-06    -2.555085e-07    -2.692611e-07    8.581062e-07    -9.925896e-07    -5.946494e-07    -7.5088e-07    2.380706e-06    1.578937e-06    -1.163156e-06    -7.5691e-07    -1.584675e-06    -1.781617e-06    -6.321215e-07    2.457271e-06    2.787715e-06
-4.810785e-06    1.91187e-05    -4.663881e-06    -3.463173e-06    -7.922267e-07    1.46239e-06    -6.061301e-07    -1.644916e-06    1.822573e-06    2.958864e-07    1.140986e-06    -9.119507e-07    -1.311684e-06    1.775567e-07    7.867073e-07    -3.685812e-07    2.643078e-06    1.190894e-06    -2.368185e-06    -7.346208e-07
-8.391052e-06    -4.663881e-06    3.147253e-05    -7.028738e-06    -9.613422e-06    4.980032e-07    8.448003e-08    -2.308588e-06    3.801437e-06    1.131152e-06    1.659868e-06    -6.014921e-06    -3.309594e-06    3.202635e-06    8.503548e-07    1.340956e-06    3.389165e-06    4.677276e-06    -2.355926e-06    -8.565458e-06
1.675909e-06    -3.463173e-06    -7.028738e-06    7.032057e-06    2.004882e-06    -1.136388e-06    1.227513e-06    1.702744e-06    -1.766066e-06    -4.442341e-07    -7.577465e-08    1.299377e-07    -1.63077e-07    -4.777885e-07    5.052755e-07    1.067932e-06    -7.073638e-07    -1.604515e-06    2.870819e-08    9.374238e-07
1.544941e-06    -7.922267e-07    -9.613422e-06    2.004882e-06    6.251922e-06    -2.12463e-07    -7.585649e-07    8.597008e-07    -2.124743e-06    -1.822441e-07    -1.893421e-06    3.655128e-06    2.472604e-06    -1.738236e-06    -5.334376e-07    -1.836587e-07    -2.056933e-06    -2.753645e-06    6.938187e-07    3.897065e-06
-2.555085e-07    1.46239e-06    4.980032e-07    -1.136388e-06    -2.12463e-07    3.147431e-06    -2.270696e-06    -2.616707e-06    5.260565e-07    1.832993e-07    -5.704305e-07    3.122603e-06    2.128601e-06    -1.014761e-06    -1.690008e-06    -1.131448e-06    -4.301079e-07    8.361947e-08    5.972722e-07    1.464961e-06
-2.692611e-07    -6.061301e-07    8.448003e-08    1.227513e-06    -7.585649e-07    -2.270696e-06    8.999813e-06    -1.52951e-06    -2.158703e-06    7.417984e-08    2.760607e-06    -5.032327e-06    -4.7865e-06    2.357415e-06    2.041151e-06    -2.033496e-07    1.366504e-06    2.215715e-06    -4.497084e-07    -3.054949e-06
8.581062e-07    -1.644916e-06    -2.308588e-06    1.702744e-06    8.597008e-07    -2.616707e-06    -1.52951e-06    6.475147e-06    -1.035103e-06    -8.321831e-07    -1.491767e-07    -2.702914e-06    -1.386266e-06    5.777995e-07    1.702394e-06    1.180325e-06    -2.302314e-07    -4.45687e-07    8.534755e-08    -9.110639e-07
-9.925896e-07    1.822573e-06    3.801437e-06    -1.766066e-06    -2.124743e-06    5.260565e-07    -2.158703e-06    -1.035103e-06    3.602277e-06    -7.012462e-08    4.953872e-07    -8.363175e-07    7.388032e-08    7.313124e-07    -4.759328e-07    8.208397e-07    1.055915e-06    4.606324e-07    -6.463205e-07    -1.764431e-06
-5.946494e-07    2.958864e-07    1.131152e-06    -4.442341e-07    -1.822441e-07    1.832993e-07    7.417984e-08    -8.321831e-07    -7.012462e-08    5.490899e-07    -1.840117e-07    3.913839e-07    2.544369e-07    -1.856823e-07    -1.072499e-07    -6.801364e-08    -8.368661e-08    4.643949e-10    -1.814252e-07    -4.2345e-08
-7.5088e-07    1.140986e-06    1.659868e-06    -7.577465e-08    -1.893421e-06    -5.704305e-07    2.760607e-06    -1.491767e-07    4.953872e-07    -1.840117e-07    7.847485e-06    -2.629038e-06    -6.800047e-06    1.485388e-06    6.371722e-07    -1.609116e-07    1.303457e-06    2.123269e-06    -3.804113e-09    -3.431315e-06
2.380706e-06    -9.119507e-07    -6.014921e-06    1.299377e-07    3.655128e-06    3.122603e-06    -5.032327e-06    -2.702914e-06    -8.363175e-07    3.913839e-07    -2.629038e-06    1.568834e-05    3.959506e-06    -7.645079e-06    -1.579401e-06    -2.414616e-06    -2.221667e-06    -2.991584e-06    6.096326e-07    7.37237e-06
1.578937e-06    -1.311684e-06    -3.309594e-06    -1.63077e-07    2.472604e-06    2.128601e-06    -4.7865e-06    -1.386266e-06    7.388032e-08    2.544369e-07    -6.800047e-06    3.959506e-06    1.179055e-05    -2.385329e-06    -4.950616e-06    -3.221867e-07    -2.973651e-06    -3.506857e-06    1.240775e-06    5.862707e-06
-1.163156e-06    1.775567e-07    3.202635e-06    -4.777885e-07    -1.738236e-06    -1.014761e-06    2.357415e-06    5.777995e-07    7.313124e-07    -1.856823e-07    1.485388e-06    -7.645079e-06    -2.385329e-06    7.302858e-06    -6.247371e-07    9.159907e-07    6.229453e-07    1.432576e-06    3.337197e-07    -3.593974e-06
-7.5691e-07    7.867073e-07    8.503548e-07    5.052755e-07    -5.334376e-07    -1.690008e-06    2.041151e-06    1.702394e-06    -4.759328e-07    -1.072499e-07    6.371722e-07    -1.579401e-06    -4.950616e-06    -6.247371e-07    6.513323e-06    3.279829e-07    1.886051e-06    1.309507e-06    -1.448367e-06    -2.312358e-06
-1.584675e-06    -3.685812e-07    1.340956e-06    1.067932e-06    -1.836587e-07    -1.131448e-06    -2.033496e-07    1.180325e-06    8.208397e-07    -6.801364e-08    -1.609116e-07    -2.414616e-06    -3.221867e-07    9.159907e-07    3.279829e-07    5.372935e-06    -1.048605e-06    -3.038114e-06    1.074588e-07    -8.356004e-07
-1.781617e-06    2.643078e-06    3.389165e-06    -7.073638e-07    -2.056933e-06    -4.301079e-07    1.366504e-06    -2.302314e-07    1.055915e-06    -8.368661e-08    1.303457e-06    -2.221667e-06    -2.973651e-06    6.229453e-07    1.886051e-06    -1.048605e-06    6.412761e-06    2.074921e-06    -4.802022e-06    -1.870294e-06
-6.321215e-07    1.190894e-06    4.677276e-06    -1.604515e-06    -2.753645e-06    8.361947e-08    2.215715e-06    -4.45687e-07    4.606324e-07    4.643949e-10    2.123269e-06    -2.991584e-06    -3.506857e-06    1.432576e-06    1.309507e-06    -3.038114e-06    2.074921e-06    6.704207e-06    -6.723546e-07    -5.456442e-06
2.457271e-06    -2.368185e-06    -2.355926e-06    2.870819e-08    6.938187e-07    5.972722e-07    -4.497084e-07    8.534755e-08    -6.463205e-07    -1.814252e-07    -3.804113e-09    6.096326e-07    1.240775e-06    3.337197e-07    -1.448367e-06    1.074588e-07    -4.802022e-06    -6.723546e-07    7.346948e-06    -1.715072e-06
2.787715e-06    -7.346208e-07    -8.565458e-06    9.374238e-07    3.897065e-06    1.464961e-06    -3.054949e-06    -9.110639e-07    -1.764431e-06    -4.2345e-08    -3.431315e-06    7.37237e-06    5.862707e-06    -3.593974e-06    -2.312358e-06    -8.356004e-07    -1.870294e-06    -5.456442e-06    -1.715072e-06    1.090784e-05
