3.595145e-06    2.824355e-06    5.255563e-07    -1.665826e-06    -4.25713e-06    -1.464146e-06    -5.003546e-06    -2.895222e-06    -6.273105e-07    3.506659e-06    -1.111998e-06    -4.750234e-06    -3.818167e-06    -9.987958e-08    4.517886e-06    1.580095e-06    -9.75138e-07    1.887043e-07    2.64094e-06    -2.012803e-06    -2.583983e-06    3.824927e-06    4.27892e-06    -1.410351e-06    -2.413055e-06    5.898714e-07    -5.889142e-06    -3.730086e-06    1.916325e-06    3.387624e-06    -1.162386e-06    4.214452e-06    4.967523e-06    -8.892213e-07    -3.272886e-06
2.824355e-06    4.016311e-06    1.786867e-06    -2.101503e-06    -4.336606e-06    -1.822916e-06    -5.618109e-06    -2.219235e-06    3.781074e-07    2.920852e-06    -4.694562e-07    -4.429153e-06    -3.781093e-06    -4.833925e-07    3.455623e-06    1.35985e-06    -1.451707e-06    -4.435925e-07    2.286039e-06    -6.129035e-07    -3.871275e-06    3.446014e-06    7.195429e-06    -2.29179e-06    -2.750233e-06    -4.860404e-08    -5.696525e-06    -3.509868e-06    1.270182e-06    3.75733e-06    -1.140309e-06    4.477268e-06    4.390578e-06    -1.419039e-06    -2.527394e-06
5.255563e-07    1.786867e-06    2.326633e-06    -1.254505e-07    -2.34425e-06    -1.116098e-06    -2.147092e-06    -2.781464e-07    9.915653e-07    7.541266e-07    -5.040652e-07    -1.274548e-06    -1.133636e-06    -5.64638e-07    6.691127e-07    1.785226e-07    -4.740941e-07    -7.510134e-07    4.486256e-08    9.829633e-07    -2.126729e-06    5.433818e-07    5.189175e-06    -1.069848e-06    -1.556542e-06    6.172844e-07    -2.145947e-06    -2.596999e-06    5.201628e-07    1.967253e-06    -2.316884e-08    1.15454e-06    1.380148e-06    -3.042322e-07    -9.975122e-07
-1.665826e-06    -2.101503e-06    -1.254505e-07    2.642525e-06    3.374383e-06    9.794511e-07    4.040596e-06    2.37486e-06    8.481361e-08    -2.633487e-06    -1.44628e-07    3.036536e-06    2.86632e-06    6.234176e-08    -2.75834e-06    -1.409451e-06    7.873229e-07    -6.417982e-07    -1.965491e-06    1.626026e-06    1.534966e-06    -1.05026e-06    -4.014628e-06    1.708414e-06    1.840999e-06    5.90575e-07    3.366604e-06    1.123651e-06    -2.191666e-07    -2.105718e-06    7.931302e-07    -4.178335e-06    -3.017555e-06    1.626687e-06    1.662742e-06
-4.25713e-06    -4.336606e-06    -2.34425e-06    3.374383e-06    1.06694e-05    3.16562e-06    8.337544e-06    4.26871e-06    -1.46027e-06    -4.929568e-06    1.456662e-06    7.605055e-06    6.828289e-06    -5.809833e-07    -5.92067e-06    -3.007851e-06    1.708106e-06    5.551242e-07    -4.265104e-06    2.344443e-06    3.28997e-06    -3.717561e-06    -9.223354e-06    3.290627e-06    5.253151e-06    -1.169949e-06    9.259095e-06    6.442072e-06    -2.758049e-06    -5.767889e-06    1.054939e-06    -6.003391e-06    -7.053435e-06    1.189277e-06    4.783262e-06
-1.464146e-06    -1.822916e-06    -1.116098e-06    9.794511e-07    3.16562e-06    1.895892e-06    2.157595e-06    4.194005e-07    -4.144055e-07    -1.334651e-06    6.733109e-07    2.510383e-06    1.795792e-06    5.712957e-08    -1.847302e-06    -7.485522e-07    8.015593e-07    -8.080786e-08    -1.071567e-06    6.40099e-07    1.571381e-06    -1.125152e-06    -3.402784e-06    7.993063e-07    1.610111e-06    -2.96803e-07    3.034721e-06    1.895577e-06    -7.841241e-07    -1.933252e-06    1.474904e-08    -2.211087e-06    -1.404647e-06    9.881394e-07    7.736426e-07
-5.003546e-06    -5.618109e-06    -2.147092e-06    4.040596e-06    8.337544e-06    2.157595e-06    1.204235e-05    6.41291e-06    -7.662621e-07    -6.450913e-06    1.119988e-06    8.419492e-06    7.753318e-06    1.726159e-07    -7.536254e-06    -3.618526e-06    1.888534e-06    1.559022e-07    -4.713047e-06    3.041938e-06    4.934384e-06    -5.06178e-06    -1.190711e-05    3.876e-06    5.783704e-06    -2.373973e-07    1.013855e-05    7.236849e-06    -1.997622e-06    -7.126888e-06    2.494924e-06    -8.598658e-06    -1.034952e-05    2.248873e-06    6.080295e-06
-2.895222e-06    -2.219235e-06    -2.781464e-07    2.37486e-06    4.26871e-06    4.194005e-07    6.41291e-06    6.045488e-06    9.926894e-07    -4.932386e-06    9.19017e-07    5.028171e-06    4.557907e-06    1.858583e-07    -4.643314e-06    -2.21113e-06    -2.989011e-07    -1.187332e-06    -2.16621e-06    3.066599e-06    2.469324e-06    -1.837743e-06    -5.773476e-06    1.315818e-06    2.499989e-06    -2.623857e-07    5.454662e-06    4.038688e-06    -1.030182e-06    -3.804808e-06    2.220789e-06    -6.740459e-06    -7.615849e-06    1.822286e-06    5.105769e-06
-6.273105e-07    3.781074e-07    9.915653e-07    8.481361e-08    -1.46027e-06    -4.144055e-07    -7.662621e-07    9.926894e-07    3.37897e-06    -1.880869e-06    -1.412371e-07    -3.219228e-07    -9.382394e-08    1.719984e-06    -1.468115e-06    6.68522e-07    -1.030163e-06    -2.586832e-06    3.113198e-07    1.792217e-06    3.926596e-07    1.065504e-06    3.741754e-07    -9.67533e-07    -8.705387e-07    8.358264e-08    -5.75104e-07    -1.025076e-06    6.247792e-07    5.045659e-07    4.661619e-07    -3.390079e-06    -4.684762e-07    1.6387e-06    7.151106e-07
3.506659e-06    2.920852e-06    7.541266e-07    -2.633487e-06    -4.929568e-06    -1.334651e-06    -6.450913e-06    -4.932386e-06    -1.880869e-06    7.032047e-06    -7.269085e-07    -5.587386e-06    -5.313499e-06    -1.483907e-06    7.282762e-06    1.423611e-06    4.392023e-07    2.7196e-06    2.272652e-06    -3.701708e-06    -3.41315e-06    1.506411e-06    6.368884e-06    -5.84156e-07    -2.435245e-06    1.442459e-07    -6.112496e-06    -3.434902e-06    1.130033e-06    3.760211e-06    -1.735677e-06    8.692024e-06    6.530776e-06    -3.036401e-06    -4.468353e-06
-1.111998e-06    -4.694562e-07    -5.040652e-07    -1.44628e-07    1.456662e-06    6.733109e-07    1.119988e-06    9.19017e-07    -1.412371e-07    -7.269085e-07    2.938365e-06    5.52461e-07    -3.828623e-07    -3.597655e-07    -1.475985e-06    -9.160287e-07    -7.30308e-08    8.02715e-07    2.528218e-07    5.732635e-07    5.615707e-07    -4.739035e-07    -2.369842e-06    6.536059e-07    1.128322e-06    -1.756157e-06    1.795275e-06    3.171547e-06    -3.086012e-07    -1.692636e-06    -6.942445e-07    -9.82645e-07    -1.590786e-06    -3.206636e-07    1.9212e-06
-4.750234e-06    -4.429153e-06    -1.274548e-06    3.036536e-06    7.605055e-06    2.510383e-06    8.419492e-06    5.028171e-06    -3.219228e-07    -5.587386e-06    5.52461e-07    8.959781e-06    7.379887e-06    -3.554531e-07    -6.442373e-06    -2.801766e-06    1.199845e-06    -3.981526e-07    -4.412838e-06    3.203005e-06    4.060874e-06    -5.132192e-06    -6.65389e-06    1.690366e-06    3.74038e-06    -1.401671e-08    9.157972e-06    5.116624e-06    -2.797721e-06    -5.239516e-06    2.205747e-06    -6.889402e-06    -7.942093e-06    1.851681e-06    4.770633e-06
-3.818167e-06    -3.781093e-06    -1.133636e-06    2.86632e-06    6.828289e-06    1.795792e-06    7.753318e-06    4.557907e-06    -9.382394e-08    -5.313499e-06    -3.828623e-07    7.379887e-06    7.571474e-06    4.759414e-07    -6.435171e-06    -1.82315e-06    9.08105e-07    -1.232135e-06    -4.325556e-06    3.220024e-06    3.232873e-06    -3.646659e-06    -6.036143e-06    1.447824e-06    3.485233e-06    2.350078e-07    8.099165e-06    4.19075e-06    -2.706966e-06    -4.453045e-06    1.996996e-06    -5.990054e-06    -7.140751e-06    1.378684e-06    4.322723e-06
-9.987958e-08    -4.833925e-07    -5.64638e-07    6.234176e-08    -5.809833e-07    5.712957e-08    1.726159e-07    1.858583e-07    1.719984e-06    -1.483907e-06    -3.597655e-07    -3.554531e-07    4.759414e-07    2.226733e-06    -1.332381e-06    1.179777e-06    -6.966439e-07    -2.101077e-06    4.391582e-07    6.833318e-07    1.115128e-06    1.471124e-06    -2.118583e-06    -4.729695e-07    -4.45939e-08    2.254298e-07    1.426095e-08    -1.501095e-07    3.764086e-07    -2.25456e-07    1.728206e-07    -2.421432e-06    -3.508026e-07    1.328273e-06    3.465363e-07
4.517886e-06    3.455623e-06    6.691127e-07    -2.75834e-06    -5.92067e-06    -1.847302e-06    -7.536254e-06    -4.643314e-06    -1.468115e-06    7.282762e-06    -1.475985e-06    -6.442373e-06    -6.435171e-06    -1.332381e-06    9.474392e-06    1.52364e-06    -3.030994e-07    2.731494e-06    3.448213e-06    -4.592908e-06    -3.302697e-06    2.79288e-06    6.082959e-06    -7.265729e-07    -3.182879e-06    6.272223e-07    -8.224909e-06    -4.586722e-06    2.400732e-06    4.539266e-06    -1.199912e-06    7.823935e-06    7.092436e-06    -2.120754e-06    -4.895608e-06
1.580095e-06    1.35985e-06    1.785226e-07    -1.409451e-06    -3.007851e-06    -7.485522e-07    -3.618526e-06    -2.21113e-06    6.68522e-07    1.423611e-06    -9.160287e-07    -2.801766e-06    -1.82315e-06    1.179777e-06    1.52364e-06    2.610806e-06    -6.932331e-07    -1.302551e-06    1.299365e-06    -8.407168e-07    -6.907621e-07    2.048096e-06    2.763947e-06    -1.568527e-06    -1.939179e-06    5.24531e-07    -2.889984e-06    -2.295124e-06    2.555046e-07    2.092748e-06    -4.560931e-07    2.495448e-06    2.850893e-06    -6.805161e-07    -1.707733e-06
-9.75138e-07    -1.451707e-06    -4.740941e-07    7.873229e-07    1.708106e-06    8.015593e-07    1.888534e-06    -2.989011e-07    -1.030163e-06    4.392023e-07    -7.30308e-08    1.199845e-06    9.08105e-07    -6.966439e-07    -3.030994e-07    -6.932331e-07    1.820546e-06    1.15889e-06    -1.507002e-06    -4.918427e-07    8.623573e-07    -2.411108e-06    -1.581355e-06    1.510902e-06    1.169199e-06    2.31753e-07    2.134733e-06    8.939391e-07    -8.578694e-07    -1.152142e-06    1.033693e-07    5.953569e-07    -6.662789e-07    -4.408782e-07    -3.654465e-08
1.887043e-07    -4.435925e-07    -7.510134e-07    -6.417982e-07    5.551242e-07    -8.080786e-08    1.559022e-07    -1.187332e-06    -2.586832e-06    2.7196e-06    8.02715e-07    -3.981526e-07    -1.232135e-06    -2.101077e-06    2.731494e-06    -1.302551e-06    1.15889e-06    4.416799e-06    1.066789e-09    -2.817883e-06    -1.320578e-07    -2.517135e-06    -4.486838e-07    1.799645e-06    6.720765e-07    -1.092666e-06    1.628944e-07    1.60059e-06    -3.390203e-07    -3.610748e-07    -6.749045e-07    3.812987e-06    8.48149e-07    -2.338545e-06    -2.485102e-07
2.64094e-06    2.286039e-06    4.486256e-08    -1.965491e-06    -4.265104e-06    -1.071567e-06    -4.713047e-06    -2.16621e-06    3.113198e-07    2.272652e-06    2.528218e-07    -4.412838e-06    -4.325556e-06    4.391582e-07    3.448213e-06    1.299365e-06    -1.507002e-06    1.066789e-09    3.692722e-06    -1.906334e-06    -1.424647e-06    3.355158e-06    2.501122e-06    -1.517283e-06    -2.293538e-06    -2.039507e-07    -5.213165e-06    -2.237312e-06    1.955653e-06    2.553193e-06    -9.874116e-07    2.129238e-06    3.944123e-06    7.403408e-08    -2.323259e-06
-2.012803e-06    -6.129035e-07    9.829633e-07    1.626026e-06    2.344443e-06    6.40099e-07    3.041938e-06    3.066599e-06    1.792217e-06    -3.701708e-06    5.732635e-07    3.203005e-06    3.220024e-06    6.833318e-07    -4.592908e-06    -8.407168e-07    -4.918427e-07    -2.817883e-06    -1.906334e-06    4.014613e-06    3.290871e-07    6.999047e-08    -1.038693e-06    -4.056426e-07    1.211147e-06    6.080789e-08    3.146229e-06    1.184023e-06    -5.602989e-07    -1.64031e-06    7.54626e-07    -4.770335e-06    -3.705227e-06    1.698485e-06    2.452145e-06
-2.583983e-06    -3.871275e-06    -2.126729e-06    1.534966e-06    3.28997e-06    1.571381e-06    4.934384e-06    2.469324e-06    3.926596e-07    -3.41315e-06    5.615707e-07    4.060874e-06    3.232873e-06    1.115128e-06    -3.302697e-06    -6.907621e-07    8.623573e-07    -1.320578e-07    -1.424647e-06    3.290871e-07    4.849772e-06    -3.047043e-06    -7.490563e-06    1.542418e-06    1.861612e-06    6.232001e-08    5.186026e-06    3.375392e-06    -1.100982e-06    -3.543336e-06    1.445496e-06    -5.229968e-06    -4.480421e-06    1.771842e-06    2.879586e-06
3.824927e-06    3.446014e-06    5.433818e-07    -1.05026e-06    -3.717561e-06    -1.125152e-06    -5.06178e-06    -1.837743e-06    1.065504e-06    1.506411e-06    -4.739035e-07    -5.132192e-06    -3.646659e-06    1.471124e-06    2.79288e-06    2.048096e-06    -2.411108e-06    -2.517135e-06    3.355158e-06    6.999047e-08    -3.047043e-06    7.856725e-06    1.943641e-06    -1.931082e-06    -1.853322e-06    1.104649e-07    -6.62374e-06    -3.425884e-06    3.160088e-06    3.095041e-06    -1.639453e-06    7.262567e-07    4.535072e-06    8.423702e-07    -2.393524e-06
4.27892e-06    7.195429e-06    5.189175e-06    -4.014628e-06    -9.223354e-06    -3.402784e-06    -1.190711e-05    -5.773476e-06    3.741754e-07    6.368884e-06    -2.369842e-06    -6.65389e-06    -6.036143e-06    -2.118583e-06    6.082959e-06    2.763947e-06    -1.581355e-06    -4.486838e-07    2.501122e-06    -1.038693e-06    -7.490563e-06    1.943641e-06    2.079375e-05    -5.712522e-06    -7.156094e-06    1.488208e-06    -9.35824e-06    -9.609278e-06    2.708407e-07    8.661349e-06    -1.65281e-06    1.131018e-05    9.786136e-06    -3.681406e-06    -6.642458e-06
-1.410351e-06    -2.29179e-06    -1.069848e-06    1.708414e-06    3.290627e-06    7.993063e-07    3.876e-06    1.315818e-06    -9.67533e-07    -5.84156e-07    6.536059e-07    1.690366e-06    1.447824e-06    -4.729695e-07    -7.265729e-07    -1.568527e-06    1.510902e-06    1.799645e-06    -1.517283e-06    -4.056426e-07    1.542418e-06    -1.931082e-06    -5.712522e-06    3.202605e-06    2.5928e-06    -4.574869e-07    2.884926e-06    2.803261e-06    -1.419002e-07    -2.539064e-06    2.410945e-07    -1.76894e-06    -2.490338e-06    8.834236e-08    1.642081e-06
-2.413055e-06    -2.750233e-06    -1.556542e-06    1.840999e-06    5.253151e-06    1.610111e-06    5.783704e-06    2.499989e-06    -8.705387e-07    -2.435245e-06    1.128322e-06    3.74038e-06    3.485233e-06    -4.45939e-08    -3.182879e-06    -1.939179e-06    1.169199e-06    6.720765e-07    -2.293538e-06    1.211147e-06    1.861612e-06    -1.853322e-06    -7.156094e-06    2.5928e-06    3.888566e-06    -8.285288e-07    4.916678e-06    4.584986e-06    -8.433205e-07    -3.912562e-06    6.599935e-07    -3.600673e-06    -4.711964e-06    8.063845e-07    2.867519e-06
5.898714e-07    -4.860404e-08    6.172844e-07    5.90575e-07    -1.169949e-06    -2.96803e-07    -2.373973e-07    -2.623857e-07    8.358264e-08    1.442459e-07    -1.756157e-06    -1.401671e-08    2.350078e-07    2.254298e-07    6.272223e-07    5.24531e-07    2.31753e-07    -1.092666e-06    -2.039507e-07    6.080789e-08    6.232001e-08    1.104649e-07    1.488208e-06    -4.574869e-07    -8.285288e-07    2.012641e-06    -1.084462e-06    -2.528048e-06    5.52929e-07    8.895366e-07    9.48905e-07    -3.825073e-07    4.381187e-07    1.063413e-06    -1.466498e-06
-5.889142e-06    -5.696525e-06    -2.145947e-06    3.366604e-06    9.259095e-06    3.034721e-06    1.013855e-05    5.454662e-06    -5.75104e-07    -6.112496e-06    1.795275e-06    9.157972e-06    8.099165e-06    1.426095e-08    -8.224909e-06    -2.889984e-06    2.134733e-06    1.628944e-07    -5.213165e-06    3.146229e-06    5.186026e-06    -6.62374e-06    -9.35824e-06    2.884926e-06    4.916678e-06    -1.084462e-06    1.231489e-05    7.399215e-06    -4.367598e-06    -6.808388e-06    1.72146e-06    -6.54408e-06    -9.446553e-06    8.211617e-07    6.436637e-06
-3.730086e-06    -3.509868e-06    -2.596999e-06    1.123651e-06    6.442072e-06    1.895577e-06    7.236849e-06    4.038688e-06    -1.025076e-06    -3.434902e-06    3.171547e-06    5.116624e-06    4.19075e-06    -1.501095e-07    -4.586722e-06    -2.295124e-06    8.939391e-07    1.60059e-06    -2.237312e-06    1.184023e-06    3.375392e-06    -3.425884e-06    -9.609278e-06    2.803261e-06    4.584986e-06    -2.528048e-06    7.399215e-06    8.376002e-06    -2.191953e-06    -5.799055e-06    7.963248e-07    -4.080511e-06    -7.337931e-06    -1.991423e-07    5.589085e-06
1.916325e-06    1.270182e-06    5.201628e-07    -2.191666e-07    -2.758049e-06    -7.841241e-07    -1.997622e-06    -1.030182e-06    6.247792e-07    1.130033e-06    -3.086012e-07    -2.797721e-06    -2.706966e-06    3.764086e-07    2.400732e-06    2.555046e-07    -8.578694e-07    -3.390203e-07    1.955653e-06    -5.602989e-07    -1.100982e-06    3.160088e-06    2.708407e-07    -1.419002e-07    -8.433205e-07    5.52929e-07    -4.367598e-06    -2.191953e-06    2.952375e-06    1.537028e-06    -4.086712e-07    -6.704712e-07    2.402768e-06    1.33441e-06    -1.868352e-06
3.387624e-06    3.75733e-06    1.967253e-06    -2.105718e-06    -5.767889e-06    -1.933252e-06    -7.126888e-06    -3.804808e-06    5.045659e-07    3.760211e-06    -1.692636e-06    -5.239516e-06    -4.453045e-06    -2.25456e-07    4.539266e-06    2.092748e-06    -1.152142e-06    -3.610748e-07    2.553193e-06    -1.64031e-06    -3.543336e-06    3.095041e-06    8.661349e-06    -2.539064e-06    -3.912562e-06    8.895366e-07    -6.808388e-06    -5.799055e-06    1.537028e-06    5.02213e-06    -1.252599e-06    5.302267e-06    6.588586e-06    -1.213404e-06    -4.279908e-06
-1.162386e-06    -1.140309e-06    -2.316884e-08    7.931302e-07    1.054939e-06    1.474904e-08    2.494924e-06    2.220789e-06    4.661619e-07    -1.735677e-06    -6.942445e-07    2.205747e-06    1.996996e-06    1.728206e-07    -1.199912e-06    -4.560931e-07    1.033693e-07    -6.749045e-07    -9.874116e-07    7.54626e-07    1.445496e-06    -1.639453e-06    -1.65281e-06    2.410945e-07    6.599935e-07    9.48905e-07    1.72146e-06    7.963248e-07    -4.086712e-07    -1.252599e-06    2.042946e-06    -2.69479e-06    -3.387163e-06    1.215098e-06    1.34942e-06
4.214452e-06    4.477268e-06    1.15454e-06    -4.178335e-06    -6.003391e-06    -2.211087e-06    -8.598658e-06    -6.740459e-06    -3.390079e-06    8.692024e-06    -9.82645e-07    -6.889402e-06    -5.990054e-06    -2.421432e-06    7.823935e-06    2.495448e-06    5.953569e-07    3.812987e-06    2.129238e-06    -4.770335e-06    -5.229968e-06    7.262567e-07    1.131018e-05    -1.76894e-06    -3.600673e-06    -3.825073e-07    -6.54408e-06    -4.080511e-06    -6.704712e-07    5.302267e-06    -2.69479e-06    1.45984e-05    8.449231e-06    -6.309037e-06    -5.211504e-06
4.967523e-06    4.390578e-06    1.380148e-06    -3.017555e-06    -7.053435e-06    -1.404647e-06    -1.034952e-05    -7.615849e-06    -4.684762e-07    6.530776e-06    -1.590786e-06    -7.942093e-06    -7.140751e-06    -3.508026e-07    7.092436e-06    2.850893e-06    -6.662789e-07    8.48149e-07    3.944123e-06    -3.705227e-06    -4.480421e-06    4.535072e-06    9.786136e-06    -2.490338e-06    -4.711964e-06    4.381187e-07    -9.446553e-06    -7.337931e-06    2.402768e-06    6.588586e-06    -3.387163e-06    8.449231e-06    1.166077e-05    -1.988424e-06    -7.266528e-06
-8.892213e-07    -1.419039e-06    -3.042322e-07    1.626687e-06    1.189277e-06    9.881394e-07    2.248873e-06    1.822286e-06    1.6387e-06    -3.036401e-06    -3.206636e-07    1.851681e-06    1.378684e-06    1.328273e-06    -2.120754e-06    -6.805161e-07    -4.408782e-07    -2.338545e-06    7.403408e-08    1.698485e-06    1.771842e-06    8.423702e-07    -3.681406e-06    8.834236e-08    8.063845e-07    1.063413e-06    8.211617e-07    -1.991423e-07    1.33441e-06    -1.213404e-06    1.215098e-06    -6.309037e-06    -1.988424e-06    3.870671e-06    3.912732e-07
-3.272886e-06    -2.527394e-06    -9.975122e-07    1.662742e-06    4.783262e-06    7.736426e-07    6.080295e-06    5.105769e-06    7.151106e-07    -4.468353e-06    1.9212e-06    4.770633e-06    4.322723e-06    3.465363e-07    -4.895608e-06    -1.707733e-06    -3.654465e-08    -2.485102e-07    -2.323259e-06    2.452145e-06    2.879586e-06    -2.393524e-06    -6.642458e-06    1.642081e-06    2.867519e-06    -1.466498e-06    6.436637e-06    5.589085e-06    -1.868352e-06    -4.279908e-06    1.34942e-06    -5.211504e-06    -7.266528e-06    3.912732e-07    5.803184e-06
