3.490078e-06    1.213294e-06    1.097288e-06    2.060172e-07    -4.584124e-06    2.901991e-06    2.190885e-06    1.204314e-06    -8.900757e-07    -4.009926e-06
1.213294e-06    3.784766e-06    2.010427e-06    -1.633096e-06    -2.675437e-06    2.235311e-06    3.150908e-06    9.266627e-07    -1.94016e-06    -2.590043e-06
1.097288e-06    2.010427e-06    2.951421e-06    -1.846875e-07    -3.412919e-06    8.156727e-07    2.07068e-06    1.349337e-06    -9.085427e-07    -1.359773e-06
2.060172e-07    -1.633096e-06    -1.846875e-07    2.647575e-06    9.443321e-07    -7.497874e-07    -6.646555e-07    5.484502e-07    1.460505e-06    1.331479e-06
-4.584124e-06    -2.675437e-06    -3.412919e-06    9.443321e-07    1.169766e-05    -3.954245e-06    -4.162643e-06    -2.060171e-06    3.588136e-06    9.298264e-06
2.901991e-06    2.235311e-06    8.156727e-07    -7.497874e-07    -3.954245e-06    3.595145e-06    2.824355e-06    5.255563e-07    -1.665826e-06    -4.25713e-06
2.190885e-06    3.150908e-06    2.07068e-06    -6.646555e-07    -4.162643e-06    2.824355e-06    4.016311e-06    1.786867e-06    -2.101503e-06    -4.336606e-06
1.204314e-06    9.266627e-07    1.349337e-06    5.484502e-07    -2.060171e-06    5.255563e-07    1.786867e-06    2.326633e-06    -1.254505e-07    -2.34425e-06
-8.900757e-07    -1.94016e-06    -9.085427e-07    1.460505e-06    3.588136e-06    -1.665826e-06    -2.101503e-06    -1.254505e-07    2.642525e-06    3.374383e-06
-4.009926e-06    -2.590043e-06    -1.359773e-06    1.331479e-06    9.298264e-06    -4.25713e-06    -4.336606e-06    -2.34425e-06    3.374383e-06    1.06694e-05
