3.595145e-06    2.824355e-06    5.255563e-07    -1.665826e-06    -4.25713e-06    -1.464146e-06    -5.003546e-06    -2.895222e-06    -6.273105e-07    3.506659e-06    2.562132e-08    1.759948e-06    2.173429e-06    -1.57436e-06    -2.973376e-06
2.824355e-06    4.016311e-06    1.786867e-06    -2.101503e-06    -4.336606e-06    -1.822916e-06    -5.618109e-06    -2.219235e-06    3.781074e-07    2.920852e-06    6.354406e-07    1.738516e-06    1.894163e-06    -1.870117e-06    -2.871707e-06
5.255563e-07    1.786867e-06    2.326633e-06    -1.254505e-07    -2.34425e-06    -1.116098e-06    -2.147092e-06    -2.781464e-07    9.915653e-07    7.541266e-07    2.081322e-07    5.819925e-07    6.961842e-07    -7.75595e-07    -1.132055e-06
-1.665826e-06    -2.101503e-06    -1.254505e-07    2.642525e-06    3.374383e-06    9.794511e-07    4.040596e-06    2.37486e-06    8.481361e-08    -2.633487e-06    -7.832483e-07    -8.58003e-07    -1.235169e-06    6.560301e-07    2.313423e-06
-4.25713e-06    -4.336606e-06    -2.34425e-06    3.374383e-06    1.06694e-05    3.16562e-06    8.337544e-06    4.26871e-06    -1.46027e-06    -4.929568e-06    2.247052e-07    -2.423967e-06    -3.799883e-06    1.621478e-06    5.020367e-06
-1.464146e-06    -1.822916e-06    -1.116098e-06    9.794511e-07    3.16562e-06    1.895892e-06    2.157595e-06    4.194005e-07    -4.144055e-07    -1.334651e-06    -2.770753e-07    -4.178785e-07    -6.637093e-07    2.7461e-07    1.450644e-06
-5.003546e-06    -5.618109e-06    -2.147092e-06    4.040596e-06    8.337544e-06    2.157595e-06    1.204235e-05    6.41291e-06    -7.662621e-07    -6.450913e-06    -1.344175e-06    -3.608955e-06    -4.649173e-06    2.987626e-06    7.241763e-06
-2.895222e-06    -2.219235e-06    -2.781464e-07    2.37486e-06    4.26871e-06    4.194005e-07    6.41291e-06    6.045488e-06    9.926894e-07    -4.932386e-06    -8.56205e-07    -2.435885e-06    -2.733288e-06    2.060559e-06    4.829011e-06
-6.273105e-07    3.781074e-07    9.915653e-07    8.481361e-08    -1.46027e-06    -4.144055e-07    -7.662621e-07    9.926894e-07    3.37897e-06    -1.880869e-06    -6.446127e-07    8.448952e-07    2.193612e-07    -3.182862e-07    3.73219e-07
3.506659e-06    2.920852e-06    7.541266e-07    -2.633487e-06    -4.929568e-06    -1.334651e-06    -6.450913e-06    -4.932386e-06    -1.880869e-06    7.032047e-06    1.804685e-06    1.377887e-06    2.130121e-06    -1.8185e-06    -4.708337e-06
2.562132e-08    6.354406e-07    2.081322e-07    -7.832483e-07    2.247052e-07    -2.770753e-07    -1.344175e-06    -8.56205e-07    -6.446127e-07    1.804685e-06    2.558072e-06    -1.030405e-06    -9.521974e-07    7.201107e-08    -8.596367e-07
1.759948e-06    1.738516e-06    5.819925e-07    -8.58003e-07    -2.423967e-06    -4.178785e-07    -3.608955e-06    -2.435885e-06    8.448952e-07    1.377887e-06    -1.030405e-06    3.057108e-06    2.216349e-06    -2.152236e-06    -2.453138e-06
2.173429e-06    1.894163e-06    6.961842e-07    -1.235169e-06    -3.799883e-06    -6.637093e-07    -4.649173e-06    -2.733288e-06    2.193612e-07    2.130121e-06    -9.521974e-07    2.216349e-06    3.62826e-06    -1.11566e-06    -3.904295e-06
-1.57436e-06    -1.870117e-06    -7.75595e-07    6.560301e-07    1.621478e-06    2.7461e-07    2.987626e-06    2.060559e-06    -3.182862e-07    -1.8185e-06    7.201107e-08    -2.152236e-06    -1.11566e-06    2.469577e-06    1.343457e-06
-2.973376e-06    -2.871707e-06    -1.132055e-06    2.313423e-06    5.020367e-06    1.450644e-06    7.241763e-06    4.829011e-06    3.73219e-07    -4.708337e-06    -8.596367e-07    -2.453138e-06    -3.904295e-06    1.343457e-06    6.550864e-06
