3.490078e-06    1.213294e-06    1.097288e-06    2.060172e-07    -4.584124e-06    2.901991e-06    2.190885e-06    1.204314e-06    -8.900757e-07    -4.009926e-06    -1.275481e-06    -4.357001e-06    -2.803872e-06    -6.322267e-08    2.718318e-06
1.213294e-06    3.784766e-06    2.010427e-06    -1.633096e-06    -2.675437e-06    2.235311e-06    3.150908e-06    9.266627e-07    -1.94016e-06    -2.590043e-06    -1.055496e-06    -4.381927e-06    -2.471981e-06    -5.161813e-07    2.651313e-06
1.097288e-06    2.010427e-06    2.951421e-06    -1.846875e-07    -3.412919e-06    8.156727e-07    2.07068e-06    1.349337e-06    -9.085427e-07    -1.359773e-06    -2.284035e-07    -3.584705e-06    -1.809885e-06    7.657806e-07    8.083351e-07
2.060172e-07    -1.633096e-06    -1.846875e-07    2.647575e-06    9.443321e-07    -7.497874e-07    -6.646555e-07    5.484502e-07    1.460505e-06    1.331479e-06    1.771647e-07    1.120388e-06    1.769129e-06    1.237003e-06    -1.929412e-06
-4.584124e-06    -2.675437e-06    -3.412919e-06    9.443321e-07    1.169766e-05    -3.954245e-06    -4.162643e-06    -2.060171e-06    3.588136e-06    9.298264e-06    2.101846e-06    9.429738e-06    5.644682e-06    -1.454415e-06    -4.56602e-06
2.901991e-06    2.235311e-06    8.156727e-07    -7.497874e-07    -3.954245e-06    3.595145e-06    2.824355e-06    5.255563e-07    -1.665826e-06    -4.25713e-06    -1.464146e-06    -5.003546e-06    -2.895222e-06    -6.273105e-07    3.506659e-06
2.190885e-06    3.150908e-06    2.07068e-06    -6.646555e-07    -4.162643e-06    2.824355e-06    4.016311e-06    1.786867e-06    -2.101503e-06    -4.336606e-06    -1.822916e-06    -5.618109e-06    -2.219235e-06    3.781074e-07    2.920852e-06
1.204314e-06    9.266627e-07    1.349337e-06    5.484502e-07    -2.060171e-06    5.255563e-07    1.786867e-06    2.326633e-06    -1.254505e-07    -2.34425e-06    -1.116098e-06    -2.147092e-06    -2.781464e-07    9.915653e-07    7.541266e-07
-8.900757e-07    -1.94016e-06    -9.085427e-07    1.460505e-06    3.588136e-06    -1.665826e-06    -2.101503e-06    -1.254505e-07    2.642525e-06    3.374383e-06    9.794511e-07    4.040596e-06    2.37486e-06    8.481361e-08    -2.633487e-06
-4.009926e-06    -2.590043e-06    -1.359773e-06    1.331479e-06    9.298264e-06    -4.25713e-06    -4.336606e-06    -2.34425e-06    3.374383e-06    1.06694e-05    3.16562e-06    8.337544e-06    4.26871e-06    -1.46027e-06    -4.929568e-06
-1.275481e-06    -1.055496e-06    -2.284035e-07    1.771647e-07    2.101846e-06    -1.464146e-06    -1.822916e-06    -1.116098e-06    9.794511e-07    3.16562e-06    1.895892e-06    2.157595e-06    4.194005e-07    -4.144055e-07    -1.334651e-06
-4.357001e-06    -4.381927e-06    -3.584705e-06    1.120388e-06    9.429738e-06    -5.003546e-06    -5.618109e-06    -2.147092e-06    4.040596e-06    8.337544e-06    2.157595e-06    1.204235e-05    6.41291e-06    -7.662621e-07    -6.450913e-06
-2.803872e-06    -2.471981e-06    -1.809885e-06    1.769129e-06    5.644682e-06    -2.895222e-06    -2.219235e-06    -2.781464e-07    2.37486e-06    4.26871e-06    4.194005e-07    6.41291e-06    6.045488e-06    9.926894e-07    -4.932386e-06
-6.322267e-08    -5.161813e-07    7.657806e-07    1.237003e-06    -1.454415e-06    -6.273105e-07    3.781074e-07    9.915653e-07    8.481361e-08    -1.46027e-06    -4.144055e-07    -7.662621e-07    9.926894e-07    3.37897e-06    -1.880869e-06
2.718318e-06    2.651313e-06    8.083351e-07    -1.929412e-06    -4.56602e-06    3.506659e-06    2.920852e-06    7.541266e-07    -2.633487e-06    -4.929568e-06    -1.334651e-06    -6.450913e-06    -4.932386e-06    -1.880869e-06    7.032047e-06
