3.595145e-06    2.824355e-06    5.255563e-07    -1.665826e-06    -4.25713e-06    2.943511e-06    -5.435474e-06    -5.582799e-06    1.013201e-06    3.417514e-06
2.824355e-06    4.016311e-06    1.786867e-06    -2.101503e-06    -4.336606e-06    1.69718e-06    -4.737578e-06    -5.594934e-06    3.928761e-07    4.301083e-06
5.255563e-07    1.786867e-06    2.326633e-06    -1.254505e-07    -2.34425e-06    7.719409e-07    -2.235052e-06    -2.760536e-06    7.751149e-07    2.261805e-06
-1.665826e-06    -2.101503e-06    -1.254505e-07    2.642525e-06    3.374383e-06    -7.37015e-07    2.186989e-06    3.127993e-06    7.044128e-07    -2.68344e-06
-4.25713e-06    -4.336606e-06    -2.34425e-06    3.374383e-06    1.06694e-05    -4.488268e-06    7.203578e-06    9.340664e-06    -4.484697e-07    -6.231758e-06
2.943511e-06    1.69718e-06    7.719409e-07    -7.37015e-07    -4.488268e-06    5.343634e-06    -4.80044e-06    -6.384368e-06    1.096752e-06    2.820316e-06
-5.435474e-06    -4.737578e-06    -2.235052e-06    2.186989e-06    7.203578e-06    -4.80044e-06    1.152969e-05    1.00048e-05    -3.703091e-06    -6.718147e-06
-5.582799e-06    -5.594934e-06    -2.760536e-06    3.127993e-06    9.340664e-06    -6.384368e-06    1.00048e-05    1.296327e-05    -1.702172e-06    -7.98713e-06
1.013201e-06    3.928761e-07    7.751149e-07    7.044128e-07    -4.484697e-07    1.096752e-06    -3.703091e-06    -1.702172e-06    3.213827e-06    2.9082e-07
3.417514e-06    4.301083e-06    2.261805e-06    -2.68344e-06    -6.231758e-06    2.820316e-06    -6.718147e-06    -7.98713e-06    2.9082e-07    6.611452e-06
