3.595145e-06    2.824355e-06    5.255563e-07    -1.665826e-06    -4.25713e-06    -1.464146e-06    -5.003546e-06    -2.895222e-06    -6.273105e-07    3.506659e-06    -5.304688e-07    1.701912e-06    -4.767598e-08    1.084569e-06    1.579153e-07
2.824355e-06    4.016311e-06    1.786867e-06    -2.101503e-06    -4.336606e-06    -1.822916e-06    -5.618109e-06    -2.219235e-06    3.781074e-07    2.920852e-06    1.713549e-07    3.947517e-07    -5.743979e-07    1.458094e-06    3.381178e-07
5.255563e-07    1.786867e-06    2.326633e-06    -1.254505e-07    -2.34425e-06    -1.116098e-06    -2.147092e-06    -2.781464e-07    9.915653e-07    7.541266e-07    4.88332e-07    -6.225994e-07    -5.996862e-07    5.923509e-07    3.072336e-07
-1.665826e-06    -2.101503e-06    -1.254505e-07    2.642525e-06    3.374383e-06    9.794511e-07    4.040596e-06    2.37486e-06    8.481361e-08    -2.633487e-06    5.550195e-07    -9.716415e-07    -3.594575e-07    -1.028522e-06    -3.114234e-09
-4.25713e-06    -4.336606e-06    -2.34425e-06    3.374383e-06    1.06694e-05    3.16562e-06    8.337544e-06    4.26871e-06    -1.46027e-06    -4.929568e-06    4.346069e-07    -2.363918e-06    1.253533e-07    -1.792672e-06    -1.97515e-07
-1.464146e-06    -1.822916e-06    -1.116098e-06    9.794511e-07    3.16562e-06    1.895892e-06    2.157595e-06    4.194005e-07    -4.144055e-07    -1.334651e-06    1.003645e-07    -2.31243e-07    1.265517e-07    -8.839982e-07    -1.428729e-07
-5.003546e-06    -5.618109e-06    -2.147092e-06    4.040596e-06    8.337544e-06    2.157595e-06    1.204235e-05    6.41291e-06    -7.662621e-07    -6.450913e-06    8.170719e-07    -2.27124e-06    -7.905217e-08    -2.959835e-06    -1.931535e-07
-2.895222e-06    -2.219235e-06    -2.781464e-07    2.37486e-06    4.26871e-06    4.194005e-07    6.41291e-06    6.045488e-06    9.926894e-07    -4.932386e-06    1.708825e-06    -2.788915e-06    -1.011623e-06    -1.145027e-06    4.273897e-08
-6.273105e-07    3.781074e-07    9.915653e-07    8.481361e-08    -1.46027e-06    -4.144055e-07    -7.662621e-07    9.926894e-07    3.37897e-06    -1.880869e-06    1.259876e-06    -1.594927e-06    -9.730812e-07    8.467758e-07    -2.711312e-08
3.506659e-06    2.920852e-06    7.541266e-07    -2.633487e-06    -4.929568e-06    -1.334651e-06    -6.450913e-06    -4.932386e-06    -1.880869e-06    7.032047e-06    -2.170028e-06    3.401358e-06    1.639862e-06    3.363082e-07    1.033773e-07
-5.304688e-07    1.713549e-07    4.88332e-07    5.550195e-07    4.346069e-07    1.003645e-07    8.170719e-07    1.708825e-06    1.259876e-06    -2.170028e-06    1.62064e-06    -1.651653e-06    -1.458043e-06    1.938578e-07    1.489974e-07
1.701912e-06    3.947517e-07    -6.225994e-07    -9.716415e-07    -2.363918e-06    -2.31243e-07    -2.27124e-06    -2.788915e-06    -1.594927e-06    3.401358e-06    -1.651653e-06    4.443923e-06    7.937537e-07    -8.431933e-07    -1.561265e-07
-4.767598e-08    -5.743979e-07    -5.996862e-07    -3.594575e-07    1.253533e-07    1.265517e-07    -7.905217e-08    -1.011623e-06    -9.730812e-07    1.639862e-06    -1.458043e-06    7.937537e-07    2.179687e-06    -5.967358e-07    -3.02069e-07
1.084569e-06    1.458094e-06    5.923509e-07    -1.028522e-06    -1.792672e-06    -8.839982e-07    -2.959835e-06    -1.145027e-06    8.467758e-07    3.363082e-07    1.938578e-07    -8.431933e-07    -5.967358e-07    2.027902e-06    8.231542e-08
1.579153e-07    3.381178e-07    3.072336e-07    -3.114234e-09    -1.97515e-07    -1.428729e-07    -1.931535e-07    4.273897e-08    -2.711312e-08    1.033773e-07    1.489974e-07    -1.561265e-07    -3.02069e-07    8.231542e-08    1.394023e-07
