3.595145e-06    2.824355e-06    5.255563e-07    -1.665826e-06    -4.25713e-06    -1.464146e-06    -5.003546e-06    -2.895222e-06    -6.273105e-07    3.506659e-06    1.580095e-06    -9.75138e-07    1.887043e-07    2.64094e-06    -2.012803e-06
2.824355e-06    4.016311e-06    1.786867e-06    -2.101503e-06    -4.336606e-06    -1.822916e-06    -5.618109e-06    -2.219235e-06    3.781074e-07    2.920852e-06    1.35985e-06    -1.451707e-06    -4.435925e-07    2.286039e-06    -6.129035e-07
5.255563e-07    1.786867e-06    2.326633e-06    -1.254505e-07    -2.34425e-06    -1.116098e-06    -2.147092e-06    -2.781464e-07    9.915653e-07    7.541266e-07    1.785226e-07    -4.740941e-07    -7.510134e-07    4.486256e-08    9.829633e-07
-1.665826e-06    -2.101503e-06    -1.254505e-07    2.642525e-06    3.374383e-06    9.794511e-07    4.040596e-06    2.37486e-06    8.481361e-08    -2.633487e-06    -1.409451e-06    7.873229e-07    -6.417982e-07    -1.965491e-06    1.626026e-06
-4.25713e-06    -4.336606e-06    -2.34425e-06    3.374383e-06    1.06694e-05    3.16562e-06    8.337544e-06    4.26871e-06    -1.46027e-06    -4.929568e-06    -3.007851e-06    1.708106e-06    5.551242e-07    -4.265104e-06    2.344443e-06
-1.464146e-06    -1.822916e-06    -1.116098e-06    9.794511e-07    3.16562e-06    1.895892e-06    2.157595e-06    4.194005e-07    -4.144055e-07    -1.334651e-06    -7.485522e-07    8.015593e-07    -8.080786e-08    -1.071567e-06    6.40099e-07
-5.003546e-06    -5.618109e-06    -2.147092e-06    4.040596e-06    8.337544e-06    2.157595e-06    1.204235e-05    6.41291e-06    -7.662621e-07    -6.450913e-06    -3.618526e-06    1.888534e-06    1.559022e-07    -4.713047e-06    3.041938e-06
-2.895222e-06    -2.219235e-06    -2.781464e-07    2.37486e-06    4.26871e-06    4.194005e-07    6.41291e-06    6.045488e-06    9.926894e-07    -4.932386e-06    -2.21113e-06    -2.989011e-07    -1.187332e-06    -2.16621e-06    3.066599e-06
-6.273105e-07    3.781074e-07    9.915653e-07    8.481361e-08    -1.46027e-06    -4.144055e-07    -7.662621e-07    9.926894e-07    3.37897e-06    -1.880869e-06    6.68522e-07    -1.030163e-06    -2.586832e-06    3.113198e-07    1.792217e-06
3.506659e-06    2.920852e-06    7.541266e-07    -2.633487e-06    -4.929568e-06    -1.334651e-06    -6.450913e-06    -4.932386e-06    -1.880869e-06    7.032047e-06    1.423611e-06    4.392023e-07    2.7196e-06    2.272652e-06    -3.701708e-06
1.580095e-06    1.35985e-06    1.785226e-07    -1.409451e-06    -3.007851e-06    -7.485522e-07    -3.618526e-06    -2.21113e-06    6.68522e-07    1.423611e-06    2.610806e-06    -6.932331e-07    -1.302551e-06    1.299365e-06    -8.407168e-07
-9.75138e-07    -1.451707e-06    -4.740941e-07    7.873229e-07    1.708106e-06    8.015593e-07    1.888534e-06    -2.989011e-07    -1.030163e-06    4.392023e-07    -6.932331e-07    1.820546e-06    1.15889e-06    -1.507002e-06    -4.918427e-07
1.887043e-07    -4.435925e-07    -7.510134e-07    -6.417982e-07    5.551242e-07    -8.080786e-08    1.559022e-07    -1.187332e-06    -2.586832e-06    2.7196e-06    -1.302551e-06    1.15889e-06    4.416799e-06    1.066789e-09    -2.817883e-06
2.64094e-06    2.286039e-06    4.486256e-08    -1.965491e-06    -4.265104e-06    -1.071567e-06    -4.713047e-06    -2.16621e-06    3.113198e-07    2.272652e-06    1.299365e-06    -1.507002e-06    1.066789e-09    3.692722e-06    -1.906334e-06
-2.012803e-06    -6.129035e-07    9.829633e-07    1.626026e-06    2.344443e-06    6.40099e-07    3.041938e-06    3.066599e-06    1.792217e-06    -3.701708e-06    -8.407168e-07    -4.918427e-07    -2.817883e-06    -1.906334e-06    4.014613e-06
