3.595145e-06    2.824355e-06    5.255563e-07    -1.665826e-06    -4.25713e-06    -2.491927e-07    -3.152936e-06    -4.631815e-06    -1.799844e-06    4.072224e-06
2.824355e-06    4.016311e-06    1.786867e-06    -2.101503e-06    -4.336606e-06    -2.24518e-07    -3.192582e-06    -4.796458e-06    -9.453617e-07    3.344516e-06
5.255563e-07    1.786867e-06    2.326633e-06    -1.254505e-07    -2.34425e-06    2.350169e-07    -1.041792e-06    -1.730629e-06    -1.043298e-07    6.955125e-07
-1.665826e-06    -2.101503e-06    -1.254505e-07    2.642525e-06    3.374383e-06    1.892017e-07    2.899607e-06    3.591182e-06    6.408542e-07    -2.954525e-06
-4.25713e-06    -4.336606e-06    -2.34425e-06    3.374383e-06    1.06694e-05    -6.366227e-07    5.395267e-06    7.540578e-06    1.988904e-06    -5.457436e-06
-2.491927e-07    -2.24518e-07    2.350169e-07    1.892017e-07    -6.366227e-07    1.304262e-06    6.247221e-08    -3.078309e-07    1.517268e-07    -1.02564e-06
-3.152936e-06    -3.192582e-06    -1.041792e-06    2.899607e-06    5.395267e-06    6.247221e-08    5.800965e-06    7.090695e-06    1.356825e-06    -5.936589e-06
-4.631815e-06    -4.796458e-06    -1.730629e-06    3.591182e-06    7.540578e-06    -3.078309e-07    7.090695e-06    9.871788e-06    2.108438e-06    -7.461141e-06
-1.799844e-06    -9.453617e-07    -1.043298e-07    6.408542e-07    1.988904e-06    1.517268e-07    1.356825e-06    2.108438e-06    2.273703e-06    -2.530292e-06
4.072224e-06    3.344516e-06    6.955125e-07    -2.954525e-06    -5.457436e-06    -1.02564e-06    -5.936589e-06    -7.461141e-06    -2.530292e-06    7.901383e-06
