3.468391e-06    2.926679e-06    5.622914e-07    -1.798774e-06    -4.233338e-06    -1.435261e-06    -4.939904e-06    -3.107472e-06    -5.52519e-07    3.542725e-06    1.443863e-06    -7.361319e-07    2.836369e-07    2.388156e-06    -1.907189e-06    -2.670685e-06    3.841731e-06    4.2832e-06    -1.296199e-06    -2.510425e-06    -5.037736e-07    1.605757e-06    -4.658652e-08    1.146534e-06    1.572834e-07    1.657439e-06    -3.876678e-06    -2.554874e-06    1.766085e-06    1.185138e-06    4.423886e-07    -5.58455e-06    -3.741761e-06    1.672881e-06    3.443892e-06    2.379592e-07    1.789372e-06    1.772695e-06    -1.308914e-06    -3.018793e-06
2.926679e-06    3.951817e-06    1.72896e-06    -1.882509e-06    -4.481254e-06    -1.909267e-06    -5.335349e-06    -2.382772e-06    3.608918e-07    2.976169e-06    1.228104e-06    -1.199434e-06    -4.329834e-07    2.111102e-06    -5.901481e-07    -3.850216e-06    3.55033e-06    7.033821e-06    -2.161153e-06    -2.834219e-06    1.845091e-07    4.232534e-07    -5.949926e-07    1.467147e-06    3.37355e-07    1.269096e-06    -3.065205e-06    -1.933837e-06    1.490208e-06    7.116695e-07    7.477894e-08    -5.699473e-06    -3.742288e-06    1.325702e-06    3.825884e-06    6.478086e-07    1.851958e-06    1.559664e-06    -1.581042e-06    -2.948511e-06
5.622914e-07    1.72896e-06    1.994331e-06    -1.7598e-09    -2.262425e-06    -1.091705e-06    -1.893666e-06    -2.563752e-07    9.443183e-07    6.741942e-07    1.879122e-07    -5.332666e-07    -7.294145e-07    1.401993e-07    9.176054e-07    -1.94253e-06    5.509552e-07    4.83809e-06    -1.065403e-06    -1.441227e-06    5.190655e-07    -5.76122e-07    -6.037864e-07    5.293025e-07    2.849514e-07    2.456079e-07    4.448611e-09    -1.521788e-07    2.144101e-08    -2.41393e-07    4.894247e-07    -2.076914e-06    -2.318669e-06    4.999383e-07    1.843476e-06    1.403794e-07    5.913629e-07    6.023875e-07    -6.614381e-07    -1.065514e-06
-1.798774e-06    -1.882509e-06    -1.7598e-09    2.401696e-06    3.405092e-06    9.79797e-07    3.759441e-06    2.399829e-06    1.040246e-07    -2.535255e-06    -1.191386e-06    4.664587e-07    -5.608567e-07    -1.848054e-06    1.620576e-06    1.394261e-06    -1.23482e-06    -3.442941e-06    1.517996e-06    1.813787e-06    5.335653e-07    -1.046558e-06    -3.236757e-07    -1.004179e-06    2.029222e-08    -8.513962e-07    3.550935e-06    1.671652e-06    -1.76543e-06    -8.615235e-07    4.390298e-07    3.336423e-06    1.341779e-06    -4.629147e-07    -2.038471e-06    -6.723995e-07    -1.016811e-06    -1.021336e-06    5.094194e-07    2.245973e-06
-4.233338e-06    -4.481254e-06    -2.262425e-06    3.405092e-06    1.065965e-05    3.201985e-06    8.298833e-06    4.382651e-06    -1.504655e-06    -5.007228e-06    -2.721116e-06    1.362737e-06    2.785097e-07    -3.854564e-06    2.221113e-06    3.385514e-06    -3.729695e-06    -9.228815e-06    3.129912e-06    5.400348e-06    3.839237e-07    -2.266069e-06    1.306162e-07    -1.850067e-06    -1.980243e-07    -2.902243e-06    5.859467e-06    3.912825e-06    -2.892595e-06    -1.326925e-06    -9.032762e-07    8.911634e-06    6.417764e-06    -2.457706e-06    -5.859419e-06    -5.209689e-09    -2.541109e-06    -3.246026e-06    1.294167e-06    5.093463e-06
-1.435261e-06    -1.909267e-06    -1.091705e-06    9.79797e-07    3.201985e-06    1.778666e-06    2.341663e-06    5.434211e-07    -6.647615e-07    -1.291184e-06    -7.025776e-07    7.09032e-07    9.764901e-08    -1.013835e-06    4.67459e-07    1.588835e-06    -1.314355e-06    -3.389645e-06    8.274648e-07    1.730429e-06    1.178503e-08    -1.040016e-07    1.729865e-07    -9.657337e-07    -1.339769e-07    -8.390016e-07    1.61697e-06    5.860927e-07    -8.614527e-07    4.965229e-08    -2.274868e-07    2.993181e-06    1.970731e-06    -7.48184e-07    -1.989376e-06    -2.896216e-07    -5.990572e-07    -5.704874e-07    3.095376e-07    1.462384e-06
-4.939904e-06    -5.335349e-06    -1.893666e-06    3.759441e-06    8.298833e-06    2.341663e-06    1.102258e-05    6.608946e-06    -5.668611e-07    -6.370907e-06    -3.203886e-06    1.231056e-06    -8.16992e-08    -4.172358e-06    2.984165e-06    4.719112e-06    -4.765622e-06    -1.136966e-05    3.492199e-06    5.69775e-06    8.252231e-07    -2.278733e-06    -1.036122e-07    -2.868211e-06    -1.713231e-07    -2.783132e-06    7.669996e-06    5.034107e-06    -3.35445e-06    -2.293695e-06    -2.868656e-07    9.703868e-06    7.193089e-06    -1.915108e-06    -6.951457e-06    -1.444469e-06    -3.67481e-06    -3.811335e-06    2.41698e-06    7.102686e-06
-3.107472e-06    -2.382772e-06    -2.563752e-07    2.399829e-06    4.382651e-06    5.434211e-07    6.608946e-06    6.058775e-06    1.095293e-06    -5.091285e-06    -2.050381e-06    -5.309794e-07    -1.2328e-06    -2.178379e-06    3.170709e-06    2.57664e-06    -1.910904e-06    -6.046945e-06    1.288977e-06    2.727474e-06    1.688915e-06    -2.84787e-06    -9.395799e-07    -1.246209e-06    2.557247e-08    -1.765202e-06    6.124854e-06    4.339917e-06    -2.746039e-06    -2.621444e-06    -2.821943e-07    5.56639e-06    4.337526e-06    -1.051933e-06    -3.996038e-06    -1.051399e-06    -2.525048e-06    -2.485908e-06    1.824534e-06    5.027202e-06
-5.52519e-07    3.608918e-07    9.443183e-07    1.040246e-07    -1.504655e-06    -6.647615e-07    -5.668611e-07    1.095293e-06    3.045027e-06    -1.688355e-06    5.966404e-07    -1.097276e-06    -2.185778e-06    1.835411e-07    1.646956e-06    4.144622e-07    9.559962e-07    5.282994e-07    -1.015834e-06    -9.398628e-07    1.201438e-06    -1.520274e-06    -9.436133e-07    8.21357e-07    -2.342927e-08    3.101076e-07    1.928252e-06    6.000327e-07    -9.223967e-07    -7.631732e-07    1.808943e-07    -6.648255e-07    -8.631042e-07    4.410059e-07    5.014036e-07    -6.153388e-07    6.252516e-07    2.395363e-07    -9.889193e-08    2.719578e-07
3.542725e-06    2.976169e-06    6.741942e-07    -2.535255e-06    -5.007228e-06    -1.291184e-06    -6.370907e-06    -5.091285e-06    -1.688355e-06    6.923098e-06    1.319026e-06    7.662663e-07    2.436029e-06    2.190395e-06    -3.542364e-06    -3.438081e-06    1.629719e-06    6.213571e-06    -4.119287e-07    -2.53361e-06    -2.087051e-06    3.307577e-06    1.584048e-06    4.01813e-07    1.071534e-07    1.805608e-06    -6.944577e-06    -4.027446e-06    2.836463e-06    2.308958e-06    8.445607e-08    -5.965736e-06    -3.704034e-06    1.209215e-06    3.840954e-06    1.821063e-06    1.70677e-06    1.738804e-06    -1.726898e-06    -4.670772e-06
1.443863e-06    1.228104e-06    1.879122e-07    -1.191386e-06    -2.721116e-06    -7.025776e-07    -3.203886e-06    -2.050381e-06    5.966404e-07    1.319026e-06    2.06263e-06    -3.612133e-07    -1.043649e-06    9.362329e-07    -6.783425e-07    -6.385898e-07    1.810797e-06    2.649935e-06    -1.399662e-06    -1.849351e-06    -2.196367e-07    5.043515e-08    -4.794159e-09    1.37659e-06    2.123782e-08    4.576622e-07    -1.782599e-06    -9.387977e-07    7.275098e-07    7.597827e-07    4.919755e-07    -2.536743e-06    -2.275952e-06    1.983422e-07    1.983104e-06    1.369136e-07    1.138386e-06    8.590917e-07    -6.399572e-07    -1.603249e-06
-7.361319e-07    -1.199434e-06    -5.332666e-07    4.664587e-07    1.362737e-06    7.09032e-07    1.231056e-06    -5.309794e-07    -1.097276e-06    7.662663e-07    -3.612133e-07    1.674428e-06    1.25681e-06    -1.203452e-06    -8.078979e-07    7.185175e-07    -2.371866e-06    -1.111478e-06    1.380124e-06    9.807838e-07    -1.235127e-06    1.006788e-06    1.094471e-06    -8.700903e-07    -6.394968e-08    -1.525084e-07    -6.10281e-07    -5.818269e-07    1.40363e-07    6.868117e-07    9.102843e-08    1.720204e-06    8.33272e-07    -8.111031e-07    -9.127889e-07    5.223131e-07    -4.727696e-07    -5.042708e-07    3.452065e-08    1.307384e-08
2.836369e-07    -4.329834e-07    -7.294145e-07    -5.608567e-07    2.785097e-07    9.764901e-08    -8.16992e-08    -1.2328e-06    -2.185778e-06    2.436029e-06    -1.043649e-06    1.25681e-06    3.560207e-06    2.926436e-07    -2.641473e-06    -5.775579e-08    -2.091849e-06    -7.87327e-07    1.831809e-06    5.396122e-07    -1.728164e-06    2.435172e-06    1.785342e-06    -9.947313e-07    -2.529463e-07    6.089071e-07    -3.43104e-06    -1.581991e-06    1.483089e-06    7.867876e-07    -8.179553e-07    -5.071939e-08    1.125798e-06    3.854195e-08    -3.171513e-07    1.320299e-06    -6.967817e-07    -4.416874e-08    5.661979e-07    -1.430327e-06
2.388156e-06    2.111102e-06    1.401993e-07    -1.848054e-06    -3.854564e-06    -1.013835e-06    -4.172358e-06    -2.178379e-06    1.835411e-07    2.190395e-06    9.362329e-07    -1.203452e-06    2.926436e-07    3.16307e-06    -1.746239e-06    -1.44314e-06    3.174204e-06    2.200296e-06    -1.209275e-06    -2.205498e-06    -8.041031e-08    1.705644e-06    1.231788e-08    7.46728e-07    -9.951756e-08    1.93795e-06    -3.536879e-06    -2.693706e-06    1.698086e-06    9.534411e-07    -1.998312e-07    -4.641613e-06    -2.19719e-06    1.699555e-06    2.409482e-06    -1.915212e-07    1.725934e-06    2.059873e-06    -7.299743e-07    -2.669338e-06
-1.907189e-06    -5.901481e-07    9.176054e-07    1.620576e-06    2.221113e-06    4.67459e-07    2.984165e-06    3.170709e-06    1.646956e-06    -3.542364e-06    -6.783425e-07    -8.078979e-07    -2.641473e-06    -1.746239e-06    3.875988e-06    3.425443e-07    5.86995e-09    -7.671567e-07    -6.647875e-07    1.269372e-06    1.978084e-06    -3.386472e-06    -1.418204e-06    -2.089917e-07    2.787685e-07    -1.956275e-06    5.24532e-06    3.416311e-06    -2.334463e-06    -1.610976e-06    6.052211e-09    2.867447e-06    1.423544e-06    -5.699457e-07    -1.609884e-06    -7.181531e-07    -9.423741e-07    -1.482438e-06    1.023252e-07    3.358716e-06
-2.670685e-06    -3.850216e-06    -1.94253e-06    1.394261e-06    3.385514e-06    1.588835e-06    4.719112e-06    2.57664e-06    4.144622e-07    -3.438081e-06    -6.385898e-07    7.185175e-07    -5.775579e-08    -1.44314e-06    3.425443e-07    4.846512e-06    -3.17119e-06    -7.22107e-06    1.472102e-06    1.83625e-06    2.125108e-08    -4.412063e-07    3.901088e-07    -9.522609e-07    -4.53816e-07    -7.567718e-07    2.785596e-06    1.763348e-06    -1.366991e-06    -9.932995e-07    7.539695e-08    5.20591e-06    3.393249e-06    -1.19713e-06    -3.527347e-06    -1.120959e-06    -1.692672e-06    -1.056219e-06    2.066655e-06    2.761585e-06
3.841731e-06    3.55033e-06    5.509552e-07    -1.23482e-06    -3.729695e-06    -1.314355e-06    -4.765622e-06    -1.910904e-06    9.559962e-07    1.629719e-06    1.810797e-06    -2.371866e-06    -2.091849e-06    3.174204e-06    5.86995e-09    -3.17119e-06    8.556381e-06    1.119122e-06    -1.623311e-06    -1.901348e-06    1.13093e-06    -2.556193e-07    -9.834434e-07    1.431371e-06    1.303068e-07    1.270696e-06    -1.217607e-06    -1.413384e-06    3.451374e-07    8.717612e-07    -2.045393e-08    -6.638248e-06    -3.307283e-06    3.06934e-06    3.129434e-06    -4.976066e-07    2.419636e-06    1.326695e-06    -2.054688e-06    -1.211523e-06
4.2832e-06    7.033821e-06    4.83809e-06    -3.442941e-06    -9.228815e-06    -3.389645e-06    -1.136966e-05    -6.046945e-06    5.282994e-07    6.213571e-06    2.649935e-06    -1.111478e-06    -7.87327e-07    2.200296e-06    -7.671567e-07    -7.22107e-06    1.119122e-06    2.161724e-05    -6.023637e-06    -7.180211e-06    -5.716906e-08    6.904945e-07    -1.738444e-06    3.598783e-06    1.009013e-06    1.757683e-06    -6.291207e-06    -3.628473e-06    3.410592e-06    1.038453e-06    1.521106e-06    -8.966833e-06    -9.769028e-06    9.470853e-08    8.686116e-06    1.531969e-06    3.316703e-06    4.116062e-06    -2.647265e-06    -7.767188e-06
-1.296199e-06    -2.161153e-06    -1.065403e-06    1.517996e-06    3.129912e-06    8.274648e-07    3.492199e-06    1.288977e-06    -1.015834e-06    -4.119287e-07    -1.399662e-06    1.380124e-06    1.831809e-06    -1.209275e-06    -6.647875e-07    1.472102e-06    -1.623311e-06    -6.023637e-06    3.428336e-06    2.507748e-06    -1.008943e-06    7.920371e-07    1.551463e-06    -1.663143e-06    -3.22105e-07    -2.095945e-07    5.539873e-07    2.7017e-07    -5.957354e-07    1.782367e-07    -4.610794e-07    2.564295e-06    2.746497e-06    4.343489e-08    -2.474442e-06    5.059627e-07    -1.190566e-06    -1.462263e-06    6.081337e-07    1.366206e-06
-2.510425e-06    -2.834219e-06    -1.441227e-06    1.813787e-06    5.400348e-06    1.730429e-06    5.69775e-06    2.727474e-06    -9.398628e-07    -2.53361e-06    -1.849351e-06    9.807838e-07    5.396122e-07    -2.205498e-06    1.269372e-06    1.83625e-06    -1.901348e-06    -7.180211e-06    2.507748e-06    4.05552e-06    4.492525e-08    -9.995081e-07    6.22409e-07    -1.917069e-06    -1.754088e-07    -1.876995e-06    3.501482e-06    2.405669e-06    -1.687389e-06    -4.827938e-07    -7.615113e-07    4.961034e-06    4.693458e-06    -7.739839e-07    -4.039831e-06    -1.541171e-07    -1.731269e-06    -2.512491e-06    6.834525e-07    3.830466e-06
-5.037736e-07    1.845091e-07    5.190655e-07    5.335653e-07    3.839237e-07    1.178503e-08    8.252231e-07    1.688915e-06    1.201438e-06    -2.087051e-06    -2.196367e-07    -1.235127e-06    -1.728164e-06    -8.041031e-08    1.978084e-06    2.125108e-08    1.13093e-06    -5.716906e-08    -1.008943e-06    4.492525e-08    1.624614e-06    -1.651357e-06    -1.449499e-06    2.050156e-07    1.474645e-07    -6.277691e-07    2.681968e-06    1.648717e-06    -1.076685e-06    -1.151871e-06    3.103044e-08    4.658297e-07    1.851371e-07    2.060563e-07    -3.216769e-07    -8.167484e-07    -2.28865e-07    -1.375361e-07    2.481387e-07    1.385197e-06
1.605757e-06    4.232534e-07    -5.76122e-07    -1.046558e-06    -2.266069e-06    -1.040016e-07    -2.278733e-06    -2.84787e-06    -1.520274e-06    3.307577e-06    5.043515e-08    1.006788e-06    2.435172e-06    1.705644e-06    -3.386472e-06    -4.412063e-07    -2.556193e-07    6.904945e-07    7.920371e-07    -9.995081e-07    -1.651357e-06    4.455742e-06    7.728614e-07    -8.38374e-07    -1.526351e-07    2.599852e-06    -4.389784e-06    -4.313282e-06    2.069668e-06    1.730568e-06    4.061458e-07    -2.864599e-06    -1.847436e-06    1.051002e-06    1.450299e-06    -2.089634e-07    1.211972e-06    2.216313e-06    -3.724504e-07    -3.279189e-06
-4.658652e-08    -5.949926e-07    -6.037864e-07    -3.236757e-07    1.306162e-07    1.729865e-07    -1.036122e-07    -9.395799e-07    -9.436133e-07    1.584048e-06    -4.794159e-09    1.094471e-06    1.785342e-06    1.231788e-08    -1.418204e-06    3.901088e-07    -9.834434e-07    -1.738444e-06    1.551463e-06    6.22409e-07    -1.449499e-06    7.728614e-07    2.193761e-06    -6.233879e-07    -2.993434e-07    -1.366333e-07    -2.212668e-06    -6.861567e-07    6.189288e-07    1.023563e-06    -6.722674e-07    2.814564e-07    1.282532e-06    -5.481293e-08    -5.790267e-07    1.194712e-06    -3.642455e-07    -7.11679e-07    2.51994e-08    -3.205072e-07
1.146534e-06    1.467147e-06    5.293025e-07    -1.004179e-06    -1.850067e-06    -9.657337e-07    -2.868211e-06    -1.246209e-06    8.21357e-07    4.01813e-07    1.37659e-06    -8.700903e-07    -9.947313e-07    7.46728e-07    -2.089917e-07    -9.522609e-07    1.431371e-06    3.598783e-06    -1.663143e-06    -1.917069e-06    2.050156e-07    -8.38374e-07    -6.233879e-07    2.067907e-06    7.556469e-08    3.451496e-07    -1.022498e-06    -1.822946e-07    5.911618e-07    -8.772067e-08    1.98478e-07    -2.120512e-06    -2.158896e-06    -9.186219e-08    2.031912e-06    4.382668e-07    9.332555e-07    6.785087e-07    -4.235147e-07    -1.616981e-06
1.572834e-07    3.37355e-07    2.849514e-07    2.029222e-08    -1.980243e-07    -1.339769e-07    -1.713231e-07    2.557247e-08    -2.342927e-08    1.071534e-07    2.123782e-08    -6.394968e-08    -2.529463e-07    -9.951756e-08    2.787685e-07    -4.53816e-07    1.303068e-07    1.009013e-06    -3.22105e-07    -1.754088e-07    1.474645e-07    -1.526351e-07    -2.993434e-07    7.556469e-08    1.398972e-07    -5.545747e-08    1.899617e-07    9.497691e-08    -9.462432e-09    -9.069841e-08    1.696269e-07    -1.620612e-07    -4.327058e-07    -7.974355e-08    2.936746e-07    -4.598335e-08    5.199589e-08    7.33897e-08    -1.71845e-07    -4.181976e-08
1.657439e-06    1.269096e-06    2.456079e-07    -8.513962e-07    -2.902243e-06    -8.390016e-07    -2.783132e-06    -1.765202e-06    3.101076e-07    1.805608e-06    4.576622e-07    -1.525084e-07    6.089071e-07    1.93795e-06    -1.956275e-06    -7.567718e-07    1.270696e-06    1.757683e-06    -2.095945e-07    -1.876995e-06    -6.277691e-07    2.599852e-06    -1.366333e-07    3.451496e-07    -5.545747e-08    2.757829e-06    -2.81784e-06    -3.522087e-06    1.399447e-06    9.324308e-07    4.753173e-07    -3.452198e-06    -2.702437e-06    1.18817e-06    2.093556e-06    -4.348242e-07    1.710294e-06    2.187827e-06    -6.714546e-07    -2.917018e-06
-3.876678e-06    -3.065205e-06    4.448611e-09    3.550935e-06    5.859467e-06    1.61697e-06    7.669996e-06    6.124854e-06    1.928252e-06    -6.944577e-06    -1.782599e-06    -6.10281e-07    -3.43104e-06    -3.536879e-06    5.24532e-06    2.785596e-06    -1.217607e-06    -6.291207e-06    5.539873e-07    3.501482e-06    2.681968e-06    -4.389784e-06    -2.212668e-06    -1.022498e-06    1.899617e-07    -2.81784e-06    9.621951e-06    5.576157e-06    -4.307348e-06    -2.862941e-06    4.257277e-07    6.728896e-06    3.698826e-06    -1.197119e-06    -4.361267e-06    -1.992867e-06    -2.193592e-06    -2.757575e-06    1.151177e-06    6.460103e-06
-2.554874e-06    -1.933837e-06    -1.521788e-07    1.671652e-06    3.912825e-06    5.860927e-07    5.034107e-06    4.339917e-06    6.000327e-07    -4.027446e-06    -9.387977e-07    -5.818269e-07    -1.581991e-06    -2.693706e-06    3.416311e-06    1.763348e-06    -1.413384e-06    -3.628473e-06    2.7017e-07    2.405669e-06    1.648717e-06    -4.313282e-06    -6.861567e-07    -1.822946e-07    9.497691e-08    -3.522087e-06    5.576157e-06    5.910446e-06    -2.602313e-06    -2.504339e-06    -4.185971e-07    5.122801e-06    3.842966e-06    -1.445983e-06    -3.235731e-06    -1.985789e-08    -2.821106e-06    -3.202209e-06    1.587886e-06    4.933563e-06
1.766085e-06    1.490208e-06    2.144101e-08    -1.76543e-06    -2.892595e-06    -8.614527e-07    -3.35445e-06    -2.746039e-06    -9.223967e-07    2.836463e-06    7.275098e-07    1.40363e-07    1.483089e-06    1.698086e-06    -2.334463e-06    -1.366991e-06    3.451374e-07    3.410592e-06    -5.957354e-07    -1.687389e-06    -1.076685e-06    2.069668e-06    6.189288e-07    5.911618e-07    -9.462432e-09    1.399447e-06    -4.307348e-06    -2.602313e-06    2.233165e-06    1.17423e-06    -1.083194e-07    -3.065239e-06    -1.846352e-06    4.929558e-07    2.09946e-06    6.272971e-07    1.079215e-06    1.487763e-06    -4.434264e-07    -3.078142e-06
1.185138e-06    7.116695e-07    -2.41393e-07    -8.615235e-07    -1.326925e-06    4.965229e-08    -2.293695e-06    -2.621444e-06    -7.631732e-07    2.308958e-06    7.597827e-07    6.868117e-07    7.867876e-07    9.534411e-07    -1.610976e-06    -9.932995e-07    8.717612e-07    1.038453e-06    1.782367e-07    -4.827938e-07    -1.151871e-06    1.730568e-06    1.023563e-06    -8.772067e-08    -9.069841e-08    9.324308e-07    -2.862941e-06    -2.504339e-06    1.17423e-06    1.796685e-06    1.741855e-08    -2.082984e-06    -1.206144e-06    5.347901e-07    1.16866e-06    3.456996e-07    1.321073e-06    8.939174e-07    -1.116065e-06    -1.869764e-06
4.423886e-07    7.477894e-08    4.894247e-07    4.390298e-07    -9.032762e-07    -2.274868e-07    -2.868656e-07    -2.821943e-07    1.808943e-07    8.445607e-08    4.919755e-07    9.102843e-08    -8.179553e-07    -1.998312e-07    6.052211e-09    7.539695e-08    -2.045393e-08    1.521106e-06    -4.610794e-07    -7.615113e-07    3.103044e-08    4.061458e-07    -6.722674e-07    1.98478e-07    1.696269e-07    4.753173e-07    4.257277e-07    -4.185971e-07    -1.083194e-07    1.741855e-08    1.548255e-06    -6.577199e-07    -2.163214e-06    1.49357e-07    8.694332e-07    -1.135873e-06    6.40707e-07    8.553249e-07    -2.002086e-07    -5.350757e-07
-5.58455e-06    -5.699473e-06    -2.076914e-06    3.336423e-06    8.911634e-06    2.993181e-06    9.703868e-06    5.56639e-06    -6.648255e-07    -5.965736e-06    -2.536743e-06    1.720204e-06    -5.071939e-08    -4.641613e-06    2.867447e-06    5.20591e-06    -6.638248e-06    -8.966833e-06    2.564295e-06    4.961034e-06    4.658297e-07    -2.864599e-06    2.814564e-07    -2.120512e-06    -1.620612e-07    -3.452198e-06    6.728896e-06    5.122801e-06    -3.065239e-06    -2.082984e-06    -6.577199e-07    1.132229e-05    7.191044e-06    -3.754675e-06    -6.71304e-06    -3.173319e-07    -3.913247e-06    -3.752821e-06    2.53211e-06    6.274032e-06
-3.741761e-06    -3.742288e-06    -2.318669e-06    1.341779e-06    6.417764e-06    1.970731e-06    7.193089e-06    4.337526e-06    -8.631042e-07    -3.704034e-06    -2.275952e-06    8.33272e-07    1.125798e-06    -2.19719e-06    1.423544e-06    3.393249e-06    -3.307283e-06    -9.769028e-06    2.746497e-06    4.693458e-06    1.851371e-07    -1.847436e-06    1.282532e-06    -2.158896e-06    -4.327058e-07    -2.702437e-06    3.698826e-06    3.842966e-06    -1.846352e-06    -1.206144e-06    -2.163214e-06    7.191044e-06    8.034426e-06    -1.697878e-06    -5.890719e-06    5.831888e-07    -3.184206e-06    -3.736257e-06    1.926138e-06    5.384058e-06
1.672881e-06    1.325702e-06    4.999383e-07    -4.629147e-07    -2.457706e-06    -7.48184e-07    -1.915108e-06    -1.051933e-06    4.410059e-07    1.209215e-06    1.983422e-07    -8.111031e-07    3.854195e-08    1.699555e-06    -5.699457e-07    -1.19713e-06    3.06934e-06    9.470853e-08    4.343489e-08    -7.739839e-07    2.060563e-07    1.051002e-06    -5.481293e-08    -9.186219e-08    -7.974355e-08    1.18817e-06    -1.197119e-06    -1.445983e-06    4.929558e-07    5.347901e-07    1.49357e-07    -3.754675e-06    -1.697878e-06    2.392076e-06    1.418895e-06    -5.907574e-07    1.173894e-06    1.093594e-06    -6.660125e-07    -1.155939e-06
3.443892e-06    3.825884e-06    1.843476e-06    -2.038471e-06    -5.859419e-06    -1.989376e-06    -6.951457e-06    -3.996038e-06    5.014036e-07    3.840954e-06    1.983104e-06    -9.127889e-07    -3.171513e-07    2.409482e-06    -1.609884e-06    -3.527347e-06    3.129434e-06    8.686116e-06    -2.474442e-06    -4.039831e-06    -3.216769e-07    1.450299e-06    -5.790267e-07    2.031912e-06    2.936746e-07    2.093556e-06    -4.361267e-06    -3.235731e-06    2.09946e-06    1.16866e-06    8.694332e-07    -6.71304e-06    -5.890719e-06    1.418895e-06    5.096849e-06    4.325384e-07    2.523091e-06    2.798499e-06    -1.628583e-06    -4.807865e-06
2.379592e-07    6.478086e-07    1.403794e-07    -6.723995e-07    -5.209689e-09    -2.896216e-07    -1.444469e-06    -1.051399e-06    -6.153388e-07    1.821063e-06    1.369136e-07    5.223131e-07    1.320299e-06    -1.915212e-07    -7.181531e-07    -1.120959e-06    -4.976066e-07    1.531969e-06    5.059627e-07    -1.541171e-07    -8.167484e-07    -2.089634e-07    1.194712e-06    4.382668e-07    -4.598335e-08    -4.348242e-07    -1.992867e-06    -1.985789e-08    6.272971e-07    3.456996e-07    -1.135873e-06    -3.173319e-07    5.831888e-07    -5.907574e-07    4.325384e-07    2.303782e-06    -5.224286e-07    -8.459685e-07    -2.300365e-07    -9.168202e-07
1.789372e-06    1.851958e-06    5.913629e-07    -1.016811e-06    -2.541109e-06    -5.990572e-07    -3.67481e-06    -2.525048e-06    6.252516e-07    1.70677e-06    1.138386e-06    -4.727696e-07    -6.967817e-07    1.725934e-06    -9.423741e-07    -1.692672e-06    2.419636e-06    3.316703e-06    -1.190566e-06    -1.731269e-06    -2.28865e-07    1.211972e-06    -3.642455e-07    9.332555e-07    5.199589e-08    1.710294e-06    -2.193592e-06    -2.821106e-06    1.079215e-06    1.321073e-06    6.40707e-07    -3.913247e-06    -3.184206e-06    1.173894e-06    2.523091e-06    -5.224286e-07    2.565348e-06    1.960738e-06    -1.609865e-06    -2.702971e-06
1.772695e-06    1.559664e-06    6.023875e-07    -1.021336e-06    -3.246026e-06    -5.704874e-07    -3.811335e-06    -2.485908e-06    2.395363e-07    1.738804e-06    8.590917e-07    -5.042708e-07    -4.416874e-08    2.059873e-06    -1.482438e-06    -1.056219e-06    1.326695e-06    4.116062e-06    -1.462263e-06    -2.512491e-06    -1.375361e-07    2.216313e-06    -7.11679e-07    6.785087e-07    7.33897e-08    2.187827e-06    -2.757575e-06    -3.202209e-06    1.487763e-06    8.939174e-07    8.553249e-07    -3.752821e-06    -3.736257e-06    1.093594e-06    2.798499e-06    -8.459685e-07    1.960738e-06    2.940409e-06    -6.760558e-07    -3.466035e-06
-1.308914e-06    -1.581042e-06    -6.614381e-07    5.094194e-07    1.294167e-06    3.095376e-07    2.41698e-06    1.824534e-06    -9.889193e-08    -1.726898e-06    -6.399572e-07    3.452065e-08    5.661979e-07    -7.299743e-07    1.023252e-07    2.066655e-06    -2.054688e-06    -2.647265e-06    6.081337e-07    6.834525e-07    2.481387e-07    -3.724504e-07    2.51994e-08    -4.235147e-07    -1.71845e-07    -6.714546e-07    1.151177e-06    1.587886e-06    -4.434264e-07    -1.116065e-06    -2.002086e-07    2.53211e-06    1.926138e-06    -6.660125e-07    -1.628583e-06    -2.300365e-07    -1.609865e-06    -6.760558e-07    1.788099e-06    1.273985e-06
-3.018793e-06    -2.948511e-06    -1.065514e-06    2.245973e-06    5.093463e-06    1.462384e-06    7.102686e-06    5.027202e-06    2.719578e-07    -4.670772e-06    -1.603249e-06    1.307384e-08    -1.430327e-06    -2.669338e-06    3.358716e-06    2.761585e-06    -1.211523e-06    -7.767188e-06    1.366206e-06    3.830466e-06    1.385197e-06    -3.279189e-06    -3.205072e-07    -1.616981e-06    -4.181976e-08    -2.917018e-06    6.460103e-06    4.933563e-06    -3.078142e-06    -1.869764e-06    -5.350757e-07    6.274032e-06    5.384058e-06    -1.155939e-06    -4.807865e-06    -9.168202e-07    -2.702971e-06    -3.466035e-06    1.273985e-06    6.452158e-06
