6.5356e-06    6.433282e-08    -2.624365e-06    -5.492661e-08    -1.609206e-06    -1.052699e-06    1.072414e-06    3.188242e-06    -7.757353e-07    -2.235072e-06    -9.665482e-08    2.077123e-06    -5.491252e-07    1.015405e-06    -6.680067e-08    -2.004842e-07    1.400298e-06    2.080684e-06    -3.449899e-07    -3.073317e-06
6.433282e-08    4.854421e-06    8.861192e-08    -2.565194e-06    -5.845262e-07    2.167407e-07    -7.590816e-07    -1.081032e-06    7.488094e-07    4.321274e-07    -1.443142e-06    1.484644e-06    1.984663e-06    -1.321469e-06    -1.958311e-07    5.349779e-07    -7.989065e-08    5.233131e-08    4.436784e-08    -5.809128e-07
-2.624365e-06    8.861192e-08    5.30825e-06    1.616607e-08    -2.257114e-06    8.376834e-07    -7.447446e-07    -2.613274e-06    1.376371e-06    7.483767e-07    -1.68212e-06    1.483101e-06    1.965217e-06    -1.084941e-06    -2.873974e-07    1.622494e-07    2.515424e-07    -5.931404e-08    -2.114137e-07    -3.478682e-07
-5.492661e-08    -2.565194e-06    1.616607e-08    5.347355e-06    -1.947457e-06    -7.297951e-08    3.207967e-07    1.303818e-06    -1.75702e-07    -1.032259e-06    -3.43854e-07    9.285369e-07    -1.8079e-07    1.237735e-06    -1.557379e-07    2.105011e-07    7.934387e-07    8.735444e-07    -4.03964e-07    -1.739591e-06
-1.609206e-06    -5.845262e-07    -2.257114e-06    -1.947457e-06    5.212614e-06    -1.283586e-07    2.94674e-07    -4.68139e-07    -7.857275e-07    1.343e-06    1.968588e-06    -3.144621e-06    -1.754019e-06    -9.870629e-08    3.912949e-07    -6.283654e-07    -9.9775e-07    -1.472597e-06    2.745828e-07    3.154009e-06
-1.052699e-06    2.167407e-07    8.376834e-07    -7.297951e-08    -1.283586e-07    8.042005e-06    -4.810785e-06    -8.391052e-06    1.675909e-06    1.544941e-06    -2.555085e-07    -2.692611e-07    8.581062e-07    -9.925896e-07    -5.946494e-07    -1.584675e-06    -1.781617e-06    -6.321215e-07    2.457271e-06    2.787715e-06
1.072414e-06    -7.590816e-07    -7.447446e-07    3.207967e-07    2.94674e-07    -4.810785e-06    1.91187e-05    -4.663881e-06    -3.463173e-06    -7.922267e-07    1.46239e-06    -6.061301e-07    -1.644916e-06    1.822573e-06    2.958864e-07    -3.685812e-07    2.643078e-06    1.190894e-06    -2.368185e-06    -7.346208e-07
3.188242e-06    -1.081032e-06    -2.613274e-06    1.303818e-06    -4.68139e-07    -8.391052e-06    -4.663881e-06    3.147253e-05    -7.028738e-06    -9.613422e-06    4.980032e-07    8.448003e-08    -2.308588e-06    3.801437e-06    1.131152e-06    1.340956e-06    3.389165e-06    4.677276e-06    -2.355926e-06    -8.565458e-06
-7.757353e-07    7.488094e-07    1.376371e-06    -1.75702e-07    -7.857275e-07    1.675909e-06    -3.463173e-06    -7.028738e-06    7.032057e-06    2.004882e-06    -1.136388e-06    1.227513e-06    1.702744e-06    -1.766066e-06    -4.442341e-07    1.067932e-06    -7.073638e-07    -1.604515e-06    2.870819e-08    9.374238e-07
-2.235072e-06    4.321274e-07    7.483767e-07    -1.032259e-06    1.343e-06    1.544941e-06    -7.922267e-07    -9.613422e-06    2.004882e-06    6.251922e-06    -2.12463e-07    -7.585649e-07    8.597008e-07    -2.124743e-06    -1.822441e-07    -1.836587e-07    -2.056933e-06    -2.753645e-06    6.938187e-07    3.897065e-06
-9.665482e-08    -1.443142e-06    -1.68212e-06    -3.43854e-07    1.968588e-06    -2.555085e-07    1.46239e-06    4.980032e-07    -1.136388e-06    -2.12463e-07    3.147431e-06    -2.270696e-06    -2.616707e-06    5.260565e-07    1.832993e-07    -1.131448e-06    -4.301079e-07    8.361947e-08    5.972722e-07    1.464961e-06
2.077123e-06    1.484644e-06    1.483101e-06    9.285369e-07    -3.144621e-06    -2.692611e-07    -6.061301e-07    8.448003e-08    1.227513e-06    -7.585649e-07    -2.270696e-06    8.999813e-06    -1.52951e-06    -2.158703e-06    7.417984e-08    -2.033496e-07    1.366504e-06    2.215715e-06    -4.497084e-07    -3.054949e-06
-5.491252e-07    1.984663e-06    1.965217e-06    -1.8079e-07    -1.754019e-06    8.581062e-07    -1.644916e-06    -2.308588e-06    1.702744e-06    8.597008e-07    -2.616707e-06    -1.52951e-06    6.475147e-06    -1.035103e-06    -8.321831e-07    1.180325e-06    -2.302314e-07    -4.45687e-07    8.534755e-08    -9.110639e-07
1.015405e-06    -1.321469e-06    -1.084941e-06    1.237735e-06    -9.870629e-08    -9.925896e-07    1.822573e-06    3.801437e-06    -1.766066e-06    -2.124743e-06    5.260565e-07    -2.158703e-06    -1.035103e-06    3.602277e-06    -7.012462e-08    8.208397e-07    1.055915e-06    4.606324e-07    -6.463205e-07    -1.764431e-06
-6.680067e-08    -1.958311e-07    -2.873974e-07    -1.557379e-07    3.912949e-07    -5.946494e-07    2.958864e-07    1.131152e-06    -4.442341e-07    -1.822441e-07    1.832993e-07    7.417984e-08    -8.321831e-07    -7.012462e-08    5.490899e-07    -6.801364e-08    -8.368661e-08    4.643949e-10    -1.814252e-07    -4.2345e-08
-2.004842e-07    5.349779e-07    1.622494e-07    2.105011e-07    -6.283654e-07    -1.584675e-06    -3.685812e-07    1.340956e-06    1.067932e-06    -1.836587e-07    -1.131448e-06    -2.033496e-07    1.180325e-06    8.208397e-07    -6.801364e-08    5.372935e-06    -1.048605e-06    -3.038114e-06    1.074588e-07    -8.356004e-07
1.400298e-06    -7.989065e-08    2.515424e-07    7.934387e-07    -9.9775e-07    -1.781617e-06    2.643078e-06    3.389165e-06    -7.073638e-07    -2.056933e-06    -4.301079e-07    1.366504e-06    -2.302314e-07    1.055915e-06    -8.368661e-08    -1.048605e-06    6.412761e-06    2.074921e-06    -4.802022e-06    -1.870294e-06
2.080684e-06    5.233131e-08    -5.931404e-08    8.735444e-07    -1.472597e-06    -6.321215e-07    1.190894e-06    4.677276e-06    -1.604515e-06    -2.753645e-06    8.361947e-08    2.215715e-06    -4.45687e-07    4.606324e-07    4.643949e-10    -3.038114e-06    2.074921e-06    6.704207e-06    -6.723546e-07    -5.456442e-06
-3.449899e-07    4.436784e-08    -2.114137e-07    -4.03964e-07    2.745828e-07    2.457271e-06    -2.368185e-06    -2.355926e-06    2.870819e-08    6.938187e-07    5.972722e-07    -4.497084e-07    8.534755e-08    -6.463205e-07    -1.814252e-07    1.074588e-07    -4.802022e-06    -6.723546e-07    7.346948e-06    -1.715072e-06
-3.073317e-06    -5.809128e-07    -3.478682e-07    -1.739591e-06    3.154009e-06    2.787715e-06    -7.346208e-07    -8.565458e-06    9.374238e-07    3.897065e-06    1.464961e-06    -3.054949e-06    -9.110639e-07    -1.764431e-06    -4.2345e-08    -8.356004e-07    -1.870294e-06    -5.456442e-06    -1.715072e-06    1.090784e-05
