6.002168e-06    2.499985e-06    -7.291535e-07    -1.204992e-06    -4.233417e-06    -1.280339e-06    -4.953798e-06    -3.221097e-06    -5.766388e-07    3.541626e-06    -2.202562e-06    4.498146e-06    3.781789e-06    -1.006005e-06    -2.769854e-06    -3.495821e-07    1.537177e-06    -2.75223e-07    1.288261e-06    1.867654e-07    1.739225e-06    -3.947251e-06    -2.602378e-06    1.950721e-06    1.100052e-06    2.479062e-07    1.766046e-06    1.777099e-06    -1.310161e-06    -2.966004e-06
2.499985e-06    7.134593e-06    1.792764e-06    -4.538308e-06    -3.642903e-06    -1.909104e-06    -5.303597e-06    -2.349203e-06    3.631827e-07    2.939264e-06    -4.907613e-06    4.611861e-06    7.840229e-06    -3.242027e-06    -2.662937e-06    2.018324e-07    2.726e-07    -6.518382e-07    1.411968e-06    4.154211e-07    1.16194e-06    -2.662908e-06    -1.816974e-06    1.154179e-06    7.054075e-07    5.778804e-07    1.875456e-06    1.564039e-06    -1.621133e-06    -2.893027e-06
-7.291535e-07    1.792764e-06    5.383775e-06    3.909532e-07    -4.562798e-06    -1.083607e-06    -1.824596e-06    -2.352206e-07    8.633195e-07    6.444932e-07    -2.810231e-06    7.622788e-07    6.685309e-06    -1.858539e-06    -1.733522e-06    7.095472e-07    -8.637079e-07    -9.030707e-07    6.354235e-07    3.794719e-07    2.019254e-07    4.661686e-07    8.862961e-08    -3.458118e-07    -4.417001e-07    1.107767e-07    5.841426e-07    5.967858e-07    -6.768599e-07    -1.056822e-06
-1.204992e-06    -4.538308e-06    3.909532e-07    7.847648e-06    2.826005e-07    1.018024e-06    3.771726e-06    2.342504e-06    3.075531e-08    -2.454093e-06    1.736789e-06    -1.302366e-06    -3.296986e-06    2.55013e-06    1.136097e-06    9.752737e-07    -1.267185e-06    -8.658649e-07    -6.660566e-07    2.335008e-08    -6.646651e-07    3.347967e-06    1.799191e-06    -1.494928e-06    -1.203128e-06    -5.08853e-07    -9.948266e-07    -1.094827e-06    4.279654e-07    2.267668e-06
-4.233417e-06    -3.642903e-06    -4.562798e-06    2.826005e-07    1.605163e-05    3.04616e-06    8.097673e-06    4.40883e-06    -1.312564e-06    -4.863687e-06    3.914461e-06    -4.351388e-06    -1.086835e-05    3.440739e-06    6.298191e-06    -1.524929e-07    -1.746867e-06    8.76154e-07    -2.261628e-06    -3.192572e-07    -3.081768e-06    5.423731e-06    3.652273e-06    -2.674462e-06    -9.026764e-07    -2.864695e-08    -2.505665e-06    -3.204349e-06    1.377975e-06    4.894336e-06
-1.280339e-06    -1.909104e-06    -1.083607e-06    1.018024e-06    3.04616e-06    7.481787e-06    2.106806e-06    -3.077257e-06    -1.156732e-06    -1.265952e-06    1.975221e-06    -1.338736e-06    -3.741022e-06    1.091287e-06    1.694568e-06    2.464487e-07    -2.935308e-07    -7.338631e-08    -7.495988e-07    -1.249462e-07    -3.393248e-07    1.708019e-06    2.503279e-07    -7.806079e-07    -8.315344e-08    -2.79458e-07    -6.226356e-07    -5.772586e-07    2.030248e-07    1.584096e-06
-4.953798e-06    -5.303597e-06    -1.824596e-06    3.771726e-06    8.097673e-06    2.106806e-06    1.494939e-05    6.508715e-06    -2.827156e-06    -5.976005e-06    4.833698e-06    -5.091686e-06    -1.169407e-05    3.584717e-06    5.825425e-06    9.568703e-07    -2.518098e-06    -3.461307e-07    -2.769606e-06    -7.295953e-08    -2.821772e-06    8.32184e-06    5.15843e-06    -3.751714e-06    -2.349136e-06    -1.390945e-06    -3.683762e-06    -3.93056e-06    2.407905e-06    7.243588e-06
-3.221097e-06    -2.349203e-06    -2.352206e-07    2.342504e-06    4.40883e-06    -3.077257e-06    6.508715e-06    1.065716e-05    1.27674e-06    -6.33017e-06    2.561179e-06    -2.191134e-06    -6.186009e-06    1.240668e-06    2.857781e-06    1.733882e-06    -2.982903e-06    -1.071408e-06    -1.217516e-06    8.958705e-08    -2.109686e-06    6.389895e-06    4.931259e-06    -3.011308e-06    -2.816206e-06    -1.071047e-06    -2.581779e-06    -2.497797e-06    1.988813e-06    4.993355e-06
-5.766388e-07    3.631827e-07    8.633195e-07    3.075531e-08    -1.312564e-06    -1.156732e-06    -2.827156e-06    1.27674e-06    7.010674e-06    -2.997433e-06    5.794173e-07    8.093126e-07    3.979584e-07    -8.730004e-07    -9.268243e-07    1.416097e-06    -1.586535e-06    -1.137006e-06    9.234452e-07    -5.126885e-08    3.350461e-07    1.658062e-06    8.322441e-07    -4.482267e-07    -1.066105e-06    -7.402617e-07    5.525694e-07    3.21334e-07    1.974359e-08    2.586588e-07
3.541626e-06    2.939264e-06    6.444932e-07    -2.454093e-06    -4.863687e-06    -1.265952e-06    -5.976005e-06    -6.33017e-06    -2.997433e-06    1.015424e-05    -3.651903e-06    1.915062e-06    6.675126e-06    -5.661919e-07    -2.685341e-06    -2.288136e-06    3.522542e-06    1.899704e-06    2.408188e-07    3.603099e-08    1.785668e-06    -7.178674e-06    -4.436226e-06    2.934582e-06    2.930638e-06    1.829711e-06    1.828359e-06    1.825239e-06    -1.823053e-06    -4.77093e-06
-2.202562e-06    -4.907613e-06    -2.810231e-06    1.736789e-06    3.914461e-06    1.975221e-06    4.833698e-06    2.561179e-06    5.794173e-07    -3.651903e-06    8.042005e-06    -4.810785e-06    -8.391052e-06    1.675909e-06    1.544941e-06    -2.555085e-07    -2.692611e-07    8.581062e-07    -9.925896e-07    -5.946494e-07    -7.5088e-07    2.380706e-06    1.578937e-06    -1.163156e-06    -7.5691e-07    -1.584675e-06    -1.781617e-06    -6.321215e-07    2.457271e-06    2.787715e-06
4.498146e-06    4.611861e-06    7.622788e-07    -1.302366e-06    -4.351388e-06    -1.338736e-06    -5.091686e-06    -2.191134e-06    8.093126e-07    1.915062e-06    -4.810785e-06    1.91187e-05    -4.663881e-06    -3.463173e-06    -7.922267e-07    1.46239e-06    -6.061301e-07    -1.644916e-06    1.822573e-06    2.958864e-07    1.140986e-06    -9.119507e-07    -1.311684e-06    1.775567e-07    7.867073e-07    -3.685812e-07    2.643078e-06    1.190894e-06    -2.368185e-06    -7.346208e-07
3.781789e-06    7.840229e-06    6.685309e-06    -3.296986e-06    -1.086835e-05    -3.741022e-06    -1.169407e-05    -6.186009e-06    3.979584e-07    6.675126e-06    -8.391052e-06    -4.663881e-06    3.147253e-05    -7.028738e-06    -9.613422e-06    4.980032e-07    8.448003e-08    -2.308588e-06    3.801437e-06    1.131152e-06    1.659868e-06    -6.014921e-06    -3.309594e-06    3.202635e-06    8.503548e-07    1.340956e-06    3.389165e-06    4.677276e-06    -2.355926e-06    -8.565458e-06
-1.006005e-06    -3.242027e-06    -1.858539e-06    2.55013e-06    3.440739e-06    1.091287e-06    3.584717e-06    1.240668e-06    -8.730004e-07    -5.661919e-07    1.675909e-06    -3.463173e-06    -7.028738e-06    7.032057e-06    2.004882e-06    -1.136388e-06    1.227513e-06    1.702744e-06    -1.766066e-06    -4.442341e-07    -7.577465e-08    1.299377e-07    -1.63077e-07    -4.777885e-07    5.052755e-07    1.067932e-06    -7.073638e-07    -1.604515e-06    2.870819e-08    9.374238e-07
-2.769854e-06    -2.662937e-06    -1.733522e-06    1.136097e-06    6.298191e-06    1.694568e-06    5.825425e-06    2.857781e-06    -9.268243e-07    -2.685341e-06    1.544941e-06    -7.922267e-07    -9.613422e-06    2.004882e-06    6.251922e-06    -2.12463e-07    -7.585649e-07    8.597008e-07    -2.124743e-06    -1.822441e-07    -1.893421e-06    3.655128e-06    2.472604e-06    -1.738236e-06    -5.334376e-07    -1.836587e-07    -2.056933e-06    -2.753645e-06    6.938187e-07    3.897065e-06
-3.495821e-07    2.018324e-07    7.095472e-07    9.752737e-07    -1.524929e-07    2.464487e-07    9.568703e-07    1.733882e-06    1.416097e-06    -2.288136e-06    -2.555085e-07    1.46239e-06    4.980032e-07    -1.136388e-06    -2.12463e-07    3.147431e-06    -2.270696e-06    -2.616707e-06    5.260565e-07    1.832993e-07    -5.704305e-07    3.122603e-06    2.128601e-06    -1.014761e-06    -1.690008e-06    -1.131448e-06    -4.301079e-07    8.361947e-08    5.972722e-07    1.464961e-06
1.537177e-06    2.726e-07    -8.637079e-07    -1.267185e-06    -1.746867e-06    -2.935308e-07    -2.518098e-06    -2.982903e-06    -1.586535e-06    3.522542e-06    -2.692611e-07    -6.061301e-07    8.448003e-08    1.227513e-06    -7.585649e-07    -2.270696e-06    8.999813e-06    -1.52951e-06    -2.158703e-06    7.417984e-08    2.760607e-06    -5.032327e-06    -4.7865e-06    2.357415e-06    2.041151e-06    -2.033496e-07    1.366504e-06    2.215715e-06    -4.497084e-07    -3.054949e-06
-2.75223e-07    -6.518382e-07    -9.030707e-07    -8.658649e-07    8.76154e-07    -7.338631e-08    -3.461307e-07    -1.071408e-06    -1.137006e-06    1.899704e-06    8.581062e-07    -1.644916e-06    -2.308588e-06    1.702744e-06    8.597008e-07    -2.616707e-06    -1.52951e-06    6.475147e-06    -1.035103e-06    -8.321831e-07    -1.491767e-07    -2.702914e-06    -1.386266e-06    5.777995e-07    1.702394e-06    1.180325e-06    -2.302314e-07    -4.45687e-07    8.534755e-08    -9.110639e-07
1.288261e-06    1.411968e-06    6.354235e-07    -6.660566e-07    -2.261628e-06    -7.495988e-07    -2.769606e-06    -1.217516e-06    9.234452e-07    2.408188e-07    -9.925896e-07    1.822573e-06    3.801437e-06    -1.766066e-06    -2.124743e-06    5.260565e-07    -2.158703e-06    -1.035103e-06    3.602277e-06    -7.012462e-08    4.953872e-07    -8.363175e-07    7.388032e-08    7.313124e-07    -4.759328e-07    8.208397e-07    1.055915e-06    4.606324e-07    -6.463205e-07    -1.764431e-06
1.867654e-07    4.154211e-07    3.794719e-07    2.335008e-08    -3.192572e-07    -1.249462e-07    -7.295953e-08    8.958705e-08    -5.126885e-08    3.603099e-08    -5.946494e-07    2.958864e-07    1.131152e-06    -4.442341e-07    -1.822441e-07    1.832993e-07    7.417984e-08    -8.321831e-07    -7.012462e-08    5.490899e-07    -1.840117e-07    3.913839e-07    2.544369e-07    -1.856823e-07    -1.072499e-07    -6.801364e-08    -8.368661e-08    4.643949e-10    -1.814252e-07    -4.2345e-08
1.739225e-06    1.16194e-06    2.019254e-07    -6.646651e-07    -3.081768e-06    -3.393248e-07    -2.821772e-06    -2.109686e-06    3.350461e-07    1.785668e-06    -7.5088e-07    1.140986e-06    1.659868e-06    -7.577465e-08    -1.893421e-06    -5.704305e-07    2.760607e-06    -1.491767e-07    4.953872e-07    -1.840117e-07    7.847485e-06    -2.629038e-06    -6.800047e-06    1.485388e-06    6.371722e-07    -1.609116e-07    1.303457e-06    2.123269e-06    -3.804113e-09    -3.431315e-06
-3.947251e-06    -2.662908e-06    4.661686e-07    3.347967e-06    5.423731e-06    1.708019e-06    8.32184e-06    6.389895e-06    1.658062e-06    -7.178674e-06    2.380706e-06    -9.119507e-07    -6.014921e-06    1.299377e-07    3.655128e-06    3.122603e-06    -5.032327e-06    -2.702914e-06    -8.363175e-07    3.913839e-07    -2.629038e-06    1.568834e-05    3.959506e-06    -7.645079e-06    -1.579401e-06    -2.414616e-06    -2.221667e-06    -2.991584e-06    6.096326e-07    7.37237e-06
-2.602378e-06    -1.816974e-06    8.862961e-08    1.799191e-06    3.652273e-06    2.503279e-07    5.15843e-06    4.931259e-06    8.322441e-07    -4.436226e-06    1.578937e-06    -1.311684e-06    -3.309594e-06    -1.63077e-07    2.472604e-06    2.128601e-06    -4.7865e-06    -1.386266e-06    7.388032e-08    2.544369e-07    -6.800047e-06    3.959506e-06    1.179055e-05    -2.385329e-06    -4.950616e-06    -3.221867e-07    -2.973651e-06    -3.506857e-06    1.240775e-06    5.862707e-06
1.950721e-06    1.154179e-06    -3.458118e-07    -1.494928e-06    -2.674462e-06    -7.806079e-07    -3.751714e-06    -3.011308e-06    -4.482267e-07    2.934582e-06    -1.163156e-06    1.775567e-07    3.202635e-06    -4.777885e-07    -1.738236e-06    -1.014761e-06    2.357415e-06    5.777995e-07    7.313124e-07    -1.856823e-07    1.485388e-06    -7.645079e-06    -2.385329e-06    7.302858e-06    -6.247371e-07    9.159907e-07    6.229453e-07    1.432576e-06    3.337197e-07    -3.593974e-06
1.100052e-06    7.054075e-07    -4.417001e-07    -1.203128e-06    -9.026764e-07    -8.315344e-08    -2.349136e-06    -2.816206e-06    -1.066105e-06    2.930638e-06    -7.5691e-07    7.867073e-07    8.503548e-07    5.052755e-07    -5.334376e-07    -1.690008e-06    2.041151e-06    1.702394e-06    -4.759328e-07    -1.072499e-07    6.371722e-07    -1.579401e-06    -4.950616e-06    -6.247371e-07    6.513323e-06    3.279829e-07    1.886051e-06    1.309507e-06    -1.448367e-06    -2.312358e-06
2.479062e-07    5.778804e-07    1.107767e-07    -5.08853e-07    -2.864695e-08    -2.79458e-07    -1.390945e-06    -1.071047e-06    -7.402617e-07    1.829711e-06    -1.584675e-06    -3.685812e-07    1.340956e-06    1.067932e-06    -1.836587e-07    -1.131448e-06    -2.033496e-07    1.180325e-06    8.208397e-07    -6.801364e-08    -1.609116e-07    -2.414616e-06    -3.221867e-07    9.159907e-07    3.279829e-07    5.372935e-06    -1.048605e-06    -3.038114e-06    1.074588e-07    -8.356004e-07
1.766046e-06    1.875456e-06    5.841426e-07    -9.948266e-07    -2.505665e-06    -6.226356e-07    -3.683762e-06    -2.581779e-06    5.525694e-07    1.828359e-06    -1.781617e-06    2.643078e-06    3.389165e-06    -7.073638e-07    -2.056933e-06    -4.301079e-07    1.366504e-06    -2.302314e-07    1.055915e-06    -8.368661e-08    1.303457e-06    -2.221667e-06    -2.973651e-06    6.229453e-07    1.886051e-06    -1.048605e-06    6.412761e-06    2.074921e-06    -4.802022e-06    -1.870294e-06
1.777099e-06    1.564039e-06    5.967858e-07    -1.094827e-06    -3.204349e-06    -5.772586e-07    -3.93056e-06    -2.497797e-06    3.21334e-07    1.825239e-06    -6.321215e-07    1.190894e-06    4.677276e-06    -1.604515e-06    -2.753645e-06    8.361947e-08    2.215715e-06    -4.45687e-07    4.606324e-07    4.643949e-10    2.123269e-06    -2.991584e-06    -3.506857e-06    1.432576e-06    1.309507e-06    -3.038114e-06    2.074921e-06    6.704207e-06    -6.723546e-07    -5.456442e-06
-1.310161e-06    -1.621133e-06    -6.768599e-07    4.279654e-07    1.377975e-06    2.030248e-07    2.407905e-06    1.988813e-06    1.974359e-08    -1.823053e-06    2.457271e-06    -2.368185e-06    -2.355926e-06    2.870819e-08    6.938187e-07    5.972722e-07    -4.497084e-07    8.534755e-08    -6.463205e-07    -1.814252e-07    -3.804113e-09    6.096326e-07    1.240775e-06    3.337197e-07    -1.448367e-06    1.074588e-07    -4.802022e-06    -6.723546e-07    7.346948e-06    -1.715072e-06
-2.966004e-06    -2.893027e-06    -1.056822e-06    2.267668e-06    4.894336e-06    1.584096e-06    7.243588e-06    4.993355e-06    2.586588e-07    -4.77093e-06    2.787715e-06    -7.346208e-07    -8.565458e-06    9.374238e-07    3.897065e-06    1.464961e-06    -3.054949e-06    -9.110639e-07    -1.764431e-06    -4.2345e-08    -3.431315e-06    7.37237e-06    5.862707e-06    -3.593974e-06    -2.312358e-06    -8.356004e-07    -1.870294e-06    -5.456442e-06    -1.715072e-06    1.090784e-05
