8.56438e-06    1.656935e-06    -3.73977e-06    5.371598e-07    -1.851676e-06    -5.42003e-07    1.560847e-06    3.721475e-06    -3.128032e-07    -2.826734e-06    5.101085e-07    9.951598e-07    -1.203334e-06    1.186232e-06    6.677359e-08    -7.355973e-07    1.617401e-06    2.257883e-06    -4.605523e-07    -2.833919e-06
1.656935e-06    7.710914e-06    1.915862e-06    -2.814275e-06    -1.363248e-06    -4.275669e-06    2.517398e-06    9.470404e-06    -3.670194e-06    -3.109499e-06    1.622979e-07    1.238174e-08    -9.630994e-07    1.894418e-06    4.464524e-07    1.080695e-06    1.482334e-06    1.548501e-06    -1.188522e-06    -3.182629e-06
-3.73977e-06    1.915862e-06    8.080443e-06    6.411805e-07    -4.812911e-06    -4.098274e-06    3.036307e-06    6.288637e-06    -2.76066e-06    -1.075729e-06    1.452291e-07    -7.947452e-07    -2.354594e-07    9.286419e-07    4.524747e-07    1.230689e-06    7.80759e-07    2.269184e-07    -1.591052e-06    -1.228718e-06
5.371598e-07    -2.814275e-06    6.411805e-07    7.31455e-06    -5.379579e-06    1.860808e-07    2.269814e-06    1.052852e-07    2.931806e-07    -9.562977e-07    3.841983e-07    -5.409234e-07    -7.220262e-07    8.685375e-07    1.057219e-07    -9.285491e-07    1.048785e-06    4.052787e-07    -7.908764e-07    -1.799957e-07
-1.851676e-06    -1.363248e-06    -4.812911e-06    -5.379579e-06    1.304621e-05    3.987853e-06    -5.315942e-06    -7.866729e-06    2.798463e-06    3.084592e-06    -1.1023e-06    6.237812e-07    1.798592e-06    -1.729553e-06    -5.501137e-07    1.001114e-06    -2.715132e-06    -2.01367e-06    2.301545e-06    2.384326e-06
-5.42003e-07    -4.275669e-06    -4.098274e-06    1.860808e-07    3.987853e-06    8.042005e-06    -4.810785e-06    -8.391052e-06    1.675909e-06    1.544941e-06    -2.555085e-07    -2.692611e-07    8.581062e-07    -9.925896e-07    -5.946494e-07    -1.584675e-06    -1.781617e-06    -6.321215e-07    2.457271e-06    2.787715e-06
1.560847e-06    2.517398e-06    3.036307e-06    2.269814e-06    -5.315942e-06    -4.810785e-06    1.91187e-05    -4.663881e-06    -3.463173e-06    -7.922267e-07    1.46239e-06    -6.061301e-07    -1.644916e-06    1.822573e-06    2.958864e-07    -3.685812e-07    2.643078e-06    1.190894e-06    -2.368185e-06    -7.346208e-07
3.721475e-06    9.470404e-06    6.288637e-06    1.052852e-07    -7.866729e-06    -8.391052e-06    -4.663881e-06    3.147253e-05    -7.028738e-06    -9.613422e-06    4.980032e-07    8.448003e-08    -2.308588e-06    3.801437e-06    1.131152e-06    1.340956e-06    3.389165e-06    4.677276e-06    -2.355926e-06    -8.565458e-06
-3.128032e-07    -3.670194e-06    -2.76066e-06    2.931806e-07    2.798463e-06    1.675909e-06    -3.463173e-06    -7.028738e-06    7.032057e-06    2.004882e-06    -1.136388e-06    1.227513e-06    1.702744e-06    -1.766066e-06    -4.442341e-07    1.067932e-06    -7.073638e-07    -1.604515e-06    2.870819e-08    9.374238e-07
-2.826734e-06    -3.109499e-06    -1.075729e-06    -9.562977e-07    3.084592e-06    1.544941e-06    -7.922267e-07    -9.613422e-06    2.004882e-06    6.251922e-06    -2.12463e-07    -7.585649e-07    8.597008e-07    -2.124743e-06    -1.822441e-07    -1.836587e-07    -2.056933e-06    -2.753645e-06    6.938187e-07    3.897065e-06
5.101085e-07    1.622979e-07    1.452291e-07    3.841983e-07    -1.1023e-06    -2.555085e-07    1.46239e-06    4.980032e-07    -1.136388e-06    -2.12463e-07    3.147431e-06    -2.270696e-06    -2.616707e-06    5.260565e-07    1.832993e-07    -1.131448e-06    -4.301079e-07    8.361947e-08    5.972722e-07    1.464961e-06
9.951598e-07    1.238174e-08    -7.947452e-07    -5.409234e-07    6.237812e-07    -2.692611e-07    -6.061301e-07    8.448003e-08    1.227513e-06    -7.585649e-07    -2.270696e-06    8.999813e-06    -1.52951e-06    -2.158703e-06    7.417984e-08    -2.033496e-07    1.366504e-06    2.215715e-06    -4.497084e-07    -3.054949e-06
-1.203334e-06    -9.630994e-07    -2.354594e-07    -7.220262e-07    1.798592e-06    8.581062e-07    -1.644916e-06    -2.308588e-06    1.702744e-06    8.597008e-07    -2.616707e-06    -1.52951e-06    6.475147e-06    -1.035103e-06    -8.321831e-07    1.180325e-06    -2.302314e-07    -4.45687e-07    8.534755e-08    -9.110639e-07
1.186232e-06    1.894418e-06    9.286419e-07    8.685375e-07    -1.729553e-06    -9.925896e-07    1.822573e-06    3.801437e-06    -1.766066e-06    -2.124743e-06    5.260565e-07    -2.158703e-06    -1.035103e-06    3.602277e-06    -7.012462e-08    8.208397e-07    1.055915e-06    4.606324e-07    -6.463205e-07    -1.764431e-06
6.677359e-08    4.464524e-07    4.524747e-07    1.057219e-07    -5.501137e-07    -5.946494e-07    2.958864e-07    1.131152e-06    -4.442341e-07    -1.822441e-07    1.832993e-07    7.417984e-08    -8.321831e-07    -7.012462e-08    5.490899e-07    -6.801364e-08    -8.368661e-08    4.643949e-10    -1.814252e-07    -4.2345e-08
-7.355973e-07    1.080695e-06    1.230689e-06    -9.285491e-07    1.001114e-06    -1.584675e-06    -3.685812e-07    1.340956e-06    1.067932e-06    -1.836587e-07    -1.131448e-06    -2.033496e-07    1.180325e-06    8.208397e-07    -6.801364e-08    5.372935e-06    -1.048605e-06    -3.038114e-06    1.074588e-07    -8.356004e-07
1.617401e-06    1.482334e-06    7.80759e-07    1.048785e-06    -2.715132e-06    -1.781617e-06    2.643078e-06    3.389165e-06    -7.073638e-07    -2.056933e-06    -4.301079e-07    1.366504e-06    -2.302314e-07    1.055915e-06    -8.368661e-08    -1.048605e-06    6.412761e-06    2.074921e-06    -4.802022e-06    -1.870294e-06
2.257883e-06    1.548501e-06    2.269184e-07    4.052787e-07    -2.01367e-06    -6.321215e-07    1.190894e-06    4.677276e-06    -1.604515e-06    -2.753645e-06    8.361947e-08    2.215715e-06    -4.45687e-07    4.606324e-07    4.643949e-10    -3.038114e-06    2.074921e-06    6.704207e-06    -6.723546e-07    -5.456442e-06
-4.605523e-07    -1.188522e-06    -1.591052e-06    -7.908764e-07    2.301545e-06    2.457271e-06    -2.368185e-06    -2.355926e-06    2.870819e-08    6.938187e-07    5.972722e-07    -4.497084e-07    8.534755e-08    -6.463205e-07    -1.814252e-07    1.074588e-07    -4.802022e-06    -6.723546e-07    7.346948e-06    -1.715072e-06
-2.833919e-06    -3.182629e-06    -1.228718e-06    -1.799957e-07    2.384326e-06    2.787715e-06    -7.346208e-07    -8.565458e-06    9.374238e-07    3.897065e-06    1.464961e-06    -3.054949e-06    -9.110639e-07    -1.764431e-06    -4.2345e-08    -8.356004e-07    -1.870294e-06    -5.456442e-06    -1.715072e-06    1.090784e-05
