1    -0.1570915    -0.6133393    0.07760986    0.3095025    0.1278061    -0.04674919    0.1449168    0.4549103    -0.5189222    0.03051991    -0.8184732    -0.1675954    0.6064426    0.236054    -0.6014339    0.3214883    0.4008723    -0.1203277    -0.169294
-0.1570915    1    0.7539584    -0.721469    -0.8836925    0.5967249    -0.82288    -0.9029799    0.5614442    0.8348317    -0.3171178    0.212404    0.66264    0.3456468    -0.551548    -0.06213351    -0.7261008    -0.6504094    0.5627555    0.7340524
-0.6133393    0.7539584    1    -0.3872946    -0.9205343    0.2619712    -0.6251665    -0.6838575    0.2929574    0.838243    -0.04543091    0.6381523    0.4465013    -0.1225082    -0.492148    0.1355536    -0.7013754    -0.7686974    0.508176    0.7477902
0.07760986    -0.721469    -0.3872946    1    0.406361    -0.7164952    0.3406445    0.733284    -0.2316084    -0.5949967    0.7486305    0.06243185    -0.762416    -0.3992654    0.3677696    -0.2516523    0.4738797    0.4123486    -0.3220321    -0.2942353
0.3095025    -0.8836925    -0.9205343    0.406361    1    -0.3466054    0.8344585    0.7633475    -0.5681511    -0.7988608    0.007883591    -0.4365211    -0.4347344    -0.1206267    0.4911269    0.1262272    0.6977644    0.7228871    -0.5394649    -0.8383953
0.1278061    0.5967249    0.2619712    -0.7164952    -0.3466054    1    -0.4333155    -0.8210623    0.4789955    0.446457    -0.643486    -0.2685952    0.6389183    0.6142707    -0.3019157    0.03040157    -0.3926205    -0.3698854    0.4757363    0.3016791
-0.04674919    -0.82288    -0.6251665    0.3406445    0.8344585    -0.4333155    1    0.7623581    -0.7897217    -0.6869998    -0.07762554    -0.1313485    -0.3296477    -0.3705801    0.3327322    0.4072538    0.6156355    0.4979141    -0.6214452    -0.7753693
0.1449168    -0.9029799    -0.6838575    0.733284    0.7633475    -0.8210623    0.7623581    1    -0.535747    -0.8345799    0.4381069    -0.1554706    -0.7515086    -0.3867886    0.5479364    0.01460449    0.6814625    0.6510402    -0.6149813    -0.6786589
0.4549103    0.5614442    0.2929574    -0.2316084    -0.5681511    0.4789955    -0.7897217    -0.535747    1    0.2086392    0.04974952    -0.3206682    0.1244593    0.6301047    -0.1298173    -0.5749526    -0.3431876    -0.3100098    0.431784    0.5796584
-0.5189222    0.8348317    0.838243    -0.5949967    -0.7988608    0.446457    -0.6869998    -0.8345799    0.2086392    1    -0.2530918    0.5240695    0.6403552    0.03551233    -0.5307987    0.1501344    -0.7280623    -0.6790495    0.5972373    0.6827261
0.03051991    -0.3171178    -0.04543091    0.7486305    0.007883591    -0.643486    -0.07762554    0.4381069    0.04974952    -0.2530918    1    0.1630332    -0.706148    -0.314748    0.3029995    -0.3571736    0.07018962    0.2066292    -0.0199898    0.06631763
-0.8184732    0.212404    0.6381523    0.06243185    -0.4365211    -0.2685952    -0.1313485    -0.1554706    -0.3206682    0.5240695    0.1630332    1    0.1538403    -0.7681403    -0.3153554    0.3065805    -0.2205355    -0.4199777    -0.007120322    0.3456546
-0.1675954    0.66264    0.4465013    -0.762416    -0.4347344    0.6389183    -0.3296477    -0.7515086    0.1244593    0.6403552    -0.706148    0.1538403    1    0.1901455    -0.7718357    0.3231448    -0.548356    -0.6420372    0.2393659    0.460872
0.6064426    0.3456468    -0.1225082    -0.3992654    -0.1206267    0.6142707    -0.3705801    -0.3867886    0.6301047    0.03551233    -0.314748    -0.7681403    0.1901455    1    -0.03990186    -0.3532588    -0.1896438    -0.05970058    0.3231156    0.2047232
0.236054    -0.551548    -0.492148    0.3677696    0.4911269    -0.3019157    0.3327322    0.5479364    -0.1298173    -0.5307987    0.3029995    -0.3153554    -0.7718357    -0.03990186    1    -0.320454    0.5571536    0.7603435    -0.1107999    -0.5499182
-0.6014339    -0.06213351    0.1355536    -0.2516523    0.1262272    0.03040157    0.4072538    0.01460449    -0.5749526    0.1501344    -0.3571736    0.3065805    0.3231448    -0.3532588    -0.320454    1    -0.2148984    -0.3250346    -0.1133392    -0.2377995
0.3214883    -0.7261008    -0.7013754    0.4738797    0.6977644    -0.3926205    0.6156355    0.6814625    -0.3431876    -0.7280623    0.07018962    -0.2205355    -0.548356    -0.1896438    0.5571536    -0.2148984    1    0.7139087    -0.7516584    -0.6643788
0.4008723    -0.6504094    -0.7686974    0.4123486    0.7228871    -0.3698854    0.4979141    0.6510402    -0.3100098    -0.6790495    0.2066292    -0.4199777    -0.6420372    -0.05970058    0.7603435    -0.3250346    0.7139087    1    -0.2948376    -0.7957498
-0.1203277    0.5627555    0.508176    -0.3220321    -0.5394649    0.4757363    -0.6214452    -0.6149813    0.431784    0.5972373    -0.0199898    -0.007120322    0.2393659    0.3231156    -0.1107999    -0.1133392    -0.7516584    -0.2948376    1    0.3750733
-0.169294    0.7340524    0.7477902    -0.2942353    -0.8383953    0.3016791    -0.7753693    -0.6786589    0.5796584    0.6827261    0.06631763    0.3456546    0.460872    0.2047232    -0.5499182    -0.2377995    -0.6643788    -0.7957498    0.3750733    1
