1    -0.07341763    -0.6190925    0.001420208    0.1189501    0.07851957    -0.05764444    0.01468579    0.2037688    -0.1848522    0.006521079    0.03702732    -0.07775888    -0.03308989    0.04918538    -0.09198204    -0.4450619    0.006705049    0.4491943    0.02921157
-0.07341763    1    0.3500543    -0.6650351    -0.5111754    0.1987493    -0.486395    -0.518381    0.1762721    0.5065175    0.05321323    -0.1597993    -0.159697    0.2741166    0.1714326    -0.2901219    0.103968    0.4851121    0.1749878    -0.3152649
-0.6190925    0.3500543    1    -0.160647    -0.7130452    0.07844155    -0.3394932    -0.3757642    0.02953477    0.4884455    0.06999112    -0.1284902    -0.08535604    0.2544204    0.1016229    0.02695869    0.4571214    0.2200809    -0.1896705    -0.2544902
0.001420208    -0.6650351    -0.160647    1    0.02807084    -0.1509705    0.1164892    0.2547966    -0.01259306    -0.2477716    -0.03982805    0.108213    0.0883993    -0.1117972    -0.0105004    0.5636649    0.05373493    -0.4624091    -0.1836405    0.06846749
0.1189501    -0.5111754    -0.7130452    0.02807084    1    -0.1485725    0.5309089    0.5092836    -0.206855    -0.5247973    -0.06401153    0.1444166    0.1425982    -0.3028124    -0.1950404    -0.07094268    -0.3043198    -0.2281497    -0.04432928    0.2255198
0.07851957    0.1987493    0.07844155    -0.1509705    -0.1485725    1    -0.2099838    -0.639589    0.2021948    0.148635    0.0005223937    -0.09910861    -0.07233979    0.1015368    0.05331825    -0.2167421    -0.1035039    0.2048165    0.1765974    -0.09151874
-0.05764444    -0.486395    -0.3394932    0.1164892    0.5309089    -0.2099838    1    0.2976746    -0.6280262    -0.2447407    0.01467772    0.007313753    0.07026211    -0.1948169    -0.1947311    -0.01056181    -0.04802585    -0.1786087    -0.1470716    0.1669401
0.01468579    -0.518381    -0.3757642    0.2547966    0.5092836    -0.639589    0.2976746    1    -0.2405214    -0.6202122    -0.02488667    0.1006428    0.1013087    -0.263369    -0.09014539    0.1884154    -0.06824953    -0.3508172    -0.146355    0.2527366
0.2037688    0.1762721    0.02953477    -0.01259306    -0.206855    0.2021948    -0.6280262    -0.2405214    1    -0.2275061    0.0562856    0.01297865    -0.1283767    0.035198    0.1826916    -0.03989291    -0.1061572    0.05944573    0.1378178    -0.01318587
-0.1848522    0.5065175    0.4884455    -0.2477716    -0.5247973    0.148635    -0.2447407    -0.6202122    -0.2275061    1    -0.03928155    -0.0527963    0.02696465    0.2619621    0.0107996    -0.07409013    0.2390942    0.27267    0.01828826    -0.2459556
0.006521079    0.05321323    0.06999112    -0.03982805    -0.06401153    0.0005223937    0.01467772    -0.02488667    0.0562856    -0.03928155    1    -0.1228896    -0.795554    0.03622886    0.1535628    0.01974734    -0.006642699    -0.03321348    -0.0980068    0.03783347
0.03702732    -0.1597993    -0.1284902    0.108213    0.1444166    -0.09910861    0.007313753    0.1006428    0.01297865    -0.0527963    -0.1228896    1    0.2461418    -0.7312569    0.0347245    0.155537    -0.04849599    -0.2272982    -0.08000267    0.2815836
-0.07775888    -0.159697    -0.08535604    0.0883993    0.1425982    -0.07233979    0.07026211    0.1013087    -0.1283767    0.02696465    -0.795554    0.2461418    1    -0.09969109    -0.5163728    0.01688454    -0.01608965    -0.09181565    0.04478726    0.09550925
-0.03308989    0.2741166    0.2544204    -0.1117972    -0.3028124    0.1015368    -0.1948169    -0.263369    0.035198    0.2619621    0.03622886    -0.7312569    -0.09969109    1    -0.3282296    -0.1426764    0.06982177    0.2882511    0.08914093    -0.3162498
0.04918538    0.1714326    0.1016229    -0.0105004    -0.1950404    0.05331825    -0.1947311    -0.09014539    0.1826916    0.0107996    0.1535628    0.0347245    -0.5163728    -0.3282296    1    0.1022736    0.1112021    0.03456487    -0.04572479    -0.08412332
-0.09198204    -0.2901219    0.02695869    0.5636649    -0.07094268    -0.2167421    -0.01056181    0.1884154    -0.03989291    -0.07409013    0.01974734    0.155537    0.01688454    -0.1426764    0.1022736    1    0.07115773    -0.753966    -0.2154147    0.2245231
-0.4450619    0.103968    0.4571214    0.05373493    -0.3043198    -0.1035039    -0.04802585    -0.06824953    -0.1061572    0.2390942    -0.006642699    -0.04849599    -0.01608965    0.06982177    0.1112021    0.07115773    1    0.1314665    -0.7719863    -0.03932459
0.006705049    0.4851121    0.2200809    -0.4624091    -0.2281497    0.2048165    -0.1786087    -0.3508172    0.05944573    0.27267    -0.03321348    -0.2272982    -0.09181565    0.2882511    0.03456487    -0.753966    0.1314665    1    0.1821551    -0.6517384
0.4491943    0.1749878    -0.1896705    -0.1836405    -0.04432928    0.1765974    -0.1470716    -0.146355    0.1378178    0.01828826    -0.0980068    -0.08000267    0.04478726    0.08914093    -0.04572479    -0.2154147    -0.7719863    0.1821551    1    -0.3665983
0.02921157    -0.3152649    -0.2544902    0.06846749    0.2255198    -0.09151874    0.1669401    0.2527366    -0.01318587    -0.2459556    0.03783347    0.2815836    0.09550925    -0.3162498    -0.08412332    0.2245231    -0.03932459    -0.6517384    -0.3665983    1
