1    -0.5889263    -0.6905772    0.5508281    0.360491    -0.01382648    -0.5848612    -0.365514    0.2348404    0.5436516
-0.5889263    1    0.1292851    -0.7202416    -0.3259849    -0.01358928    0.5731197    0.4144108    -0.2062015    -0.5867083
-0.6905772    0.1292851    1    -0.5300982    -0.5326174    0.01879818    0.4202303    0.2791325    -0.1121049    -0.4305386
0.5508281    -0.7202416    -0.5300982    1    0.3449104    -0.01864018    -0.5556303    -0.4466508    0.1040614    0.6542897
0.360491    -0.3259849    -0.5326174    0.3449104    1    0.07446764    -0.4324702    -0.3583207    0.203765    0.442989
-0.01382648    -0.01358928    0.01879818    -0.01864018    0.07446764    1    -0.07341763    -0.6190925    0.001420208    0.1189501
-0.5848612    0.5731197    0.4202303    -0.5556303    -0.4324702    -0.07341763    1    0.3500543    -0.6650351    -0.5111754
-0.365514    0.4144108    0.2791325    -0.4466508    -0.3583207    -0.6190925    0.3500543    1    -0.160647    -0.7130452
0.2348404    -0.2062015    -0.1121049    0.1040614    0.203765    0.001420208    -0.6650351    -0.160647    1    0.02807084
0.5436516    -0.5867083    -0.4305386    0.6542897    0.442989    0.1189501    -0.5111754    -0.7130452    0.02807084    1
