1    -0.008402032    -0.4408461    0.009183726    -0.2630833    0.09637823    -0.3686695    -0.2627188    0.1599242    0.3275751    -0.08347507    0.223228    0.3127417    -0.05907485    -0.2839566    0.01289771    -0.09091693    -0.1922678    -0.04497935    0.229285
-0.008402032    1    0.01415365    -0.5127982    -0.1166718    -0.08549089    0.03502184    0.05882245    -0.007003545    -0.02958922    -0.1350033    0.08756159    0.09607474    -0.08920407    0.02280024    0.0585531    0.04376743    -0.04881433    -0.07792497    0.03224034
-0.4408461    0.01415365    1    -0.01183016    -0.4399315    -0.02723752    0.05301056    0.05522071    -0.03357128    -0.07875758    -0.05709951    0.0432567    0.04555964    0.02253634    -0.07276716    -0.0105133    -0.02659548    -0.08398928    0.00978383    0.07600514
0.009183726    -0.5127982    -0.01183016    1    -0.3565121    0.06555306    -0.1757603    -0.1609299    0.0301221    0.1865997    0.04185566    0.2062358    0.1309689    -0.06470396    -0.2238471    -0.0361389    -0.1253939    -0.1068555    0.0249158    0.1487537
-0.2630833    -0.1166718    -0.4399315    -0.3565121    1    -0.04812207    0.2532207    0.2023669    -0.06303755    -0.2425848    0.1300113    -0.3110854    -0.327706    0.08103196    0.2976187    -0.0123896    0.1349639    0.241522    0.02356832    -0.2848914
0.09637823    -0.08549089    -0.02723752    0.06555306    -0.04812207    1    -0.07341763    -0.6190925    0.001420208    0.1189501    0.07851957    -0.05764444    0.01468579    0.2037688    -0.1848522    -0.09198204    -0.4450619    0.006705049    0.4491943    0.02921157
-0.3686695    0.03502184    0.05301056    -0.1757603    0.2532207    -0.07341763    1    0.3500543    -0.6650351    -0.5111754    0.1987493    -0.486395    -0.518381    0.1762721    0.5065175    -0.2901219    0.103968    0.4851121    0.1749878    -0.3152649
-0.2627188    0.05882245    0.05522071    -0.1609299    0.2023669    -0.6190925    0.3500543    1    -0.160647    -0.7130452    0.07844155    -0.3394932    -0.3757642    0.02953477    0.4884455    0.02695869    0.4571214    0.2200809    -0.1896705    -0.2544902
0.1599242    -0.007003545    -0.03357128    0.0301221    -0.06303755    0.001420208    -0.6650351    -0.160647    1    0.02807084    -0.1509705    0.1164892    0.2547966    -0.01259306    -0.2477716    0.5636649    0.05373493    -0.4624091    -0.1836405    0.06846749
0.3275751    -0.02958922    -0.07875758    0.1865997    -0.2425848    0.1189501    -0.5111754    -0.7130452    0.02807084    1    -0.1485725    0.5309089    0.5092836    -0.206855    -0.5247973    -0.07094268    -0.3043198    -0.2281497    -0.04432928    0.2255198
-0.08347507    -0.1350033    -0.05709951    0.04185566    0.1300113    0.07851957    0.1987493    0.07844155    -0.1509705    -0.1485725    1    -0.2099838    -0.639589    0.2021948    0.148635    -0.2167421    -0.1035039    0.2048165    0.1765974    -0.09151874
0.223228    0.08756159    0.0432567    0.2062358    -0.3110854    -0.05764444    -0.486395    -0.3394932    0.1164892    0.5309089    -0.2099838    1    0.2976746    -0.6280262    -0.2447407    -0.01056181    -0.04802585    -0.1786087    -0.1470716    0.1669401
0.3127417    0.09607474    0.04555964    0.1309689    -0.327706    0.01468579    -0.518381    -0.3757642    0.2547966    0.5092836    -0.639589    0.2976746    1    -0.2405214    -0.6202122    0.1884154    -0.06824953    -0.3508172    -0.146355    0.2527366
-0.05907485    -0.08920407    0.02253634    -0.06470396    0.08103196    0.2037688    0.1762721    0.02953477    -0.01259306    -0.206855    0.2021948    -0.6280262    -0.2405214    1    -0.2275061    -0.03989291    -0.1061572    0.05944573    0.1378178    -0.01318587
-0.2839566    0.02280024    -0.07276716    -0.2238471    0.2976187    -0.1848522    0.5065175    0.4884455    -0.2477716    -0.5247973    0.148635    -0.2447407    -0.6202122    -0.2275061    1    -0.07409013    0.2390942    0.27267    0.01828826    -0.2459556
0.01289771    0.0585531    -0.0105133    -0.0361389    -0.0123896    -0.09198204    -0.2901219    0.02695869    0.5636649    -0.07094268    -0.2167421    -0.01056181    0.1884154    -0.03989291    -0.07409013    1    0.07115773    -0.753966    -0.2154147    0.2245231
-0.09091693    0.04376743    -0.02659548    -0.1253939    0.1349639    -0.4450619    0.103968    0.4571214    0.05373493    -0.3043198    -0.1035039    -0.04802585    -0.06824953    -0.1061572    0.2390942    0.07115773    1    0.1314665    -0.7719863    -0.03932459
-0.1922678    -0.04881433    -0.08398928    -0.1068555    0.241522    0.006705049    0.4851121    0.2200809    -0.4624091    -0.2281497    0.2048165    -0.1786087    -0.3508172    0.05944573    0.27267    -0.753966    0.1314665    1    0.1821551    -0.6517384
-0.04497935    -0.07792497    0.00978383    0.0249158    0.02356832    0.4491943    0.1749878    -0.1896705    -0.1836405    -0.04432928    0.1765974    -0.1470716    -0.146355    0.1378178    0.01828826    -0.2154147    -0.7719863    0.1821551    1    -0.3665983
0.229285    0.03224034    0.07600514    0.1487537    -0.2848914    0.02921157    -0.3152649    -0.2544902    0.06846749    0.2255198    -0.09151874    0.1669401    0.2527366    -0.01318587    -0.2459556    0.2245231    -0.03932459    -0.6517384    -0.3665983    1
