1    0.1894219    -0.3429943    -0.1385012    -0.1661251    0.005218382    0.2298645    0.1771436    -0.04301677    -0.2908985
0.1894219    1    0.5062199    -0.2663477    -0.4823125    -0.03716548    0.6251863    0.5029114    -0.1960809    -0.6765158
-0.3429943    0.5062199    1    0.1364205    -0.601621    -0.04438793    0.4259433    0.362236    -0.1345915    -0.4672457
-0.1385012    -0.2663477    0.1364205    1    -0.3475727    0.05177601    -0.04945446    -0.1036846    0.04629841    0.07425614
-0.1661251    -0.4823125    -0.601621    -0.3475727    1    0.0060185    -0.4495044    -0.3235607    0.1301072    0.4689798
0.005218382    -0.03716548    -0.04438793    0.05177601    0.0060185    1    -0.07341763    -0.6190925    0.001420208    0.1189501
0.2298645    0.6251863    0.4259433    -0.04945446    -0.4495044    -0.07341763    1    0.3500543    -0.6650351    -0.5111754
0.1771436    0.5029114    0.362236    -0.1036846    -0.3235607    -0.6190925    0.3500543    1    -0.160647    -0.7130452
-0.04301677    -0.1960809    -0.1345915    0.04629841    0.1301072    0.001420208    -0.6650351    -0.160647    1    0.02807084
-0.2908985    -0.6765158    -0.4672457    0.07425614    0.4689798    0.1189501    -0.5111754    -0.7130452    0.02807084    1
