1    -0.2528617    -0.7115452    0.22127    0.1058309    0.1449601    -0.3183235    -0.3035769    0.2006593    0.2738216    -0.07131988    0.1588586    0.2532689    -0.03270751    -0.2395613    0.03675634    -0.09925381    -0.2460879    -0.03892979    0.2653263
-0.2528617    1    0.2967899    -0.7120302    -0.1420761    -0.00190094    0.4061756    0.2748646    -0.1291601    -0.4126923    0.1198413    -0.4679959    -0.3965953    0.1889693    0.3529843    -0.002913574    0.07289577    0.2174742    0.1255607    -0.2324396
-0.7115452    0.2967899    1    -0.2621357    -0.5743639    -0.07567297    0.3515747    0.2892866    -0.1703059    -0.3147912    0.1203507    -0.3478191    -0.375849    0.1206673    0.377578    -0.01644076    0.07181616    0.2378783    0.07764208    -0.2440859
0.22127    -0.7120302    -0.2621357    1    -0.1114128    0.05439445    -0.2932106    -0.2371438    0.1007291    0.3046718    -0.04230162    0.2802109    0.2145932    -0.09610877    -0.2274215    -0.006423818    -0.0941706    -0.1908336    -0.1021086    0.2365888
0.1058309    -0.1420761    -0.5743639    -0.1114128    1    -0.0385637    -0.1530316    -0.07003965    0.04386805    0.1238333    -0.113179    0.2996817    0.2785045    -0.1155349    -0.2699941    -0.01683813    0.01751557    -0.07646406    -0.04237709    0.04685563
0.1449601    -0.00190094    -0.07567297    0.05439445    -0.0385637    1    -0.07341763    -0.6190925    0.001420208    0.1189501    0.07851957    -0.05764444    0.01468579    0.2037688    -0.1848522    -0.09198204    -0.4450619    0.006705049    0.4491943    0.02921157
-0.3183235    0.4061756    0.3515747    -0.2932106    -0.1530316    -0.07341763    1    0.3500543    -0.6650351    -0.5111754    0.1987493    -0.486395    -0.518381    0.1762721    0.5065175    -0.2901219    0.103968    0.4851121    0.1749878    -0.3152649
-0.3035769    0.2748646    0.2892866    -0.2371438    -0.07003965    -0.6190925    0.3500543    1    -0.160647    -0.7130452    0.07844155    -0.3394932    -0.3757642    0.02953477    0.4884455    0.02695869    0.4571214    0.2200809    -0.1896705    -0.2544902
0.2006593    -0.1291601    -0.1703059    0.1007291    0.04386805    0.001420208    -0.6650351    -0.160647    1    0.02807084    -0.1509705    0.1164892    0.2547966    -0.01259306    -0.2477716    0.5636649    0.05373493    -0.4624091    -0.1836405    0.06846749
0.2738216    -0.4126923    -0.3147912    0.3046718    0.1238333    0.1189501    -0.5111754    -0.7130452    0.02807084    1    -0.1485725    0.5309089    0.5092836    -0.206855    -0.5247973    -0.07094268    -0.3043198    -0.2281497    -0.04432928    0.2255198
-0.07131988    0.1198413    0.1203507    -0.04230162    -0.113179    0.07851957    0.1987493    0.07844155    -0.1509705    -0.1485725    1    -0.2099838    -0.639589    0.2021948    0.148635    -0.2167421    -0.1035039    0.2048165    0.1765974    -0.09151874
0.1588586    -0.4679959    -0.3478191    0.2802109    0.2996817    -0.05764444    -0.486395    -0.3394932    0.1164892    0.5309089    -0.2099838    1    0.2976746    -0.6280262    -0.2447407    -0.01056181    -0.04802585    -0.1786087    -0.1470716    0.1669401
0.2532689    -0.3965953    -0.375849    0.2145932    0.2785045    0.01468579    -0.518381    -0.3757642    0.2547966    0.5092836    -0.639589    0.2976746    1    -0.2405214    -0.6202122    0.1884154    -0.06824953    -0.3508172    -0.146355    0.2527366
-0.03270751    0.1889693    0.1206673    -0.09610877    -0.1155349    0.2037688    0.1762721    0.02953477    -0.01259306    -0.206855    0.2021948    -0.6280262    -0.2405214    1    -0.2275061    -0.03989291    -0.1061572    0.05944573    0.1378178    -0.01318587
-0.2395613    0.3529843    0.377578    -0.2274215    -0.2699941    -0.1848522    0.5065175    0.4884455    -0.2477716    -0.5247973    0.148635    -0.2447407    -0.6202122    -0.2275061    1    -0.07409013    0.2390942    0.27267    0.01828826    -0.2459556
0.03675634    -0.002913574    -0.01644076    -0.006423818    -0.01683813    -0.09198204    -0.2901219    0.02695869    0.5636649    -0.07094268    -0.2167421    -0.01056181    0.1884154    -0.03989291    -0.07409013    1    0.07115773    -0.753966    -0.2154147    0.2245231
-0.09925381    0.07289577    0.07181616    -0.0941706    0.01751557    -0.4450619    0.103968    0.4571214    0.05373493    -0.3043198    -0.1035039    -0.04802585    -0.06824953    -0.1061572    0.2390942    0.07115773    1    0.1314665    -0.7719863    -0.03932459
-0.2460879    0.2174742    0.2378783    -0.1908336    -0.07646406    0.006705049    0.4851121    0.2200809    -0.4624091    -0.2281497    0.2048165    -0.1786087    -0.3508172    0.05944573    0.27267    -0.753966    0.1314665    1    0.1821551    -0.6517384
-0.03892979    0.1255607    0.07764208    -0.1021086    -0.04237709    0.4491943    0.1749878    -0.1896705    -0.1836405    -0.04432928    0.1765974    -0.1470716    -0.146355    0.1378178    0.01828826    -0.2154147    -0.7719863    0.1821551    1    -0.3665983
0.2653263    -0.2324396    -0.2440859    0.2365888    0.04685563    0.02921157    -0.3152649    -0.2544902    0.06846749    0.2255198    -0.09151874    0.1669401    0.2527366    -0.01318587    -0.2459556    0.2245231    -0.03932459    -0.6517384    -0.3665983    1
