1    -0.4774775    -0.4538181    0.1378426    0.1167466    0.03993015    0.04422627    -0.009080358    0.06097323    -0.04452411
-0.4774775    1    -0.2704573    -0.27668    0.00682912    0.01297142    -0.22029    -0.122959    0.1214114    0.1560092
-0.4538181    -0.2704573    1    -0.2854063    -0.3209596    -0.08757216    0.05096477    0.1312683    -0.03881902    -0.08496759
0.1378426    -0.27668    -0.2854063    1    -0.1334371    0.04537493    -0.2902057    -0.3251878    -0.004693973    0.4205299
0.1167466    0.00682912    -0.3209596    -0.1334371    1    0.0935558    -0.05977897    -0.1423902    -0.01211667    0.1262607
0.03993015    0.01297142    -0.08757216    0.04537493    0.0935558    1    -0.07341763    -0.6190925    0.001420208    0.1189501
0.04422627    -0.22029    0.05096477    -0.2902057    -0.05977897    -0.07341763    1    0.3500543    -0.6650351    -0.5111754
-0.009080358    -0.122959    0.1312683    -0.3251878    -0.1423902    -0.6190925    0.3500543    1    -0.160647    -0.7130452
0.06097323    0.1214114    -0.03881902    -0.004693973    -0.01211667    0.001420208    -0.6650351    -0.160647    1    0.02807084
-0.04452411    0.1560092    -0.08496759    0.4205299    0.1262607    0.1189501    -0.5111754    -0.7130452    0.02807084    1
