1    -0.06220697    -0.7892314    -0.1394568    0.06121272    0.1416945    -0.5356103    -0.5102407    0.2053387    0.5925553    -0.1340429    0.4202832    0.4422082    -0.1248784    -0.4647977
-0.06220697    1    -0.09514101    -0.517768    0.1249409    -0.02360356    0.01411927    -0.001194597    -0.02411431    0.02553304    -0.0795051    -0.05584671    0.0314717    -0.06895058    0.1021881
-0.7892314    -0.09514101    1    0.113711    -0.3384456    -0.1524585    0.4732933    0.4538357    -0.1894376    -0.5118369    0.1331181    -0.4325661    -0.4679697    0.1131548    0.5084817
-0.1394568    -0.517768    0.113711    1    -0.4318813    0.05173442    0.03416759    0.01790451    0.09350005    -0.09369879    0.07095258    -0.1708299    -0.1085038    0.1295106    0.02983932
0.06121272    0.1249409    -0.3384456    -0.4318813    1    -0.01379679    0.09326349    0.09723086    -0.1156025    -0.08566865    0.1089552    0.07539931    -0.05418722    0.02755308    -0.03693667
0.1416945    -0.02360356    -0.1524585    0.05173442    -0.01379679    1    -0.07341763    -0.6190925    0.001420208    0.1189501    0.07851957    -0.05764444    0.01468579    0.2037688    -0.1848522
-0.5356103    0.01411927    0.4732933    0.03416759    0.09326349    -0.07341763    1    0.3500543    -0.6650351    -0.5111754    0.1987493    -0.486395    -0.518381    0.1762721    0.5065175
-0.5102407    -0.001194597    0.4538357    0.01790451    0.09723086    -0.6190925    0.3500543    1    -0.160647    -0.7130452    0.07844155    -0.3394932    -0.3757642    0.02953477    0.4884455
0.2053387    -0.02411431    -0.1894376    0.09350005    -0.1156025    0.001420208    -0.6650351    -0.160647    1    0.02807084    -0.1509705    0.1164892    0.2547966    -0.01259306    -0.2477716
0.5925553    0.02553304    -0.5118369    -0.09369879    -0.08566865    0.1189501    -0.5111754    -0.7130452    0.02807084    1    -0.1485725    0.5309089    0.5092836    -0.206855    -0.5247973
-0.1340429    -0.0795051    0.1331181    0.07095258    0.1089552    0.07851957    0.1987493    0.07844155    -0.1509705    -0.1485725    1    -0.2099838    -0.639589    0.2021948    0.148635
0.4202832    -0.05584671    -0.4325661    -0.1708299    0.07539931    -0.05764444    -0.486395    -0.3394932    0.1164892    0.5309089    -0.2099838    1    0.2976746    -0.6280262    -0.2447407
0.4422082    0.0314717    -0.4679697    -0.1085038    -0.05418722    0.01468579    -0.518381    -0.3757642    0.2547966    0.5092836    -0.639589    0.2976746    1    -0.2405214    -0.6202122
-0.1248784    -0.06895058    0.1131548    0.1295106    0.02755308    0.2037688    0.1762721    0.02953477    -0.01259306    -0.206855    0.2021948    -0.6280262    -0.2405214    1    -0.2275061
-0.4647977    0.1021881    0.5084817    0.02983932    -0.03693667    -0.1848522    0.5065175    0.4884455    -0.2477716    -0.5247973    0.148635    -0.2447407    -0.6202122    -0.2275061    1
