1    -0.06220697    -0.7892314    -0.1394568    0.06121272    0.1416945    -0.5356103    -0.5102407    0.2053387    0.5925553
-0.06220697    1    -0.09514101    -0.517768    0.1249409    -0.02360356    0.01411927    -0.001194597    -0.02411431    0.02553304
-0.7892314    -0.09514101    1    0.113711    -0.3384456    -0.1524585    0.4732933    0.4538357    -0.1894376    -0.5118369
-0.1394568    -0.517768    0.113711    1    -0.4318813    0.05173442    0.03416759    0.01790451    0.09350005    -0.09369879
0.06121272    0.1249409    -0.3384456    -0.4318813    1    -0.01379679    0.09326349    0.09723086    -0.1156025    -0.08566865
0.1416945    -0.02360356    -0.1524585    0.05173442    -0.01379679    1    -0.07341763    -0.6190925    0.001420208    0.1189501
-0.5356103    0.01411927    0.4732933    0.03416759    0.09326349    -0.07341763    1    0.3500543    -0.6650351    -0.5111754
-0.5102407    -0.001194597    0.4538357    0.01790451    0.09723086    -0.6190925    0.3500543    1    -0.160647    -0.7130452
0.2053387    -0.02411431    -0.1894376    0.09350005    -0.1156025    0.001420208    -0.6650351    -0.160647    1    0.02807084
0.5925553    0.02553304    -0.5118369    -0.09369879    -0.08566865    0.1189501    -0.5111754    -0.7130452    0.02807084    1
