1    -0.07341763    -0.6190925    0.001420208    0.1189501    0.006521079    0.03702732    -0.07775888    -0.03308989    0.04918538
-0.07341763    1    0.3500543    -0.6650351    -0.5111754    0.05321323    -0.1597993    -0.159697    0.2741166    0.1714326
-0.6190925    0.3500543    1    -0.160647    -0.7130452    0.06999112    -0.1284902    -0.08535604    0.2544204    0.1016229
0.001420208    -0.6650351    -0.160647    1    0.02807084    -0.03982805    0.108213    0.0883993    -0.1117972    -0.0105004
0.1189501    -0.5111754    -0.7130452    0.02807084    1    -0.06401153    0.1444166    0.1425982    -0.3028124    -0.1950404
0.006521079    0.05321323    0.06999112    -0.03982805    -0.06401153    1    -0.1228896    -0.795554    0.03622886    0.1535628
0.03702732    -0.1597993    -0.1284902    0.108213    0.1444166    -0.1228896    1    0.2461418    -0.7312569    0.0347245
-0.07775888    -0.159697    -0.08535604    0.0883993    0.1425982    -0.795554    0.2461418    1    -0.09969109    -0.5163728
-0.03308989    0.2741166    0.2544204    -0.1117972    -0.3028124    0.03622886    -0.7312569    -0.09969109    1    -0.3282296
0.04918538    0.1714326    0.1016229    -0.0105004    -0.1950404    0.1535628    0.0347245    -0.5163728    -0.3282296    1
