1    -0.07341763    -0.6190925    0.001420208    0.1189501    -0.09198204    -0.4450619    0.006705049    0.4491943    0.02921157
-0.07341763    1    0.3500543    -0.6650351    -0.5111754    -0.2901219    0.103968    0.4851121    0.1749878    -0.3152649
-0.6190925    0.3500543    1    -0.160647    -0.7130452    0.02695869    0.4571214    0.2200809    -0.1896705    -0.2544902
0.001420208    -0.6650351    -0.160647    1    0.02807084    0.5636649    0.05373493    -0.4624091    -0.1836405    0.06846749
0.1189501    -0.5111754    -0.7130452    0.02807084    1    -0.07094268    -0.3043198    -0.2281497    -0.04432928    0.2255198
-0.09198204    -0.2901219    0.02695869    0.5636649    -0.07094268    1    0.07115773    -0.753966    -0.2154147    0.2245231
-0.4450619    0.103968    0.4571214    0.05373493    -0.3043198    0.07115773    1    0.1314665    -0.7719863    -0.03932459
0.006705049    0.4851121    0.2200809    -0.4624091    -0.2281497    -0.753966    0.1314665    1    0.1821551    -0.6517384
0.4491943    0.1749878    -0.1896705    -0.1836405    -0.04432928    -0.2154147    -0.7719863    0.1821551    1    -0.3665983
0.02921157    -0.3152649    -0.2544902    0.06846749    0.2255198    0.2245231    -0.03932459    -0.6517384    -0.3665983    1
