1    -0.07341763    -0.6190925    0.001420208    0.1189501    0.05200964    0.04898701    0.0393561    -0.06340906    -0.02532299
-0.07341763    1    0.3500543    -0.6650351    -0.5111754    0.001862114    -0.1446135    -0.1840784    0.1647496    0.06756434
-0.6190925    0.3500543    1    -0.160647    -0.7130452    -0.03581762    -0.1642292    -0.1711828    0.1626961    0.124182
0.001420208    -0.6650351    -0.160647    1    0.02807084    -0.007040767    0.06035204    0.08954229    -0.1272496    0.06159608
0.1189501    -0.5111754    -0.7130452    0.02807084    1    0.0189073    0.1688785    0.1896656    -0.1402554    -0.1674465
0.05200964    0.001862114    -0.03581762    -0.007040767    0.0189073    1    0.01044061    -0.785367    -0.05049712    0.2023296
0.04898701    -0.1446135    -0.1642292    0.06035204    0.1688785    0.01044061    1    0.1795338    -0.8060869    0.1746387
0.0393561    -0.1840784    -0.1711828    0.08954229    0.1896656    -0.785367    0.1795338    1    -0.05741289    -0.518797
-0.06340906    0.1647496    0.1626961    -0.1272496    -0.1402554    -0.05049712    -0.8060869    -0.05741289    1    -0.4833687
-0.02532299    0.06756434    0.124182    0.06159608    -0.1674465    0.2023296    0.1746387    -0.518797    -0.4833687    1
