1    0.1979651    -0.2026812    0.04494793    -0.3147692    -0.09308545    0.1564049    0.2644218    0.0369167    -0.2868293
0.1979651    1    0.5732349    -0.4063721    -0.5893912    -0.05900907    0.5966656    0.4466084    -0.2514057    -0.5747221
-0.2026812    0.5732349    1    -0.126535    -0.6835069    -0.03720658    0.6123591    0.3726897    -0.309697    -0.5072451
0.04494793    -0.4063721    -0.126535    1    -0.2139703    0.008305148    -0.05201889    0.01249433    0.05524785    -0.02076181
-0.3147692    -0.5893912    -0.6835069    -0.2139703    1    0.09666334    -0.635094    -0.5385181    0.2414691    0.6726222
-0.09308545    -0.05900907    -0.03720658    0.008305148    0.09666334    1    -0.07341763    -0.6190925    0.001420208    0.1189501
0.1564049    0.5966656    0.6123591    -0.05201889    -0.635094    -0.07341763    1    0.3500543    -0.6650351    -0.5111754
0.2644218    0.4466084    0.3726897    0.01249433    -0.5385181    -0.6190925    0.3500543    1    -0.160647    -0.7130452
0.0369167    -0.2514057    -0.309697    0.05524785    0.2414691    0.001420208    -0.6650351    -0.160647    1    0.02807084
-0.2868293    -0.5747221    -0.5072451    -0.02076181    0.6726222    0.1189501    -0.5111754    -0.7130452    0.02807084    1
