1    -0.07341763    -0.6190925    0.001420208    0.1189501    0.07851957    -0.05764444    0.01468579    0.2037688    -0.1848522    0.1313729    -0.1132636    -0.00961849    0.1804771    -0.1885578
-0.07341763    1    0.3500543    -0.6650351    -0.5111754    0.1987493    -0.486395    -0.518381    0.1762721    0.5065175    -0.1846394    -0.2828115    -0.1105559    0.05829038    0.4056069
-0.6190925    0.3500543    1    -0.160647    -0.7130452    0.07844155    -0.3394932    -0.3757642    0.02953477    0.4884455    -0.2319262    -0.1363982    -0.1042755    -0.051934    0.4791824
0.001420208    -0.6650351    -0.160647    1    0.02807084    -0.1509705    0.1164892    0.2547966    -0.01259306    -0.2477716    0.08331525    0.1131159    0.02218676    0.005345217    -0.09815492
0.1189501    -0.5111754    -0.7130452    0.02807084    1    -0.1485725    0.5309089    0.5092836    -0.206855    -0.5247973    0.1809867    0.2716591    0.1531985    -0.06064294    -0.5080275
0.07851957    0.1987493    0.07844155    -0.1509705    -0.1485725    1    -0.2099838    -0.639589    0.2021948    0.148635    -0.02623671    -0.07907175    0.009842076    0.03843185    0.0220707
-0.05764444    -0.486395    -0.3394932    0.1164892    0.5309089    -0.2099838    1    0.2976746    -0.6280262    -0.2447407    0.1029487    0.2357306    0.04115098    -0.1043795    -0.2786902
0.01468579    -0.518381    -0.3757642    0.2547966    0.5092836    -0.639589    0.2976746    1    -0.2405214    -0.6202122    0.1167651    0.2468499    0.0738798    -0.1097982    -0.2872495
0.2037688    0.1762721    0.02953477    -0.01259306    -0.206855    0.2021948    -0.6280262    -0.2405214    1    -0.2275061    -0.04873622    -0.1232761    0.03286406    0.1391369    0.03097832
-0.1848522    0.5065175    0.4884455    -0.2477716    -0.5247973    0.148635    -0.2447407    -0.6202122    -0.2275061    1    -0.07341545    -0.2086214    -0.1746594    0.01582299    0.3970347
0.1313729    -0.1846394    -0.2319262    0.08331525    0.1809867    -0.02623671    0.1029487    0.1167651    -0.04873622    -0.07341545    1    0.1953323    -0.695648    -0.2326318    -0.02677642
-0.1132636    -0.2828115    -0.1363982    0.1131159    0.2716591    -0.07907175    0.2357306    0.2468499    -0.1232761    -0.2086214    0.1953323    1    0.1100815    -0.7822726    -0.02175584
-0.00961849    -0.1105559    -0.1042755    0.02218676    0.1531985    0.009842076    0.04115098    0.0738798    0.03286406    -0.1746594    -0.695648    0.1100815    1    0.1165681    -0.4982167
0.1804771    0.05829038    -0.051934    0.005345217    -0.06064294    0.03843185    -0.1043795    -0.1097982    0.1391369    0.01582299    -0.2326318    -0.7822726    0.1165681    1    -0.3246457
-0.1885578    0.4056069    0.4791824    -0.09815492    -0.5080275    0.0220707    -0.2786902    -0.2872495    0.03097832    0.3970347    -0.02677642    -0.02175584    -0.4982167    -0.3246457    1
