1    -0.07341763    -0.6190925    0.001420208    0.1189501    0.07851957    -0.05764444    0.01468579    0.2037688    -0.1848522    -0.1012947    -0.1129531    -0.01249707    -0.07824327    0.1626957    -0.09198204    -0.4450619    0.006705049    0.4491943    0.02921157
-0.07341763    1    0.3500543    -0.6650351    -0.5111754    0.1987493    -0.486395    -0.518381    0.1762721    0.5065175    0.05791912    0.123766    -0.06346444    -0.1079224    0.009826652    -0.2901219    0.103968    0.4851121    0.1749878    -0.3152649
-0.6190925    0.3500543    1    -0.160647    -0.7130452    0.07844155    -0.3394932    -0.3757642    0.02953477    0.4884455    0.1526573    0.1760439    -0.0708979    -0.02457358    -0.08392699    0.02695869    0.4571214    0.2200809    -0.1896705    -0.2544902
0.001420208    -0.6650351    -0.160647    1    0.02807084    -0.1509705    0.1164892    0.2547966    -0.01259306    -0.2477716    -0.02339235    -0.1222382    0.02006416    0.09707782    0.06315305    0.5636649    0.05373493    -0.4624091    -0.1836405    0.06846749
0.1189501    -0.5111754    -0.7130452    0.02807084    1    -0.1485725    0.5309089    0.5092836    -0.206855    -0.5247973    -0.1073486    -0.1175447    0.08138655    0.07772179    -0.01812771    -0.07094268    -0.3043198    -0.2281497    -0.04432928    0.2255198
0.07851957    0.1987493    0.07844155    -0.1509705    -0.1485725    1    -0.2099838    -0.639589    0.2021948    0.148635    0.02683018    0.0579446    -0.07037021    -0.1265904    0.02942341    -0.2167421    -0.1035039    0.2048165    0.1765974    -0.09151874
-0.05764444    -0.486395    -0.3394932    0.1164892    0.5309089    -0.2099838    1    0.2976746    -0.6280262    -0.2447407    -0.02983343    -0.04517081    0.04294324    0.05859063    -0.08217675    -0.01056181    -0.04802585    -0.1786087    -0.1470716    0.1669401
0.01468579    -0.518381    -0.3757642    0.2547966    0.5092836    -0.639589    0.2976746    1    -0.2405214    -0.6202122    -0.08296166    -0.1644142    0.09046716    0.1274435    0.008724872    0.1884154    -0.06824953    -0.3508172    -0.146355    0.2527366
0.2037688    0.1762721    0.02953477    -0.01259306    -0.206855    0.2021948    -0.6280262    -0.2405214    1    -0.2275061    -0.02886798    -0.01465847    -0.02876424    -0.09389639    0.1194489    -0.03989291    -0.1061572    0.05944573    0.1378178    -0.01318587
-0.1848522    0.5065175    0.4884455    -0.2477716    -0.5247973    0.148635    -0.2447407    -0.6202122    -0.2275061    1    0.07945817    0.2088894    -0.01761463    -0.02591607    -0.110472    -0.07409013    0.2390942    0.27267    0.01828826    -0.2459556
-0.1012947    0.05791912    0.1526573    -0.02339235    -0.1073486    0.02683018    -0.02983343    -0.08296166    -0.02886798    0.07945817    1    -0.003613237    -0.7101612    0.05822516    0.0936552    -0.1042335    0.01659653    0.1223017    0.03077968    -0.1260511
-0.1129531    0.123766    0.1760439    -0.1222382    -0.1175447    0.0579446    -0.04517081    -0.1644142    -0.01465847    0.2088894    -0.003613237    1    0.07505767    -0.6786332    0.0651299    -0.1919366    0.1007784    0.1475979    -0.06883964    -0.03565251
-0.01249707    -0.06346444    -0.0708979    0.02006416    0.08138655    -0.07037021    0.04294324    0.09046716    -0.02876424    -0.01761463    -0.7101612    0.07505767    1    -0.1214911    -0.4575803    0.07959755    -0.01756415    -0.1222675    -0.07397578    0.1575917
-0.07824327    -0.1079224    -0.02457358    0.09707782    0.07772179    -0.1265904    0.05859063    0.1274435    -0.09389639    -0.02591607    0.05822516    -0.6786332    -0.1214911    1    -0.4317136    0.1919326    0.07578104    -0.1889959    -0.07819273    0.08749526
0.1626957    0.009826652    -0.08392699    0.06315305    -0.01812771    0.02942341    -0.08217675    0.008724872    0.1194489    -0.110472    0.0936552    0.0651299    -0.4575803    -0.4317136    1    0.01713014    -0.04092981    0.07513395    0.08333491    -0.1306224
-0.09198204    -0.2901219    0.02695869    0.5636649    -0.07094268    -0.2167421    -0.01056181    0.1884154    -0.03989291    -0.07409013    -0.1042335    -0.1919366    0.07959755    0.1919326    0.01713014    1    0.07115773    -0.753966    -0.2154147    0.2245231
-0.4450619    0.103968    0.4571214    0.05373493    -0.3043198    -0.1035039    -0.04802585    -0.06824953    -0.1061572    0.2390942    0.01659653    0.1007784    -0.01756415    0.07578104    -0.04092981    0.07115773    1    0.1314665    -0.7719863    -0.03932459
0.006705049    0.4851121    0.2200809    -0.4624091    -0.2281497    0.2048165    -0.1786087    -0.3508172    0.05944573    0.27267    0.1223017    0.1475979    -0.1222675    -0.1889959    0.07513395    -0.753966    0.1314665    1    0.1821551    -0.6517384
0.4491943    0.1749878    -0.1896705    -0.1836405    -0.04432928    0.1765974    -0.1470716    -0.146355    0.1378178    0.01828826    0.03077968    -0.06883964    -0.07397578    -0.07819273    0.08333491    -0.2154147    -0.7719863    0.1821551    1    -0.3665983
0.02921157    -0.3152649    -0.2544902    0.06846749    0.2255198    -0.09151874    0.1669401    0.2527366    -0.01318587    -0.2459556    -0.1260511    -0.03565251    0.1575917    0.08749526    -0.1306224    0.2245231    -0.03932459    -0.6517384    -0.3665983    1
