1    -0.07341763    -0.6190925    0.001420208    0.1189501    0.06356618    -0.08907782    0.07621817    0.1059097    -0.1298353
-0.07341763    1    0.3500543    -0.6650351    -0.5111754    -0.1311668    -0.231193    0.01206885    0.1899689    0.2247664
-0.6190925    0.3500543    1    -0.160647    -0.7130452    -0.06583633    -0.06044397    -0.1354081    0.01434408    0.3167159
0.001420208    -0.6650351    -0.160647    1    0.02807084    0.05405905    0.1471595    -0.02635623    -0.1475737    -0.009385373
0.1189501    -0.5111754    -0.7130452    0.02807084    1    0.07947875    0.1455493    0.08268867    -0.09101001    -0.33276
0.06356618    -0.1311668    -0.06583633    0.05405905    0.07947875    1    -0.02924275    -0.7679929    -0.06677109    0.04839401
-0.08907782    -0.231193    -0.06044397    0.1471595    0.1455493    -0.02924275    1    0.1079617    -0.7953458    -0.00102924
0.07621817    0.01206885    -0.1354081    -0.02635623    0.08268867    -0.7679929    0.1079617    1    0.1316883    -0.5109379
0.1059097    0.1899689    0.01434408    -0.1475737    -0.09101001    -0.06677109    -0.7953458    0.1316883    1    -0.4126565
-0.1298353    0.2247664    0.3167159    -0.009385373    -0.33276    0.04839401    -0.00102924    -0.5109379    -0.4126565    1
