7.481787e-06    2.106806e-06    -3.077257e-06    -1.156732e-06    -1.265952e-06    6.017122e-07    2.648773e-06    1.800275e-06    -1.138155e-08    -1.76322e-06    -1.106764e-07    1.511264e-07    -4.570303e-07    -5.188938e-07    4.916194e-07    -1.106085e-06    2.295636e-07    2.289568e-07    -2.872347e-07    6.592773e-07    -1.451102e-06    2.128644e-06    3.340438e-06    2.519681e-07    -2.388822e-06    1.103998e-06    -2.313945e-06    -2.226514e-06    1.201035e-06    8.553879e-07
2.106806e-06    1.494939e-05    6.508715e-06    -2.827156e-06    -5.976005e-06    1.18361e-06    8.437158e-06    7.208016e-06    3.646881e-07    -7.346423e-06    -3.550887e-06    1.123906e-06    -1.333328e-07    -4.42485e-06    3.36049e-06    -3.479413e-06    -3.148168e-07    3.597332e-07    -2.065441e-06    3.025933e-06    -4.028033e-06    9.921581e-06    9.806002e-06    -9.054533e-07    -7.972723e-06    9.957369e-07    -7.568797e-06    -6.315786e-06    2.28112e-06    4.523127e-06
-3.077257e-06    6.508715e-06    1.065716e-05    1.27674e-06    -6.33017e-06    8.977229e-07    5.273499e-06    4.65525e-06    3.795095e-07    -5.016906e-06    -2.576548e-06    -4.494292e-07    -1.14388e-06    -2.670304e-06    3.567937e-06    -1.851258e-06    -4.931585e-07    -4.420635e-07    -2.244731e-06    2.555771e-06    -2.516731e-06    6.965748e-06    5.957561e-06    -1.309023e-06    -4.572244e-06    4.364426e-07    -5.285114e-06    -4.22185e-06    1.175353e-06    3.578285e-06
-1.156732e-06    -2.827156e-06    1.27674e-06    7.010674e-06    -2.997433e-06    -2.31607e-07    -3.798403e-07    2.508308e-07    1.431626e-06    -1.370945e-06    8.091561e-07    -1.492824e-06    -2.582849e-06    4.394808e-07    1.802317e-06    -2.086549e-07    -4.507708e-07    6.693549e-08    -5.040467e-07    4.585639e-07    -3.750485e-07    3.476225e-07    -4.773395e-07    7.233964e-08    4.46545e-07    7.574259e-07    -1.006293e-06    -6.542818e-07    5.620662e-07    2.628546e-08
-1.265952e-06    -5.976005e-06    -6.33017e-06    -2.997433e-06    1.015424e-05    -6.967735e-07    -5.580177e-06    -5.459523e-06    -1.366697e-06    7.143435e-06    1.398546e-06    1.071563e-06    2.770939e-06    2.3093e-06    -3.948614e-06    2.44649e-06    1.156668e-06    2.949626e-07    1.346746e-06    -2.77898e-06    3.419696e-06    -6.34832e-06    -6.300494e-06    4.849838e-07    4.592426e-06    -1.419688e-06    6.020751e-06    5.091964e-06    -1.875452e-06    -3.296355e-06
6.017122e-07    1.18361e-06    8.977229e-07    -2.31607e-07    -6.967735e-07    8.310243e-06    7.169591e-07    -4.005831e-06    -1.139772e-06    -1.311306e-06    -8.666512e-07    -1.076913e-07    6.175031e-07    9.654684e-08    6.71951e-07    -5.737463e-08    1.288802e-07    -8.692437e-07    -1.823921e-07    7.334412e-07    -1.327321e-06    2.952027e-06    2.650475e-06    -1.350829e-06    -1.543772e-06    2.630786e-07    -1.00568e-06    -1.378937e-06    -4.951256e-08    1.459289e-06
2.648773e-06    8.437158e-06    5.273499e-06    -3.798403e-07    -5.580177e-06    7.169591e-07    1.271021e-05    7.131861e-06    -2.430606e-06    -6.207599e-06    -2.605868e-06    8.47456e-07    -5.370035e-07    -4.084213e-06    3.195163e-06    -3.326656e-06    -5.439403e-07    -6.214601e-07    -2.027075e-06    3.398242e-06    -4.835448e-06    8.572584e-06    9.473217e-06    -8.404461e-07    -6.226512e-06    1.951768e-06    -6.595383e-06    -7.007996e-06    1.781559e-06    4.424442e-06
1.800275e-06    7.208016e-06    4.65525e-06    2.508308e-07    -5.459523e-06    -4.005831e-06    7.131861e-06    1.191275e-05    9.718327e-07    -7.686366e-06    -1.467527e-06    4.875142e-07    -1.588292e-06    -3.768047e-06    3.101326e-06    -3.606358e-06    -1.008657e-06    -2.368187e-07    -1.538966e-06    3.337201e-06    -4.409032e-06    6.929707e-06    7.181952e-06    -2.376837e-07    -4.985115e-06    1.821451e-06    -5.678338e-06    -6.065567e-06    1.741537e-06    3.504827e-06
-1.138155e-08    3.646881e-07    3.795095e-07    1.431626e-06    -1.366697e-06    -1.139772e-06    -2.430606e-06    9.718327e-07    5.917591e-06    -2.512549e-06    8.823332e-07    -5.933211e-07    -1.646082e-06    2.113061e-07    6.216639e-07    -2.008638e-07    -8.846846e-07    -2.878495e-07    5.681344e-07    5.740357e-07    -2.619319e-07    4.20199e-07    8.742694e-08    2.1544e-07    -6.783356e-07    7.223789e-07    -1.125371e-06    -7.4989e-07    9.91992e-07    -8.891564e-08
-1.76322e-06    -7.346423e-06    -5.016906e-06    -1.370945e-06    7.143435e-06    -1.311306e-06    -6.207599e-06    -7.686366e-06    -2.512549e-06    1.256022e-05    1.400436e-06    8.985256e-08    2.639213e-06    3.2615e-06    -4.521997e-06    3.869184e-06    1.350649e-06    6.172961e-07    1.310733e-06    -3.988675e-06    5.80774e-06    -8.549864e-06    -7.988663e-06    1.152502e-06    5.144166e-06    -1.635452e-06    6.071769e-06    6.146685e-06    -1.616548e-06    -4.028381e-06
-1.106764e-07    -3.550887e-06    -2.576548e-06    8.091561e-07    1.398546e-06    -8.666512e-07    -2.605868e-06    -1.467527e-06    8.823332e-07    1.400436e-06    5.986784e-06    -5.296229e-07    -3.377952e-06    3.889622e-07    -6.078117e-07    6.942115e-07    -1.14653e-07    -6.181023e-08    9.853771e-07    -7.360996e-07    1.12501e-06    -2.696105e-06    -3.226502e-06    6.021013e-07    1.89396e-06    5.152124e-07    1.916562e-06    1.026122e-06    -2.670852e-07    -1.458114e-06
1.511264e-07    1.123906e-06    -4.494292e-07    -1.492824e-06    1.071563e-06    -1.076913e-07    8.47456e-07    4.875142e-07    -5.933211e-07    8.985256e-08    -5.296229e-07    5.636718e-06    8.171368e-07    -3.663831e-06    -6.033849e-07    -5.25311e-07    5.229209e-07    8.752776e-07    2.090645e-07    -5.735021e-07    -5.222802e-07    1.362974e-06    1.145472e-06    -3.670897e-07    -9.555438e-07    2.37926e-07    1.563902e-07    -5.581362e-07    2.118783e-08    9.427421e-09
-4.570303e-07    -1.333328e-07    -1.14388e-06    -2.582849e-06    2.770939e-06    6.175031e-07    -5.370035e-07    -1.588292e-06    -1.646082e-06    2.639213e-06    -3.377952e-06    8.171368e-07    7.445097e-06    1.276807e-07    -3.790918e-06    7.347228e-07    9.916516e-07    7.278458e-07    4.342678e-07    -1.755287e-06    1.301506e-06    3.735864e-07    3.049067e-07    -1.366204e-06    1.613932e-07    -7.555296e-07    1.205152e-06    1.166701e-06    -7.002792e-07    -6.868607e-08
-5.188938e-07    -4.42485e-06    -2.670304e-06    4.394808e-07    2.3093e-06    9.654684e-08    -4.084213e-06    -3.768047e-06    2.113061e-07    3.2615e-06    3.889622e-07    -3.663831e-06    1.276807e-07    7.232965e-06    -2.657269e-06    2.147333e-06    2.960369e-07    -2.110987e-07    6.919699e-07    -1.570323e-06    2.372322e-06    -3.709482e-06    -3.195149e-06    -8.565699e-08    2.406468e-06    -1.377892e-06    2.500405e-06    3.470733e-06    -8.525479e-07    -1.536193e-06
4.916194e-07    3.36049e-06    3.567937e-06    1.802317e-06    -3.948614e-06    6.71951e-07    3.195163e-06    3.101326e-06    6.216639e-07    -4.521997e-06    -6.078117e-07    -6.033849e-07    -3.790918e-06    -2.657269e-06    6.276715e-06    -1.87461e-06    -7.281537e-07    -9.56287e-07    -1.593184e-06    2.774147e-06    -3.203511e-06    3.070919e-06    2.911376e-06    3.908321e-07    -1.823492e-06    5.943755e-07    -2.77351e-06    -2.713641e-06    7.348714e-07    1.885592e-06
-1.106085e-06    -3.479413e-06    -1.851258e-06    -2.086549e-07    2.44649e-06    -5.737463e-08    -3.326656e-06    -3.606358e-06    -2.008638e-07    3.869184e-06    6.942115e-07    -5.25311e-07    7.347228e-07    2.147333e-06    -1.87461e-06    6.5356e-06    6.433282e-08    -2.624365e-06    -5.492661e-08    -1.609206e-06    2.792433e-06    -3.997471e-06    -3.741923e-06    5.692661e-07    2.417861e-06    -6.839286e-07    2.206408e-06    2.669127e-06    -4.931795e-07    -1.609485e-06
2.295636e-07    -3.148168e-07    -4.931585e-07    -4.507708e-07    1.156668e-06    1.288802e-07    -5.439403e-07    -1.008657e-06    -8.846846e-07    1.350649e-06    -1.14653e-07    5.229209e-07    9.916516e-07    2.960369e-07    -7.281537e-07    6.433282e-08    4.854421e-06    8.861192e-08    -2.565194e-06    -5.845262e-07    -1.51437e-07    1.010249e-06    9.73455e-07    -9.847236e-07    -3.635786e-07    -5.524637e-07    5.136557e-07    7.015722e-07    -3.663604e-07    -5.02799e-08
2.289568e-07    3.597332e-07    -4.420635e-07    6.693549e-08    2.949626e-07    -8.692437e-07    -6.214601e-07    -2.368187e-07    -2.878495e-07    6.172961e-07    -6.181023e-08    8.752776e-07    7.278458e-07    -2.110987e-07    -9.56287e-07    -2.624365e-06    8.861192e-08    5.30825e-06    1.616607e-08    -2.257114e-06    4.50562e-07    6.873625e-07    2.656518e-07    -4.639883e-07    -4.095096e-07    -3.187754e-07    1.633079e-07    6.242665e-07    9.816953e-08    -4.605035e-07
-2.872347e-07    -2.065441e-06    -2.244731e-06    -5.040467e-07    1.346746e-06    -1.823921e-07    -2.027075e-06    -1.538966e-06    5.681344e-07    1.310733e-06    9.853771e-07    2.090645e-07    4.342678e-07    6.919699e-07    -1.593184e-06    -5.492661e-08    -2.565194e-06    1.616607e-08    5.347355e-06    -1.947457e-06    1.32703e-06    -2.816523e-06    -2.248095e-06    7.307973e-07    1.442318e-06    2.163337e-07    1.5167e-06    9.950157e-07    -1.969722e-07    -1.219903e-06
6.592773e-07    3.025933e-06    2.555771e-06    4.585639e-07    -2.77898e-06    7.334412e-07    3.398242e-06    3.337201e-06    5.740357e-07    -3.988675e-06    -7.360996e-07    -5.735021e-07    -1.755287e-06    -1.570323e-06    2.774147e-06    -1.609206e-06    -5.845262e-07    -2.257114e-06    -1.947457e-06    5.212614e-06    -3.010917e-06    2.803e-06    2.940015e-06    2.186311e-07    -1.913068e-06    6.396694e-07    -2.251685e-06    -2.5733e-06    3.429405e-07    1.624408e-06
-1.451102e-06    -4.028033e-06    -2.516731e-06    -3.750485e-07    3.419696e-06    -1.327321e-06    -4.835448e-06    -4.409032e-06    -2.619319e-07    5.80774e-06    1.12501e-06    -5.222802e-07    1.301506e-06    2.372322e-06    -3.203511e-06    2.792433e-06    -1.51437e-07    4.50562e-07    1.32703e-06    -3.010917e-06    1.861523e-05    -7.574978e-06    -1.61217e-05    2.088944e-06    3.150723e-06    -5.258801e-07    1.862352e-06    3.620345e-06    5.474926e-07    -3.044659e-06
2.128644e-06    9.921581e-06    6.965748e-06    3.476225e-07    -6.34832e-06    2.952027e-06    8.572584e-06    6.929707e-06    4.20199e-07    -8.549864e-06    -2.696105e-06    1.362974e-06    3.735864e-07    -3.709482e-06    3.070919e-06    -3.997471e-06    1.010249e-06    6.873625e-07    -2.816523e-06    2.803e-06    -7.574978e-06    2.85244e-05    8.369271e-06    -1.430804e-05    -5.794113e-06    1.349216e-06    -6.153709e-06    -7.481298e-06    6.986711e-07    6.23422e-06
3.340438e-06    9.806002e-06    5.957561e-06    -4.773395e-07    -6.300494e-06    2.650475e-06    9.473217e-06    7.181952e-06    8.742694e-08    -7.988663e-06    -3.226502e-06    1.145472e-06    3.049067e-07    -3.195149e-06    2.911376e-06    -3.741923e-06    9.73455e-07    2.656518e-07    -2.248095e-06    2.940015e-06    -1.61217e-05    8.369271e-06    2.706447e-05    -3.085033e-06    -1.045444e-05    6.593979e-07    -6.977537e-06    -6.310748e-06    9.005974e-07    5.441137e-06
2.519681e-07    -9.054533e-07    -1.309023e-06    7.233964e-08    4.849838e-07    -1.350829e-06    -8.404461e-07    -2.376837e-07    2.1544e-07    1.152502e-06    6.021013e-07    -3.670897e-07    -1.366204e-06    -8.565699e-08    3.908321e-07    5.692661e-07    -9.847236e-07    -4.639883e-07    7.307973e-07    2.186311e-07    2.088944e-06    -1.430804e-05    -3.085033e-06    1.553907e-05    -1.672362e-06    4.03634e-07    -3.309626e-07    8.218717e-07    1.529927e-06    -2.163763e-06
-2.388822e-06    -7.972723e-06    -4.572244e-06    4.46545e-07    4.592426e-06    -1.543772e-06    -6.226512e-06    -4.985115e-06    -6.783356e-07    5.144166e-06    1.89396e-06    -9.555438e-07    1.613932e-07    2.406468e-06    -1.823492e-06    2.417861e-06    -3.635786e-07    -4.095096e-07    1.442318e-06    -1.913068e-06    3.150723e-06    -5.794113e-06    -1.045444e-05    -1.672362e-06    1.000909e-05    -8.758496e-07    6.006189e-06    4.715076e-06    -2.060087e-06    -3.193032e-06
1.103998e-06    9.957369e-07    4.364426e-07    7.574259e-07    -1.419688e-06    2.630786e-07    1.951768e-06    1.821451e-06    7.223789e-07    -1.635452e-06    5.152124e-07    2.37926e-07    -7.555296e-07    -1.377892e-06    5.943755e-07    -6.839286e-07    -5.524637e-07    -3.187754e-07    2.163337e-07    6.396694e-07    -5.258801e-07    1.349216e-06    6.593979e-07    4.03634e-07    -8.758496e-07    5.810362e-06    -1.468422e-06    -5.550408e-06    9.777093e-07    9.237669e-07
-2.313945e-06    -7.568797e-06    -5.285114e-06    -1.006293e-06    6.020751e-06    -1.00568e-06    -6.595383e-06    -5.678338e-06    -1.125371e-06    6.071769e-06    1.916562e-06    1.563902e-07    1.205152e-06    2.500405e-06    -2.77351e-06    2.206408e-06    5.136557e-07    1.633079e-07    1.5167e-06    -2.251685e-06    1.862352e-06    -6.153709e-06    -6.977537e-06    -3.309626e-07    6.006189e-06    -1.468422e-06    1.138956e-05    3.532921e-06    -5.284722e-06    -2.000408e-06
-2.226514e-06    -6.315786e-06    -4.22185e-06    -6.542818e-07    5.091964e-06    -1.378937e-06    -7.007996e-06    -6.065567e-06    -7.4989e-07    6.146685e-06    1.026122e-06    -5.581362e-07    1.166701e-06    3.470733e-06    -2.713641e-06    2.669127e-06    7.015722e-07    6.242665e-07    9.950157e-07    -2.5733e-06    3.620345e-06    -7.481298e-06    -6.310748e-06    8.218717e-07    4.715076e-06    -5.550408e-06    3.532921e-06    1.166372e-05    -1.632237e-06    -5.319604e-06
1.201035e-06    2.28112e-06    1.175353e-06    5.620662e-07    -1.875452e-06    -4.951256e-08    1.781559e-06    1.741537e-06    9.91992e-07    -1.616548e-06    -2.670852e-07    2.118783e-08    -7.002792e-07    -8.525479e-07    7.348714e-07    -4.931795e-07    -3.663604e-07    9.816953e-08    -1.969722e-07    3.429405e-07    5.474926e-07    6.986711e-07    9.005974e-07    1.529927e-06    -2.060087e-06    9.777093e-07    -5.284722e-06    -1.632237e-06    5.708089e-06    -1.156352e-06
8.553879e-07    4.523127e-06    3.578285e-06    2.628546e-08    -3.296355e-06    1.459289e-06    4.424442e-06    3.504827e-06    -8.891564e-08    -4.028381e-06    -1.458114e-06    9.427421e-09    -6.868607e-08    -1.536193e-06    1.885592e-06    -1.609485e-06    -5.02799e-08    -4.605035e-07    -1.219903e-06    1.624408e-06    -3.044659e-06    6.23422e-06    5.441137e-06    -2.163763e-06    -3.193032e-06    9.237669e-07    -2.000408e-06    -5.319604e-06    -1.156352e-06    5.848153e-06
