6.5356e-06    6.433282e-08    -2.624365e-06    -5.492661e-08    -1.609206e-06    1.885643e-07    -2.148203e-06    -3.286749e-06    -1.429697e-06    2.47997e-06
6.433282e-08    4.854421e-06    8.861192e-08    -2.565194e-06    -5.845262e-07    -2.595301e-07    -4.293878e-07    -4.258452e-07    6.766168e-08    9.108634e-07
-2.624365e-06    8.861192e-08    5.30825e-06    1.616607e-08    -2.257114e-06    1.586938e-07    1.604841e-08    1.020393e-07    -1.127594e-07    1.466483e-07
-5.492661e-08    -2.565194e-06    1.616607e-08    5.347355e-06    -1.947457e-06    4.459014e-08    -1.840561e-06    -2.162663e-06    -9.945404e-07    2.036854e-06
-1.609206e-06    -5.845262e-07    -2.257114e-06    -1.947457e-06    5.212614e-06    -4.47922e-08    2.368303e-06    3.002549e-06    1.370518e-06    -3.013845e-06
1.885643e-07    -2.595301e-07    1.586938e-07    4.459014e-08    -4.47922e-08    5.827196e-06    -1.955213e-08    -3.154162e-06    -4.402428e-07    -7.192624e-07
-2.148203e-06    -4.293878e-07    1.604841e-08    -1.840561e-06    2.368303e-06    -1.955213e-08    9.738602e-06    6.803159e-06    -1.049526e-06    -5.626806e-06
-3.286749e-06    -4.258452e-07    1.020393e-07    -2.162663e-06    3.002549e-06    -3.154162e-06    6.803159e-06    1.369764e-05    2.365745e-06    -8.996157e-06
-1.429697e-06    6.766168e-08    -1.127594e-07    -9.945404e-07    1.370518e-06    -4.402428e-07    -1.049526e-06    2.365745e-06    6.526551e-06    -3.922509e-06
2.47997e-06    9.108634e-07    1.466483e-07    2.036854e-06    -3.013845e-06    -7.192624e-07    -5.626806e-06    -8.996157e-06    -3.922509e-06    1.153112e-05
