5.986784e-06    -5.296229e-07    -3.377952e-06    3.889622e-07    -6.078117e-07    6.942115e-07    -1.14653e-07    -6.181023e-08    9.853771e-07    -7.360996e-07    1.12501e-06    -2.696105e-06    -3.226502e-06    6.021013e-07    1.89396e-06    5.152124e-07    1.916562e-06    1.026122e-06    -2.670852e-07    -1.458114e-06
-5.296229e-07    5.636718e-06    8.171368e-07    -3.663831e-06    -6.033849e-07    -5.25311e-07    5.229209e-07    8.752776e-07    2.090645e-07    -5.735021e-07    -5.222802e-07    1.362974e-06    1.145472e-06    -3.670897e-07    -9.555438e-07    2.37926e-07    1.563902e-07    -5.581362e-07    2.118783e-08    9.427421e-09
-3.377952e-06    8.171368e-07    7.445097e-06    1.276807e-07    -3.790918e-06    7.347228e-07    9.916516e-07    7.278458e-07    4.342678e-07    -1.755287e-06    1.301506e-06    3.735864e-07    3.049067e-07    -1.366204e-06    1.613932e-07    -7.555296e-07    1.205152e-06    1.166701e-06    -7.002792e-07    -6.868607e-08
3.889622e-07    -3.663831e-06    1.276807e-07    7.232965e-06    -2.657269e-06    2.147333e-06    2.960369e-07    -2.110987e-07    6.919699e-07    -1.570323e-06    2.372322e-06    -3.709482e-06    -3.195149e-06    -8.565699e-08    2.406468e-06    -1.377892e-06    2.500405e-06    3.470733e-06    -8.525479e-07    -1.536193e-06
-6.078117e-07    -6.033849e-07    -3.790918e-06    -2.657269e-06    6.276715e-06    -1.87461e-06    -7.281537e-07    -9.56287e-07    -1.593184e-06    2.774147e-06    -3.203511e-06    3.070919e-06    2.911376e-06    3.908321e-07    -1.823492e-06    5.943755e-07    -2.77351e-06    -2.713641e-06    7.348714e-07    1.885592e-06
6.942115e-07    -5.25311e-07    7.347228e-07    2.147333e-06    -1.87461e-06    6.5356e-06    6.433282e-08    -2.624365e-06    -5.492661e-08    -1.609206e-06    2.792433e-06    -3.997471e-06    -3.741923e-06    5.692661e-07    2.417861e-06    -6.839286e-07    2.206408e-06    2.669127e-06    -4.931795e-07    -1.609485e-06
-1.14653e-07    5.229209e-07    9.916516e-07    2.960369e-07    -7.281537e-07    6.433282e-08    4.854421e-06    8.861192e-08    -2.565194e-06    -5.845262e-07    -1.51437e-07    1.010249e-06    9.73455e-07    -9.847236e-07    -3.635786e-07    -5.524637e-07    5.136557e-07    7.015722e-07    -3.663604e-07    -5.02799e-08
-6.181023e-08    8.752776e-07    7.278458e-07    -2.110987e-07    -9.56287e-07    -2.624365e-06    8.861192e-08    5.30825e-06    1.616607e-08    -2.257114e-06    4.50562e-07    6.873625e-07    2.656518e-07    -4.639883e-07    -4.095096e-07    -3.187754e-07    1.633079e-07    6.242665e-07    9.816953e-08    -4.605035e-07
9.853771e-07    2.090645e-07    4.342678e-07    6.919699e-07    -1.593184e-06    -5.492661e-08    -2.565194e-06    1.616607e-08    5.347355e-06    -1.947457e-06    1.32703e-06    -2.816523e-06    -2.248095e-06    7.307973e-07    1.442318e-06    2.163337e-07    1.5167e-06    9.950157e-07    -1.969722e-07    -1.219903e-06
-7.360996e-07    -5.735021e-07    -1.755287e-06    -1.570323e-06    2.774147e-06    -1.609206e-06    -5.845262e-07    -2.257114e-06    -1.947457e-06    5.212614e-06    -3.010917e-06    2.803e-06    2.940015e-06    2.186311e-07    -1.913068e-06    6.396694e-07    -2.251685e-06    -2.5733e-06    3.429405e-07    1.624408e-06
1.12501e-06    -5.222802e-07    1.301506e-06    2.372322e-06    -3.203511e-06    2.792433e-06    -1.51437e-07    4.50562e-07    1.32703e-06    -3.010917e-06    1.861523e-05    -7.574978e-06    -1.61217e-05    2.088944e-06    3.150723e-06    -5.258801e-07    1.862352e-06    3.620345e-06    5.474926e-07    -3.044659e-06
-2.696105e-06    1.362974e-06    3.735864e-07    -3.709482e-06    3.070919e-06    -3.997471e-06    1.010249e-06    6.873625e-07    -2.816523e-06    2.803e-06    -7.574978e-06    2.85244e-05    8.369271e-06    -1.430804e-05    -5.794113e-06    1.349216e-06    -6.153709e-06    -7.481298e-06    6.986711e-07    6.23422e-06
-3.226502e-06    1.145472e-06    3.049067e-07    -3.195149e-06    2.911376e-06    -3.741923e-06    9.73455e-07    2.656518e-07    -2.248095e-06    2.940015e-06    -1.61217e-05    8.369271e-06    2.706447e-05    -3.085033e-06    -1.045444e-05    6.593979e-07    -6.977537e-06    -6.310748e-06    9.005974e-07    5.441137e-06
6.021013e-07    -3.670897e-07    -1.366204e-06    -8.565699e-08    3.908321e-07    5.692661e-07    -9.847236e-07    -4.639883e-07    7.307973e-07    2.186311e-07    2.088944e-06    -1.430804e-05    -3.085033e-06    1.553907e-05    -1.672362e-06    4.03634e-07    -3.309626e-07    8.218717e-07    1.529927e-06    -2.163763e-06
1.89396e-06    -9.555438e-07    1.613932e-07    2.406468e-06    -1.823492e-06    2.417861e-06    -3.635786e-07    -4.095096e-07    1.442318e-06    -1.913068e-06    3.150723e-06    -5.794113e-06    -1.045444e-05    -1.672362e-06    1.000909e-05    -8.758496e-07    6.006189e-06    4.715076e-06    -2.060087e-06    -3.193032e-06
5.152124e-07    2.37926e-07    -7.555296e-07    -1.377892e-06    5.943755e-07    -6.839286e-07    -5.524637e-07    -3.187754e-07    2.163337e-07    6.396694e-07    -5.258801e-07    1.349216e-06    6.593979e-07    4.03634e-07    -8.758496e-07    5.810362e-06    -1.468422e-06    -5.550408e-06    9.777093e-07    9.237669e-07
1.916562e-06    1.563902e-07    1.205152e-06    2.500405e-06    -2.77351e-06    2.206408e-06    5.136557e-07    1.633079e-07    1.5167e-06    -2.251685e-06    1.862352e-06    -6.153709e-06    -6.977537e-06    -3.309626e-07    6.006189e-06    -1.468422e-06    1.138956e-05    3.532921e-06    -5.284722e-06    -2.000408e-06
1.026122e-06    -5.581362e-07    1.166701e-06    3.470733e-06    -2.713641e-06    2.669127e-06    7.015722e-07    6.242665e-07    9.950157e-07    -2.5733e-06    3.620345e-06    -7.481298e-06    -6.310748e-06    8.218717e-07    4.715076e-06    -5.550408e-06    3.532921e-06    1.166372e-05    -1.632237e-06    -5.319604e-06
-2.670852e-07    2.118783e-08    -7.002792e-07    -8.525479e-07    7.348714e-07    -4.931795e-07    -3.663604e-07    9.816953e-08    -1.969722e-07    3.429405e-07    5.474926e-07    6.986711e-07    9.005974e-07    1.529927e-06    -2.060087e-06    9.777093e-07    -5.284722e-06    -1.632237e-06    5.708089e-06    -1.156352e-06
-1.458114e-06    9.427421e-09    -6.868607e-08    -1.536193e-06    1.885592e-06    -1.609485e-06    -5.02799e-08    -4.605035e-07    -1.219903e-06    1.624408e-06    -3.044659e-06    6.23422e-06    5.441137e-06    -2.163763e-06    -3.193032e-06    9.237669e-07    -2.000408e-06    -5.319604e-06    -1.156352e-06    5.848153e-06
