5.986784e-06    -5.296229e-07    -3.377952e-06    3.889622e-07    -6.078117e-07    6.942115e-07    -1.14653e-07    -6.181023e-08    9.853771e-07    -7.360996e-07    8.714501e-07    -2.161988e-06    -1.24645e-06    1.175527e-06    6.946128e-07    5.152124e-07    1.916562e-06    1.026122e-06    -2.670852e-07    -1.458114e-06
-5.296229e-07    5.636718e-06    8.171368e-07    -3.663831e-06    -6.033849e-07    -5.25311e-07    5.229209e-07    8.752776e-07    2.090645e-07    -5.735021e-07    -4.387824e-07    -7.281179e-07    -7.357329e-07    -1.17883e-07    1.051383e-06    2.37926e-07    1.563902e-07    -5.581362e-07    2.118783e-08    9.427421e-09
-3.377952e-06    8.171368e-07    7.445097e-06    1.276807e-07    -3.790918e-06    7.347228e-07    9.916516e-07    7.278458e-07    4.342678e-07    -1.755287e-06    4.135147e-07    -3.601142e-06    -1.858095e-06    1.139145e-06    1.307232e-06    -7.555296e-07    1.205152e-06    1.166701e-06    -7.002792e-07    -6.868607e-08
3.889622e-07    -3.663831e-06    1.276807e-07    7.232965e-06    -2.657269e-06    2.147333e-06    2.960369e-07    -2.110987e-07    6.919699e-07    -1.570323e-06    2.33041e-06    -3.927414e-06    -3.041446e-06    2.194088e-06    8.789336e-07    -1.377892e-06    2.500405e-06    3.470733e-06    -8.525479e-07    -1.536193e-06
-6.078117e-07    -6.033849e-07    -3.790918e-06    -2.657269e-06    6.276715e-06    -1.87461e-06    -7.281537e-07    -9.56287e-07    -1.593184e-06    2.774147e-06    -2.101011e-06    5.782446e-06    3.919613e-06    -2.522087e-06    -1.939123e-06    5.943755e-07    -2.77351e-06    -2.713641e-06    7.348714e-07    1.885592e-06
6.942115e-07    -5.25311e-07    7.347228e-07    2.147333e-06    -1.87461e-06    6.5356e-06    6.433282e-08    -2.624365e-06    -5.492661e-08    -1.609206e-06    2.29237e-06    -3.85475e-06    -2.977517e-06    2.162701e-06    6.455714e-07    -6.839286e-07    2.206408e-06    2.669127e-06    -4.931795e-07    -1.609485e-06
-1.14653e-07    5.229209e-07    9.916516e-07    2.960369e-07    -7.281537e-07    6.433282e-08    4.854421e-06    8.861192e-08    -2.565194e-06    -5.845262e-07    -9.98701e-08    -1.444244e-06    -1.156975e-06    1.306323e-07    1.196463e-06    -5.524637e-07    5.136557e-07    7.015722e-07    -3.663604e-07    -5.02799e-08
-6.181023e-08    8.752776e-07    7.278458e-07    -2.110987e-07    -9.56287e-07    -2.624365e-06    8.861192e-08    5.30825e-06    1.616607e-08    -2.257114e-06    4.800936e-07    -6.31875e-07    -1.383408e-06    -3.803827e-07    1.216242e-06    -3.187754e-07    1.633079e-07    6.242665e-07    9.816953e-08    -4.605035e-07
9.853771e-07    2.090645e-07    4.342678e-07    6.919699e-07    -1.593184e-06    -5.492661e-08    -2.565194e-06    1.616607e-08    5.347355e-06    -1.947457e-06    9.508425e-07    -2.577663e-06    -1.459559e-06    1.567906e-06    6.038311e-07    2.163337e-07    1.5167e-06    9.950157e-07    -1.969722e-07    -1.219903e-06
-7.360996e-07    -5.735021e-07    -1.755287e-06    -1.570323e-06    2.774147e-06    -1.609206e-06    -5.845262e-07    -2.257114e-06    -1.947457e-06    5.212614e-06    -2.032108e-06    4.609792e-06    3.583203e-06    -1.774309e-06    -1.702714e-06    6.396694e-07    -2.251685e-06    -2.5733e-06    3.429405e-07    1.624408e-06
8.714501e-07    -4.387824e-07    4.135147e-07    2.33041e-06    -2.101011e-06    2.29237e-06    -9.98701e-08    4.800936e-07    9.508425e-07    -2.032108e-06    7.847485e-06    -2.629038e-06    -6.800047e-06    1.485388e-06    6.371722e-07    -7.453126e-07    1.442618e-06    2.759712e-06    -9.721839e-08    -1.780184e-06
-2.161988e-06    -7.281179e-07    -3.601142e-06    -3.927414e-06    5.782446e-06    -3.85475e-06    -1.444244e-06    -6.31875e-07    -2.577663e-06    4.609792e-06    -2.629038e-06    1.568834e-05    3.959506e-06    -7.645079e-06    -1.579401e-06    1.013642e-06    -6.435739e-06    -5.092783e-06    1.943379e-06    3.209975e-06
-1.24645e-06    -7.357329e-07    -1.858095e-06    -3.041446e-06    3.919613e-06    -2.977517e-06    -1.156975e-06    -1.383408e-06    -1.459559e-06    3.583203e-06    -6.800047e-06    3.959506e-06    1.179055e-05    -2.385329e-06    -4.950616e-06    1.367564e-06    -3.915657e-06    -4.80491e-06    8.349881e-07    3.211531e-06
1.175527e-06    -1.17883e-07    1.139145e-06    2.194088e-06    -2.522087e-06    2.162701e-06    1.306323e-07    -3.803827e-07    1.567906e-06    -1.774309e-06    1.485388e-06    -7.645079e-06    -2.385329e-06    7.302858e-06    -6.247371e-07    -3.157898e-07    2.712627e-06    2.03016e-06    -7.993065e-07    -1.327063e-06
6.946128e-07    1.051383e-06    1.307232e-06    8.789336e-07    -1.939123e-06    6.455714e-07    1.196463e-06    1.216242e-06    6.038311e-07    -1.702714e-06    6.371722e-07    -1.579401e-06    -4.950616e-06    -6.247371e-07    6.513323e-06    -8.348228e-07    2.492035e-06    2.469251e-06    -6.411773e-07    -1.643712e-06
5.152124e-07    2.37926e-07    -7.555296e-07    -1.377892e-06    5.943755e-07    -6.839286e-07    -5.524637e-07    -3.187754e-07    2.163337e-07    6.396694e-07    -7.453126e-07    1.013642e-06    1.367564e-06    -3.157898e-07    -8.348228e-07    5.810362e-06    -1.468422e-06    -5.550408e-06    9.777093e-07    9.237669e-07
1.916562e-06    1.563902e-07    1.205152e-06    2.500405e-06    -2.77351e-06    2.206408e-06    5.136557e-07    1.633079e-07    1.5167e-06    -2.251685e-06    1.442618e-06    -6.435739e-06    -3.915657e-06    2.712627e-06    2.492035e-06    -1.468422e-06    1.138956e-05    3.532921e-06    -5.284722e-06    -2.000408e-06
1.026122e-06    -5.581362e-07    1.166701e-06    3.470733e-06    -2.713641e-06    2.669127e-06    7.015722e-07    6.242665e-07    9.950157e-07    -2.5733e-06    2.759712e-06    -5.092783e-06    -4.80491e-06    2.03016e-06    2.469251e-06    -5.550408e-06    3.532921e-06    1.166372e-05    -1.632237e-06    -5.319604e-06
-2.670852e-07    2.118783e-08    -7.002792e-07    -8.525479e-07    7.348714e-07    -4.931795e-07    -3.663604e-07    9.816953e-08    -1.969722e-07    3.429405e-07    -9.721839e-08    1.943379e-06    8.349881e-07    -7.993065e-07    -6.411773e-07    9.777093e-07    -5.284722e-06    -1.632237e-06    5.708089e-06    -1.156352e-06
-1.458114e-06    9.427421e-09    -6.868607e-08    -1.536193e-06    1.885592e-06    -1.609485e-06    -5.02799e-08    -4.605035e-07    -1.219903e-06    1.624408e-06    -1.780184e-06    3.209975e-06    3.211531e-06    -1.327063e-06    -1.643712e-06    9.237669e-07    -2.000408e-06    -5.319604e-06    -1.156352e-06    5.848153e-06
