6.5356e-06    6.433282e-08    -2.624365e-06    -5.492661e-08    -1.609206e-06    1.640232e-06    1.935954e-06    -2.998215e-09    -3.051735e-07    -6.695663e-07
6.433282e-08    4.854421e-06    8.861192e-08    -2.565194e-06    -5.845262e-07    -2.622669e-07    -2.58479e-07    -1.65913e-07    -5.816367e-07    9.644951e-07
-2.624365e-06    8.861192e-08    5.30825e-06    1.616607e-08    -2.257114e-06    4.416281e-08    -1.110771e-06    -9.314008e-07    3.026409e-07    4.748145e-07
-5.492661e-08    -2.565194e-06    1.616607e-08    5.347355e-06    -1.947457e-06    4.021528e-07    4.54369e-07    7.960231e-07    7.746209e-07    -1.095794e-06
-1.609206e-06    -5.845262e-07    -2.257114e-06    -1.947457e-06    5.212614e-06    -1.251778e-06    -5.801809e-07    5.641984e-07    -5.479206e-08    -1.493771e-07
1.640232e-06    -2.622669e-07    4.416281e-08    4.021528e-07    -1.251778e-06    8.56438e-06    1.656935e-06    -3.73977e-06    5.371598e-07    -1.851676e-06
1.935954e-06    -2.58479e-07    -1.110771e-06    4.54369e-07    -5.801809e-07    1.656935e-06    7.710914e-06    1.915862e-06    -2.814275e-06    -1.363248e-06
-2.998215e-09    -1.65913e-07    -9.314008e-07    7.960231e-07    5.641984e-07    -3.73977e-06    1.915862e-06    8.080443e-06    6.411805e-07    -4.812911e-06
-3.051735e-07    -5.816367e-07    3.026409e-07    7.746209e-07    -5.479206e-08    5.371598e-07    -2.814275e-06    6.411805e-07    7.31455e-06    -5.379579e-06
-6.695663e-07    9.644951e-07    4.748145e-07    -1.095794e-06    -1.493771e-07    -1.851676e-06    -1.363248e-06    -4.812911e-06    -5.379579e-06    1.304621e-05
