8.310243e-06    7.169591e-07    -4.005831e-06    -1.139772e-06    -1.311306e-06    -8.666512e-07    -1.076913e-07    6.175031e-07    9.654684e-08    6.71951e-07    -5.737463e-08    1.288802e-07    -8.692437e-07    -1.823921e-07    7.334412e-07    4.397212e-07    1.318037e-06    -2.110973e-07    -7.465667e-08    -8.131131e-07    2.630786e-07    -1.00568e-06    -1.378937e-06    -4.951256e-08    1.459289e-06
7.169591e-07    1.271021e-05    7.131861e-06    -2.430606e-06    -6.207599e-06    -2.605868e-06    8.47456e-07    -5.370035e-07    -4.084213e-06    3.195163e-06    -3.326656e-06    -5.439403e-07    -6.214601e-07    -2.027075e-06    3.398242e-06    -9.264946e-06    1.386564e-05    9.675952e-06    -8.814093e-06    -2.829208e-06    1.951768e-06    -6.595383e-06    -7.007996e-06    1.781559e-06    4.424442e-06
-4.005831e-06    7.131861e-06    1.191275e-05    9.718327e-07    -7.686366e-06    -1.467527e-06    4.875142e-07    -1.588292e-06    -3.768047e-06    3.101326e-06    -3.606358e-06    -1.008657e-06    -2.368187e-07    -1.538966e-06    3.337201e-06    -8.479726e-06    1.297987e-05    8.25718e-06    -7.705995e-06    -2.299376e-06    1.821451e-06    -5.678338e-06    -6.065567e-06    1.741537e-06    3.504827e-06
-1.139772e-06    -2.430606e-06    9.718327e-07    5.917591e-06    -2.512549e-06    8.823332e-07    -5.933211e-07    -1.646082e-06    2.113061e-07    6.216639e-07    -2.008638e-07    -8.846846e-07    -2.878495e-07    5.681344e-07    5.740357e-07    6.90264e-07    1.437012e-06    4.131233e-07    -6.149689e-07    -5.455153e-07    7.223789e-07    -1.125371e-06    -7.4989e-07    9.91992e-07    -8.891564e-08
-1.311306e-06    -6.207599e-06    -7.686366e-06    -2.512549e-06    1.256022e-05    1.400436e-06    8.985256e-08    2.639213e-06    3.2615e-06    -4.521997e-06    3.869184e-06    1.350649e-06    6.172961e-07    1.310733e-06    -3.988675e-06    7.035285e-06    -1.469892e-05    -6.187771e-06    7.448071e-06    2.190619e-06    -1.635452e-06    6.071769e-06    6.146685e-06    -1.616548e-06    -4.028381e-06
-8.666512e-07    -2.605868e-06    -1.467527e-06    8.823332e-07    1.400436e-06    5.986784e-06    -5.296229e-07    -3.377952e-06    3.889622e-07    -6.078117e-07    6.942115e-07    -1.14653e-07    -6.181023e-08    9.853771e-07    -7.360996e-07    2.826122e-06    -3.329599e-06    -3.057078e-06    2.710264e-06    5.907588e-07    5.152124e-07    1.916562e-06    1.026122e-06    -2.670852e-07    -1.458114e-06
-1.076913e-07    8.47456e-07    4.875142e-07    -5.933211e-07    8.985256e-08    -5.296229e-07    5.636718e-06    8.171368e-07    -3.663831e-06    -6.033849e-07    -5.25311e-07    5.229209e-07    8.752776e-07    2.090645e-07    -5.735021e-07    -5.505198e-07    6.813554e-07    -2.512867e-07    -4.959109e-07    -8.859511e-09    2.37926e-07    1.563902e-07    -5.581362e-07    2.118783e-08    9.427421e-09
6.175031e-07    -5.370035e-07    -1.588292e-06    -1.646082e-06    2.639213e-06    -3.377952e-06    8.171368e-07    7.445097e-06    1.276807e-07    -3.790918e-06    7.347228e-07    9.916516e-07    7.278458e-07    4.342678e-07    -1.755287e-06    1.075906e-06    -3.36522e-06    -1.072711e-06    8.383795e-07    3.014873e-07    -7.555296e-07    1.205152e-06    1.166701e-06    -7.002792e-07    -6.868607e-08
9.654684e-08    -4.084213e-06    -3.768047e-06    2.113061e-07    3.2615e-06    3.889622e-07    -3.663831e-06    1.276807e-07    7.232965e-06    -2.657269e-06    2.147333e-06    2.960369e-07    -2.110987e-07    6.919699e-07    -1.570323e-06    4.320387e-06    -7.156246e-06    -2.969296e-06    3.583549e-06    9.359431e-07    -1.377892e-06    2.500405e-06    3.470733e-06    -8.525479e-07    -1.536193e-06
6.71951e-07    3.195163e-06    3.101326e-06    6.216639e-07    -4.521997e-06    -6.078117e-07    -6.033849e-07    -3.790918e-06    -2.657269e-06    6.276715e-06    -1.87461e-06    -7.281537e-07    -9.56287e-07    -1.593184e-06    2.774147e-06    -3.655561e-06    7.209634e-06    3.040033e-06    -3.215007e-06    -7.859198e-07    5.943755e-07    -2.77351e-06    -2.713641e-06    7.348714e-07    1.885592e-06
-5.737463e-08    -3.326656e-06    -3.606358e-06    -2.008638e-07    3.869184e-06    6.942115e-07    -5.25311e-07    7.347228e-07    2.147333e-06    -1.87461e-06    6.5356e-06    6.433282e-08    -2.624365e-06    -5.492661e-08    -1.609206e-06    3.286402e-06    -6.665559e-06    -2.161149e-06    3.364155e-06    6.697706e-07    -6.839286e-07    2.206408e-06    2.669127e-06    -4.931795e-07    -1.609485e-06
1.288802e-07    -5.439403e-07    -1.008657e-06    -8.846846e-07    1.350649e-06    -1.14653e-07    5.229209e-07    9.916516e-07    2.960369e-07    -7.281537e-07    6.433282e-08    4.854421e-06    8.861192e-08    -2.565194e-06    -5.845262e-07    9.792083e-07    -1.329007e-06    -1.154825e-06    3.969762e-07    3.533684e-07    -5.524637e-07    5.136557e-07    7.015722e-07    -3.663604e-07    -5.02799e-08
-8.692437e-07    -6.214601e-07    -2.368187e-07    -2.878495e-07    6.172961e-07    -6.181023e-08    8.752776e-07    7.278458e-07    -2.110987e-07    -9.56287e-07    -2.624365e-06    8.861192e-08    5.30825e-06    1.616607e-08    -2.257114e-06    3.582513e-07    2.664262e-07    -8.58505e-07    -3.723999e-07    3.545125e-07    -3.187754e-07    1.633079e-07    6.242665e-07    9.816953e-08    -4.605035e-07
-1.823921e-07    -2.027075e-06    -1.538966e-06    5.681344e-07    1.310733e-06    9.853771e-07    2.090645e-07    4.342678e-07    6.919699e-07    -1.593184e-06    -5.492661e-08    -2.565194e-06    1.616607e-08    5.347355e-06    -1.947457e-06    1.979473e-06    -2.985505e-06    -2.113087e-06    1.952692e-06    3.161556e-07    2.163337e-07    1.5167e-06    9.950157e-07    -1.969722e-07    -1.219903e-06
7.334412e-07    3.398242e-06    3.337201e-06    5.740357e-07    -3.988675e-06    -7.360996e-07    -5.735021e-07    -1.755287e-06    -1.570323e-06    2.774147e-06    -1.609206e-06    -5.845262e-07    -2.257114e-06    -1.947457e-06    5.212614e-06    -3.385569e-06    5.492601e-06    3.389927e-06    -2.774145e-06    -1.003666e-06    6.396694e-07    -2.251685e-06    -2.5733e-06    3.429405e-07    1.624408e-06
4.397212e-07    -9.264946e-06    -8.479726e-06    6.90264e-07    7.035285e-06    2.826122e-06    -5.505198e-07    1.075906e-06    4.320387e-06    -3.655561e-06    3.286402e-06    9.792083e-07    3.582513e-07    1.979473e-06    -3.385569e-06    1.28318e-05    -1.343508e-05    -1.148941e-05    7.33996e-06    2.126045e-06    -1.627421e-06    6.813152e-06    6.495914e-06    -1.978376e-06    -4.073576e-06
1.318037e-06    1.386564e-05    1.297987e-05    1.437012e-06    -1.469892e-05    -3.329599e-06    6.813554e-07    -3.36522e-06    -7.156246e-06    7.209634e-06    -6.665559e-06    -1.329007e-06    2.664262e-07    -2.985505e-06    5.492601e-06    -1.343508e-05    3.78281e-05    3.641432e-06    -1.623158e-05    -3.169238e-06    3.23694e-06    -1.212731e-05    -1.145775e-05    4.020882e-06    7.120593e-06
-2.110973e-07    9.675952e-06    8.25718e-06    4.131233e-07    -6.187771e-06    -3.057078e-06    -2.512867e-07    -1.072711e-06    -2.969296e-06    3.040033e-06    -2.161149e-06    -1.154825e-06    -8.58505e-07    -2.113087e-06    3.389927e-06    -1.148941e-05    3.641432e-06    2.348911e-05    -9.899701e-06    -4.074325e-06    1.90776e-06    -8.046193e-06    -6.628618e-06    2.708503e-06    3.976939e-06
-7.465667e-08    -8.814093e-06    -7.705995e-06    -6.149689e-07    7.448071e-06    2.710264e-06    -4.959109e-07    8.383795e-07    3.583549e-06    -3.215007e-06    3.364155e-06    3.969762e-07    -3.723999e-07    1.952692e-06    -2.774145e-06    7.33996e-06    -1.623158e-05    -9.899701e-06    1.418406e-05    1.99351e-06    -1.23436e-06    7.908572e-06    6.040679e-06    -2.700689e-06    -3.939307e-06
-8.131131e-07    -2.829208e-06    -2.299376e-06    -5.455153e-07    2.190619e-06    5.907588e-07    -8.859511e-09    3.014873e-07    9.359431e-07    -7.859198e-07    6.697706e-07    3.533684e-07    3.545125e-07    3.161556e-07    -1.003666e-06    2.126045e-06    -3.169238e-06    -4.074325e-06    1.99351e-06    2.511805e-06    -1.220239e-06    2.183362e-06    2.788922e-06    -8.237053e-07    -1.527091e-06
2.630786e-07    1.951768e-06    1.821451e-06    7.223789e-07    -1.635452e-06    5.152124e-07    2.37926e-07    -7.555296e-07    -1.377892e-06    5.943755e-07    -6.839286e-07    -5.524637e-07    -3.187754e-07    2.163337e-07    6.396694e-07    -1.627421e-06    3.23694e-06    1.90776e-06    -1.23436e-06    -1.220239e-06    5.810362e-06    -1.468422e-06    -5.550408e-06    9.777093e-07    9.237669e-07
-1.00568e-06    -6.595383e-06    -5.678338e-06    -1.125371e-06    6.071769e-06    1.916562e-06    1.563902e-07    1.205152e-06    2.500405e-06    -2.77351e-06    2.206408e-06    5.136557e-07    1.633079e-07    1.5167e-06    -2.251685e-06    6.813152e-06    -1.212731e-05    -8.046193e-06    7.908572e-06    2.183362e-06    -1.468422e-06    1.138956e-05    3.532921e-06    -5.284722e-06    -2.000408e-06
-1.378937e-06    -7.007996e-06    -6.065567e-06    -7.4989e-07    6.146685e-06    1.026122e-06    -5.581362e-07    1.166701e-06    3.470733e-06    -2.713641e-06    2.669127e-06    7.015722e-07    6.242665e-07    9.950157e-07    -2.5733e-06    6.495914e-06    -1.145775e-05    -6.628618e-06    6.040679e-06    2.788922e-06    -5.550408e-06    3.532921e-06    1.166372e-05    -1.632237e-06    -5.319604e-06
-4.951256e-08    1.781559e-06    1.741537e-06    9.91992e-07    -1.616548e-06    -2.670852e-07    2.118783e-08    -7.002792e-07    -8.525479e-07    7.348714e-07    -4.931795e-07    -3.663604e-07    9.816953e-08    -1.969722e-07    3.429405e-07    -1.978376e-06    4.020882e-06    2.708503e-06    -2.700689e-06    -8.237053e-07    9.777093e-07    -5.284722e-06    -1.632237e-06    5.708089e-06    -1.156352e-06
1.459289e-06    4.424442e-06    3.504827e-06    -8.891564e-08    -4.028381e-06    -1.458114e-06    9.427421e-09    -6.868607e-08    -1.536193e-06    1.885592e-06    -1.609485e-06    -5.02799e-08    -4.605035e-07    -1.219903e-06    1.624408e-06    -4.073576e-06    7.120593e-06    3.976939e-06    -3.939307e-06    -1.527091e-06    9.237669e-07    -2.000408e-06    -5.319604e-06    -1.156352e-06    5.848153e-06
