6.002168e-06    2.499985e-06    -7.291535e-07    -1.204992e-06    -4.233417e-06    2.280397e-06    -4.486791e-07    -6.580339e-07    1.335203e-06    -1.342939e-06
2.499985e-06    7.134593e-06    1.792764e-06    -4.538308e-06    -3.642903e-06    1.371313e-06    -2.045446e-07    -7.267383e-07    -5.280283e-08    -1.912264e-07
-7.291535e-07    1.792764e-06    5.383775e-06    3.909532e-07    -4.562798e-06    -1.381934e-07    -5.042906e-07    -6.066792e-07    -5.957909e-07    8.618696e-07
-1.204992e-06    -4.538308e-06    3.909532e-07    7.847648e-06    2.826005e-07    -1.059515e-06    -1.048498e-06    -3.633803e-07    -2.061521e-07    1.33726e-06
-4.233417e-06    -3.642903e-06    -4.562798e-06    2.826005e-07    1.605163e-05    -3.303382e-06    1.046185e-06    1.246746e-06    -1.781803e-06    1.758173e-06
2.280397e-06    1.371313e-06    -1.381934e-07    -1.059515e-06    -3.303382e-06    6.5356e-06    6.433282e-08    -2.624365e-06    -5.492661e-08    -1.609206e-06
-4.486791e-07    -2.045446e-07    -5.042906e-07    -1.048498e-06    1.046185e-06    6.433282e-08    4.854421e-06    8.861192e-08    -2.565194e-06    -5.845262e-07
-6.580339e-07    -7.267383e-07    -6.066792e-07    -3.633803e-07    1.246746e-06    -2.624365e-06    8.861192e-08    5.30825e-06    1.616607e-08    -2.257114e-06
1.335203e-06    -5.280283e-08    -5.957909e-07    -2.061521e-07    -1.781803e-06    -5.492661e-08    -2.565194e-06    1.616607e-08    5.347355e-06    -1.947457e-06
-1.342939e-06    -1.912264e-07    8.618696e-07    1.33726e-06    1.758173e-06    -1.609206e-06    -5.845262e-07    -2.257114e-06    -1.947457e-06    5.212614e-06
