5.986784e-06    -5.296229e-07    -3.377952e-06    3.889622e-07    -6.078117e-07    6.942115e-07    -1.14653e-07    -6.181023e-08    9.853771e-07    -7.360996e-07    8.358925e-08    2.148303e-06    2.742133e-06    -8.236806e-07    -1.589931e-06
-5.296229e-07    5.636718e-06    8.171368e-07    -3.663831e-06    -6.033849e-07    -5.25311e-07    5.229209e-07    8.752776e-07    2.090645e-07    -5.735021e-07    -3.583764e-07    2.151035e-06    -3.567098e-07    -1.173753e-06    -1.079278e-07
-3.377952e-06    8.171368e-07    7.445097e-06    1.276807e-07    -3.790918e-06    7.347228e-07    9.916516e-07    7.278458e-07    4.342678e-07    -1.755287e-06    -1.306334e-06    3.79179e-06    1.344842e-06    -2.105462e-06    -5.095087e-07
3.889622e-07    -3.663831e-06    1.276807e-07    7.232965e-06    -2.657269e-06    2.147333e-06    2.960369e-07    -2.110987e-07    6.919699e-07    -1.570323e-06    -9.088073e-07    1.441921e-06    4.175572e-06    3.433187e-07    -2.376416e-06
-6.078117e-07    -6.033849e-07    -3.790918e-06    -2.657269e-06    6.276715e-06    -1.87461e-06    -7.281537e-07    -9.56287e-07    -1.593184e-06    2.774147e-06    8.907124e-07    -4.818799e-06    -4.096187e-06    1.848819e-06    2.713583e-06
6.942115e-07    -5.25311e-07    7.347228e-07    2.147333e-06    -1.87461e-06    6.5356e-06    6.433282e-08    -2.624365e-06    -5.492661e-08    -1.609206e-06    3.258972e-07    2.601461e-06    2.95204e-06    -4.382913e-07    -2.135296e-06
-1.14653e-07    5.229209e-07    9.916516e-07    2.960369e-07    -7.281537e-07    6.433282e-08    4.854421e-06    8.861192e-08    -2.565194e-06    -5.845262e-07    -4.94869e-07    1.386634e-06    4.09985e-07    -6.749297e-07    -1.520258e-07
-6.181023e-08    8.752776e-07    7.278458e-07    -2.110987e-07    -9.56287e-07    -2.624365e-06    8.861192e-08    5.30825e-06    1.616607e-08    -2.257114e-06    -4.093811e-07    -5.597955e-09    8.647332e-07    -6.446586e-08    -4.776695e-07
9.853771e-07    2.090645e-07    4.342678e-07    6.919699e-07    -1.593184e-06    -5.492661e-08    -2.565194e-06    1.616607e-08    5.347355e-06    -1.947457e-06    -7.532459e-07    2.259569e-06    2.894362e-06    -5.373401e-07    -1.997578e-06
-7.360996e-07    -5.735021e-07    -1.755287e-06    -1.570323e-06    2.774147e-06    -1.609206e-06    -5.845262e-07    -2.257114e-06    -1.947457e-06    5.212614e-06    4.884439e-07    -3.356883e-06    -3.928438e-06    1.315664e-06    2.609017e-06
8.358925e-08    -3.583764e-07    -1.306334e-06    -9.088073e-07    8.907124e-07    3.258972e-07    -4.94869e-07    -4.093811e-07    -7.532459e-07    4.884439e-07    1.368263e-05    -3.141831e-06    -1.240488e-05    2.116482e-06    1.522131e-06
2.148303e-06    2.151035e-06    3.79179e-06    1.441921e-06    -4.818799e-06    2.601461e-06    1.386634e-06    -5.597955e-09    2.259569e-06    -3.356883e-06    -3.141831e-06    2.809659e-05    5.667185e-06    -1.568886e-05    -2.889295e-06
2.742133e-06    -3.567098e-07    1.344842e-06    4.175572e-06    -4.096187e-06    2.95204e-06    4.09985e-07    8.647332e-07    2.894362e-06    -3.928438e-06    -1.240488e-05    5.667185e-06    2.575876e-05    -2.687036e-06    -1.071542e-05
-8.236806e-07    -1.173753e-06    -2.105462e-06    3.433187e-07    1.848819e-06    -4.382913e-07    -6.749297e-07    -6.446586e-08    -5.373401e-07    1.315664e-06    2.116482e-06    -1.568886e-05    -2.687036e-06    1.603499e-05    -2.890706e-06
-1.589931e-06    -1.079278e-07    -5.095087e-07    -2.376416e-06    2.713583e-06    -2.135296e-06    -1.520258e-07    -4.776695e-07    -1.997578e-06    2.609017e-06    1.522131e-06    -2.889295e-06    -1.071542e-05    -2.890706e-06    1.124191e-05
