5.986784e-06    -5.296229e-07    -3.377952e-06    3.889622e-07    -6.078117e-07    6.942115e-07    -1.14653e-07    -6.181023e-08    9.853771e-07    -7.360996e-07    -1.368122e-07    8.469875e-07    1.079851e-06    7.552895e-07    -1.989285e-06
-5.296229e-07    5.636718e-06    8.171368e-07    -3.663831e-06    -6.033849e-07    -5.25311e-07    5.229209e-07    8.752776e-07    2.090645e-07    -5.735021e-07    8.97678e-08    -1.00918e-06    -8.412721e-07    -3.845497e-07    1.474827e-06
-3.377952e-06    8.171368e-07    7.445097e-06    1.276807e-07    -3.790918e-06    7.347228e-07    9.916516e-07    7.278458e-07    4.342678e-07    -1.755287e-06    8.39253e-07    7.205491e-08    -1.169512e-06    -4.117774e-07    1.464625e-06
3.889622e-07    -3.663831e-06    1.276807e-07    7.232965e-06    -2.657269e-06    2.147333e-06    2.960369e-07    -2.110987e-07    6.919699e-07    -1.570323e-06    4.933405e-07    1.587929e-06    1.116634e-06    1.129717e-06    -2.244386e-06
-6.078117e-07    -6.033849e-07    -3.790918e-06    -2.657269e-06    6.276715e-06    -1.87461e-06    -7.281537e-07    -9.56287e-07    -1.593184e-06    2.774147e-06    -1.053421e-06    -6.061426e-07    4.010457e-07    -2.85614e-07    5.92062e-07
6.942115e-07    -5.25311e-07    7.347228e-07    2.147333e-06    -1.87461e-06    6.5356e-06    6.433282e-08    -2.624365e-06    -5.492661e-08    -1.609206e-06    1.230654e-06    1.15437e-06    3.629823e-07    7.937933e-07    -2.053839e-06
-1.14653e-07    5.229209e-07    9.916516e-07    2.960369e-07    -7.281537e-07    6.433282e-08    4.854421e-06    8.861192e-08    -2.565194e-06    -5.845262e-07    -6.40139e-07    -3.077661e-07    -4.17959e-07    -6.181852e-07    1.742567e-06
-6.181023e-08    8.752776e-07    7.278458e-07    -2.110987e-07    -9.56287e-07    -2.624365e-06    8.861192e-08    5.30825e-06    1.616607e-08    -2.257114e-06    -4.617029e-07    -9.978088e-07    -3.762615e-07    -5.349291e-07    1.700427e-06
9.853771e-07    2.090645e-07    4.342678e-07    6.919699e-07    -1.593184e-06    -5.492661e-08    -2.565194e-06    1.616607e-08    5.347355e-06    -1.947457e-06    6.071761e-07    6.24778e-08    -2.088171e-07    9.178775e-07    -1.208792e-06
-7.360996e-07    -5.735021e-07    -1.755287e-06    -1.570323e-06    2.774147e-06    -1.609206e-06    -5.845262e-07    -2.257114e-06    -1.947457e-06    5.212614e-06    -6.041886e-07    -3.157548e-08    3.564162e-07    -1.566566e-07    -2.487297e-07
-1.368122e-07    8.97678e-08    8.39253e-07    4.933405e-07    -1.053421e-06    1.230654e-06    -6.40139e-07    -4.617029e-07    6.071761e-07    -6.041886e-07    6.582398e-06    1.037564e-06    -2.446976e-06    -3.224219e-07    -8.358538e-07
8.469875e-07    -1.00918e-06    7.205491e-08    1.587929e-06    -6.061426e-07    1.15437e-06    -3.077661e-07    -9.978088e-07    6.24778e-08    -3.157548e-08    1.037564e-06    7.037613e-06    1.691766e-06    -2.041662e-06    -2.820863e-06
1.079851e-06    -8.412721e-07    -1.169512e-06    1.116634e-06    4.010457e-07    3.629823e-07    -4.17959e-07    -3.762615e-07    -2.088171e-07    3.564162e-07    -2.446976e-06    1.691766e-06    6.470306e-06    1.44606e-06    -4.993714e-06
7.552895e-07    -3.845497e-07    -4.117774e-07    1.129717e-06    -2.85614e-07    7.937933e-07    -6.181852e-07    -5.349291e-07    9.178775e-07    -1.566566e-07    -3.224219e-07    -2.041662e-06    1.44606e-06    6.593983e-06    -4.096146e-06
-1.989285e-06    1.474827e-06    1.464625e-06    -2.244386e-06    5.92062e-07    -2.053839e-06    1.742567e-06    1.700427e-06    -1.208792e-06    -2.487297e-07    -8.358538e-07    -2.820863e-06    -4.993714e-06    -4.096146e-06    1.26802e-05
