7.481787e-06    2.106806e-06    -3.077257e-06    -1.156732e-06    -1.265952e-06    6.017122e-07    2.648773e-06    1.800275e-06    -1.138155e-08    -1.76322e-06    -1.106764e-07    1.511264e-07    -4.570303e-07    -5.188938e-07    4.916194e-07    -1.106085e-06    2.295636e-07    2.289568e-07    -2.872347e-07    6.592773e-07    -3.393248e-07    1.708019e-06    2.503279e-07    -7.806079e-07    -8.315344e-08    -1.451102e-06    2.128644e-06    3.340438e-06    2.519681e-07    -2.388822e-06    1.103998e-06    -2.313945e-06    -2.226514e-06    1.201035e-06    8.553879e-07    -2.79458e-07    -6.226356e-07    -5.772586e-07    2.030248e-07    1.584096e-06
2.106806e-06    1.494939e-05    6.508715e-06    -2.827156e-06    -5.976005e-06    1.18361e-06    8.437158e-06    7.208016e-06    3.646881e-07    -7.346423e-06    -3.550887e-06    1.123906e-06    -1.333328e-07    -4.42485e-06    3.36049e-06    -3.479413e-06    -3.148168e-07    3.597332e-07    -2.065441e-06    3.025933e-06    -2.821772e-06    8.32184e-06    5.15843e-06    -3.751714e-06    -2.349136e-06    -4.028033e-06    9.921581e-06    9.806002e-06    -9.054533e-07    -7.972723e-06    9.957369e-07    -7.568797e-06    -6.315786e-06    2.28112e-06    4.523127e-06    -1.390945e-06    -3.683762e-06    -3.93056e-06    2.407905e-06    7.243588e-06
-3.077257e-06    6.508715e-06    1.065716e-05    1.27674e-06    -6.33017e-06    8.977229e-07    5.273499e-06    4.65525e-06    3.795095e-07    -5.016906e-06    -2.576548e-06    -4.494292e-07    -1.14388e-06    -2.670304e-06    3.567937e-06    -1.851258e-06    -4.931585e-07    -4.420635e-07    -2.244731e-06    2.555771e-06    -2.109686e-06    6.389895e-06    4.931259e-06    -3.011308e-06    -2.816206e-06    -2.516731e-06    6.965748e-06    5.957561e-06    -1.309023e-06    -4.572244e-06    4.364426e-07    -5.285114e-06    -4.22185e-06    1.175353e-06    3.578285e-06    -1.071047e-06    -2.581779e-06    -2.497797e-06    1.988813e-06    4.993355e-06
-1.156732e-06    -2.827156e-06    1.27674e-06    7.010674e-06    -2.997433e-06    -2.31607e-07    -3.798403e-07    2.508308e-07    1.431626e-06    -1.370945e-06    8.091561e-07    -1.492824e-06    -2.582849e-06    4.394808e-07    1.802317e-06    -2.086549e-07    -4.507708e-07    6.693549e-08    -5.040467e-07    4.585639e-07    3.350461e-07    1.658062e-06    8.322441e-07    -4.482267e-07    -1.066105e-06    -3.750485e-07    3.476225e-07    -4.773395e-07    7.233964e-08    4.46545e-07    7.574259e-07    -1.006293e-06    -6.542818e-07    5.620662e-07    2.628546e-08    -7.402617e-07    5.525694e-07    3.21334e-07    1.974359e-08    2.586588e-07
-1.265952e-06    -5.976005e-06    -6.33017e-06    -2.997433e-06    1.015424e-05    -6.967735e-07    -5.580177e-06    -5.459523e-06    -1.366697e-06    7.143435e-06    1.398546e-06    1.071563e-06    2.770939e-06    2.3093e-06    -3.948614e-06    2.44649e-06    1.156668e-06    2.949626e-07    1.346746e-06    -2.77898e-06    1.785668e-06    -7.178674e-06    -4.436226e-06    2.934582e-06    2.930638e-06    3.419696e-06    -6.34832e-06    -6.300494e-06    4.849838e-07    4.592426e-06    -1.419688e-06    6.020751e-06    5.091964e-06    -1.875452e-06    -3.296355e-06    1.829711e-06    1.828359e-06    1.825239e-06    -1.823053e-06    -4.77093e-06
6.017122e-07    1.18361e-06    8.977229e-07    -2.31607e-07    -6.967735e-07    8.310243e-06    7.169591e-07    -4.005831e-06    -1.139772e-06    -1.311306e-06    -8.666512e-07    -1.076913e-07    6.175031e-07    9.654684e-08    6.71951e-07    -5.737463e-08    1.288802e-07    -8.692437e-07    -1.823921e-07    7.334412e-07    -6.399575e-07    -1.461558e-07    7.462579e-07    3.38307e-07    -2.872384e-07    -1.327321e-06    2.952027e-06    2.650475e-06    -1.350829e-06    -1.543772e-06    2.630786e-07    -1.00568e-06    -1.378937e-06    -4.951256e-08    1.459289e-06    6.840223e-07    -6.922536e-07    -8.714777e-07    1.913014e-07    1.311851e-06
2.648773e-06    8.437158e-06    5.273499e-06    -3.798403e-07    -5.580177e-06    7.169591e-07    1.271021e-05    7.131861e-06    -2.430606e-06    -6.207599e-06    -2.605868e-06    8.47456e-07    -5.370035e-07    -4.084213e-06    3.195163e-06    -3.326656e-06    -5.439403e-07    -6.214601e-07    -2.027075e-06    3.398242e-06    -3.648382e-06    6.987929e-06    5.747022e-06    -3.07224e-06    -2.733935e-06    -4.835448e-06    8.572584e-06    9.473217e-06    -8.404461e-07    -6.226512e-06    1.951768e-06    -6.595383e-06    -7.007996e-06    1.781559e-06    4.424442e-06    -7.79268e-07    -3.389888e-06    -2.919055e-06    2.412173e-06    5.568948e-06
1.800275e-06    7.208016e-06    4.65525e-06    2.508308e-07    -5.459523e-06    -4.005831e-06    7.131861e-06    1.191275e-05    9.718327e-07    -7.686366e-06    -1.467527e-06    4.875142e-07    -1.588292e-06    -3.768047e-06    3.101326e-06    -3.606358e-06    -1.008657e-06    -2.368187e-07    -1.538966e-06    3.337201e-06    -3.189798e-06    7.462109e-06    5.416812e-06    -3.298709e-06    -2.476772e-06    -4.409032e-06    6.929707e-06    7.181952e-06    -2.376837e-07    -4.985115e-06    1.821451e-06    -5.678338e-06    -6.065567e-06    1.741537e-06    3.504827e-06    -9.431759e-07    -2.739263e-06    -2.872688e-06    1.894416e-06    5.153622e-06
-1.138155e-08    3.646881e-07    3.795095e-07    1.431626e-06    -1.366697e-06    -1.139772e-06    -2.430606e-06    9.718327e-07    5.917591e-06    -2.512549e-06    8.823332e-07    -5.933211e-07    -1.646082e-06    2.113061e-07    6.216639e-07    -2.008638e-07    -8.846846e-07    -2.878495e-07    5.681344e-07    5.740357e-07    4.304583e-07    1.509331e-06    3.48356e-07    -5.550104e-07    -2.854079e-07    -2.619319e-07    4.20199e-07    8.742694e-08    2.1544e-07    -6.783356e-07    7.223789e-07    -1.125371e-06    -7.4989e-07    9.91992e-07    -8.891564e-08    -9.679974e-07    2.910283e-07    -4.015845e-08    8.419603e-08    8.165579e-07
-1.76322e-06    -7.346423e-06    -5.016906e-06    -1.370945e-06    7.143435e-06    -1.311306e-06    -6.207599e-06    -7.686366e-06    -2.512549e-06    1.256022e-05    1.400436e-06    8.985256e-08    2.639213e-06    3.2615e-06    -4.521997e-06    3.869184e-06    1.350649e-06    6.172961e-07    1.310733e-06    -3.988675e-06    3.050025e-06    -8.08399e-06    -5.207386e-06    3.057718e-06    2.138738e-06    5.80774e-06    -8.549864e-06    -7.988663e-06    1.152502e-06    5.144166e-06    -1.635452e-06    6.071769e-06    6.146685e-06    -1.616548e-06    -4.028381e-06    1.268432e-06    2.471529e-06    2.678225e-06    -1.496492e-06    -5.778216e-06
-1.106764e-07    -3.550887e-06    -2.576548e-06    8.091561e-07    1.398546e-06    -8.666512e-07    -2.605868e-06    -1.467527e-06    8.823332e-07    1.400436e-06    5.986784e-06    -5.296229e-07    -3.377952e-06    3.889622e-07    -6.078117e-07    6.942115e-07    -1.14653e-07    -6.181023e-08    9.853771e-07    -7.360996e-07    8.714501e-07    -2.161988e-06    -1.24645e-06    1.175527e-06    6.946128e-07    1.12501e-06    -2.696105e-06    -3.226502e-06    6.021013e-07    1.89396e-06    5.152124e-07    1.916562e-06    1.026122e-06    -2.670852e-07    -1.458114e-06    1.425542e-07    1.103521e-06    8.864857e-07    -5.834542e-07    -1.603617e-06
1.511264e-07    1.123906e-06    -4.494292e-07    -1.492824e-06    1.071563e-06    -1.076913e-07    8.47456e-07    4.875142e-07    -5.933211e-07    8.985256e-08    -5.296229e-07    5.636718e-06    8.171368e-07    -3.663831e-06    -6.033849e-07    -5.25311e-07    5.229209e-07    8.752776e-07    2.090645e-07    -5.735021e-07    -4.387824e-07    -7.281179e-07    -7.357329e-07    -1.17883e-07    1.051383e-06    -5.222802e-07    1.362974e-06    1.145472e-06    -3.670897e-07    -9.555438e-07    2.37926e-07    1.563902e-07    -5.581362e-07    2.118783e-08    9.427421e-09    6.220229e-07    -4.292939e-07    -5.792725e-07    2.297105e-08    -7.036676e-08
-4.570303e-07    -1.333328e-07    -1.14388e-06    -2.582849e-06    2.770939e-06    6.175031e-07    -5.370035e-07    -1.588292e-06    -1.646082e-06    2.639213e-06    -3.377952e-06    8.171368e-07    7.445097e-06    1.276807e-07    -3.790918e-06    7.347228e-07    9.916516e-07    7.278458e-07    4.342678e-07    -1.755287e-06    4.135147e-07    -3.601142e-06    -1.858095e-06    1.139145e-06    1.307232e-06    1.301506e-06    3.735864e-07    3.049067e-07    -1.366204e-06    1.613932e-07    -7.555296e-07    1.205152e-06    1.166701e-06    -7.002792e-07    -6.868607e-08    1.298005e-06    -6.271573e-07    2.600347e-08    5.468709e-07    -1.603088e-06
-5.188938e-07    -4.42485e-06    -2.670304e-06    4.394808e-07    2.3093e-06    9.654684e-08    -4.084213e-06    -3.768047e-06    2.113061e-07    3.2615e-06    3.889622e-07    -3.663831e-06    1.276807e-07    7.232965e-06    -2.657269e-06    2.147333e-06    2.960369e-07    -2.110987e-07    6.919699e-07    -1.570323e-06    2.33041e-06    -3.927414e-06    -3.041446e-06    2.194088e-06    8.789336e-07    2.372322e-06    -3.709482e-06    -3.195149e-06    -8.565699e-08    2.406468e-06    -1.377892e-06    2.500405e-06    3.470733e-06    -8.525479e-07    -1.536193e-06    -1.869835e-07    1.752253e-06    2.104521e-06    -8.097556e-07    -2.663882e-06
4.916194e-07    3.36049e-06    3.567937e-06    1.802317e-06    -3.948614e-06    6.71951e-07    3.195163e-06    3.101326e-06    6.216639e-07    -4.521997e-06    -6.078117e-07    -6.033849e-07    -3.790918e-06    -2.657269e-06    6.276715e-06    -1.87461e-06    -7.281537e-07    -9.56287e-07    -1.593184e-06    2.774147e-06    -2.101011e-06    5.782446e-06    3.919613e-06    -2.522087e-06    -1.939123e-06    -3.203511e-06    3.070919e-06    2.911376e-06    3.908321e-07    -1.823492e-06    5.943755e-07    -2.77351e-06    -2.713641e-06    7.348714e-07    1.885592e-06    -7.121315e-07    -9.94616e-07    -1.528724e-06    1.357994e-07    3.491419e-06
-1.106085e-06    -3.479413e-06    -1.851258e-06    -2.086549e-07    2.44649e-06    -5.737463e-08    -3.326656e-06    -3.606358e-06    -2.008638e-07    3.869184e-06    6.942115e-07    -5.25311e-07    7.347228e-07    2.147333e-06    -1.87461e-06    6.5356e-06    6.433282e-08    -2.624365e-06    -5.492661e-08    -1.609206e-06    2.29237e-06    -3.85475e-06    -2.977517e-06    2.162701e-06    6.455714e-07    2.792433e-06    -3.997471e-06    -3.741923e-06    5.692661e-07    2.417861e-06    -6.839286e-07    2.206408e-06    2.669127e-06    -4.931795e-07    -1.609485e-06    -2.004842e-07    1.400298e-06    2.080684e-06    -3.449899e-07    -3.073317e-06
2.295636e-07    -3.148168e-07    -4.931585e-07    -4.507708e-07    1.156668e-06    1.288802e-07    -5.439403e-07    -1.008657e-06    -8.846846e-07    1.350649e-06    -1.14653e-07    5.229209e-07    9.916516e-07    2.960369e-07    -7.281537e-07    6.433282e-08    4.854421e-06    8.861192e-08    -2.565194e-06    -5.845262e-07    -9.98701e-08    -1.444244e-06    -1.156975e-06    1.306323e-07    1.196463e-06    -1.51437e-07    1.010249e-06    9.73455e-07    -9.847236e-07    -3.635786e-07    -5.524637e-07    5.136557e-07    7.015722e-07    -3.663604e-07    -5.02799e-08    5.349779e-07    -7.989065e-08    5.233131e-08    4.436784e-08    -5.809128e-07
2.289568e-07    3.597332e-07    -4.420635e-07    6.693549e-08    2.949626e-07    -8.692437e-07    -6.214601e-07    -2.368187e-07    -2.878495e-07    6.172961e-07    -6.181023e-08    8.752776e-07    7.278458e-07    -2.110987e-07    -9.56287e-07    -2.624365e-06    8.861192e-08    5.30825e-06    1.616607e-08    -2.257114e-06    4.800936e-07    -6.31875e-07    -1.383408e-06    -3.803827e-07    1.216242e-06    4.50562e-07    6.873625e-07    2.656518e-07    -4.639883e-07    -4.095096e-07    -3.187754e-07    1.633079e-07    6.242665e-07    9.816953e-08    -4.605035e-07    1.622494e-07    2.515424e-07    -5.931404e-08    -2.114137e-07    -3.478682e-07
-2.872347e-07    -2.065441e-06    -2.244731e-06    -5.040467e-07    1.346746e-06    -1.823921e-07    -2.027075e-06    -1.538966e-06    5.681344e-07    1.310733e-06    9.853771e-07    2.090645e-07    4.342678e-07    6.919699e-07    -1.593184e-06    -5.492661e-08    -2.565194e-06    1.616607e-08    5.347355e-06    -1.947457e-06    9.508425e-07    -2.577663e-06    -1.459559e-06    1.567906e-06    6.038311e-07    1.32703e-06    -2.816523e-06    -2.248095e-06    7.307973e-07    1.442318e-06    2.163337e-07    1.5167e-06    9.950157e-07    -1.969722e-07    -1.219903e-06    2.105011e-07    7.934387e-07    8.735444e-07    -4.03964e-07    -1.739591e-06
6.592773e-07    3.025933e-06    2.555771e-06    4.585639e-07    -2.77898e-06    7.334412e-07    3.398242e-06    3.337201e-06    5.740357e-07    -3.988675e-06    -7.360996e-07    -5.735021e-07    -1.755287e-06    -1.570323e-06    2.774147e-06    -1.609206e-06    -5.845262e-07    -2.257114e-06    -1.947457e-06    5.212614e-06    -2.032108e-06    4.609792e-06    3.583203e-06    -1.774309e-06    -1.702714e-06    -3.010917e-06    2.803e-06    2.940015e-06    2.186311e-07    -1.913068e-06    6.396694e-07    -2.251685e-06    -2.5733e-06    3.429405e-07    1.624408e-06    -6.283654e-07    -9.9775e-07    -1.472597e-06    2.745828e-07    3.154009e-06
-3.393248e-07    -2.821772e-06    -2.109686e-06    3.350461e-07    1.785668e-06    -6.399575e-07    -3.648382e-06    -3.189798e-06    4.304583e-07    3.050025e-06    8.714501e-07    -4.387824e-07    4.135147e-07    2.33041e-06    -2.101011e-06    2.29237e-06    -9.98701e-08    4.800936e-07    9.508425e-07    -2.032108e-06    7.847485e-06    -2.629038e-06    -6.800047e-06    1.485388e-06    6.371722e-07    3.604765e-06    -4.268462e-06    -3.869057e-06    7.126484e-07    2.275228e-06    -7.453126e-07    1.442618e-06    2.759712e-06    -9.721839e-08    -1.780184e-06    -1.609116e-07    1.303457e-06    2.123269e-06    -3.804113e-09    -3.431315e-06
1.708019e-06    8.32184e-06    6.389895e-06    1.658062e-06    -7.178674e-06    -1.461558e-07    6.987929e-06    7.462109e-06    1.509331e-06    -8.08399e-06    -2.161988e-06    -7.281179e-07    -3.601142e-06    -3.927414e-06    5.782446e-06    -3.85475e-06    -1.444244e-06    -6.31875e-07    -2.577663e-06    4.609792e-06    -2.629038e-06    1.568834e-05    3.959506e-06    -7.645079e-06    -1.579401e-06    -4.66288e-06    6.736025e-06    6.767588e-06    4.425287e-07    -5.044e-06    1.013642e-06    -6.435739e-06    -5.092783e-06    1.943379e-06    3.209975e-06    -2.414616e-06    -2.221667e-06    -2.991584e-06    6.096326e-07    7.37237e-06
2.503279e-07    5.15843e-06    4.931259e-06    8.322441e-07    -4.436226e-06    7.462579e-07    5.747022e-06    5.416812e-06    3.48356e-07    -5.207386e-06    -1.24645e-06    -7.357329e-07    -1.858095e-06    -3.041446e-06    3.919613e-06    -2.977517e-06    -1.156975e-06    -1.383408e-06    -1.459559e-06    3.583203e-06    -6.800047e-06    3.959506e-06    1.179055e-05    -2.385329e-06    -4.950616e-06    -3.666152e-06    5.509537e-06    5.044399e-06    -7.390589e-07    -3.36506e-06    1.367564e-06    -3.915657e-06    -4.80491e-06    8.349881e-07    3.211531e-06    -3.221867e-07    -2.973651e-06    -3.506857e-06    1.240775e-06    5.862707e-06
-7.806079e-07    -3.751714e-06    -3.011308e-06    -4.482267e-07    2.934582e-06    3.38307e-07    -3.07224e-06    -3.298709e-06    -5.550104e-07    3.057718e-06    1.175527e-06    -1.17883e-07    1.139145e-06    2.194088e-06    -2.522087e-06    2.162701e-06    1.306323e-07    -3.803827e-07    1.567906e-06    -1.774309e-06    1.485388e-06    -7.645079e-06    -2.385329e-06    7.302858e-06    -6.247371e-07    2.331275e-06    -3.752408e-06    -3.666528e-06    2.825369e-07    2.545422e-06    -3.157898e-07    2.712627e-06    2.03016e-06    -7.993065e-07    -1.327063e-06    9.159907e-07    6.229453e-07    1.432576e-06    3.337197e-07    -3.593974e-06
-8.315344e-08    -2.349136e-06    -2.816206e-06    -1.066105e-06    2.930638e-06    -2.872384e-07    -2.733935e-06    -2.476772e-06    -2.854079e-07    2.138738e-06    6.946128e-07    1.051383e-06    1.307232e-06    8.789336e-07    -1.939123e-06    6.455714e-07    1.196463e-06    1.216242e-06    6.038311e-07    -1.702714e-06    6.371722e-07    -1.579401e-06    -4.950616e-06    -6.247371e-07    6.513323e-06    5.670485e-07    -1.622206e-06    -1.553044e-06    1.288516e-07    9.925746e-07    -8.348228e-07    2.492035e-06    2.469251e-06    -6.411773e-07    -1.643712e-06    3.279829e-07    1.886051e-06    1.309507e-06    -1.448367e-06    -2.312358e-06
-1.451102e-06    -4.028033e-06    -2.516731e-06    -3.750485e-07    3.419696e-06    -1.327321e-06    -4.835448e-06    -4.409032e-06    -2.619319e-07    5.80774e-06    1.12501e-06    -5.222802e-07    1.301506e-06    2.372322e-06    -3.203511e-06    2.792433e-06    -1.51437e-07    4.50562e-07    1.32703e-06    -3.010917e-06    3.604765e-06    -4.66288e-06    -3.666152e-06    2.331275e-06    5.670485e-07    1.861523e-05    -7.574978e-06    -1.61217e-05    2.088944e-06    3.150723e-06    -5.258801e-07    1.862352e-06    3.620345e-06    5.474926e-07    -3.044659e-06    -2.804825e-07    1.450418e-06    2.343641e-06    -1.861826e-07    -3.859844e-06
2.128644e-06    9.921581e-06    6.965748e-06    3.476225e-07    -6.34832e-06    2.952027e-06    8.572584e-06    6.929707e-06    4.20199e-07    -8.549864e-06    -2.696105e-06    1.362974e-06    3.735864e-07    -3.709482e-06    3.070919e-06    -3.997471e-06    1.010249e-06    6.873625e-07    -2.816523e-06    2.803e-06    -4.268462e-06    6.736025e-06    5.509537e-06    -3.752408e-06    -1.622206e-06    -7.574978e-06    2.85244e-05    8.369271e-06    -1.430804e-05    -5.794113e-06    1.349216e-06    -6.153709e-06    -7.481298e-06    6.986711e-07    6.23422e-06    3.881206e-07    -4.200787e-06    -4.59736e-06    2.657e-06    7.175451e-06
3.340438e-06    9.806002e-06    5.957561e-06    -4.773395e-07    -6.300494e-06    2.650475e-06    9.473217e-06    7.181952e-06    8.742694e-08    -7.988663e-06    -3.226502e-06    1.145472e-06    3.049067e-07    -3.195149e-06    2.911376e-06    -3.741923e-06    9.73455e-07    2.656518e-07    -2.248095e-06    2.940015e-06    -3.869057e-06    6.767588e-06    5.044399e-06    -3.666528e-06    -1.553044e-06    -1.61217e-05    8.369271e-06    2.706447e-05    -3.085033e-06    -1.045444e-05    6.593979e-07    -6.977537e-06    -6.310748e-06    9.005974e-07    5.441137e-06    -3.865109e-07    -3.647636e-06    -3.301328e-06    2.4732e-06    6.325793e-06
2.519681e-07    -9.054533e-07    -1.309023e-06    7.233964e-08    4.849838e-07    -1.350829e-06    -8.404461e-07    -2.376837e-07    2.1544e-07    1.152502e-06    6.021013e-07    -3.670897e-07    -1.366204e-06    -8.565699e-08    3.908321e-07    5.692661e-07    -9.847236e-07    -4.639883e-07    7.307973e-07    2.186311e-07    7.126484e-07    4.425287e-07    -7.390589e-07    2.825369e-07    1.288516e-07    2.088944e-06    -1.430804e-05    -3.085033e-06    1.553907e-05    -1.672362e-06    4.03634e-07    -3.309626e-07    8.218717e-07    1.529927e-06    -2.163763e-06    -1.461134e-06    1.446688e-06    1.132778e-06    -9.468695e-07    -8.546958e-07
-2.388822e-06    -7.972723e-06    -4.572244e-06    4.46545e-07    4.592426e-06    -1.543772e-06    -6.226512e-06    -4.985115e-06    -6.783356e-07    5.144166e-06    1.89396e-06    -9.555438e-07    1.613932e-07    2.406468e-06    -1.823492e-06    2.417861e-06    -3.635786e-07    -4.095096e-07    1.442318e-06    -1.913068e-06    2.275228e-06    -5.044e-06    -3.36506e-06    2.545422e-06    9.925746e-07    3.150723e-06    -5.794113e-06    -1.045444e-05    -1.672362e-06    1.000909e-05    -8.758496e-07    6.006189e-06    4.715076e-06    -2.060087e-06    -3.193032e-06    1.188418e-06    2.277583e-06    2.617975e-06    -1.691493e-06    -5.175832e-06
1.103998e-06    9.957369e-07    4.364426e-07    7.574259e-07    -1.419688e-06    2.630786e-07    1.951768e-06    1.821451e-06    7.223789e-07    -1.635452e-06    5.152124e-07    2.37926e-07    -7.555296e-07    -1.377892e-06    5.943755e-07    -6.839286e-07    -5.524637e-07    -3.187754e-07    2.163337e-07    6.396694e-07    -7.453126e-07    1.013642e-06    1.367564e-06    -3.157898e-07    -8.348228e-07    -5.258801e-07    1.349216e-06    6.593979e-07    4.03634e-07    -8.758496e-07    5.810362e-06    -1.468422e-06    -5.550408e-06    9.777093e-07    9.237669e-07    3.017141e-07    -1.309469e-06    -7.997823e-07    1.591692e-06    4.226709e-07
-2.313945e-06    -7.568797e-06    -5.285114e-06    -1.006293e-06    6.020751e-06    -1.00568e-06    -6.595383e-06    -5.678338e-06    -1.125371e-06    6.071769e-06    1.916562e-06    1.563902e-07    1.205152e-06    2.500405e-06    -2.77351e-06    2.206408e-06    5.136557e-07    1.633079e-07    1.5167e-06    -2.251685e-06    1.442618e-06    -6.435739e-06    -3.915657e-06    2.712627e-06    2.492035e-06    1.862352e-06    -6.153709e-06    -6.977537e-06    -3.309626e-07    6.006189e-06    -1.468422e-06    1.138956e-05    3.532921e-06    -5.284722e-06    -2.000408e-06    1.148653e-06    2.534746e-06    1.945408e-06    -2.717428e-06    -4.137663e-06
-2.226514e-06    -6.315786e-06    -4.22185e-06    -6.542818e-07    5.091964e-06    -1.378937e-06    -7.007996e-06    -6.065567e-06    -7.4989e-07    6.146685e-06    1.026122e-06    -5.581362e-07    1.166701e-06    3.470733e-06    -2.713641e-06    2.669127e-06    7.015722e-07    6.242665e-07    9.950157e-07    -2.5733e-06    2.759712e-06    -5.092783e-06    -4.80491e-06    2.03016e-06    2.469251e-06    3.620345e-06    -7.481298e-06    -6.310748e-06    8.218717e-07    4.715076e-06    -5.550408e-06    3.532921e-06    1.166372e-05    -1.632237e-06    -5.319604e-06    -1.493635e-07    2.77704e-06    2.428576e-06    -2.720299e-06    -3.39896e-06
1.201035e-06    2.28112e-06    1.175353e-06    5.620662e-07    -1.875452e-06    -4.951256e-08    1.781559e-06    1.741537e-06    9.91992e-07    -1.616548e-06    -2.670852e-07    2.118783e-08    -7.002792e-07    -8.525479e-07    7.348714e-07    -4.931795e-07    -3.663604e-07    9.816953e-08    -1.969722e-07    3.429405e-07    -9.721839e-08    1.943379e-06    8.349881e-07    -7.993065e-07    -6.411773e-07    5.474926e-07    6.986711e-07    9.005974e-07    1.529927e-06    -2.060087e-06    9.777093e-07    -5.284722e-06    -1.632237e-06    5.708089e-06    -1.156352e-06    -6.224577e-07    -1.215144e-06    -7.367543e-07    1.511342e-06    1.210441e-06
8.553879e-07    4.523127e-06    3.578285e-06    2.628546e-08    -3.296355e-06    1.459289e-06    4.424442e-06    3.504827e-06    -8.891564e-08    -4.028381e-06    -1.458114e-06    9.427421e-09    -6.868607e-08    -1.536193e-06    1.885592e-06    -1.609485e-06    -5.02799e-08    -4.605035e-07    -1.219903e-06    1.624408e-06    -1.780184e-06    3.209975e-06    3.211531e-06    -1.327063e-06    -1.643712e-06    -3.044659e-06    6.23422e-06    5.441137e-06    -2.163763e-06    -3.193032e-06    9.237669e-07    -2.000408e-06    -5.319604e-06    -1.156352e-06    5.848153e-06    3.157585e-07    -1.423087e-06    -1.553262e-06    1.145538e-06    2.538349e-06
-2.79458e-07    -1.390945e-06    -1.071047e-06    -7.402617e-07    1.829711e-06    6.840223e-07    -7.79268e-07    -9.431759e-07    -9.679974e-07    1.268432e-06    1.425542e-07    6.220229e-07    1.298005e-06    -1.869835e-07    -7.121315e-07    -2.004842e-07    5.349779e-07    1.622494e-07    2.105011e-07    -6.283654e-07    -1.609116e-07    -2.414616e-06    -3.221867e-07    9.159907e-07    3.279829e-07    -2.804825e-07    3.881206e-07    -3.865109e-07    -1.461134e-06    1.188418e-06    3.017141e-07    1.148653e-06    -1.493635e-07    -6.224577e-07    3.157585e-07    5.372935e-06    -1.048605e-06    -3.038114e-06    1.074588e-07    -8.356004e-07
-6.226356e-07    -3.683762e-06    -2.581779e-06    5.525694e-07    1.828359e-06    -6.922536e-07    -3.389888e-06    -2.739263e-06    2.910283e-07    2.471529e-06    1.103521e-06    -4.292939e-07    -6.271573e-07    1.752253e-06    -9.94616e-07    1.400298e-06    -7.989065e-08    2.515424e-07    7.934387e-07    -9.9775e-07    1.303457e-06    -2.221667e-06    -2.973651e-06    6.229453e-07    1.886051e-06    1.450418e-06    -4.200787e-06    -3.647636e-06    1.446688e-06    2.277583e-06    -1.309469e-06    2.534746e-06    2.77704e-06    -1.215144e-06    -1.423087e-06    -1.048605e-06    6.412761e-06    2.074921e-06    -4.802022e-06    -1.870294e-06
-5.772586e-07    -3.93056e-06    -2.497797e-06    3.21334e-07    1.825239e-06    -8.714777e-07    -2.919055e-06    -2.872688e-06    -4.015845e-08    2.678225e-06    8.864857e-07    -5.792725e-07    2.600347e-08    2.104521e-06    -1.528724e-06    2.080684e-06    5.233131e-08    -5.931404e-08    8.735444e-07    -1.472597e-06    2.123269e-06    -2.991584e-06    -3.506857e-06    1.432576e-06    1.309507e-06    2.343641e-06    -4.59736e-06    -3.301328e-06    1.132778e-06    2.617975e-06    -7.997823e-07    1.945408e-06    2.428576e-06    -7.367543e-07    -1.553262e-06    -3.038114e-06    2.074921e-06    6.704207e-06    -6.723546e-07    -5.456442e-06
2.030248e-07    2.407905e-06    1.988813e-06    1.974359e-08    -1.823053e-06    1.913014e-07    2.412173e-06    1.894416e-06    8.419603e-08    -1.496492e-06    -5.834542e-07    2.297105e-08    5.468709e-07    -8.097556e-07    1.357994e-07    -3.449899e-07    4.436784e-08    -2.114137e-07    -4.03964e-07    2.745828e-07    -3.804113e-09    6.096326e-07    1.240775e-06    3.337197e-07    -1.448367e-06    -1.861826e-07    2.657e-06    2.4732e-06    -9.468695e-07    -1.691493e-06    1.591692e-06    -2.717428e-06    -2.720299e-06    1.511342e-06    1.145538e-06    1.074588e-07    -4.802022e-06    -6.723546e-07    7.346948e-06    -1.715072e-06
1.584096e-06    7.243588e-06    4.993355e-06    2.586588e-07    -4.77093e-06    1.311851e-06    5.568948e-06    5.153622e-06    8.165579e-07    -5.778216e-06    -1.603617e-06    -7.036676e-08    -1.603088e-06    -2.663882e-06    3.491419e-06    -3.073317e-06    -5.809128e-07    -3.478682e-07    -1.739591e-06    3.154009e-06    -3.431315e-06    7.37237e-06    5.862707e-06    -3.593974e-06    -2.312358e-06    -3.859844e-06    7.175451e-06    6.325793e-06    -8.546958e-07    -5.175832e-06    4.226709e-07    -4.137663e-06    -3.39896e-06    1.210441e-06    2.538349e-06    -8.356004e-07    -1.870294e-06    -5.456442e-06    -1.715072e-06    1.090784e-05
