7.481787e-06    2.106806e-06    -3.077257e-06    -1.156732e-06    -1.265952e-06    -1.106764e-07    1.511264e-07    -4.570303e-07    -5.188938e-07    4.916194e-07    -1.106085e-06    2.295636e-07    2.289568e-07    -2.872347e-07    6.592773e-07    1.103998e-06    -2.313945e-06    -2.226514e-06    1.201035e-06    8.553879e-07
2.106806e-06    1.494939e-05    6.508715e-06    -2.827156e-06    -5.976005e-06    -3.550887e-06    1.123906e-06    -1.333328e-07    -4.42485e-06    3.36049e-06    -3.479413e-06    -3.148168e-07    3.597332e-07    -2.065441e-06    3.025933e-06    9.957369e-07    -7.568797e-06    -6.315786e-06    2.28112e-06    4.523127e-06
-3.077257e-06    6.508715e-06    1.065716e-05    1.27674e-06    -6.33017e-06    -2.576548e-06    -4.494292e-07    -1.14388e-06    -2.670304e-06    3.567937e-06    -1.851258e-06    -4.931585e-07    -4.420635e-07    -2.244731e-06    2.555771e-06    4.364426e-07    -5.285114e-06    -4.22185e-06    1.175353e-06    3.578285e-06
-1.156732e-06    -2.827156e-06    1.27674e-06    7.010674e-06    -2.997433e-06    8.091561e-07    -1.492824e-06    -2.582849e-06    4.394808e-07    1.802317e-06    -2.086549e-07    -4.507708e-07    6.693549e-08    -5.040467e-07    4.585639e-07    7.574259e-07    -1.006293e-06    -6.542818e-07    5.620662e-07    2.628546e-08
-1.265952e-06    -5.976005e-06    -6.33017e-06    -2.997433e-06    1.015424e-05    1.398546e-06    1.071563e-06    2.770939e-06    2.3093e-06    -3.948614e-06    2.44649e-06    1.156668e-06    2.949626e-07    1.346746e-06    -2.77898e-06    -1.419688e-06    6.020751e-06    5.091964e-06    -1.875452e-06    -3.296355e-06
-1.106764e-07    -3.550887e-06    -2.576548e-06    8.091561e-07    1.398546e-06    5.986784e-06    -5.296229e-07    -3.377952e-06    3.889622e-07    -6.078117e-07    6.942115e-07    -1.14653e-07    -6.181023e-08    9.853771e-07    -7.360996e-07    5.152124e-07    1.916562e-06    1.026122e-06    -2.670852e-07    -1.458114e-06
1.511264e-07    1.123906e-06    -4.494292e-07    -1.492824e-06    1.071563e-06    -5.296229e-07    5.636718e-06    8.171368e-07    -3.663831e-06    -6.033849e-07    -5.25311e-07    5.229209e-07    8.752776e-07    2.090645e-07    -5.735021e-07    2.37926e-07    1.563902e-07    -5.581362e-07    2.118783e-08    9.427421e-09
-4.570303e-07    -1.333328e-07    -1.14388e-06    -2.582849e-06    2.770939e-06    -3.377952e-06    8.171368e-07    7.445097e-06    1.276807e-07    -3.790918e-06    7.347228e-07    9.916516e-07    7.278458e-07    4.342678e-07    -1.755287e-06    -7.555296e-07    1.205152e-06    1.166701e-06    -7.002792e-07    -6.868607e-08
-5.188938e-07    -4.42485e-06    -2.670304e-06    4.394808e-07    2.3093e-06    3.889622e-07    -3.663831e-06    1.276807e-07    7.232965e-06    -2.657269e-06    2.147333e-06    2.960369e-07    -2.110987e-07    6.919699e-07    -1.570323e-06    -1.377892e-06    2.500405e-06    3.470733e-06    -8.525479e-07    -1.536193e-06
4.916194e-07    3.36049e-06    3.567937e-06    1.802317e-06    -3.948614e-06    -6.078117e-07    -6.033849e-07    -3.790918e-06    -2.657269e-06    6.276715e-06    -1.87461e-06    -7.281537e-07    -9.56287e-07    -1.593184e-06    2.774147e-06    5.943755e-07    -2.77351e-06    -2.713641e-06    7.348714e-07    1.885592e-06
-1.106085e-06    -3.479413e-06    -1.851258e-06    -2.086549e-07    2.44649e-06    6.942115e-07    -5.25311e-07    7.347228e-07    2.147333e-06    -1.87461e-06    6.5356e-06    6.433282e-08    -2.624365e-06    -5.492661e-08    -1.609206e-06    -6.839286e-07    2.206408e-06    2.669127e-06    -4.931795e-07    -1.609485e-06
2.295636e-07    -3.148168e-07    -4.931585e-07    -4.507708e-07    1.156668e-06    -1.14653e-07    5.229209e-07    9.916516e-07    2.960369e-07    -7.281537e-07    6.433282e-08    4.854421e-06    8.861192e-08    -2.565194e-06    -5.845262e-07    -5.524637e-07    5.136557e-07    7.015722e-07    -3.663604e-07    -5.02799e-08
2.289568e-07    3.597332e-07    -4.420635e-07    6.693549e-08    2.949626e-07    -6.181023e-08    8.752776e-07    7.278458e-07    -2.110987e-07    -9.56287e-07    -2.624365e-06    8.861192e-08    5.30825e-06    1.616607e-08    -2.257114e-06    -3.187754e-07    1.633079e-07    6.242665e-07    9.816953e-08    -4.605035e-07
-2.872347e-07    -2.065441e-06    -2.244731e-06    -5.040467e-07    1.346746e-06    9.853771e-07    2.090645e-07    4.342678e-07    6.919699e-07    -1.593184e-06    -5.492661e-08    -2.565194e-06    1.616607e-08    5.347355e-06    -1.947457e-06    2.163337e-07    1.5167e-06    9.950157e-07    -1.969722e-07    -1.219903e-06
6.592773e-07    3.025933e-06    2.555771e-06    4.585639e-07    -2.77898e-06    -7.360996e-07    -5.735021e-07    -1.755287e-06    -1.570323e-06    2.774147e-06    -1.609206e-06    -5.845262e-07    -2.257114e-06    -1.947457e-06    5.212614e-06    6.396694e-07    -2.251685e-06    -2.5733e-06    3.429405e-07    1.624408e-06
1.103998e-06    9.957369e-07    4.364426e-07    7.574259e-07    -1.419688e-06    5.152124e-07    2.37926e-07    -7.555296e-07    -1.377892e-06    5.943755e-07    -6.839286e-07    -5.524637e-07    -3.187754e-07    2.163337e-07    6.396694e-07    5.810362e-06    -1.468422e-06    -5.550408e-06    9.777093e-07    9.237669e-07
-2.313945e-06    -7.568797e-06    -5.285114e-06    -1.006293e-06    6.020751e-06    1.916562e-06    1.563902e-07    1.205152e-06    2.500405e-06    -2.77351e-06    2.206408e-06    5.136557e-07    1.633079e-07    1.5167e-06    -2.251685e-06    -1.468422e-06    1.138956e-05    3.532921e-06    -5.284722e-06    -2.000408e-06
-2.226514e-06    -6.315786e-06    -4.22185e-06    -6.542818e-07    5.091964e-06    1.026122e-06    -5.581362e-07    1.166701e-06    3.470733e-06    -2.713641e-06    2.669127e-06    7.015722e-07    6.242665e-07    9.950157e-07    -2.5733e-06    -5.550408e-06    3.532921e-06    1.166372e-05    -1.632237e-06    -5.319604e-06
1.201035e-06    2.28112e-06    1.175353e-06    5.620662e-07    -1.875452e-06    -2.670852e-07    2.118783e-08    -7.002792e-07    -8.525479e-07    7.348714e-07    -4.931795e-07    -3.663604e-07    9.816953e-08    -1.969722e-07    3.429405e-07    9.777093e-07    -5.284722e-06    -1.632237e-06    5.708089e-06    -1.156352e-06
8.553879e-07    4.523127e-06    3.578285e-06    2.628546e-08    -3.296355e-06    -1.458114e-06    9.427421e-09    -6.868607e-08    -1.536193e-06    1.885592e-06    -1.609485e-06    -5.02799e-08    -4.605035e-07    -1.219903e-06    1.624408e-06    9.237669e-07    -2.000408e-06    -5.319604e-06    -1.156352e-06    5.848153e-06
