8.310243e-06    7.169591e-07    -4.005831e-06    -1.139772e-06    -1.311306e-06    -8.666512e-07    -1.076913e-07    6.175031e-07    9.654684e-08    6.71951e-07    -5.737463e-08    1.288802e-07    -8.692437e-07    -1.823921e-07    7.334412e-07
7.169591e-07    1.271021e-05    7.131861e-06    -2.430606e-06    -6.207599e-06    -2.605868e-06    8.47456e-07    -5.370035e-07    -4.084213e-06    3.195163e-06    -3.326656e-06    -5.439403e-07    -6.214601e-07    -2.027075e-06    3.398242e-06
-4.005831e-06    7.131861e-06    1.191275e-05    9.718327e-07    -7.686366e-06    -1.467527e-06    4.875142e-07    -1.588292e-06    -3.768047e-06    3.101326e-06    -3.606358e-06    -1.008657e-06    -2.368187e-07    -1.538966e-06    3.337201e-06
-1.139772e-06    -2.430606e-06    9.718327e-07    5.917591e-06    -2.512549e-06    8.823332e-07    -5.933211e-07    -1.646082e-06    2.113061e-07    6.216639e-07    -2.008638e-07    -8.846846e-07    -2.878495e-07    5.681344e-07    5.740357e-07
-1.311306e-06    -6.207599e-06    -7.686366e-06    -2.512549e-06    1.256022e-05    1.400436e-06    8.985256e-08    2.639213e-06    3.2615e-06    -4.521997e-06    3.869184e-06    1.350649e-06    6.172961e-07    1.310733e-06    -3.988675e-06
-8.666512e-07    -2.605868e-06    -1.467527e-06    8.823332e-07    1.400436e-06    5.986784e-06    -5.296229e-07    -3.377952e-06    3.889622e-07    -6.078117e-07    6.942115e-07    -1.14653e-07    -6.181023e-08    9.853771e-07    -7.360996e-07
-1.076913e-07    8.47456e-07    4.875142e-07    -5.933211e-07    8.985256e-08    -5.296229e-07    5.636718e-06    8.171368e-07    -3.663831e-06    -6.033849e-07    -5.25311e-07    5.229209e-07    8.752776e-07    2.090645e-07    -5.735021e-07
6.175031e-07    -5.370035e-07    -1.588292e-06    -1.646082e-06    2.639213e-06    -3.377952e-06    8.171368e-07    7.445097e-06    1.276807e-07    -3.790918e-06    7.347228e-07    9.916516e-07    7.278458e-07    4.342678e-07    -1.755287e-06
9.654684e-08    -4.084213e-06    -3.768047e-06    2.113061e-07    3.2615e-06    3.889622e-07    -3.663831e-06    1.276807e-07    7.232965e-06    -2.657269e-06    2.147333e-06    2.960369e-07    -2.110987e-07    6.919699e-07    -1.570323e-06
6.71951e-07    3.195163e-06    3.101326e-06    6.216639e-07    -4.521997e-06    -6.078117e-07    -6.033849e-07    -3.790918e-06    -2.657269e-06    6.276715e-06    -1.87461e-06    -7.281537e-07    -9.56287e-07    -1.593184e-06    2.774147e-06
-5.737463e-08    -3.326656e-06    -3.606358e-06    -2.008638e-07    3.869184e-06    6.942115e-07    -5.25311e-07    7.347228e-07    2.147333e-06    -1.87461e-06    6.5356e-06    6.433282e-08    -2.624365e-06    -5.492661e-08    -1.609206e-06
1.288802e-07    -5.439403e-07    -1.008657e-06    -8.846846e-07    1.350649e-06    -1.14653e-07    5.229209e-07    9.916516e-07    2.960369e-07    -7.281537e-07    6.433282e-08    4.854421e-06    8.861192e-08    -2.565194e-06    -5.845262e-07
-8.692437e-07    -6.214601e-07    -2.368187e-07    -2.878495e-07    6.172961e-07    -6.181023e-08    8.752776e-07    7.278458e-07    -2.110987e-07    -9.56287e-07    -2.624365e-06    8.861192e-08    5.30825e-06    1.616607e-08    -2.257114e-06
-1.823921e-07    -2.027075e-06    -1.538966e-06    5.681344e-07    1.310733e-06    9.853771e-07    2.090645e-07    4.342678e-07    6.919699e-07    -1.593184e-06    -5.492661e-08    -2.565194e-06    1.616607e-08    5.347355e-06    -1.947457e-06
7.334412e-07    3.398242e-06    3.337201e-06    5.740357e-07    -3.988675e-06    -7.360996e-07    -5.735021e-07    -1.755287e-06    -1.570323e-06    2.774147e-06    -1.609206e-06    -5.845262e-07    -2.257114e-06    -1.947457e-06    5.212614e-06
