6.5356e-06    6.433282e-08    -2.624365e-06    -5.492661e-08    -1.609206e-06    -9.665482e-08    2.077123e-06    -5.491252e-07    1.015405e-06    -6.680067e-08
6.433282e-08    4.854421e-06    8.861192e-08    -2.565194e-06    -5.845262e-07    -1.443142e-06    1.484644e-06    1.984663e-06    -1.321469e-06    -1.958311e-07
-2.624365e-06    8.861192e-08    5.30825e-06    1.616607e-08    -2.257114e-06    -1.68212e-06    1.483101e-06    1.965217e-06    -1.084941e-06    -2.873974e-07
-5.492661e-08    -2.565194e-06    1.616607e-08    5.347355e-06    -1.947457e-06    -3.43854e-07    9.285369e-07    -1.8079e-07    1.237735e-06    -1.557379e-07
-1.609206e-06    -5.845262e-07    -2.257114e-06    -1.947457e-06    5.212614e-06    1.968588e-06    -3.144621e-06    -1.754019e-06    -9.870629e-08    3.912949e-07
-9.665482e-08    -1.443142e-06    -1.68212e-06    -3.43854e-07    1.968588e-06    3.147431e-06    -2.270696e-06    -2.616707e-06    5.260565e-07    1.832993e-07
2.077123e-06    1.484644e-06    1.483101e-06    9.285369e-07    -3.144621e-06    -2.270696e-06    8.999813e-06    -1.52951e-06    -2.158703e-06    7.417984e-08
-5.491252e-07    1.984663e-06    1.965217e-06    -1.8079e-07    -1.754019e-06    -2.616707e-06    -1.52951e-06    6.475147e-06    -1.035103e-06    -8.321831e-07
1.015405e-06    -1.321469e-06    -1.084941e-06    1.237735e-06    -9.870629e-08    5.260565e-07    -2.158703e-06    -1.035103e-06    3.602277e-06    -7.012462e-08
-6.680067e-08    -1.958311e-07    -2.873974e-07    -1.557379e-07    3.912949e-07    1.832993e-07    7.417984e-08    -8.321831e-07    -7.012462e-08    5.490899e-07
