5.986784e-06    -5.296229e-07    -3.377952e-06    3.889622e-07    -6.078117e-07    6.942115e-07    -1.14653e-07    -6.181023e-08    9.853771e-07    -7.360996e-07    5.922592e-06    -1.372638e-06    -4.250974e-06    -9.847438e-07    1.41277e-06    5.152124e-07    1.916562e-06    1.026122e-06    -2.670852e-07    -1.458114e-06
-5.296229e-07    5.636718e-06    8.171368e-07    -3.663831e-06    -6.033849e-07    -5.25311e-07    5.229209e-07    8.752776e-07    2.090645e-07    -5.735021e-07    -1.816909e-06    -9.575144e-07    -6.774854e-07    -5.400443e-07    1.900067e-06    2.37926e-07    1.563902e-07    -5.581362e-07    2.118783e-08    9.427421e-09
-3.377952e-06    8.171368e-07    7.445097e-06    1.276807e-07    -3.790918e-06    7.347228e-07    9.916516e-07    7.278458e-07    4.342678e-07    -1.755287e-06    -1.182092e-06    -1.398853e-07    -3.876883e-06    -4.172164e-09    1.916946e-06    -7.555296e-07    1.205152e-06    1.166701e-06    -7.002792e-07    -6.868607e-08
3.889622e-07    -3.663831e-06    1.276807e-07    7.232965e-06    -2.657269e-06    2.147333e-06    2.960369e-07    -2.110987e-07    6.919699e-07    -1.570323e-06    6.62166e-06    -7.105684e-07    -6.442264e-06    4.914572e-07    -4.925298e-07    -1.377892e-06    2.500405e-06    3.470733e-06    -8.525479e-07    -1.536193e-06
-6.078117e-07    -6.033849e-07    -3.790918e-06    -2.657269e-06    6.276715e-06    -1.87461e-06    -7.281537e-07    -9.56287e-07    -1.593184e-06    2.774147e-06    -5.045335e-06    1.348578e-06    9.145557e-06    2.886532e-07    -2.511409e-06    5.943755e-07    -2.77351e-06    -2.713641e-06    7.348714e-07    1.885592e-06
6.942115e-07    -5.25311e-07    7.347228e-07    2.147333e-06    -1.87461e-06    6.5356e-06    6.433282e-08    -2.624365e-06    -5.492661e-08    -1.609206e-06    5.268749e-06    -1.708487e-07    -6.556267e-06    5.080588e-07    -6.068917e-07    -6.839286e-07    2.206408e-06    2.669127e-06    -4.931795e-07    -1.609485e-06
-1.14653e-07    5.229209e-07    9.916516e-07    2.960369e-07    -7.281537e-07    6.433282e-08    4.854421e-06    8.861192e-08    -2.565194e-06    -5.845262e-07    -5.468417e-07    -6.86369e-07    -1.246635e-06    -6.120005e-07    1.806281e-06    -5.524637e-07    5.136557e-07    7.015722e-07    -3.663604e-07    -5.02799e-08
-6.181023e-08    8.752776e-07    7.278458e-07    -2.110987e-07    -9.56287e-07    -2.624365e-06    8.861192e-08    5.30825e-06    1.616607e-08    -2.257114e-06    -4.564085e-10    -4.759661e-07    -2.081173e-06    -2.421386e-07    1.639899e-06    -3.187754e-07    1.633079e-07    6.242665e-07    9.816953e-08    -4.605035e-07
9.853771e-07    2.090645e-07    4.342678e-07    6.919699e-07    -1.593184e-06    -5.492661e-08    -2.565194e-06    1.616607e-08    5.347355e-06    -1.947457e-06    4.658269e-06    -1.555408e-06    -4.804165e-06    3.064483e-07    7.030545e-07    2.163337e-07    1.5167e-06    9.950157e-07    -1.969722e-07    -1.219903e-06
-7.360996e-07    -5.735021e-07    -1.755287e-06    -1.570323e-06    2.774147e-06    -1.609206e-06    -5.845262e-07    -2.257114e-06    -1.947457e-06    5.212614e-06    -4.965568e-06    1.110156e-06    8.187555e-06    2.041763e-07    -2.221446e-06    6.396694e-07    -2.251685e-06    -2.5733e-06    3.429405e-07    1.624408e-06
5.922592e-06    -1.816909e-06    -1.182092e-06    6.62166e-06    -5.045335e-06    5.268749e-06    -5.468417e-07    -4.564085e-10    4.658269e-06    -4.965568e-06    3.447127e-05    -1.75381e-06    -2.926069e-05    -3.41665e-06    1.053693e-06    -1.502459e-06    8.381249e-06    8.74103e-06    -2.010897e-06    -6.595717e-06
-1.372638e-06    -9.575144e-07    -1.398853e-07    -7.105684e-07    1.348578e-06    -1.708487e-07    -6.86369e-07    -4.759661e-07    -1.555408e-06    1.110156e-06    -1.75381e-06    1.633123e-05    -2.068668e-06    -7.985345e-06    1.689296e-06    -8.221636e-07    -8.531552e-07    1.927884e-09    -4.333939e-07    1.095111e-06
-4.250974e-06    -6.774854e-07    -3.876883e-06    -6.442264e-06    9.145557e-06    -6.556267e-06    -1.246635e-06    -2.081173e-06    -4.804165e-06    8.187555e-06    -2.926069e-05    -2.068668e-06    4.014613e-05    2.628551e-06    -8.016042e-06    2.011633e-06    -9.075027e-06    -1.016398e-05    1.777144e-06    7.648531e-06
-9.847438e-07    -5.400443e-07    -4.172164e-09    4.914572e-07    2.886532e-07    5.080588e-07    -6.120005e-07    -2.421386e-07    3.064483e-07    2.041763e-07    -3.41665e-06    -7.985345e-06    2.628551e-06    1.515576e-05    -6.47047e-06    6.090153e-07    -1.945103e-06    -1.094585e-06    9.241957e-07    2.188743e-07
1.41277e-06    1.900067e-06    1.916946e-06    -4.925298e-07    -2.511409e-06    -6.068917e-07    1.806281e-06    1.639899e-06    7.030545e-07    -2.221446e-06    1.053693e-06    1.689296e-06    -8.016042e-06    -6.47047e-06    1.560759e-05    9.329938e-07    5.783746e-07    -6.969562e-07    5.475566e-07    -2.833059e-07
5.152124e-07    2.37926e-07    -7.555296e-07    -1.377892e-06    5.943755e-07    -6.839286e-07    -5.524637e-07    -3.187754e-07    2.163337e-07    6.396694e-07    -1.502459e-06    -8.221636e-07    2.011633e-06    6.090153e-07    9.329938e-07    5.810362e-06    -1.468422e-06    -5.550408e-06    9.777093e-07    9.237669e-07
1.916562e-06    1.563902e-07    1.205152e-06    2.500405e-06    -2.77351e-06    2.206408e-06    5.136557e-07    1.633079e-07    1.5167e-06    -2.251685e-06    8.381249e-06    -8.531552e-07    -9.075027e-06    -1.945103e-06    5.783746e-07    -1.468422e-06    1.138956e-05    3.532921e-06    -5.284722e-06    -2.000408e-06
1.026122e-06    -5.581362e-07    1.166701e-06    3.470733e-06    -2.713641e-06    2.669127e-06    7.015722e-07    6.242665e-07    9.950157e-07    -2.5733e-06    8.74103e-06    1.927884e-09    -1.016398e-05    -1.094585e-06    -6.969562e-07    -5.550408e-06    3.532921e-06    1.166372e-05    -1.632237e-06    -5.319604e-06
-2.670852e-07    2.118783e-08    -7.002792e-07    -8.525479e-07    7.348714e-07    -4.931795e-07    -3.663604e-07    9.816953e-08    -1.969722e-07    3.429405e-07    -2.010897e-06    -4.333939e-07    1.777144e-06    9.241957e-07    5.475566e-07    9.777093e-07    -5.284722e-06    -1.632237e-06    5.708089e-06    -1.156352e-06
-1.458114e-06    9.427421e-09    -6.868607e-08    -1.536193e-06    1.885592e-06    -1.609485e-06    -5.02799e-08    -4.605035e-07    -1.219903e-06    1.624408e-06    -6.595717e-06    1.095111e-06    7.648531e-06    2.188743e-07    -2.833059e-07    9.237669e-07    -2.000408e-06    -5.319604e-06    -1.156352e-06    5.848153e-06
