5.986784e-06    -5.296229e-07    -3.377952e-06    3.889622e-07    -6.078117e-07    6.942115e-07    -1.14653e-07    -6.181023e-08    9.853771e-07    -7.360996e-07    1.12501e-06    -2.696105e-06    -3.226502e-06    6.021013e-07    1.89396e-06
-5.296229e-07    5.636718e-06    8.171368e-07    -3.663831e-06    -6.033849e-07    -5.25311e-07    5.229209e-07    8.752776e-07    2.090645e-07    -5.735021e-07    -5.222802e-07    1.362974e-06    1.145472e-06    -3.670897e-07    -9.555438e-07
-3.377952e-06    8.171368e-07    7.445097e-06    1.276807e-07    -3.790918e-06    7.347228e-07    9.916516e-07    7.278458e-07    4.342678e-07    -1.755287e-06    1.301506e-06    3.735864e-07    3.049067e-07    -1.366204e-06    1.613932e-07
3.889622e-07    -3.663831e-06    1.276807e-07    7.232965e-06    -2.657269e-06    2.147333e-06    2.960369e-07    -2.110987e-07    6.919699e-07    -1.570323e-06    2.372322e-06    -3.709482e-06    -3.195149e-06    -8.565699e-08    2.406468e-06
-6.078117e-07    -6.033849e-07    -3.790918e-06    -2.657269e-06    6.276715e-06    -1.87461e-06    -7.281537e-07    -9.56287e-07    -1.593184e-06    2.774147e-06    -3.203511e-06    3.070919e-06    2.911376e-06    3.908321e-07    -1.823492e-06
6.942115e-07    -5.25311e-07    7.347228e-07    2.147333e-06    -1.87461e-06    6.5356e-06    6.433282e-08    -2.624365e-06    -5.492661e-08    -1.609206e-06    2.792433e-06    -3.997471e-06    -3.741923e-06    5.692661e-07    2.417861e-06
-1.14653e-07    5.229209e-07    9.916516e-07    2.960369e-07    -7.281537e-07    6.433282e-08    4.854421e-06    8.861192e-08    -2.565194e-06    -5.845262e-07    -1.51437e-07    1.010249e-06    9.73455e-07    -9.847236e-07    -3.635786e-07
-6.181023e-08    8.752776e-07    7.278458e-07    -2.110987e-07    -9.56287e-07    -2.624365e-06    8.861192e-08    5.30825e-06    1.616607e-08    -2.257114e-06    4.50562e-07    6.873625e-07    2.656518e-07    -4.639883e-07    -4.095096e-07
9.853771e-07    2.090645e-07    4.342678e-07    6.919699e-07    -1.593184e-06    -5.492661e-08    -2.565194e-06    1.616607e-08    5.347355e-06    -1.947457e-06    1.32703e-06    -2.816523e-06    -2.248095e-06    7.307973e-07    1.442318e-06
-7.360996e-07    -5.735021e-07    -1.755287e-06    -1.570323e-06    2.774147e-06    -1.609206e-06    -5.845262e-07    -2.257114e-06    -1.947457e-06    5.212614e-06    -3.010917e-06    2.803e-06    2.940015e-06    2.186311e-07    -1.913068e-06
1.12501e-06    -5.222802e-07    1.301506e-06    2.372322e-06    -3.203511e-06    2.792433e-06    -1.51437e-07    4.50562e-07    1.32703e-06    -3.010917e-06    1.861523e-05    -7.574978e-06    -1.61217e-05    2.088944e-06    3.150723e-06
-2.696105e-06    1.362974e-06    3.735864e-07    -3.709482e-06    3.070919e-06    -3.997471e-06    1.010249e-06    6.873625e-07    -2.816523e-06    2.803e-06    -7.574978e-06    2.85244e-05    8.369271e-06    -1.430804e-05    -5.794113e-06
-3.226502e-06    1.145472e-06    3.049067e-07    -3.195149e-06    2.911376e-06    -3.741923e-06    9.73455e-07    2.656518e-07    -2.248095e-06    2.940015e-06    -1.61217e-05    8.369271e-06    2.706447e-05    -3.085033e-06    -1.045444e-05
6.021013e-07    -3.670897e-07    -1.366204e-06    -8.565699e-08    3.908321e-07    5.692661e-07    -9.847236e-07    -4.639883e-07    7.307973e-07    2.186311e-07    2.088944e-06    -1.430804e-05    -3.085033e-06    1.553907e-05    -1.672362e-06
1.89396e-06    -9.555438e-07    1.613932e-07    2.406468e-06    -1.823492e-06    2.417861e-06    -3.635786e-07    -4.095096e-07    1.442318e-06    -1.913068e-06    3.150723e-06    -5.794113e-06    -1.045444e-05    -1.672362e-06    1.000909e-05
