6.5356e-06    6.433282e-08    -2.624365e-06    -5.492661e-08    -1.609206e-06    3.286402e-06    -6.665559e-06    -2.161149e-06    3.364155e-06    6.697706e-07
6.433282e-08    4.854421e-06    8.861192e-08    -2.565194e-06    -5.845262e-07    9.792083e-07    -1.329007e-06    -1.154825e-06    3.969762e-07    3.533684e-07
-2.624365e-06    8.861192e-08    5.30825e-06    1.616607e-08    -2.257114e-06    3.582513e-07    2.664262e-07    -8.58505e-07    -3.723999e-07    3.545125e-07
-5.492661e-08    -2.565194e-06    1.616607e-08    5.347355e-06    -1.947457e-06    1.979473e-06    -2.985505e-06    -2.113087e-06    1.952692e-06    3.161556e-07
-1.609206e-06    -5.845262e-07    -2.257114e-06    -1.947457e-06    5.212614e-06    -3.385569e-06    5.492601e-06    3.389927e-06    -2.774145e-06    -1.003666e-06
3.286402e-06    9.792083e-07    3.582513e-07    1.979473e-06    -3.385569e-06    1.28318e-05    -1.343508e-05    -1.148941e-05    7.33996e-06    2.126045e-06
-6.665559e-06    -1.329007e-06    2.664262e-07    -2.985505e-06    5.492601e-06    -1.343508e-05    3.78281e-05    3.641432e-06    -1.623158e-05    -3.169238e-06
-2.161149e-06    -1.154825e-06    -8.58505e-07    -2.113087e-06    3.389927e-06    -1.148941e-05    3.641432e-06    2.348911e-05    -9.899701e-06    -4.074325e-06
3.364155e-06    3.969762e-07    -3.723999e-07    1.952692e-06    -2.774145e-06    7.33996e-06    -1.623158e-05    -9.899701e-06    1.418406e-05    1.99351e-06
6.697706e-07    3.533684e-07    3.545125e-07    3.161556e-07    -1.003666e-06    2.126045e-06    -3.169238e-06    -4.074325e-06    1.99351e-06    2.511805e-06
