1    -0.1943658    -0.3851288    0.3665378    -0.2399094    0.2753034    -0.5249267    -0.5590814    0.08929288    0.6116232    0.1078544    0.5016449    0.3415404    -0.1295351    -0.5469201    0.06280804    0.4948865    0.348839    -0.3332303    -0.4394788
-0.1943658    1    0.5147526    -0.5229271    -0.3171261    0.05653567    0.395075    0.2271831    -0.4052801    -0.3124541    0.2047294    -0.06836227    -0.1917774    0.1851536    0.03477812    0.2659359    -0.2281094    -0.227262    0.01995032    0.003977567
-0.3851288    0.5147526    1    0.08720614    -0.7110783    -0.3483941    -0.007988574    0.2104967    0.01320713    -0.07445229    -0.2307181    0.2443523    0.1676017    -0.3039489    0.007756196    0.4610137    -0.230561    -0.01365129    0.2244062    -0.2984318
0.3665378    -0.5229271    0.08720614    1    -0.4987214    -0.09029999    -0.775617    -0.4358488    0.6178644    0.6000928    -0.6430289    0.6106706    0.7593196    -0.5642343    -0.5042653    -0.07094825    0.6058941    0.6754329    -0.3069428    -0.5908764
-0.2399094    -0.3171261    -0.7110783    -0.4987214    1    0.002470596    0.4328496    0.2550952    -0.187178    -0.3622034    0.2696878    -0.5309883    -0.5107943    0.280386    0.4738321    -0.2403284    -0.2988539    -0.4391181    0.03886831    0.6716293
0.2753034    0.05653567    -0.3483941    -0.09029999    0.002470596    1    -0.1570915    -0.6133393    0.07760986    0.3095025    0.1278061    -0.04674919    0.1449168    0.4549103    -0.5189222    -0.6014339    0.3214883    0.4008723    -0.1203277    -0.169294
-0.5249267    0.395075    -0.007988574    -0.775617    0.4328496    -0.1570915    1    0.7539584    -0.721469    -0.8836925    0.5967249    -0.82288    -0.9029799    0.5614442    0.8348317    -0.06213351    -0.7261008    -0.6504094    0.5627555    0.7340524
-0.5590814    0.2271831    0.2104967    -0.4358488    0.2550952    -0.6133393    0.7539584    1    -0.3872946    -0.9205343    0.2619712    -0.6251665    -0.6838575    0.2929574    0.838243    0.1355536    -0.7013754    -0.7686974    0.508176    0.7477902
0.08929288    -0.4052801    0.01320713    0.6178644    -0.187178    0.07760986    -0.721469    -0.3872946    1    0.406361    -0.7164952    0.3406445    0.733284    -0.2316084    -0.5949967    -0.2516523    0.4738797    0.4123486    -0.3220321    -0.2942353
0.6116232    -0.3124541    -0.07445229    0.6000928    -0.3622034    0.3095025    -0.8836925    -0.9205343    0.406361    1    -0.3466054    0.8344585    0.7633475    -0.5681511    -0.7988608    0.1262272    0.6977644    0.7228871    -0.5394649    -0.8383953
0.1078544    0.2047294    -0.2307181    -0.6430289    0.2696878    0.1278061    0.5967249    0.2619712    -0.7164952    -0.3466054    1    -0.4333155    -0.8210623    0.4789955    0.446457    0.03040157    -0.3926205    -0.3698854    0.4757363    0.3016791
0.5016449    -0.06836227    0.2443523    0.6106706    -0.5309883    -0.04674919    -0.82288    -0.6251665    0.3406445    0.8344585    -0.4333155    1    0.7623581    -0.7897217    -0.6869998    0.4072538    0.6156355    0.4979141    -0.6214452    -0.7753693
0.3415404    -0.1917774    0.1676017    0.7593196    -0.5107943    0.1449168    -0.9029799    -0.6838575    0.733284    0.7633475    -0.8210623    0.7623581    1    -0.535747    -0.8345799    0.01460449    0.6814625    0.6510402    -0.6149813    -0.6786589
-0.1295351    0.1851536    -0.3039489    -0.5642343    0.280386    0.4549103    0.5614442    0.2929574    -0.2316084    -0.5681511    0.4789955    -0.7897217    -0.535747    1    0.2086392    -0.5749526    -0.3431876    -0.3100098    0.431784    0.5796584
-0.5469201    0.03477812    0.007756196    -0.5042653    0.4738321    -0.5189222    0.8348317    0.838243    -0.5949967    -0.7988608    0.446457    -0.6869998    -0.8345799    0.2086392    1    0.1501344    -0.7280623    -0.6790495    0.5972373    0.6827261
0.06280804    0.2659359    0.4610137    -0.07094825    -0.2403284    -0.6014339    -0.06213351    0.1355536    -0.2516523    0.1262272    0.03040157    0.4072538    0.01460449    -0.5749526    0.1501344    1    -0.2148984    -0.3250346    -0.1133392    -0.2377995
0.4948865    -0.2281094    -0.230561    0.6058941    -0.2988539    0.3214883    -0.7261008    -0.7013754    0.4738797    0.6977644    -0.3926205    0.6156355    0.6814625    -0.3431876    -0.7280623    -0.2148984    1    0.7139087    -0.7516584    -0.6643788
0.348839    -0.227262    -0.01365129    0.6754329    -0.4391181    0.4008723    -0.6504094    -0.7686974    0.4123486    0.7228871    -0.3698854    0.4979141    0.6510402    -0.3100098    -0.6790495    -0.3250346    0.7139087    1    -0.2948376    -0.7957498
-0.3332303    0.01995032    0.2244062    -0.3069428    0.03886831    -0.1203277    0.5627555    0.508176    -0.3220321    -0.5394649    0.4757363    -0.6214452    -0.6149813    0.431784    0.5972373    -0.1133392    -0.7516584    -0.2948376    1    0.3750733
-0.4394788    0.003977567    -0.2984318    -0.5908764    0.6716293    -0.169294    0.7340524    0.7477902    -0.2942353    -0.8383953    0.3016791    -0.7753693    -0.6786589    0.5796584    0.6827261    -0.2377995    -0.6643788    -0.7957498    0.3750733    1
