1    -0.06220697    -0.7892314    -0.1394568    0.06121272    -0.1340429    0.4202832    0.4422082    -0.1248784    -0.4647977
-0.06220697    1    -0.09514101    -0.517768    0.1249409    -0.0795051    -0.05584671    0.0314717    -0.06895058    0.1021881
-0.7892314    -0.09514101    1    0.113711    -0.3384456    0.1331181    -0.4325661    -0.4679697    0.1131548    0.5084817
-0.1394568    -0.517768    0.113711    1    -0.4318813    0.07095258    -0.1708299    -0.1085038    0.1295106    0.02983932
0.06121272    0.1249409    -0.3384456    -0.4318813    1    0.1089552    0.07539931    -0.05418722    0.02755308    -0.03693667
-0.1340429    -0.0795051    0.1331181    0.07095258    0.1089552    1    -0.2099838    -0.639589    0.2021948    0.148635
0.4202832    -0.05584671    -0.4325661    -0.1708299    0.07539931    -0.2099838    1    0.2976746    -0.6280262    -0.2447407
0.4422082    0.0314717    -0.4679697    -0.1085038    -0.05418722    -0.639589    0.2976746    1    -0.2405214    -0.6202122
-0.1248784    -0.06895058    0.1131548    0.1295106    0.02755308    0.2021948    -0.6280262    -0.2405214    1    -0.2275061
-0.4647977    0.1021881    0.5084817    0.02983932    -0.03693667    0.148635    -0.2447407    -0.6202122    -0.2275061    1
