1    -0.3594829    -0.5702683    0.2343407    0.2264468    0.196965    -0.4929025    -0.3861715    0.2489393    0.3195374
-0.3594829    1    -0.175771    -0.3437631    -0.05963109    -0.1711589    0.2081352    0.3156481    -0.07518721    -0.2568144
-0.5702683    -0.175771    1    -0.4582405    -0.7041022    -0.04257343    0.4555816    0.2735243    -0.2100433    -0.3243698
0.2343407    -0.3437631    -0.4582405    1    0.3417084    -0.07783319    -0.2368211    -0.1254074    0.07038444    0.2237554
0.2264468    -0.05963109    -0.7041022    0.3417084    1    0.08982637    -0.3851845    -0.3486374    0.1656117    0.3504512
0.196965    -0.1711589    -0.04257343    -0.07783319    0.08982637    1    -0.2099838    -0.639589    0.2021948    0.148635
-0.4929025    0.2081352    0.4555816    -0.2368211    -0.3851845    -0.2099838    1    0.2976746    -0.6280262    -0.2447407
-0.3861715    0.3156481    0.2735243    -0.1254074    -0.3486374    -0.639589    0.2976746    1    -0.2405214    -0.6202122
0.2489393    -0.07518721    -0.2100433    0.07038444    0.1656117    0.2021948    -0.6280262    -0.2405214    1    -0.2275061
0.3195374    -0.2568144    -0.3243698    0.2237554    0.3504512    0.148635    -0.2447407    -0.6202122    -0.2275061    1
