1    -0.2528617    -0.7115452    0.22127    0.1058309    0.1449601    -0.3183235    -0.3035769    0.2006593    0.2738216    -0.07131988    0.1588586    0.2532689    -0.03270751    -0.2395613
-0.2528617    1    0.2967899    -0.7120302    -0.1420761    -0.00190094    0.4061756    0.2748646    -0.1291601    -0.4126923    0.1198413    -0.4679959    -0.3965953    0.1889693    0.3529843
-0.7115452    0.2967899    1    -0.2621357    -0.5743639    -0.07567297    0.3515747    0.2892866    -0.1703059    -0.3147912    0.1203507    -0.3478191    -0.375849    0.1206673    0.377578
0.22127    -0.7120302    -0.2621357    1    -0.1114128    0.05439445    -0.2932106    -0.2371438    0.1007291    0.3046718    -0.04230162    0.2802109    0.2145932    -0.09610877    -0.2274215
0.1058309    -0.1420761    -0.5743639    -0.1114128    1    -0.0385637    -0.1530316    -0.07003965    0.04386805    0.1238333    -0.113179    0.2996817    0.2785045    -0.1155349    -0.2699941
0.1449601    -0.00190094    -0.07567297    0.05439445    -0.0385637    1    -0.07341763    -0.6190925    0.001420208    0.1189501    0.07851957    -0.05764444    0.01468579    0.2037688    -0.1848522
-0.3183235    0.4061756    0.3515747    -0.2932106    -0.1530316    -0.07341763    1    0.3500543    -0.6650351    -0.5111754    0.1987493    -0.486395    -0.518381    0.1762721    0.5065175
-0.3035769    0.2748646    0.2892866    -0.2371438    -0.07003965    -0.6190925    0.3500543    1    -0.160647    -0.7130452    0.07844155    -0.3394932    -0.3757642    0.02953477    0.4884455
0.2006593    -0.1291601    -0.1703059    0.1007291    0.04386805    0.001420208    -0.6650351    -0.160647    1    0.02807084    -0.1509705    0.1164892    0.2547966    -0.01259306    -0.2477716
0.2738216    -0.4126923    -0.3147912    0.3046718    0.1238333    0.1189501    -0.5111754    -0.7130452    0.02807084    1    -0.1485725    0.5309089    0.5092836    -0.206855    -0.5247973
-0.07131988    0.1198413    0.1203507    -0.04230162    -0.113179    0.07851957    0.1987493    0.07844155    -0.1509705    -0.1485725    1    -0.2099838    -0.639589    0.2021948    0.148635
0.1588586    -0.4679959    -0.3478191    0.2802109    0.2996817    -0.05764444    -0.486395    -0.3394932    0.1164892    0.5309089    -0.2099838    1    0.2976746    -0.6280262    -0.2447407
0.2532689    -0.3965953    -0.375849    0.2145932    0.2785045    0.01468579    -0.518381    -0.3757642    0.2547966    0.5092836    -0.639589    0.2976746    1    -0.2405214    -0.6202122
-0.03270751    0.1889693    0.1206673    -0.09610877    -0.1155349    0.2037688    0.1762721    0.02953477    -0.01259306    -0.206855    0.2021948    -0.6280262    -0.2405214    1    -0.2275061
-0.2395613    0.3529843    0.377578    -0.2274215    -0.2699941    -0.1848522    0.5065175    0.4884455    -0.2477716    -0.5247973    0.148635    -0.2447407    -0.6202122    -0.2275061    1
