1    -0.1056302    -0.5090539    0.06912975    -0.1068795    0.3265805    -0.2368979    -0.2470479    0.288594    0.1594202    0.1165652    -0.2141002    -0.2810521    0.00935696    0.3137347    0.08607833    0.2163381    0.1218876    -0.02367345    -0.2741143
-0.1056302    1    0.1359468    -0.5457157    -0.1184161    -0.06551037    0.05336796    -0.04498721    -0.04252184    0.02137863    0.03116147    0.2083824    0.08790326    -0.1725037    -0.1477273    0.03113645    0.01643177    -0.06550866    0.01640593    0.0205305
-0.5090539    0.1359468    1    0.005684328    -0.5467107    0.1063567    -0.191234    -0.07434073    0.07776875    0.05075232    -0.1951584    -0.02124972    0.1793627    0.0204499    -0.06814039    -0.05825859    0.1342722    0.1026209    -0.1251595    0.008623392
0.06912975    -0.5457157    0.005684328    1    -0.3967013    0.4521203    -0.4237481    -0.2425896    0.341888    0.226544    -0.03707413    -0.4006847    -0.1985797    0.2370174    0.3145381    -0.2312693    0.2963393    0.3801397    -0.1595258    -0.2389631
-0.1068795    -0.1184161    -0.5467107    -0.3967013    1    -0.4193505    0.4636928    0.2669326    -0.3422666    -0.1955081    0.04500665    0.2548651    0.1140047    -0.07313813    -0.2189341    0.08066686    -0.3489121    -0.3068449    0.1452705    0.3203642
0.3265805    -0.06551037    0.1063567    0.4521203    -0.4193505    1    -0.5889263    -0.6905772    0.5508281    0.360491    -0.01382648    -0.5848612    -0.365514    0.2348404    0.5436516    -0.1645904    0.5531451    0.5248707    -0.2029295    -0.5040317
-0.2368979    0.05336796    -0.191234    -0.4237481    0.4636928    -0.5889263    1    0.1292851    -0.7202416    -0.3259849    -0.01358928    0.5731197    0.4144108    -0.2062015    -0.5867083    0.2303093    -0.5953343    -0.5368531    0.2950694    0.4650727
-0.2470479    -0.04498721    -0.07434073    -0.2425896    0.2669326    -0.6905772    0.1292851    1    -0.5300982    -0.5326174    0.01879818    0.4202303    0.2791325    -0.1121049    -0.4305386    0.1292578    -0.4942514    -0.3910799    0.2045716    0.3690156
0.288594    -0.04252184    0.07776875    0.341888    -0.3422666    0.5508281    -0.7202416    -0.5300982    1    0.3449104    -0.01864018    -0.5556303    -0.4466508    0.1040614    0.6542897    -0.1326109    0.636344    0.4567056    -0.3061928    -0.4317732
0.1594202    0.02137863    0.05075232    0.226544    -0.1955081    0.360491    -0.3259849    -0.5326174    0.3449104    1    0.07446764    -0.4324702    -0.3583207    0.203765    0.442989    -0.3203356    0.4123334    0.5289911    -0.2348385    -0.3913375
0.1165652    0.03116147    -0.1951584    -0.03707413    0.04500665    -0.01382648    -0.01358928    0.01879818    -0.01864018    0.07446764    1    -0.07341763    -0.6190925    0.001420208    0.1189501    0.07851957    -0.05764444    0.01468579    0.2037688    -0.1848522
-0.2141002    0.2083824    -0.02124972    -0.4006847    0.2548651    -0.5848612    0.5731197    0.4202303    -0.5556303    -0.4324702    -0.07341763    1    0.3500543    -0.6650351    -0.5111754    0.1987493    -0.486395    -0.518381    0.1762721    0.5065175
-0.2810521    0.08790326    0.1793627    -0.1985797    0.1140047    -0.365514    0.4144108    0.2791325    -0.4466508    -0.3583207    -0.6190925    0.3500543    1    -0.160647    -0.7130452    0.07844155    -0.3394932    -0.3757642    0.02953477    0.4884455
0.00935696    -0.1725037    0.0204499    0.2370174    -0.07313813    0.2348404    -0.2062015    -0.1121049    0.1040614    0.203765    0.001420208    -0.6650351    -0.160647    1    0.02807084    -0.1509705    0.1164892    0.2547966    -0.01259306    -0.2477716
0.3137347    -0.1477273    -0.06814039    0.3145381    -0.2189341    0.5436516    -0.5867083    -0.4305386    0.6542897    0.442989    0.1189501    -0.5111754    -0.7130452    0.02807084    1    -0.1485725    0.5309089    0.5092836    -0.206855    -0.5247973
0.08607833    0.03113645    -0.05825859    -0.2312693    0.08066686    -0.1645904    0.2303093    0.1292578    -0.1326109    -0.3203356    0.07851957    0.1987493    0.07844155    -0.1509705    -0.1485725    1    -0.2099838    -0.639589    0.2021948    0.148635
0.2163381    0.01643177    0.1342722    0.2963393    -0.3489121    0.5531451    -0.5953343    -0.4942514    0.636344    0.4123334    -0.05764444    -0.486395    -0.3394932    0.1164892    0.5309089    -0.2099838    1    0.2976746    -0.6280262    -0.2447407
0.1218876    -0.06550866    0.1026209    0.3801397    -0.3068449    0.5248707    -0.5368531    -0.3910799    0.4567056    0.5289911    0.01468579    -0.518381    -0.3757642    0.2547966    0.5092836    -0.639589    0.2976746    1    -0.2405214    -0.6202122
-0.02367345    0.01640593    -0.1251595    -0.1595258    0.1452705    -0.2029295    0.2950694    0.2045716    -0.3061928    -0.2348385    0.2037688    0.1762721    0.02953477    -0.01259306    -0.206855    0.2021948    -0.6280262    -0.2405214    1    -0.2275061
-0.2741143    0.0205305    0.008623392    -0.2389631    0.3203642    -0.5040317    0.4650727    0.3690156    -0.4317732    -0.3913375    -0.1848522    0.5065175    0.4884455    -0.2477716    -0.5247973    0.148635    -0.2447407    -0.6202122    -0.2275061    1
