1    -0.2099838    -0.639589    0.2021948    0.148635    -0.005411848    -0.1808065    0.04850935    0.2435762    -0.07938448
-0.2099838    1    0.2976746    -0.6280262    -0.2447407    0.01626234    0.2812576    0.0155833    -0.2764792    -0.1999805
-0.639589    0.2976746    1    -0.2405214    -0.6202122    0.1173663    0.1385006    -0.1184172    -0.2032262    -0.05610362
0.2021948    -0.6280262    -0.2405214    1    -0.2275061    0.1295151    -0.2764748    -0.07166925    0.2709526    0.04651345
0.148635    -0.2447407    -0.6202122    -0.2275061    1    -0.1877172    0.01859176    0.07609228    0.03461547    0.1754152
-0.005411848    0.01626234    0.1173663    0.1295151    -0.1877172    1    -0.02924275    -0.7679929    -0.06677109    0.04839401
-0.1808065    0.2812576    0.1385006    -0.2764748    0.01859176    -0.02924275    1    0.1079617    -0.7953458    -0.00102924
0.04850935    0.0155833    -0.1184172    -0.07166925    0.07609228    -0.7679929    0.1079617    1    0.1316883    -0.5109379
0.2435762    -0.2764792    -0.2032262    0.2709526    0.03461547    -0.06677109    -0.7953458    0.1316883    1    -0.4126565
-0.07938448    -0.1999805    -0.05610362    0.04651345    0.1754152    0.04839401    -0.00102924    -0.5109379    -0.4126565    1
