1    -0.1056302    -0.5090539    0.06912975    -0.1068795    0.1357246    -0.3426323    -0.3658442    -0.01065355    0.2423727    0.1165652    -0.2141002    -0.2810521    0.00935696    0.3137347    0.08607833    0.2163381    0.1218876    -0.02367345    -0.2741143
-0.1056302    1    0.1359468    -0.5457157    -0.1184161    -0.1363803    0.05257349    0.05167349    -0.1122187    0.1432511    0.03116147    0.2083824    0.08790326    -0.1725037    -0.1477273    0.03113645    0.01643177    -0.06550866    0.01640593    0.0205305
-0.5090539    0.1359468    1    0.005684328    -0.5467107    -0.2468727    -0.07155322    -0.04096713    -0.2252082    0.2848216    -0.1951584    -0.02124972    0.1793627    0.0204499    -0.06814039    -0.05825859    0.1342722    0.1026209    -0.1251595    0.008623392
0.06912975    -0.5457157    0.005684328    1    -0.3967013    0.08456819    -0.3786747    -0.4006158    -0.08348603    0.2752211    -0.03707413    -0.4006847    -0.1985797    0.2370174    0.3145381    -0.2312693    0.2963393    0.3801397    -0.1595258    -0.2389631
-0.1068795    -0.1184161    -0.5467107    -0.3967013    1    0.07447921    0.375692    0.3931037    0.3304856    -0.5197207    0.04500665    0.2548651    0.1140047    -0.07313813    -0.2189341    0.08066686    -0.3489121    -0.3068449    0.1452705    0.3203642
0.1357246    -0.1363803    -0.2468727    0.08456819    0.07447921    1    -0.01661703    -0.3486004    -0.02664636    -0.09414548    0.1414077    -0.04930086    -0.1062215    0.0603708    0.004921218    0.1095117    -0.08764499    -0.06622452    0.115997    -0.05134581
-0.3426323    0.05257349    -0.07155322    -0.3786747    0.375692    -0.01661703    1    0.5772542    -0.1250704    -0.5223465    -0.01376926    0.5182705    0.4123849    -0.1439726    -0.571504    0.06901641    -0.5784791    -0.3873991    0.2119885    0.4384672
-0.3658442    0.05167349    -0.04096713    -0.4006158    0.3931037    -0.3486004    0.5772542    1    0.2385394    -0.7075003    -0.06669903    0.5855211    0.4850146    -0.1989515    -0.6309884    0.1132383    -0.5688688    -0.4804407    0.2356199    0.5128536
-0.01065355    -0.1122187    -0.2252082    -0.08348603    0.3304856    -0.02664636    -0.1250704    0.2385394    1    -0.4755204    -0.09106578    0.2313102    0.220773    -0.04302026    -0.2512288    0.1424777    -0.2353954    -0.2974414    0.1226512    0.2554382
0.2423727    0.1432511    0.2848216    0.2752211    -0.5197207    -0.09414548    -0.5223465    -0.7075003    -0.4755204    1    -0.007582999    -0.4689462    -0.3256947    0.09981404    0.509265    -0.1580855    0.5826364    0.4757946    -0.2689727    -0.4526799
0.1165652    0.03116147    -0.1951584    -0.03707413    0.04500665    0.1414077    -0.01376926    -0.06669903    -0.09106578    -0.007582999    1    -0.07341763    -0.6190925    0.001420208    0.1189501    0.07851957    -0.05764444    0.01468579    0.2037688    -0.1848522
-0.2141002    0.2083824    -0.02124972    -0.4006847    0.2548651    -0.04930086    0.5182705    0.5855211    0.2313102    -0.4689462    -0.07341763    1    0.3500543    -0.6650351    -0.5111754    0.1987493    -0.486395    -0.518381    0.1762721    0.5065175
-0.2810521    0.08790326    0.1793627    -0.1985797    0.1140047    -0.1062215    0.4123849    0.4850146    0.220773    -0.3256947    -0.6190925    0.3500543    1    -0.160647    -0.7130452    0.07844155    -0.3394932    -0.3757642    0.02953477    0.4884455
0.00935696    -0.1725037    0.0204499    0.2370174    -0.07313813    0.0603708    -0.1439726    -0.1989515    -0.04302026    0.09981404    0.001420208    -0.6650351    -0.160647    1    0.02807084    -0.1509705    0.1164892    0.2547966    -0.01259306    -0.2477716
0.3137347    -0.1477273    -0.06814039    0.3145381    -0.2189341    0.004921218    -0.571504    -0.6309884    -0.2512288    0.509265    0.1189501    -0.5111754    -0.7130452    0.02807084    1    -0.1485725    0.5309089    0.5092836    -0.206855    -0.5247973
0.08607833    0.03113645    -0.05825859    -0.2312693    0.08066686    0.1095117    0.06901641    0.1132383    0.1424777    -0.1580855    0.07851957    0.1987493    0.07844155    -0.1509705    -0.1485725    1    -0.2099838    -0.639589    0.2021948    0.148635
0.2163381    0.01643177    0.1342722    0.2963393    -0.3489121    -0.08764499    -0.5784791    -0.5688688    -0.2353954    0.5826364    -0.05764444    -0.486395    -0.3394932    0.1164892    0.5309089    -0.2099838    1    0.2976746    -0.6280262    -0.2447407
0.1218876    -0.06550866    0.1026209    0.3801397    -0.3068449    -0.06622452    -0.3873991    -0.4804407    -0.2974414    0.4757946    0.01468579    -0.518381    -0.3757642    0.2547966    0.5092836    -0.639589    0.2976746    1    -0.2405214    -0.6202122
-0.02367345    0.01640593    -0.1251595    -0.1595258    0.1452705    0.115997    0.2119885    0.2356199    0.1226512    -0.2689727    0.2037688    0.1762721    0.02953477    -0.01259306    -0.206855    0.2021948    -0.6280262    -0.2405214    1    -0.2275061
-0.2741143    0.0205305    0.008623392    -0.2389631    0.3203642    -0.05134581    0.4384672    0.5128536    0.2554382    -0.4526799    -0.1848522    0.5065175    0.4884455    -0.2477716    -0.5247973    0.148635    -0.2447407    -0.6202122    -0.2275061    1
