1    0.1894219    -0.3429943    -0.1385012    -0.1661251    0.1188634    -0.2189244    -0.2326183    0.151497    0.1292385
0.1894219    1    0.5062199    -0.2663477    -0.4823125    0.1093332    -0.5879859    -0.4647759    0.2398318    0.4809769
-0.3429943    0.5062199    1    0.1364205    -0.601621    0.06838118    -0.50491    -0.3785112    0.1830996    0.4541429
-0.1385012    -0.2663477    0.1364205    1    -0.3475727    0.1184665    -0.0995928    -0.09645958    0.08388017    0.03426089
-0.1661251    -0.4823125    -0.601621    -0.3475727    1    -0.1774987    0.562911    0.4727575    -0.2389737    -0.4461912
0.1188634    0.1093332    0.06838118    0.1184665    -0.1774987    1    -0.2099838    -0.639589    0.2021948    0.148635
-0.2189244    -0.5879859    -0.50491    -0.0995928    0.562911    -0.2099838    1    0.2976746    -0.6280262    -0.2447407
-0.2326183    -0.4647759    -0.3785112    -0.09645958    0.4727575    -0.639589    0.2976746    1    -0.2405214    -0.6202122
0.151497    0.2398318    0.1830996    0.08388017    -0.2389737    0.2021948    -0.6280262    -0.2405214    1    -0.2275061
0.1292385    0.4809769    0.4541429    0.03426089    -0.4461912    0.148635    -0.2447407    -0.6202122    -0.2275061    1
