1    -0.1056302    -0.5090539    0.06912975    -0.1068795    0.1165652    -0.2141002    -0.2810521    0.00935696    0.3137347    0.08607833    0.2163381    0.1218876    -0.02367345    -0.2741143    -0.1063856    -0.07023206    0.06187004    0.05628884    -0.1200679
-0.1056302    1    0.1359468    -0.5457157    -0.1184161    0.03116147    0.2083824    0.08790326    -0.1725037    -0.1477273    0.03113645    0.01643177    -0.06550866    0.01640593    0.0205305    0.044636    0.07315996    0.02065889    -0.1345155    -0.06609651
-0.5090539    0.1359468    1    0.005684328    -0.5467107    -0.1951584    -0.02124972    0.1793627    0.0204499    -0.06814039    -0.05825859    0.1342722    0.1026209    -0.1251595    0.008623392    0.1678253    0.0668033    0.006119919    -0.06401491    -0.1005526
0.06912975    -0.5457157    0.005684328    1    -0.3967013    -0.03707413    -0.4006847    -0.1985797    0.2370174    0.3145381    -0.2312693    0.2963393    0.3801397    -0.1595258    -0.2389631    -0.04290457    -0.05861802    0.07518671    0.1424165    -0.08340699
-0.1068795    -0.1184161    -0.5467107    -0.3967013    1    0.04500665    0.2548651    0.1140047    -0.07313813    -0.2189341    0.08066686    -0.3489121    -0.3068449    0.1452705    0.3203642    -0.08221078    0.02688658    -0.03551215    -0.008111711    0.1776923
0.1165652    0.03116147    -0.1951584    -0.03707413    0.04500665    1    -0.07341763    -0.6190925    0.001420208    0.1189501    0.07851957    -0.05764444    0.01468579    0.2037688    -0.1848522    -0.1012947    -0.1129531    -0.01249707    -0.07824327    0.1626957
-0.2141002    0.2083824    -0.02124972    -0.4006847    0.2548651    -0.07341763    1    0.3500543    -0.6650351    -0.5111754    0.1987493    -0.486395    -0.518381    0.1762721    0.5065175    0.05791912    0.123766    -0.06346444    -0.1079224    0.009826652
-0.2810521    0.08790326    0.1793627    -0.1985797    0.1140047    -0.6190925    0.3500543    1    -0.160647    -0.7130452    0.07844155    -0.3394932    -0.3757642    0.02953477    0.4884455    0.1526573    0.1760439    -0.0708979    -0.02457358    -0.08392699
0.00935696    -0.1725037    0.0204499    0.2370174    -0.07313813    0.001420208    -0.6650351    -0.160647    1    0.02807084    -0.1509705    0.1164892    0.2547966    -0.01259306    -0.2477716    -0.02339235    -0.1222382    0.02006416    0.09707782    0.06315305
0.3137347    -0.1477273    -0.06814039    0.3145381    -0.2189341    0.1189501    -0.5111754    -0.7130452    0.02807084    1    -0.1485725    0.5309089    0.5092836    -0.206855    -0.5247973    -0.1073486    -0.1175447    0.08138655    0.07772179    -0.01812771
0.08607833    0.03113645    -0.05825859    -0.2312693    0.08066686    0.07851957    0.1987493    0.07844155    -0.1509705    -0.1485725    1    -0.2099838    -0.639589    0.2021948    0.148635    0.02683018    0.0579446    -0.07037021    -0.1265904    0.02942341
0.2163381    0.01643177    0.1342722    0.2963393    -0.3489121    -0.05764444    -0.486395    -0.3394932    0.1164892    0.5309089    -0.2099838    1    0.2976746    -0.6280262    -0.2447407    -0.02983343    -0.04517081    0.04294324    0.05859063    -0.08217675
0.1218876    -0.06550866    0.1026209    0.3801397    -0.3068449    0.01468579    -0.518381    -0.3757642    0.2547966    0.5092836    -0.639589    0.2976746    1    -0.2405214    -0.6202122    -0.08296166    -0.1644142    0.09046716    0.1274435    0.008724872
-0.02367345    0.01640593    -0.1251595    -0.1595258    0.1452705    0.2037688    0.1762721    0.02953477    -0.01259306    -0.206855    0.2021948    -0.6280262    -0.2405214    1    -0.2275061    -0.02886798    -0.01465847    -0.02876424    -0.09389639    0.1194489
-0.2741143    0.0205305    0.008623392    -0.2389631    0.3203642    -0.1848522    0.5065175    0.4884455    -0.2477716    -0.5247973    0.148635    -0.2447407    -0.6202122    -0.2275061    1    0.07945817    0.2088894    -0.01761463    -0.02591607    -0.110472
-0.1063856    0.044636    0.1678253    -0.04290457    -0.08221078    -0.1012947    0.05791912    0.1526573    -0.02339235    -0.1073486    0.02683018    -0.02983343    -0.08296166    -0.02886798    0.07945817    1    -0.003613237    -0.7101612    0.05822516    0.0936552
-0.07023206    0.07315996    0.0668033    -0.05861802    0.02688658    -0.1129531    0.123766    0.1760439    -0.1222382    -0.1175447    0.0579446    -0.04517081    -0.1644142    -0.01465847    0.2088894    -0.003613237    1    0.07505767    -0.6786332    0.0651299
0.06187004    0.02065889    0.006119919    0.07518671    -0.03551215    -0.01249707    -0.06346444    -0.0708979    0.02006416    0.08138655    -0.07037021    0.04294324    0.09046716    -0.02876424    -0.01761463    -0.7101612    0.07505767    1    -0.1214911    -0.4575803
0.05628884    -0.1345155    -0.06401491    0.1424165    -0.008111711    -0.07824327    -0.1079224    -0.02457358    0.09707782    0.07772179    -0.1265904    0.05859063    0.1274435    -0.09389639    -0.02591607    0.05822516    -0.6786332    -0.1214911    1    -0.4317136
-0.1200679    -0.06609651    -0.1005526    -0.08340699    0.1776923    0.1626957    0.009826652    -0.08392699    0.06315305    -0.01812771    0.02942341    -0.08217675    0.008724872    0.1194489    -0.110472    0.0936552    0.0651299    -0.4575803    -0.4317136    1
