1    0.1979651    -0.2026812    0.04494793    -0.3147692    -0.09308545    0.1564049    0.2644218    0.0369167    -0.2868293    0.1842988    -0.2518912    -0.2836294    0.1126003    0.2618815
0.1979651    1    0.5732349    -0.4063721    -0.5893912    -0.05900907    0.5966656    0.4466084    -0.2514057    -0.5747221    0.1988833    -0.5280713    -0.5543703    0.1814733    0.5235386
-0.2026812    0.5732349    1    -0.126535    -0.6835069    -0.03720658    0.6123591    0.3726897    -0.309697    -0.5072451    0.195567    -0.5091258    -0.5074179    0.2012824    0.4468897
0.04494793    -0.4063721    -0.126535    1    -0.2139703    0.008305148    -0.05201889    0.01249433    0.05524785    -0.02076181    0.06285844    -0.04066086    -0.0002292707    0.08275477    -0.05432959
-0.3147692    -0.5893912    -0.6835069    -0.2139703    1    0.09666334    -0.635094    -0.5385181    0.2414691    0.6726222    -0.2657418    0.609985    0.6018368    -0.275064    -0.5147914
-0.09308545    -0.05900907    -0.03720658    0.008305148    0.09666334    1    -0.07341763    -0.6190925    0.001420208    0.1189501    0.07851957    -0.05764444    0.01468579    0.2037688    -0.1848522
0.1564049    0.5966656    0.6123591    -0.05201889    -0.635094    -0.07341763    1    0.3500543    -0.6650351    -0.5111754    0.1987493    -0.486395    -0.518381    0.1762721    0.5065175
0.2644218    0.4466084    0.3726897    0.01249433    -0.5385181    -0.6190925    0.3500543    1    -0.160647    -0.7130452    0.07844155    -0.3394932    -0.3757642    0.02953477    0.4884455
0.0369167    -0.2514057    -0.309697    0.05524785    0.2414691    0.001420208    -0.6650351    -0.160647    1    0.02807084    -0.1509705    0.1164892    0.2547966    -0.01259306    -0.2477716
-0.2868293    -0.5747221    -0.5072451    -0.02076181    0.6726222    0.1189501    -0.5111754    -0.7130452    0.02807084    1    -0.1485725    0.5309089    0.5092836    -0.206855    -0.5247973
0.1842988    0.1988833    0.195567    0.06285844    -0.2657418    0.07851957    0.1987493    0.07844155    -0.1509705    -0.1485725    1    -0.2099838    -0.639589    0.2021948    0.148635
-0.2518912    -0.5280713    -0.5091258    -0.04066086    0.609985    -0.05764444    -0.486395    -0.3394932    0.1164892    0.5309089    -0.2099838    1    0.2976746    -0.6280262    -0.2447407
-0.2836294    -0.5543703    -0.5074179    -0.0002292707    0.6018368    0.01468579    -0.518381    -0.3757642    0.2547966    0.5092836    -0.639589    0.2976746    1    -0.2405214    -0.6202122
0.1126003    0.1814733    0.2012824    0.08275477    -0.275064    0.2037688    0.1762721    0.02953477    -0.01259306    -0.206855    0.2021948    -0.6280262    -0.2405214    1    -0.2275061
0.2618815    0.5235386    0.4468897    -0.05432959    -0.5147914    -0.1848522    0.5065175    0.4884455    -0.2477716    -0.5247973    0.148635    -0.2447407    -0.6202122    -0.2275061    1
