1    -0.1056302    -0.5090539    0.06912975    -0.1068795    -0.0787282    -0.274756    -0.2348159    0.0759184    0.2382595    0.1165652    -0.2141002    -0.2810521    0.00935696    0.3137347    0.08607833    0.2163381    0.1218876    -0.02367345    -0.2741143    -0.03890699    0.07488385    0.1299899    -0.06782346    -0.03290798
-0.1056302    1    0.1359468    -0.5457157    -0.1184161    -0.06908432    0.04571162    0.1180201    -0.07791035    -0.07742852    0.03116147    0.2083824    0.08790326    -0.1725037    -0.1477273    0.03113645    0.01643177    -0.06550866    0.01640593    0.0205305    0.03717639    -0.1192023    -0.07582382    0.1432907    -0.07118369
-0.5090539    0.1359468    1    0.005684328    -0.5467107    -0.05578045    -0.119433    -0.07169486    -0.1113837    0.1069646    -0.1951584    -0.02124972    0.1793627    0.0204499    -0.06814039    -0.05825859    0.1342722    0.1026209    -0.1251595    0.008623392    0.07919671    -0.1598471    -0.1800975    0.1842635    -0.008542975
0.06912975    -0.5457157    0.005684328    1    -0.3967013    -0.05155121    -0.3941841    -0.4450909    0.1075914    0.4188672    -0.03707413    -0.4006847    -0.1985797    0.2370174    0.3145381    -0.2312693    0.2963393    0.3801397    -0.1595258    -0.2389631    -0.0953467    0.1792807    0.1588837    -0.2204614    0.03804891
-0.1068795    -0.1184161    -0.5467107    -0.3967013    1    0.1776673    0.4031438    0.3408443    0.05312774    -0.4025661    0.04500665    0.2548651    0.1140047    -0.07313813    -0.2189341    0.08066686    -0.3489121    -0.3068449    0.1452705    0.3203642    -0.02401192    -0.003154525    0.05668806    -0.04045995    -0.03279113
-0.0787282    -0.06908432    -0.05578045    -0.05155121    0.1776673    1    0.1979651    -0.2026812    0.04494793    -0.3147692    -0.09308545    0.1564049    0.2644218    0.0369167    -0.2868293    0.1842988    -0.2518912    -0.2836294    0.1126003    0.2618815    -0.07234985    -0.05092707    -0.01062636    0.04131803    0.06735809
-0.274756    0.04571162    -0.119433    -0.3941841    0.4031438    0.1979651    1    0.5732349    -0.4063721    -0.5893912    -0.05900907    0.5966656    0.4466084    -0.2514057    -0.5747221    0.1988833    -0.5280713    -0.5543703    0.1814733    0.5235386    0.04382611    -0.1519138    -0.2069495    0.147456    0.1266855
-0.2348159    0.1180201    -0.07169486    -0.4450909    0.3408443    -0.2026812    0.5732349    1    -0.126535    -0.6835069    -0.03720658    0.6123591    0.3726897    -0.309697    -0.5072451    0.195567    -0.5091258    -0.5074179    0.2012824    0.4468897    0.07216678    -0.1366979    -0.2135523    0.1309635    0.1022609
0.0759184    -0.07791035    -0.1113837    0.1075914    0.05312774    0.04494793    -0.4063721    -0.126535    1    -0.2139703    0.008305148    -0.05201889    0.01249433    0.05524785    -0.02076181    0.06285844    -0.04066086    -0.0002292707    0.08275477    -0.05432959    -0.09724688    0.08494758    0.1524365    -0.06161609    -0.0388657
0.2382595    -0.07742852    0.1069646    0.4188672    -0.4025661    -0.3147692    -0.5893912    -0.6835069    -0.2139703    1    0.09666334    -0.635094    -0.5385181    0.2414691    0.6726222    -0.2657418    0.609985    0.6018368    -0.275064    -0.5147914    0.03449413    0.1121547    0.117506    -0.1280492    -0.09894226
0.1165652    0.03116147    -0.1951584    -0.03707413    0.04500665    -0.09308545    -0.05900907    -0.03720658    0.008305148    0.09666334    1    -0.07341763    -0.6190925    0.001420208    0.1189501    0.07851957    -0.05764444    0.01468579    0.2037688    -0.1848522    0.05200964    0.04898701    0.0393561    -0.06340906    -0.02532299
-0.2141002    0.2083824    -0.02124972    -0.4006847    0.2548651    0.1564049    0.5966656    0.6123591    -0.05201889    -0.635094    -0.07341763    1    0.3500543    -0.6650351    -0.5111754    0.1987493    -0.486395    -0.518381    0.1762721    0.5065175    0.001862114    -0.1446135    -0.1840784    0.1647496    0.06756434
-0.2810521    0.08790326    0.1793627    -0.1985797    0.1140047    0.2644218    0.4466084    0.3726897    0.01249433    -0.5385181    -0.6190925    0.3500543    1    -0.160647    -0.7130452    0.07844155    -0.3394932    -0.3757642    0.02953477    0.4884455    -0.03581762    -0.1642292    -0.1711828    0.1626961    0.124182
0.00935696    -0.1725037    0.0204499    0.2370174    -0.07313813    0.0369167    -0.2514057    -0.309697    0.05524785    0.2414691    0.001420208    -0.6650351    -0.160647    1    0.02807084    -0.1509705    0.1164892    0.2547966    -0.01259306    -0.2477716    -0.007040767    0.06035204    0.08954229    -0.1272496    0.06159608
0.3137347    -0.1477273    -0.06814039    0.3145381    -0.2189341    -0.2868293    -0.5747221    -0.5072451    -0.02076181    0.6726222    0.1189501    -0.5111754    -0.7130452    0.02807084    1    -0.1485725    0.5309089    0.5092836    -0.206855    -0.5247973    0.0189073    0.1688785    0.1896656    -0.1402554    -0.1674465
0.08607833    0.03113645    -0.05825859    -0.2312693    0.08066686    0.1842988    0.1988833    0.195567    0.06285844    -0.2657418    0.07851957    0.1987493    0.07844155    -0.1509705    -0.1485725    1    -0.2099838    -0.639589    0.2021948    0.148635    -0.0451832    -0.299509    -0.05310489    0.4172732    -0.07354996
0.2163381    0.01643177    0.1342722    0.2963393    -0.3489121    -0.2518912    -0.5280713    -0.5091258    -0.04066086    0.609985    -0.05764444    -0.486395    -0.3394932    0.1164892    0.5309089    -0.2099838    1    0.2976746    -0.6280262    -0.2447407    -0.1535634    0.03302344    0.3044058    0.06418904    -0.2810628
0.1218876    -0.06550866    0.1026209    0.3801397    -0.3068449    -0.2836294    -0.5543703    -0.5074179    -0.0002292707    0.6018368    0.01468579    -0.518381    -0.3757642    0.2547966    0.5092836    -0.639589    0.2976746    1    -0.2405214    -0.6202122    -0.004120368    0.3449057    0.2246246    -0.2779021    -0.1539613
-0.02367345    0.01640593    -0.1251595    -0.1595258    0.1452705    0.1126003    0.1814733    0.2012824    0.08275477    -0.275064    0.2037688    0.1762721    0.02953477    -0.01259306    -0.206855    0.2021948    -0.6280262    -0.2405214    1    -0.2275061    0.4508797    0.08108627    -0.3169755    -0.1078223    0.0864733
-0.2741143    0.0205305    0.008623392    -0.2389631    0.3203642    0.2618815    0.5235386    0.4468897    -0.05432959    -0.5147914    -0.1848522    0.5065175    0.4884455    -0.2477716    -0.5247973    0.148635    -0.2447407    -0.6202122    -0.2275061    1    -0.2224524    -0.3157901    -0.09563568    0.1546954    0.03679043
-0.03890699    0.03717639    0.07919671    -0.0953467    -0.02401192    -0.07234985    0.04382611    0.07216678    -0.09724688    0.03449413    0.05200964    0.001862114    -0.03581762    -0.007040767    0.0189073    -0.0451832    -0.1535634    -0.004120368    0.4508797    -0.2224524    1    0.01044061    -0.785367    -0.05049712    0.2023296
0.07488385    -0.1192023    -0.1598471    0.1792807    -0.003154525    -0.05092707    -0.1519138    -0.1366979    0.08494758    0.1121547    0.04898701    -0.1446135    -0.1642292    0.06035204    0.1688785    -0.299509    0.03302344    0.3449057    0.08108627    -0.3157901    0.01044061    1    0.1795338    -0.8060869    0.1746387
0.1299899    -0.07582382    -0.1800975    0.1588837    0.05668806    -0.01062636    -0.2069495    -0.2135523    0.1524365    0.117506    0.0393561    -0.1840784    -0.1711828    0.08954229    0.1896656    -0.05310489    0.3044058    0.2246246    -0.3169755    -0.09563568    -0.785367    0.1795338    1    -0.05741289    -0.518797
-0.06782346    0.1432907    0.1842635    -0.2204614    -0.04045995    0.04131803    0.147456    0.1309635    -0.06161609    -0.1280492    -0.06340906    0.1647496    0.1626961    -0.1272496    -0.1402554    0.4172732    0.06418904    -0.2779021    -0.1078223    0.1546954    -0.05049712    -0.8060869    -0.05741289    1    -0.4833687
-0.03290798    -0.07118369    -0.008542975    0.03804891    -0.03279113    0.06735809    0.1266855    0.1022609    -0.0388657    -0.09894226    -0.02532299    0.06756434    0.124182    0.06159608    -0.1674465    -0.07354996    -0.2810628    -0.1539613    0.0864733    0.03679043    0.2023296    0.1746387    -0.518797    -0.4833687    1
