1    -0.4774775    -0.4538181    0.1378426    0.1167466    0.03191581    -0.2661103    -0.149844    0.08531917    0.1657282
-0.4774775    1    -0.2704573    -0.27668    0.00682912    -0.1593215    0.2310029    0.3075514    -0.0520871    -0.2738797
-0.4538181    -0.2704573    1    -0.2854063    -0.3209596    -0.02121337    0.1091181    0.0292429    -0.07041392    0.006745371
0.1378426    -0.27668    -0.2854063    1    -0.1334371    0.05800028    0.203825    0.08554358    -0.1295012    -0.1161527
0.1167466    0.00682912    -0.3209596    -0.1334371    1    0.006607309    0.08772347    0.05285874    -0.02063207    -0.101752
0.03191581    -0.1593215    -0.02121337    0.05800028    0.006607309    1    -0.2099838    -0.639589    0.2021948    0.148635
-0.2661103    0.2310029    0.1091181    0.203825    0.08772347    -0.2099838    1    0.2976746    -0.6280262    -0.2447407
-0.149844    0.3075514    0.0292429    0.08554358    0.05285874    -0.639589    0.2976746    1    -0.2405214    -0.6202122
0.08531917    -0.0520871    -0.07041392    -0.1295012    -0.02063207    0.2021948    -0.6280262    -0.2405214    1    -0.2275061
0.1657282    -0.2738797    0.006745371    -0.1161527    -0.101752    0.148635    -0.2447407    -0.6202122    -0.2275061    1
