1    -0.2099838    -0.639589    0.2021948    0.148635    0.0005223937    -0.09910861    -0.07233979    0.1015368    0.05331825
-0.2099838    1    0.2976746    -0.6280262    -0.2447407    0.01467772    0.007313753    0.07026211    -0.1948169    -0.1947311
-0.639589    0.2976746    1    -0.2405214    -0.6202122    -0.02488667    0.1006428    0.1013087    -0.263369    -0.09014539
0.2021948    -0.6280262    -0.2405214    1    -0.2275061    0.0562856    0.01297865    -0.1283767    0.035198    0.1826916
0.148635    -0.2447407    -0.6202122    -0.2275061    1    -0.03928155    -0.0527963    0.02696465    0.2619621    0.0107996
0.0005223937    0.01467772    -0.02488667    0.0562856    -0.03928155    1    -0.1228896    -0.795554    0.03622886    0.1535628
-0.09910861    0.007313753    0.1006428    0.01297865    -0.0527963    -0.1228896    1    0.2461418    -0.7312569    0.0347245
-0.07233979    0.07026211    0.1013087    -0.1283767    0.02696465    -0.795554    0.2461418    1    -0.09969109    -0.5163728
0.1015368    -0.1948169    -0.263369    0.035198    0.2619621    0.03622886    -0.7312569    -0.09969109    1    -0.3282296
0.05331825    -0.1947311    -0.09014539    0.1826916    0.0107996    0.1535628    0.0347245    -0.5163728    -0.3282296    1
