1    -0.2099838    -0.639589    0.2021948    0.148635    0.02683018    0.0579446    -0.07037021    -0.1265904    0.02942341
-0.2099838    1    0.2976746    -0.6280262    -0.2447407    -0.02983343    -0.04517081    0.04294324    0.05859063    -0.08217675
-0.639589    0.2976746    1    -0.2405214    -0.6202122    -0.08296166    -0.1644142    0.09046716    0.1274435    0.008724872
0.2021948    -0.6280262    -0.2405214    1    -0.2275061    -0.02886798    -0.01465847    -0.02876424    -0.09389639    0.1194489
0.148635    -0.2447407    -0.6202122    -0.2275061    1    0.07945817    0.2088894    -0.01761463    -0.02591607    -0.110472
0.02683018    -0.02983343    -0.08296166    -0.02886798    0.07945817    1    -0.003613237    -0.7101612    0.05822516    0.0936552
0.0579446    -0.04517081    -0.1644142    -0.01465847    0.2088894    -0.003613237    1    0.07505767    -0.6786332    0.0651299
-0.07037021    0.04294324    0.09046716    -0.02876424    -0.01761463    -0.7101612    0.07505767    1    -0.1214911    -0.4575803
-0.1265904    0.05859063    0.1274435    -0.09389639    -0.02591607    0.05822516    -0.6786332    -0.1214911    1    -0.4317136
0.02942341    -0.08217675    0.008724872    0.1194489    -0.110472    0.0936552    0.0651299    -0.4575803    -0.4317136    1
