1    -0.1056302    -0.5090539    0.06912975    -0.1068795    0.1165652    -0.2141002    -0.2810521    0.00935696    0.3137347    0.08607833    0.2163381    0.1218876    -0.02367345    -0.2741143    -0.05021502    -0.1011074    0.1161432    0.1929671    0.0184271
-0.1056302    1    0.1359468    -0.5457157    -0.1184161    0.03116147    0.2083824    0.08790326    -0.1725037    -0.1477273    0.03113645    0.01643177    -0.06550866    0.01640593    0.0205305    -0.0217966    -0.02883005    -0.02181155    -0.03677844    0.08044355
-0.5090539    0.1359468    1    0.005684328    -0.5467107    -0.1951584    -0.02124972    0.1793627    0.0204499    -0.06814039    -0.05825859    0.1342722    0.1026209    -0.1251595    0.008623392    0.020733    -0.02438849    0.07677359    -0.002698202    0.02787742
0.06912975    -0.5457157    0.005684328    1    -0.3967013    -0.03707413    -0.4006847    -0.1985797    0.2370174    0.3145381    -0.2312693    0.2963393    0.3801397    -0.1595258    -0.2389631    0.02662724    0.05770278    0.1012267    0.06076751    0.06524565
-0.1068795    -0.1184161    -0.5467107    -0.3967013    1    0.04500665    0.2548651    0.1140047    -0.07313813    -0.2189341    0.08066686    -0.3489121    -0.3068449    0.1452705    0.3203642    -0.04545545    0.1230471    -0.09702857    -0.1684948    -0.1371217
0.1165652    0.03116147    -0.1951584    -0.03707413    0.04500665    1    -0.07341763    -0.6190925    0.001420208    0.1189501    0.07851957    -0.05764444    0.01468579    0.2037688    -0.1848522    0.07002398    -0.04734737    -0.1454578    0.1238565    0.0005148918
-0.2141002    0.2083824    -0.02124972    -0.4006847    0.2548651    -0.07341763    1    0.3500543    -0.6650351    -0.5111754    0.1987493    -0.486395    -0.518381    0.1762721    0.5065175    -0.0855382    -0.08242103    -0.14206    -0.1310598    0.1158406
-0.2810521    0.08790326    0.1793627    -0.1985797    0.1140047    -0.6190925    0.3500543    1    -0.160647    -0.7130452    0.07844155    -0.3394932    -0.3757642    0.02953477    0.4884455    -0.07102406    0.02602567    -0.006297669    -0.2317118    0.09651033
0.00935696    -0.1725037    0.0204499    0.2370174    -0.07313813    0.001420208    -0.6650351    -0.160647    1    0.02807084    -0.1509705    0.1164892    0.2547966    -0.01259306    -0.2477716    0.1240147    0.1117397    0.002578665    -0.01143905    -0.08040694
0.3137347    -0.1477273    -0.06814039    0.3145381    -0.2189341    0.1189501    -0.5111754    -0.7130452    0.02807084    1    -0.1485725    0.5309089    0.5092836    -0.206855    -0.5247973    0.00663081    0.005027642    0.1719646    0.209143    -0.1239759
0.08607833    0.03113645    -0.05825859    -0.2312693    0.08066686    0.07851957    0.1987493    0.07844155    -0.1509705    -0.1485725    1    -0.2099838    -0.639589    0.2021948    0.148635    -0.07523415    -0.1338796    -0.0217643    0.09520623    0.003540661
0.2163381    0.01643177    0.1342722    0.2963393    -0.3489121    -0.05764444    -0.486395    -0.3394932    0.1164892    0.5309089    -0.2099838    1    0.2976746    -0.6280262    -0.2447407    -0.01341398    0.07525218    0.234899    0.09835123    -0.1006923
0.1218876    -0.06550866    0.1026209    0.3801397    -0.3068449    0.01468579    -0.518381    -0.3757642    0.2547966    0.5092836    -0.639589    0.2976746    1    -0.2405214    -0.6202122    0.08075887    0.1356558    0.1307445    0.03095211    -0.05936474
-0.02367345    0.01640593    -0.1251595    -0.1595258    0.1452705    0.2037688    0.1762721    0.02953477    -0.01259306    -0.206855    0.2021948    -0.6280262    -0.2405214    1    -0.2275061    0.06376569    -0.05554444    -0.1532258    -0.01549296    0.06384734
-0.2741143    0.0205305    0.008623392    -0.2389631    0.3203642    -0.1848522    0.5065175    0.4884455    -0.2477716    -0.5247973    0.148635    -0.2447407    -0.6202122    -0.2275061    1    -0.0864064    -0.04802536    -0.07456138    -0.1216785    0.0569376
-0.05021502    -0.0217966    0.020733    0.02662724    -0.04545545    0.07002398    -0.0855382    -0.07102406    0.1240147    0.00663081    -0.07523415    -0.01341398    0.08075887    0.06376569    -0.0864064    1    -0.1725068    -0.7027936    0.116493    0.08094118
-0.1011074    -0.02883005    -0.02438849    0.05770278    0.1230471    -0.04734737    -0.08242103    0.02602567    0.1117397    0.005027642    -0.1338796    0.07525218    0.1356558    -0.05554444    -0.04802536    -0.1725068    1    0.1574847    -0.7513166    0.1351055
0.1161432    -0.02181155    0.07677359    0.1012267    -0.09702857    -0.1454578    -0.14206    -0.006297669    0.002578665    0.1719646    -0.0217643    0.234899    0.1307445    -0.1532258    -0.07456138    -0.7027936    0.1574847    1    -0.1113507    -0.3998048
0.1929671    -0.03677844    -0.002698202    0.06076751    -0.1684948    0.1238565    -0.1310598    -0.2317118    -0.01143905    0.209143    0.09520623    0.09835123    0.03095211    -0.01549296    -0.1216785    0.116493    -0.7513166    -0.1113507    1    -0.4600299
0.0184271    0.08044355    0.02787742    0.06524565    -0.1371217    0.0005148918    0.1158406    0.09651033    -0.08040694    -0.1239759    0.003540661    -0.1006923    -0.05936474    0.06384734    0.0569376    0.08094118    0.1351055    -0.3998048    -0.4600299    1
