1    0.198067    -0.4225725    0.07146314    -0.186491    0.1065335    0.2257595    0.1698506    0.009550798    -0.191466    0.1812945    -0.2163152    -0.3234943    -0.1421711    0.1276337    -0.1707447    -0.1816498    -0.1787046    -0.1329737    0.3296745    0.01583293    0.1338123    0.0477652    -0.1592029    0.04421949
0.198067    1    0.2538809    -0.3854224    -0.1678645    -0.02652326    0.3917668    0.3513654    0.1176469    -0.3577865    -0.05986089    -0.4006306    -0.4270984    -0.1945501    0.3665131    -0.1725062    -0.3316323    -0.3007465    -0.02313803    0.4414418    0.02059278    0.01827175    0.07303536    -0.007256017    -0.1207018
-0.4225725    0.2538809    1    0.0678435    -0.472596    -0.05770314    0.2303995    0.2387623    0.2304923    -0.2600784    -0.178747    -0.3409887    -0.3146898    -0.05609599    0.3754309    -0.07628408    -0.2744757    -0.2014151    0.1687738    0.1996552    0.003289455    -0.02435079    0.118167    0.07717687    -0.2089083
0.07146314    -0.3854224    0.0678435    1    -0.5213228    0.07489067    0.0547225    0.0856854    0.07755775    -0.2258779    0.1391284    -0.1376494    -0.1399596    -0.02474935    0.0774684    -0.07869685    -0.06561924    -0.06850767    0.02139405    0.06979553    0.007044219    0.1202815    0.1252807    -0.107563    -0.05690554
-0.186491    -0.1678645    -0.472596    -0.5213228    1    0.001308774    -0.2842952    -0.3625662    -0.2182    0.376897    -0.08268409    0.3679333    0.3753721    0.08584891    -0.2301092    0.1388847    0.2766363    0.2787895    -0.05475639    -0.3240347    -0.008707845    -0.1018521    -0.2046732    0.06815588    0.1734817
0.1065335    -0.02652326    -0.05770314    0.07489067    0.001308774    1    0.1120652    -0.3681135    -0.001060997    -0.08082685    -0.01000321    -0.02540894    -0.083802    -0.1759938    0.1117012    -0.07092116    -0.1953801    -0.1483596    -0.03151109    0.1852554    0.08943497    0.05365194    -0.05540616    -0.06844254    0.01664196
0.2257595    0.3917668    0.2303995    0.0547225    -0.2842952    0.1120652    1    0.2555411    -0.289436    -0.3011503    -0.04461469    -0.3857364    -0.3786968    -0.1404111    0.3354899    -0.2133869    -0.3254068    -0.3375196    -0.07825479    0.4841595    0.03305829    0.05355254    0.08292448    -0.0195104    -0.09719757
0.1698506    0.3513654    0.2387623    0.0856854    -0.3625662    -0.3681135    0.2555411    1    0.1903292    -0.5369004    -0.02020203    -0.2715947    -0.3166851    -0.06077643    0.2313087    -0.1711825    -0.3338633    -0.3551277    -0.01308511    0.4241581    -0.06520053    0.09080969    0.2160299    -0.1013549    -0.1379644
0.009550798    0.1176469    0.2304923    0.07755775    -0.2182    -0.001060997    -0.289436    0.1903292    1    -0.4704953    -0.01712373    -0.1883169    -0.2366578    -0.05334294    0.1776458    0.054836    -0.3156597    -0.3205359    0.1472139    0.2247771    -0.0006870997    0.07689536    0.09429205    -0.07526576    -0.1011389
-0.191466    -0.3577865    -0.2600784    -0.2258779    0.376897    -0.08082685    -0.3011503    -0.5369004    -0.4704953    1    -0.01398185    0.335476    0.3905641    0.1952465    -0.2996847    0.1477664    0.4127711    0.4201623    -0.02778024    -0.5069246    -0.06343583    -0.09853316    -0.09621278    0.08397279    0.1338955
0.1812945    -0.05986089    -0.178747    0.1391284    -0.08268409    -0.01000321    -0.04461469    -0.02020203    -0.01712373    -0.01398185    1    -0.01661703    -0.3486004    -0.02664636    -0.09414548    0.03368847    0.03433939    -0.004447382    0.00825243    -0.01400047    -0.05771963    0.07166336    0.03325712    -0.07754785    0.08939344
-0.2163152    -0.4006306    -0.3409887    -0.1376494    0.3679333    -0.02540894    -0.3857364    -0.2715947    -0.1883169    0.335476    -0.01661703    1    0.5772542    -0.1250704    -0.5223465    0.2036332    0.5393134    0.4840847    -0.04483331    -0.5358652    0.03171187    -0.04231465    -0.1726421    -0.0006882483    0.1945135
-0.3234943    -0.4270984    -0.3146898    -0.1399596    0.3753721    -0.083802    -0.3786968    -0.3166851    -0.2366578    0.3905641    -0.3486004    0.5772542    1    0.2385394    -0.7075003    0.2273242    0.5994849    0.5315008    -0.04401078    -0.6302838    0.02874829    -0.1115645    -0.1595049    0.1084129    0.08908324
-0.1421711    -0.1945501    -0.05609599    -0.02474935    0.08584891    -0.1759938    -0.1404111    -0.06077643    -0.05334294    0.1952465    -0.02664636    -0.1250704    0.2385394    1    -0.4755204    0.2167233    0.2347585    0.1831186    0.08773825    -0.3425693    -0.07682013    -0.02686611    0.04812378    0.01818613    -0.008532407
0.1276337    0.3665131    0.3754309    0.0774684    -0.2301092    0.1117012    0.3354899    0.2313087    0.1776458    -0.2996847    -0.09414548    -0.5223465    -0.7075003    -0.4755204    1    -0.265943    -0.5592077    -0.4633257    0.01297778    0.5496984    0.001488745    0.02672597    0.1082122    -0.0001268801    -0.150926
-0.1707447    -0.1725062    -0.07628408    -0.07869685    0.1388847    -0.07092116    -0.2133869    -0.1711825    0.054836    0.1477664    0.03368847    0.2036332    0.2273242    0.2167233    -0.265943    1    0.1979651    -0.2026812    0.04494793    -0.3147692    -0.07234985    -0.05092707    -0.01062636    0.04131803    0.06735809
-0.1816498    -0.3316323    -0.2744757    -0.06561924    0.2766363    -0.1953801    -0.3254068    -0.3338633    -0.3156597    0.4127711    0.03433939    0.5393134    0.5994849    0.2347585    -0.5592077    0.1979651    1    0.5732349    -0.4063721    -0.5893912    0.04382611    -0.1519138    -0.2069495    0.147456    0.1266855
-0.1787046    -0.3007465    -0.2014151    -0.06850767    0.2787895    -0.1483596    -0.3375196    -0.3551277    -0.3205359    0.4201623    -0.004447382    0.4840847    0.5315008    0.1831186    -0.4633257    -0.2026812    0.5732349    1    -0.126535    -0.6835069    0.07216678    -0.1366979    -0.2135523    0.1309635    0.1022609
-0.1329737    -0.02313803    0.1687738    0.02139405    -0.05475639    -0.03151109    -0.07825479    -0.01308511    0.1472139    -0.02778024    0.00825243    -0.04483331    -0.04401078    0.08773825    0.01297778    0.04494793    -0.4063721    -0.126535    1    -0.2139703    -0.09724688    0.08494758    0.1524365    -0.06161609    -0.0388657
0.3296745    0.4414418    0.1996552    0.06979553    -0.3240347    0.1852554    0.4841595    0.4241581    0.2247771    -0.5069246    -0.01400047    -0.5358652    -0.6302838    -0.3425693    0.5496984    -0.3147692    -0.5893912    -0.6835069    -0.2139703    1    0.03449413    0.1121547    0.117506    -0.1280492    -0.09894226
0.01583293    0.02059278    0.003289455    0.007044219    -0.008707845    0.08943497    0.03305829    -0.06520053    -0.0006870997    -0.06343583    -0.05771963    0.03171187    0.02874829    -0.07682013    0.001488745    -0.07234985    0.04382611    0.07216678    -0.09724688    0.03449413    1    0.01044061    -0.785367    -0.05049712    0.2023296
0.1338123    0.01827175    -0.02435079    0.1202815    -0.1018521    0.05365194    0.05355254    0.09080969    0.07689536    -0.09853316    0.07166336    -0.04231465    -0.1115645    -0.02686611    0.02672597    -0.05092707    -0.1519138    -0.1366979    0.08494758    0.1121547    0.01044061    1    0.1795338    -0.8060869    0.1746387
0.0477652    0.07303536    0.118167    0.1252807    -0.2046732    -0.05540616    0.08292448    0.2160299    0.09429205    -0.09621278    0.03325712    -0.1726421    -0.1595049    0.04812378    0.1082122    -0.01062636    -0.2069495    -0.2135523    0.1524365    0.117506    -0.785367    0.1795338    1    -0.05741289    -0.518797
-0.1592029    -0.007256017    0.07717687    -0.107563    0.06815588    -0.06844254    -0.0195104    -0.1013549    -0.07526576    0.08397279    -0.07754785    -0.0006882483    0.1084129    0.01818613    -0.0001268801    0.04131803    0.147456    0.1309635    -0.06161609    -0.1280492    -0.05049712    -0.8060869    -0.05741289    1    -0.4833687
0.04421949    -0.1207018    -0.2089083    -0.05690554    0.1734817    0.01664196    -0.09719757    -0.1379644    -0.1011389    0.1338955    0.08939344    0.1945135    0.08908324    -0.008532407    -0.150926    0.06735809    0.1266855    0.1022609    -0.0388657    -0.09894226    0.2023296    0.1746387    -0.518797    -0.4833687    1
