1    -0.01661703    -0.3486004    -0.02664636    -0.09414548    0.03368847    0.03433939    -0.004447382    0.00825243    -0.01400047    0.02323805    -0.07432878    -0.04789346    0.08016152    0.02111782
-0.01661703    1    0.5772542    -0.1250704    -0.5223465    0.2036332    0.5393134    0.4840847    -0.04483331    -0.5358652    -0.03510461    -0.254736    -0.1273786    0.05514635    0.2334615
-0.3486004    0.5772542    1    0.2385394    -0.7075003    0.2273242    0.5994849    0.5315008    -0.04401078    -0.6302838    0.00777159    -0.2371781    -0.1712801    0.03109355    0.2732888
-0.02664636    -0.1250704    0.2385394    1    -0.4755204    0.2167233    0.2347585    0.1831186    0.08773825    -0.3425693    0.1011851    -0.008575349    -0.2189673    -0.1078424    0.2110307
-0.09414548    -0.5223465    -0.7075003    -0.4755204    1    -0.265943    -0.5592077    -0.4633257    0.01297778    0.5496984    -0.08289011    0.2585568    0.2502844    -0.05412657    -0.257804
0.03368847    0.2036332    0.2273242    0.2167233    -0.265943    1    0.1979651    -0.2026812    0.04494793    -0.3147692    0.01492216    -0.04843304    -0.1426587    -0.01997285    0.140295
0.03433939    0.5393134    0.5994849    0.2347585    -0.5592077    0.1979651    1    0.5732349    -0.4063721    -0.5893912    0.09684223    -0.09503279    -0.1873559    -0.1171938    0.3377424
-0.004447382    0.4840847    0.5315008    0.1831186    -0.4633257    -0.2026812    0.5732349    1    -0.126535    -0.6835069    0.1241885    -0.003161933    -0.1566022    -0.1393741    0.318676
0.00825243    -0.04483331    -0.04401078    0.08773825    0.01297778    0.04494793    -0.4063721    -0.126535    1    -0.2139703    -0.01666453    0.08665564    -0.03952366    -0.1033577    0.1022646
-0.01400047    -0.5358652    -0.6302838    -0.3425693    0.5496984    -0.3147692    -0.5893912    -0.6835069    -0.2139703    1    -0.09272518    0.04728562    0.2284569    0.1399942    -0.3731317
0.02323805    -0.03510461    0.00777159    0.1011851    -0.08289011    0.01492216    0.09684223    0.1241885    -0.01666453    -0.09272518    1    0.2671    -0.8075088    -0.3127521    0.2726119
-0.07432878    -0.254736    -0.2371781    -0.008575349    0.2585568    -0.04843304    -0.09503279    -0.003161933    0.08665564    0.04728562    0.2671    1    0.05249734    -0.7928898    0.1062123
-0.04789346    -0.1273786    -0.1712801    -0.2189673    0.2502844    -0.1426587    -0.1873559    -0.1566022    -0.03952366    0.2284569    -0.8075088    0.05249734    1    0.1878545    -0.5510975
0.08016152    0.05514635    0.03109355    -0.1078424    -0.05412657    -0.01997285    -0.1171938    -0.1393741    -0.1033577    0.1399942    -0.3127521    -0.7928898    0.1878545    1    -0.5218773
0.02111782    0.2334615    0.2732888    0.2110307    -0.257804    0.140295    0.3377424    0.318676    0.1022646    -0.3731317    0.2726119    0.1062123    -0.5510975    -0.5218773    1
