1    0.1979651    -0.2026812    0.04494793    -0.3147692    -0.1103996    -0.08466297    -0.01819672    0.05257523    0.1741905
0.1979651    1    0.5732349    -0.4063721    -0.5893912    -0.1818691    -0.2968743    -0.0671591    0.1341554    0.3961087
-0.2026812    0.5732349    1    -0.126535    -0.6835069    -0.1337689    -0.248995    -0.05766084    0.08529414    0.3508024
0.04494793    -0.4063721    -0.126535    1    -0.2139703    -0.01983832    0.03974125    0.01389667    -0.003390105    -0.01511483
-0.3147692    -0.5893912    -0.6835069    -0.2139703    1    0.2275158    0.2886728    0.0130758    -0.1364136    -0.3809057
-0.1103996    -0.1818691    -0.1337689    -0.01983832    0.2275158    1    0.1953323    -0.695648    -0.2326318    -0.02677642
-0.08466297    -0.2968743    -0.248995    0.03974125    0.2886728    0.1953323    1    0.1100815    -0.7822726    -0.02175584
-0.01819672    -0.0671591    -0.05766084    0.01389667    0.0130758    -0.695648    0.1100815    1    0.1165681    -0.4982167
0.05257523    0.1341554    0.08529414    -0.003390105    -0.1364136    -0.2326318    -0.7822726    0.1165681    1    -0.3246457
0.1741905    0.3961087    0.3508024    -0.01511483    -0.3809057    -0.02677642    -0.02175584    -0.4982167    -0.3246457    1
