1.472261e-06    -2.771836e-08    -8.060405e-07    -1.670963e-07    5.869345e-09    1.372409e-07    -1.349832e-07    -1.145155e-07    1.491429e-07    -1.116148e-08
-2.771836e-08    1.40532e-06    -1.165064e-07    -8.28338e-07    8.458467e-08    -8.695167e-08    -5.21234e-08    -6.455015e-08    -7.782534e-08    1.280782e-07
-8.060405e-07    -1.165064e-07    1.404402e-06    -2.098517e-08    -5.475253e-07    -5.923838e-08    -6.958824e-08    -1.0309e-07    -1.064014e-07    1.796489e-07
-1.670963e-07    -8.28338e-07    -2.098517e-08    1.487765e-06    -4.545773e-07    1.280822e-07    -1.362658e-07    -1.250753e-07    1.621283e-07    -1.427687e-08
5.869345e-09    8.458467e-08    -5.475253e-07    -4.545773e-07    1.395502e-06    -5.242479e-08    1.997559e-07    1.879267e-07    -7.093035e-08    -1.221763e-07
1.372409e-07    -8.695167e-08    -5.923838e-08    1.280822e-07    -5.242479e-08    1.451722e-06    5.084839e-08    -8.917713e-07    9.169017e-09    -9.626868e-08
-1.349832e-07    -5.21234e-08    -6.958824e-08    -1.362658e-07    1.997559e-07    5.084839e-08    1.593388e-06    -3.757712e-07    -9.087368e-07    3.473426e-07
-1.145155e-07    -6.455015e-08    -1.0309e-07    -1.250753e-07    1.879267e-07    -8.917713e-07    -3.757712e-07    1.553748e-06    6.150669e-08    -6.874152e-07
1.491429e-07    -7.782534e-08    -1.064014e-07    1.621283e-07    -7.093035e-08    9.169017e-09    -9.087368e-07    6.150669e-08    1.45305e-06    -5.407393e-07
-1.116148e-08    1.280782e-07    1.796489e-07    -1.427687e-08    -1.221763e-07    -9.626868e-08    3.473426e-07    -6.874152e-07    -5.407393e-07    1.411932e-06
