1.472261e-06    -2.771836e-08    -8.060405e-07    -1.670963e-07    5.869345e-09    1.874511e-08    1.702867e-08    -2.201426e-08    -1.084486e-08    5.947738e-08    1.105395e-07    -9.147291e-08    -1.238757e-07    1.050113e-07    -2.2601e-09
-2.771836e-08    1.40532e-06    -1.165064e-07    -8.28338e-07    8.458467e-08    -4.469316e-09    -1.948866e-08    -7.727277e-09    1.031393e-08    3.891361e-08    -7.546077e-08    -9.620477e-08    -6.119929e-08    -6.103017e-08    1.425793e-07
-8.060405e-07    -1.165064e-07    1.404402e-06    -2.098517e-08    -5.475253e-07    -2.841821e-08    -1.670987e-09    4.14767e-08    2.134997e-08    -3.255562e-08    -6.822605e-08    -1.160964e-07    -9.256362e-08    -5.72444e-08    1.72404e-07
-1.670963e-07    -8.28338e-07    -2.098517e-08    1.487765e-06    -4.545773e-07    -7.402581e-10    9.35678e-09    9.303206e-09    8.214111e-09    -7.499912e-08    8.329951e-08    -1.288955e-07    -1.136107e-07    1.379895e-07    1.635658e-08
5.869345e-09    8.458467e-08    -5.475253e-07    -4.545773e-07    1.395502e-06    8.275076e-08    9.255482e-09    -5.035585e-08    -7.889481e-08    -8.046208e-08    -3.724478e-08    1.92759e-07    1.931197e-07    -4.849332e-08    -1.555638e-07
1.874511e-08    -4.469316e-09    -2.841821e-08    -7.402581e-10    8.275076e-08    1.494597e-06    -1.049596e-08    -8.186644e-07    -1.86224e-07    -2.001404e-08    1.142427e-07    -1.215954e-07    -1.130986e-07    1.177923e-07    -7.338422e-09
1.702867e-08    -1.948866e-08    -1.670987e-09    9.35678e-09    9.255482e-09    -1.049596e-08    1.411913e-06    -9.452864e-08    -8.109401e-07    5.829558e-08    -1.10537e-07    -1.185073e-07    -6.590989e-08    -7.883511e-08    1.964614e-07
-2.201426e-08    -7.727277e-09    4.14767e-08    9.303206e-09    -5.035585e-08    -8.186644e-07    -9.452864e-08    1.406109e-06    -3.27649e-08    -5.292035e-07    -7.794776e-08    -7.241037e-08    -9.753748e-08    -7.153399e-08    1.666752e-07
-1.084486e-08    1.031393e-08    2.134997e-08    8.214111e-09    -7.889481e-08    -1.86224e-07    -8.109401e-07    -3.27649e-08    1.473983e-06    -4.513986e-07    1.550505e-07    -9.85545e-08    -1.38185e-07    1.508458e-07    -4.169355e-08
5.947738e-08    3.891361e-08    -3.255562e-08    -7.499912e-08    -8.046208e-08    -2.001404e-08    5.829558e-08    -5.292035e-07    -4.513986e-07    1.397723e-06    -4.737474e-08    2.208805e-07    1.928462e-07    -5.69852e-08    -1.280036e-07
1.105395e-07    -7.546077e-08    -6.822605e-08    8.329951e-08    -3.724478e-08    1.142427e-07    -1.10537e-07    -7.794776e-08    1.550505e-07    -4.737474e-08    1.457257e-06    1.743115e-07    -9.820345e-07    -2.900465e-08    -9.333046e-09
-9.147291e-08    -9.620477e-08    -1.160964e-07    -1.288955e-07    1.92759e-07    -1.215954e-07    -1.185073e-07    -7.241037e-08    -9.85545e-08    2.208805e-07    1.743115e-07    1.616657e-06    -3.358758e-07    -9.808844e-07    3.401568e-07
-1.238757e-07    -6.119929e-08    -9.256362e-08    -1.136107e-07    1.931197e-07    -1.130986e-07    -6.590989e-08    -9.753748e-08    -1.38185e-07    1.928462e-07    -9.820345e-07    -3.358758e-07    1.598062e-06    1.488089e-07    -7.693114e-07
1.050113e-07    -6.103017e-08    -5.72444e-08    1.379895e-07    -4.849332e-08    1.177923e-07    -7.883511e-08    -7.153399e-08    1.508458e-07    -5.69852e-08    -2.900465e-08    -9.808844e-07    1.488089e-07    1.454786e-06    -6.167025e-07
-2.2601e-09    1.425793e-07    1.72404e-07    1.635658e-08    -1.555638e-07    -7.338422e-09    1.964614e-07    1.666752e-07    -4.169355e-08    -1.280036e-07    -9.333046e-09    3.401568e-07    -7.693114e-07    -6.167025e-07    1.398793e-06
