1.472261e-06    -2.771836e-08    -8.060405e-07    -1.670963e-07    5.869345e-09    1.874511e-08    1.702867e-08    -2.201426e-08    -1.084486e-08    5.947738e-08    9.967145e-08    4.461091e-08    -3.06574e-08    -2.327973e-08    5.388964e-09
-2.771836e-08    1.40532e-06    -1.165064e-07    -8.28338e-07    8.458467e-08    -4.469316e-09    -1.948866e-08    -7.727277e-09    1.031393e-08    3.891361e-08    -5.675094e-08    1.228945e-07    5.084506e-08    -8.20725e-08    1.752571e-08
-8.060405e-07    -1.165064e-07    1.404402e-06    -2.098517e-08    -5.475253e-07    -2.841821e-08    -1.670987e-09    4.14767e-08    2.134997e-08    -3.255562e-08    -9.317784e-08    2.470913e-08    1.074886e-07    2.630118e-09    -6.373048e-08
-1.670963e-07    -8.28338e-07    -2.098517e-08    1.487765e-06    -4.545773e-07    -7.402581e-10    9.35678e-09    9.303206e-09    8.214111e-09    -7.499912e-08    3.245994e-08    -5.829679e-08    2.119271e-08    1.030671e-07    -8.43581e-08
5.869345e-09    8.458467e-08    -5.475253e-07    -4.545773e-07    1.395502e-06    8.275076e-08    9.255482e-09    -5.035585e-08    -7.889481e-08    -8.046208e-08    -2.017596e-08    -4.765966e-08    -5.16657e-08    1.735448e-08    1.354083e-07
1.874511e-08    -4.469316e-09    -2.841821e-08    -7.402581e-10    8.275076e-08    1.494597e-06    -1.049596e-08    -8.186644e-07    -1.86224e-07    -2.001404e-08    1.031023e-07    9.281925e-09    -5.164372e-08    -9.758488e-09    -8.261123e-09
1.702867e-08    -1.948866e-08    -1.670987e-09    9.35678e-09    9.255482e-09    -1.049596e-08    1.411913e-06    -9.452864e-08    -8.109401e-07    5.829558e-08    -3.243185e-08    8.059041e-08    4.381371e-08    -4.816304e-08    2.064881e-09
-2.201426e-08    -7.727277e-09    4.14767e-08    9.303206e-09    -5.035585e-08    -8.186644e-07    -9.452864e-08    1.406109e-06    -3.27649e-08    -5.292035e-07    -6.129469e-08    5.579549e-08    1.148692e-07    -4.18127e-08    -5.483602e-08
-1.084486e-08    1.031393e-08    2.134997e-08    8.214111e-09    -7.889481e-08    -1.86224e-07    -8.109401e-07    -3.27649e-08    1.473983e-06    -4.513986e-07    2.130301e-08    -1.755569e-08    1.973498e-08    7.527577e-08    -7.962227e-08
5.947738e-08    3.891361e-08    -3.255562e-08    -7.499912e-08    -8.046208e-08    -2.001404e-08    5.829558e-08    -5.292035e-07    -4.513986e-07    1.397723e-06    -3.283871e-08    -4.944293e-08    -9.703508e-08    3.528316e-08    1.728189e-07
9.967145e-08    -5.675094e-08    -9.317784e-08    3.245994e-08    -2.017596e-08    1.031023e-07    -3.243185e-08    -6.129469e-08    2.130301e-08    -3.283871e-08    1.4927e-06    1.011661e-07    -9.729293e-07    5.491024e-08    -1.085604e-08
4.461091e-08    1.228945e-07    2.470913e-08    -5.829679e-08    -4.765966e-08    9.281925e-09    8.059041e-08    5.579549e-08    -1.755569e-08    -4.944293e-08    1.011661e-07    1.476813e-06    -2.318646e-07    -9.495468e-07    2.910746e-07
-3.06574e-08    5.084506e-08    1.074886e-07    2.119271e-08    -5.16657e-08    -5.164372e-08    4.381371e-08    1.148692e-07    1.973498e-08    -9.703508e-08    -9.729293e-07    -2.318646e-07    1.505898e-06    6.52095e-08    -6.835474e-07
-2.327973e-08    -8.20725e-08    2.630118e-09    1.030671e-07    1.735448e-08    -9.758488e-09    -4.816304e-08    -4.18127e-08    7.527577e-08    3.528316e-08    5.491024e-08    -9.495468e-07    6.52095e-08    1.505401e-06    -6.461711e-07
5.388964e-09    1.752571e-08    -6.373048e-08    -8.43581e-08    1.354083e-07    -8.261123e-09    2.064881e-09    -5.483602e-08    -7.962227e-08    1.728189e-07    -1.085604e-08    2.910746e-07    -6.835474e-07    -6.461711e-07    1.414867e-06
