1.472261e-06    -2.771836e-08    -8.060405e-07    -1.670963e-07    5.869345e-09    1.874511e-08    1.702867e-08    -2.201426e-08    -1.084486e-08    5.947738e-08    5.38331e-09    -8.709701e-09    1.398522e-08    1.868683e-08    -1.937205e-09
-2.771836e-08    1.40532e-06    -1.165064e-07    -8.28338e-07    8.458467e-08    -4.469316e-09    -1.948866e-08    -7.727277e-09    1.031393e-08    3.891361e-08    3.845761e-08    1.633907e-08    -2.81069e-08    -5.048369e-09    -3.22386e-08
-8.060405e-07    -1.165064e-07    1.404402e-06    -2.098517e-08    -5.475253e-07    -2.841821e-08    -1.670987e-09    4.14767e-08    2.134997e-08    -3.255562e-08    -1.159592e-08    2.448687e-08    2.401054e-08    -9.306364e-09    -6.37158e-08
-1.670963e-07    -8.28338e-07    -2.098517e-08    1.487765e-06    -4.545773e-07    -7.402581e-10    9.35678e-09    9.303206e-09    8.214111e-09    -7.499912e-08    1.969572e-09    1.115089e-08    1.728936e-08    -2.61376e-08    -2.947708e-09
5.869345e-09    8.458467e-08    -5.475253e-07    -4.545773e-07    1.395502e-06    8.275076e-08    9.255482e-09    -5.035585e-08    -7.889481e-08    -8.046208e-08    1.112842e-08    -1.990192e-08    -1.801221e-08    1.571318e-08    5.590347e-08
1.874511e-08    -4.469316e-09    -2.841821e-08    -7.402581e-10    8.275076e-08    1.494597e-06    -1.049596e-08    -8.186644e-07    -1.86224e-07    -2.001404e-08    -1.076428e-08    -2.060325e-08    8.578279e-09    1.461576e-08    -1.810542e-08
1.702867e-08    -1.948866e-08    -1.670987e-09    9.35678e-09    9.255482e-09    -1.049596e-08    1.411913e-06    -9.452864e-08    -8.109401e-07    5.829558e-08    -8.08365e-09    3.546509e-09    1.669904e-08    4.230727e-08    -5.263048e-08
-2.201426e-08    -7.727277e-09    4.14767e-08    9.303206e-09    -5.035585e-08    -8.186644e-07    -9.452864e-08    1.406109e-06    -3.27649e-08    -5.292035e-07    1.806353e-08    1.161726e-08    -4.700914e-09    1.008458e-10    -4.805127e-08
-1.084486e-08    1.031393e-08    2.134997e-08    8.214111e-09    -7.889481e-08    -1.86224e-07    -8.109401e-07    -3.27649e-08    1.473983e-06    -4.513986e-07    2.11214e-08    8.69869e-09    1.382589e-08    -3.513044e-08    -1.532635e-08
5.947738e-08    3.891361e-08    -3.255562e-08    -7.499912e-08    -8.046208e-08    -2.001404e-08    5.829558e-08    -5.292035e-07    -4.513986e-07    1.397723e-06    -1.660127e-08    -3.040463e-09    -1.069932e-08    3.789792e-09    6.309688e-08
5.38331e-09    3.845761e-08    -1.159592e-08    1.969572e-09    1.112842e-08    -1.076428e-08    -8.08365e-09    1.806353e-08    2.11214e-08    -1.660127e-08    1.444516e-06    -1.939162e-07    -9.293725e-07    1.499415e-07    5.878618e-08
-8.709701e-09    1.633907e-08    2.448687e-08    1.115089e-08    -1.990192e-08    -2.060325e-08    3.546509e-09    1.161726e-08    8.69869e-09    -3.040463e-09    -1.939162e-07    1.465682e-06    4.995097e-08    -9.667921e-07    3.112e-07
1.398522e-08    -2.81069e-08    2.401054e-08    1.728936e-08    -1.801221e-08    8.578279e-09    1.669904e-08    -4.700914e-09    1.382589e-08    -1.069932e-08    -9.293725e-07    4.995097e-08    1.456154e-06    2.002684e-08    -6.826053e-07
1.868683e-08    -5.048369e-09    -9.306364e-09    -2.61376e-08    1.571318e-08    1.461576e-08    4.230727e-08    1.008458e-10    -3.513044e-08    3.789792e-09    1.499415e-07    -9.667921e-07    2.002684e-08    1.5434e-06    -8.089421e-07
-1.937205e-09    -3.22386e-08    -6.37158e-08    -2.947708e-09    5.590347e-08    -1.810542e-08    -5.263048e-08    -4.805127e-08    -1.532635e-08    6.309688e-08    5.878618e-08    3.112e-07    -6.826053e-07    -8.089421e-07    1.387049e-06
