1.472261e-06    -2.771836e-08    -8.060405e-07    -1.670963e-07    5.869345e-09    1.00581e-08    3.796624e-10    -9.789892e-09    -1.165722e-08    -2.63914e-09
-2.771836e-08    1.40532e-06    -1.165064e-07    -8.28338e-07    8.458467e-08    2.151893e-09    9.248918e-09    1.683281e-08    5.034353e-09    -1.159472e-08
-8.060405e-07    -1.165064e-07    1.404402e-06    -2.098517e-08    -5.475253e-07    -1.667617e-08    1.104225e-08    2.336327e-08    -1.752689e-09    8.054417e-09
-1.670963e-07    -8.28338e-07    -2.098517e-08    1.487765e-06    -4.545773e-07    -2.06793e-08    -2.064185e-08    5.817574e-09    1.097319e-08    4.679671e-09
5.869345e-09    8.458467e-08    -5.475253e-07    -4.545773e-07    1.395502e-06    1.100251e-08    5.579831e-09    -1.718432e-08    1.31373e-08    -1.343833e-08
1.00581e-08    2.151893e-09    -1.667617e-08    -2.06793e-08    1.100251e-08    1.50224e-06    8.840528e-08    -8.956167e-07    -7.148572e-08    1.182897e-09
3.796624e-10    9.248918e-09    1.104225e-08    -2.064185e-08    5.579831e-09    8.840528e-08    1.435959e-06    -2.204547e-07    -9.522975e-07    2.322514e-07
-9.789892e-09    1.683281e-08    2.336327e-08    5.817574e-09    -1.718432e-08    -8.956167e-07    -2.204547e-07    1.417768e-06    -1.869782e-09    -5.391077e-07
-1.165722e-08    5.034353e-09    -1.752689e-09    1.097319e-08    1.31373e-08    -7.148572e-08    -9.522975e-07    -1.869782e-09    1.52686e-06    -6.059923e-07
-2.63914e-09    -1.159472e-08    8.054417e-09    4.679671e-09    -1.343833e-08    1.182897e-09    2.322514e-07    -5.391077e-07    -6.059923e-07    1.410909e-06
