1.472261e-06    -2.771836e-08    -8.060405e-07    -1.670963e-07    5.869345e-09    1.874511e-08    1.702867e-08    -2.201426e-08    -1.084486e-08    5.947738e-08    1.436691e-07    -1.36267e-07    -1.832197e-07    1.262935e-07    4.716173e-08    1.00581e-08    3.796624e-10    -9.789892e-09    -1.165722e-08    -2.63914e-09    1.18772e-07    4.259118e-08    -5.94661e-08    -1.824484e-08    -4.958132e-08
-2.771836e-08    1.40532e-06    -1.165064e-07    -8.28338e-07    8.458467e-08    -4.469316e-09    -1.948866e-08    -7.727277e-09    1.031393e-08    3.891361e-08    -1.875632e-07    -6.118044e-09    -7.604699e-09    -1.754235e-07    1.820037e-07    2.151893e-09    9.248918e-09    1.683281e-08    5.034353e-09    -1.159472e-08    -1.982221e-08    1.283563e-07    3.305485e-08    -8.181469e-08    -3.212982e-08
-8.060405e-07    -1.165064e-07    1.404402e-06    -2.098517e-08    -5.475253e-07    -2.841821e-08    -1.670987e-09    4.14767e-08    2.134997e-08    -3.255562e-08    -1.852476e-07    -3.001265e-08    -2.358339e-09    -1.930739e-07    1.712079e-07    -1.667617e-08    1.104225e-08    2.336327e-08    -1.752689e-09    8.054417e-09    -8.06896e-08    2.696268e-08    1.23639e-07    -1.251113e-08    -4.308088e-08
-1.670963e-07    -8.28338e-07    -2.098517e-08    1.487765e-06    -4.545773e-07    -7.402581e-10    9.35678e-09    9.303206e-09    8.214111e-09    -7.499912e-08    1.534938e-07    -1.710515e-07    -1.580989e-07    1.043708e-07    3.24532e-08    -2.06793e-08    -2.064185e-08    5.817574e-09    1.097319e-08    4.679671e-09    -1.52912e-08    -6.377093e-08    2.266387e-08    9.995015e-08    -1.902189e-09
5.869345e-09    8.458467e-08    -5.475253e-07    -4.545773e-07    1.395502e-06    8.275076e-08    9.255482e-09    -5.035585e-08    -7.889481e-08    -8.046208e-08    5.345078e-08    1.876184e-07    1.447817e-07    6.362265e-08    -2.09813e-07    1.100251e-08    5.579831e-09    -1.718432e-08    1.31373e-08    -1.343833e-08    -1.907629e-08    -6.478161e-08    -7.251982e-08    4.039775e-08    1.469731e-07
1.874511e-08    -4.469316e-09    -2.841821e-08    -7.402581e-10    8.275076e-08    1.494597e-06    -1.049596e-08    -8.186644e-07    -1.86224e-07    -2.001404e-08    -2.44613e-08    4.45297e-08    3.699507e-09    -2.580469e-08    3.126964e-08    1.459714e-07    -1.703664e-07    -1.8633e-07    1.180259e-07    5.565945e-08    1.775202e-08    -7.449213e-08    9.668411e-09    9.175057e-08    -2.233565e-08
1.702867e-08    -1.948866e-08    -1.670987e-09    9.35678e-09    9.255482e-09    -1.049596e-08    1.411913e-06    -9.452864e-08    -8.109401e-07    5.829558e-08    1.377491e-08    1.983518e-08    -3.843668e-09    -3.941666e-09    2.506064e-10    -2.206012e-07    -4.841247e-09    -1.363652e-08    -1.837003e-07    2.211753e-07    -7.728271e-08    6.008997e-08    9.817511e-08    -3.13116e-08    -3.081311e-08
-2.201426e-08    -7.727277e-09    4.14767e-08    9.303206e-09    -5.035585e-08    -8.186644e-07    -9.452864e-08    1.406109e-06    -3.27649e-08    -5.292035e-07    3.683181e-08    -1.512273e-08    -8.899487e-09    5.407081e-09    -1.376822e-08    -2.272212e-07    -4.672148e-09    2.142353e-09    -1.763161e-07    2.066615e-07    -4.324797e-08    1.296148e-07    6.04606e-08    -6.482557e-08    -3.788656e-08
-1.084486e-08    1.031393e-08    2.134997e-08    8.214111e-09    -7.889481e-08    -1.86224e-07    -8.109401e-07    -3.27649e-08    1.473983e-06    -4.513986e-07    9.301268e-09    -1.540914e-08    1.161646e-09    9.035586e-09    -1.329523e-08    1.449658e-07    -1.703376e-07    -1.618117e-07    1.411534e-07    1.898848e-08    8.198217e-08    -5.125977e-09    -3.92709e-08    1.985849e-08    -3.682061e-08
5.947738e-08    3.891361e-08    -3.255562e-08    -7.499912e-08    -8.046208e-08    -2.001404e-08    5.829558e-08    -5.292035e-07    -4.513986e-07    1.397723e-06    -3.847593e-08    2.892274e-09    2.801355e-08    -1.177405e-08    -3.442688e-10    7.766912e-08    1.725948e-07    1.945147e-07    3.384239e-08    -2.564718e-07    3.241856e-08    -5.499853e-08    -6.447926e-08    -5.521705e-08    -1.354611e-08
1.436691e-07    -1.875632e-07    -1.852476e-07    1.534938e-07    5.345078e-08    -2.44613e-08    1.377491e-08    3.683181e-08    9.301268e-09    -3.847593e-08    1.540072e-06    4.203011e-08    -9.845987e-07    -8.415882e-08    1.218942e-07    -3.749639e-08    -2.061162e-08    -1.315577e-08    2.257428e-08    6.28871e-08    2.458834e-08    -1.393853e-08    5.883682e-10    5.907895e-08    -5.090386e-08
-1.36267e-07    -6.118044e-09    -3.001265e-08    -1.710515e-07    1.876184e-07    4.45297e-08    1.983518e-08    -1.512273e-08    -1.540914e-08    2.892274e-09    4.203011e-08    1.409758e-06    -2.469949e-07    -9.085959e-07    2.757342e-07    -3.995631e-08    -2.048867e-08    1.155789e-08    1.887359e-08    1.941868e-08    -7.603796e-08    9.891867e-08    9.054588e-08    -4.578368e-08    -2.933466e-08
-1.832197e-07    -7.604699e-09    -2.358339e-09    -1.580989e-07    1.447817e-07    3.699507e-09    -3.843668e-09    -8.899487e-09    1.161646e-09    2.801355e-08    -9.845987e-07    -2.469949e-07    1.424396e-06    9.399913e-08    -5.746941e-07    4.003881e-08    -1.290631e-08    -2.187667e-08    5.543081e-09    -2.76858e-08    -1.40208e-08    8.010611e-08    6.461096e-08    -3.46447e-08    -2.803342e-08
1.262935e-07    -1.754235e-07    -1.930739e-07    1.043708e-07    6.362265e-08    -2.580469e-08    -3.941666e-09    5.407081e-09    9.035586e-09    -1.177405e-08    -8.415882e-08    -9.085959e-07    9.399913e-08    1.510507e-06    -6.59625e-07    6.003308e-08    2.087379e-08    -2.533295e-08    -4.925901e-08    -1.404696e-08    5.857065e-08    -8.853396e-09    1.359291e-09    4.553733e-08    -3.990316e-08
4.716173e-08    1.820037e-07    1.712079e-07    3.24532e-08    -2.09813e-07    3.126964e-08    2.506064e-10    -1.376822e-08    -1.329523e-08    -3.442688e-10    1.218942e-07    2.757342e-07    -5.746941e-07    -6.59625e-07    1.366875e-06    1.587904e-09    2.072681e-08    2.704318e-08    -1.494102e-08    -7.804026e-08    -1.076964e-08    -8.009179e-08    -6.619746e-08    -2.435748e-08    5.608049e-08
1.00581e-08    2.151893e-09    -1.667617e-08    -2.06793e-08    1.100251e-08    1.459714e-07    -2.206012e-07    -2.272212e-07    1.449658e-07    7.766912e-08    -3.749639e-08    -3.995631e-08    4.003881e-08    6.003308e-08    1.587904e-09    1.50224e-06    8.840528e-08    -8.956167e-07    -7.148572e-08    1.182897e-09    5.037479e-08    -1.477937e-09    -1.017281e-08    3.607094e-08    -1.802011e-08
3.796624e-10    9.248918e-09    1.104225e-08    -2.064185e-08    5.579831e-09    -1.703664e-07    -4.841247e-09    -4.672148e-09    -1.703376e-07    1.725948e-07    -2.061162e-08    -2.048867e-08    -1.290631e-08    2.087379e-08    2.072681e-08    8.840528e-08    1.435959e-06    -2.204547e-07    -9.522975e-07    2.322514e-07    -5.194335e-08    6.564843e-08    1.129291e-07    -4.056809e-08    -2.904896e-08
-9.789892e-09    1.683281e-08    2.336327e-08    5.817574e-09    -1.718432e-08    -1.8633e-07    -1.363652e-08    2.142353e-09    -1.618117e-07    1.945147e-07    -1.315577e-08    1.155789e-08    -2.187667e-08    -2.533295e-08    2.704318e-08    -8.956167e-07    -2.204547e-07    1.417768e-06    -1.869782e-09    -5.391077e-07    -5.578538e-08    8.822685e-08    8.400916e-08    -2.357047e-08    -6.122152e-08
-1.165722e-08    5.034353e-09    -1.752689e-09    1.097319e-08    1.31373e-08    1.180259e-07    -1.837003e-07    -1.763161e-07    1.411534e-07    3.384239e-08    2.257428e-08    1.887359e-08    5.543081e-09    -4.925901e-08    -1.494102e-08    -7.148572e-08    -9.522975e-07    -1.869782e-09    1.52686e-06    -6.059923e-07    6.185578e-08    1.485448e-08    -1.98732e-08    4.24029e-08    -5.299529e-08
-2.63914e-09    -1.159472e-08    8.054417e-09    4.679671e-09    -1.343833e-08    5.565945e-08    2.211753e-07    2.066615e-07    1.898848e-08    -2.564718e-07    6.28871e-08    1.941868e-08    -2.76858e-08    -1.404696e-08    -7.804026e-08    1.182897e-09    2.322514e-07    -5.391077e-07    -6.059923e-07    1.410909e-06    1.462609e-08    -7.885766e-08    -9.695632e-08    -1.514275e-08    1.083586e-07
1.18772e-07    -1.982221e-08    -8.06896e-08    -1.52912e-08    -1.907629e-08    1.775202e-08    -7.728271e-08    -4.324797e-08    8.198217e-08    3.241856e-08    2.458834e-08    -7.603796e-08    -1.40208e-08    5.857065e-08    -1.076964e-08    5.037479e-08    -5.194335e-08    -5.578538e-08    6.185578e-08    1.462609e-08    1.488221e-06    -2.408789e-08    -8.901257e-07    1.222054e-07    -3.036784e-08
4.259118e-08    1.283563e-07    2.696268e-08    -6.377093e-08    -6.478161e-08    -7.449213e-08    6.008997e-08    1.296148e-07    -5.125977e-09    -5.499853e-08    -1.393853e-08    9.891867e-08    8.010611e-08    -8.853396e-09    -8.009179e-08    -1.477937e-09    6.564843e-08    8.822685e-08    1.485448e-08    -7.885766e-08    -2.408789e-08    1.469001e-06    -2.675869e-07    -8.766441e-07    3.187884e-07
-5.94661e-08    3.305485e-08    1.23639e-07    2.266387e-08    -7.251982e-08    9.668411e-09    9.817511e-08    6.04606e-08    -3.92709e-08    -6.447926e-08    5.883682e-10    9.054588e-08    6.461096e-08    1.359291e-09    -6.619746e-08    -1.017281e-08    1.129291e-07    8.400916e-08    -1.98732e-08    -9.695632e-08    -8.901257e-07    -2.675869e-07    1.48309e-06    1.63897e-08    -6.518244e-07
-1.824484e-08    -8.181469e-08    -1.251113e-08    9.995015e-08    4.039775e-08    9.175057e-08    -3.13116e-08    -6.482557e-08    1.985849e-08    -5.521705e-08    5.907895e-08    -4.578368e-08    -3.46447e-08    4.553733e-08    -2.435748e-08    3.607094e-08    -4.056809e-08    -2.357047e-08    4.24029e-08    -1.514275e-08    1.222054e-07    -8.766441e-07    1.63897e-08    1.491342e-06    -6.821081e-07
-4.958132e-08    -3.212982e-08    -4.308088e-08    -1.902189e-09    1.469731e-07    -2.233565e-08    -3.081311e-08    -3.788656e-08    -3.682061e-08    -1.354611e-08    -5.090386e-08    -2.933466e-08    -2.803342e-08    -3.990316e-08    5.608049e-08    -1.802011e-08    -2.904896e-08    -6.122152e-08    -5.299529e-08    1.083586e-07    -3.036784e-08    3.187884e-07    -6.518244e-07    -6.821081e-07    1.407593e-06
