1.472261e-06    -2.771836e-08    -8.060405e-07    -1.670963e-07    5.869345e-09    1.874511e-08    1.702867e-08    -2.201426e-08    -1.084486e-08    5.947738e-08    1.00581e-08    3.796624e-10    -9.789892e-09    -1.165722e-08    -2.63914e-09
-2.771836e-08    1.40532e-06    -1.165064e-07    -8.28338e-07    8.458467e-08    -4.469316e-09    -1.948866e-08    -7.727277e-09    1.031393e-08    3.891361e-08    2.151893e-09    9.248918e-09    1.683281e-08    5.034353e-09    -1.159472e-08
-8.060405e-07    -1.165064e-07    1.404402e-06    -2.098517e-08    -5.475253e-07    -2.841821e-08    -1.670987e-09    4.14767e-08    2.134997e-08    -3.255562e-08    -1.667617e-08    1.104225e-08    2.336327e-08    -1.752689e-09    8.054417e-09
-1.670963e-07    -8.28338e-07    -2.098517e-08    1.487765e-06    -4.545773e-07    -7.402581e-10    9.35678e-09    9.303206e-09    8.214111e-09    -7.499912e-08    -2.06793e-08    -2.064185e-08    5.817574e-09    1.097319e-08    4.679671e-09
5.869345e-09    8.458467e-08    -5.475253e-07    -4.545773e-07    1.395502e-06    8.275076e-08    9.255482e-09    -5.035585e-08    -7.889481e-08    -8.046208e-08    1.100251e-08    5.579831e-09    -1.718432e-08    1.31373e-08    -1.343833e-08
1.874511e-08    -4.469316e-09    -2.841821e-08    -7.402581e-10    8.275076e-08    1.494597e-06    -1.049596e-08    -8.186644e-07    -1.86224e-07    -2.001404e-08    1.459714e-07    -1.703664e-07    -1.8633e-07    1.180259e-07    5.565945e-08
1.702867e-08    -1.948866e-08    -1.670987e-09    9.35678e-09    9.255482e-09    -1.049596e-08    1.411913e-06    -9.452864e-08    -8.109401e-07    5.829558e-08    -2.206012e-07    -4.841247e-09    -1.363652e-08    -1.837003e-07    2.211753e-07
-2.201426e-08    -7.727277e-09    4.14767e-08    9.303206e-09    -5.035585e-08    -8.186644e-07    -9.452864e-08    1.406109e-06    -3.27649e-08    -5.292035e-07    -2.272212e-07    -4.672148e-09    2.142353e-09    -1.763161e-07    2.066615e-07
-1.084486e-08    1.031393e-08    2.134997e-08    8.214111e-09    -7.889481e-08    -1.86224e-07    -8.109401e-07    -3.27649e-08    1.473983e-06    -4.513986e-07    1.449658e-07    -1.703376e-07    -1.618117e-07    1.411534e-07    1.898848e-08
5.947738e-08    3.891361e-08    -3.255562e-08    -7.499912e-08    -8.046208e-08    -2.001404e-08    5.829558e-08    -5.292035e-07    -4.513986e-07    1.397723e-06    7.766912e-08    1.725948e-07    1.945147e-07    3.384239e-08    -2.564718e-07
1.00581e-08    2.151893e-09    -1.667617e-08    -2.06793e-08    1.100251e-08    1.459714e-07    -2.206012e-07    -2.272212e-07    1.449658e-07    7.766912e-08    1.50224e-06    8.840528e-08    -8.956167e-07    -7.148572e-08    1.182897e-09
3.796624e-10    9.248918e-09    1.104225e-08    -2.064185e-08    5.579831e-09    -1.703664e-07    -4.841247e-09    -4.672148e-09    -1.703376e-07    1.725948e-07    8.840528e-08    1.435959e-06    -2.204547e-07    -9.522975e-07    2.322514e-07
-9.789892e-09    1.683281e-08    2.336327e-08    5.817574e-09    -1.718432e-08    -1.8633e-07    -1.363652e-08    2.142353e-09    -1.618117e-07    1.945147e-07    -8.956167e-07    -2.204547e-07    1.417768e-06    -1.869782e-09    -5.391077e-07
-1.165722e-08    5.034353e-09    -1.752689e-09    1.097319e-08    1.31373e-08    1.180259e-07    -1.837003e-07    -1.763161e-07    1.411534e-07    3.384239e-08    -7.148572e-08    -9.522975e-07    -1.869782e-09    1.52686e-06    -6.059923e-07
-2.63914e-09    -1.159472e-08    8.054417e-09    4.679671e-09    -1.343833e-08    5.565945e-08    2.211753e-07    2.066615e-07    1.898848e-08    -2.564718e-07    1.182897e-09    2.322514e-07    -5.391077e-07    -6.059923e-07    1.410909e-06
