1.472261e-06    -2.771836e-08    -8.060405e-07    -1.670963e-07    5.869345e-09    9.967145e-08    4.461091e-08    -3.06574e-08    -2.327973e-08    5.388964e-09
-2.771836e-08    1.40532e-06    -1.165064e-07    -8.28338e-07    8.458467e-08    -5.675094e-08    1.228945e-07    5.084506e-08    -8.20725e-08    1.752571e-08
-8.060405e-07    -1.165064e-07    1.404402e-06    -2.098517e-08    -5.475253e-07    -9.317784e-08    2.470913e-08    1.074886e-07    2.630118e-09    -6.373048e-08
-1.670963e-07    -8.28338e-07    -2.098517e-08    1.487765e-06    -4.545773e-07    3.245994e-08    -5.829679e-08    2.119271e-08    1.030671e-07    -8.43581e-08
5.869345e-09    8.458467e-08    -5.475253e-07    -4.545773e-07    1.395502e-06    -2.017596e-08    -4.765966e-08    -5.16657e-08    1.735448e-08    1.354083e-07
9.967145e-08    -5.675094e-08    -9.317784e-08    3.245994e-08    -2.017596e-08    1.4927e-06    1.011661e-07    -9.729293e-07    5.491024e-08    -1.085604e-08
4.461091e-08    1.228945e-07    2.470913e-08    -5.829679e-08    -4.765966e-08    1.011661e-07    1.476813e-06    -2.318646e-07    -9.495468e-07    2.910746e-07
-3.06574e-08    5.084506e-08    1.074886e-07    2.119271e-08    -5.16657e-08    -9.729293e-07    -2.318646e-07    1.505898e-06    6.52095e-08    -6.835474e-07
-2.327973e-08    -8.20725e-08    2.630118e-09    1.030671e-07    1.735448e-08    5.491024e-08    -9.495468e-07    6.52095e-08    1.505401e-06    -6.461711e-07
5.388964e-09    1.752571e-08    -6.373048e-08    -8.43581e-08    1.354083e-07    -1.085604e-08    2.910746e-07    -6.835474e-07    -6.461711e-07    1.414867e-06
