1.472261e-06    -2.771836e-08    -8.060405e-07    -1.670963e-07    5.869345e-09    1.874511e-08    1.702867e-08    -2.201426e-08    -1.084486e-08    5.947738e-08
-2.771836e-08    1.40532e-06    -1.165064e-07    -8.28338e-07    8.458467e-08    -4.469316e-09    -1.948866e-08    -7.727277e-09    1.031393e-08    3.891361e-08
-8.060405e-07    -1.165064e-07    1.404402e-06    -2.098517e-08    -5.475253e-07    -2.841821e-08    -1.670987e-09    4.14767e-08    2.134997e-08    -3.255562e-08
-1.670963e-07    -8.28338e-07    -2.098517e-08    1.487765e-06    -4.545773e-07    -7.402581e-10    9.35678e-09    9.303206e-09    8.214111e-09    -7.499912e-08
5.869345e-09    8.458467e-08    -5.475253e-07    -4.545773e-07    1.395502e-06    8.275076e-08    9.255482e-09    -5.035585e-08    -7.889481e-08    -8.046208e-08
1.874511e-08    -4.469316e-09    -2.841821e-08    -7.402581e-10    8.275076e-08    1.494597e-06    -1.049596e-08    -8.186644e-07    -1.86224e-07    -2.001404e-08
1.702867e-08    -1.948866e-08    -1.670987e-09    9.35678e-09    9.255482e-09    -1.049596e-08    1.411913e-06    -9.452864e-08    -8.109401e-07    5.829558e-08
-2.201426e-08    -7.727277e-09    4.14767e-08    9.303206e-09    -5.035585e-08    -8.186644e-07    -9.452864e-08    1.406109e-06    -3.27649e-08    -5.292035e-07
-1.084486e-08    1.031393e-08    2.134997e-08    8.214111e-09    -7.889481e-08    -1.86224e-07    -8.109401e-07    -3.27649e-08    1.473983e-06    -4.513986e-07
5.947738e-08    3.891361e-08    -3.255562e-08    -7.499912e-08    -8.046208e-08    -2.001404e-08    5.829558e-08    -5.292035e-07    -4.513986e-07    1.397723e-06
