1.503816e-06    -3.236597e-08    -1.010917e-06    -1.083135e-07    2.548686e-08    1.816792e-07    -1.70837e-07    -1.717359e-07    1.493236e-07    1.032416e-08    -1.767466e-08    -2.536004e-08    -1.558635e-08    -1.055236e-08    2.757166e-08    4.156883e-08    6.324462e-09    -9.24622e-09    2.541174e-08    -3.592595e-08    1.928087e-07    3.255136e-08    -3.783309e-08    2.367627e-07    -2.171713e-07    1.27554e-07    2.553818e-09    -6.353889e-08    2.092352e-08    -2.801054e-08    1.868765e-07    -1.439083e-07    -1.295979e-07    1.777943e-07    -4.091111e-08    2.138016e-09    -7.771551e-09    -2.667402e-09    -2.748115e-08    3.540719e-08
-3.236597e-08    1.440415e-06    -5.792624e-08    -8.496947e-07    1.39388e-07    -1.369238e-07    -5.724333e-08    -3.776354e-08    -1.018532e-07    1.658186e-07    1.074636e-08    -1.172822e-08    -4.113674e-08    -2.803123e-08    4.610066e-08    2.499231e-08    1.824912e-08    1.373666e-08    -8.829965e-09    -4.339619e-08    -3.72707e-07    4.198611e-07    3.608626e-07    -3.293009e-07    -2.104406e-08    -6.416871e-08    1.925201e-07    1.053241e-07    -1.066203e-07    -3.279661e-08    -1.010154e-07    -6.26298e-08    -7.797639e-08    -1.192057e-07    1.860105e-07    2.480514e-08    -1.944247e-09    -4.337656e-08    -1.478049e-09    5.064777e-08
-1.010917e-06    -5.792624e-08    1.476971e-06    3.995668e-08    -4.829537e-07    -1.921051e-07    9.338937e-09    1.171567e-08    -1.783529e-07    1.629557e-07    1.019456e-08    5.60775e-09    1.19537e-08    2.422325e-09    -2.52676e-08    -3.992304e-08    7.993809e-09    1.723034e-08    -1.830784e-08    1.292512e-08    -3.343337e-07    3.007968e-07    3.415127e-07    -3.209471e-07    7.61449e-10    -1.18668e-07    1.313684e-07    1.728058e-07    -7.014386e-08    -8.275644e-08    -1.247851e-07    -4.727461e-08    -5.040852e-08    -1.133139e-07    1.509488e-07    -6.015919e-09    -1.738097e-08    -1.662287e-09    5.403603e-08    -4.056891e-09
-1.083135e-07    -8.496947e-07    3.995668e-08    1.484074e-06    -5.214013e-07    7.758079e-08    -1.542864e-07    -1.561639e-07    9.107857e-08    6.770561e-08    8.744419e-09    1.444056e-08    7.07933e-09    6.71717e-09    -4.153471e-08    -3.094827e-08    4.233404e-09    -2.234563e-08    -7.252246e-09    4.884229e-08    2.508422e-07    -4.820973e-08    -4.523937e-09    1.631848e-07    -1.793275e-07    3.456836e-08    -7.300131e-08    3.095472e-08    1.529713e-07    -9.943901e-08    1.459403e-07    -1.147821e-07    -1.086609e-07    1.259786e-07    -3.102564e-08    -5.045955e-08    -2.657571e-08    3.250092e-08    3.901951e-08    -1.370345e-09
2.548686e-08    1.39388e-07    -4.829537e-07    -5.214013e-07    1.276237e-06    4.976388e-08    1.220282e-07    1.343036e-07    6.239992e-08    -1.780151e-07    8.005761e-09    4.431528e-09    -1.775191e-08    9.199351e-09    4.207392e-08    8.637686e-09    -3.226668e-08    -4.731779e-09    1.647109e-08    -2.163088e-08    9.901341e-08    -2.893666e-07    -2.428495e-07    1.17711e-07    1.045501e-07    -1.255388e-08    -8.783031e-08    -1.360818e-07    2.37506e-08    2.11222e-07    -4.494451e-08    1.505822e-07    1.424676e-07    -3.547454e-08    -9.234714e-08    4.039307e-09    4.459842e-08    3.234628e-08    -3.540792e-08    -3.705517e-08
1.816792e-07    -1.369238e-07    -1.921051e-07    7.758079e-08    4.976388e-08    1.472261e-06    -2.771836e-08    -8.060405e-07    -1.670963e-07    5.869345e-09    1.874511e-08    1.702867e-08    -2.201426e-08    -1.084486e-08    5.947738e-08    1.00581e-08    3.796624e-10    -9.789892e-09    -1.165722e-08    -2.63914e-09    9.348325e-08    -4.871497e-08    -5.337928e-08    8.801054e-08    -6.405465e-08    1.105395e-07    -9.147291e-08    -1.238757e-07    1.050113e-07    -2.2601e-09    1.18772e-07    4.259118e-08    -5.94661e-08    -1.824484e-08    -4.958132e-08    5.38331e-09    -8.709701e-09    1.398522e-08    1.868683e-08    -1.937205e-09
-1.70837e-07    -5.724333e-08    9.338937e-09    -1.542864e-07    1.220282e-07    -2.771836e-08    1.40532e-06    -1.165064e-07    -8.28338e-07    8.458467e-08    -4.469316e-09    -1.948866e-08    -7.727277e-09    1.031393e-08    3.891361e-08    2.151893e-09    9.248918e-09    1.683281e-08    5.034353e-09    -1.159472e-08    7.493358e-09    -1.341736e-07    -1.117135e-07    2.097129e-08    1.098458e-07    -7.546077e-08    -9.620477e-08    -6.119929e-08    -6.103017e-08    1.425793e-07    -1.982221e-08    1.283563e-07    3.305485e-08    -8.181469e-08    -3.212982e-08    3.845761e-08    1.633907e-08    -2.81069e-08    -5.048369e-09    -3.22386e-08
-1.717359e-07    -3.776354e-08    1.171567e-08    -1.561639e-07    1.343036e-07    -8.060405e-07    -1.165064e-07    1.404402e-06    -2.098517e-08    -5.475253e-07    -2.841821e-08    -1.670987e-09    4.14767e-08    2.134997e-08    -3.255562e-08    -1.667617e-08    1.104225e-08    2.336327e-08    -1.752689e-09    8.054417e-09    2.088973e-08    -1.42159e-07    -1.293852e-07    3.004319e-10    1.389305e-07    -6.822605e-08    -1.160964e-07    -9.256362e-08    -5.72444e-08    1.72404e-07    -8.06896e-08    2.696268e-08    1.23639e-07    -1.251113e-08    -4.308088e-08    -1.159592e-08    2.448687e-08    2.401054e-08    -9.306364e-09    -6.37158e-08
1.493236e-07    -1.018532e-07    -1.783529e-07    9.107857e-08    6.239992e-08    -1.670963e-07    -8.28338e-07    -2.098517e-08    1.487765e-06    -4.545773e-07    -7.402581e-10    9.35678e-09    9.303206e-09    8.214111e-09    -7.499912e-08    -2.06793e-08    -2.064185e-08    5.817574e-09    1.097319e-08    4.679671e-09    6.94385e-08    -7.894067e-08    -3.307695e-09    8.181158e-08    -5.293457e-08    8.329951e-08    -1.288955e-07    -1.136107e-07    1.379895e-07    1.635658e-08    -1.52912e-08    -6.377093e-08    2.266387e-08    9.995015e-08    -1.902189e-09    1.969572e-09    1.115089e-08    1.728936e-08    -2.61376e-08    -2.947708e-09
1.032416e-08    1.658186e-07    1.629557e-07    6.770561e-08    -1.780151e-07    5.869345e-09    8.458467e-08    -5.475253e-07    -4.545773e-07    1.395502e-06    8.275076e-08    9.255482e-09    -5.035585e-08    -7.889481e-08    -8.046208e-08    1.100251e-08    5.579831e-09    -1.718432e-08    1.31373e-08    -1.343833e-08    -7.219562e-08    2.220028e-07    1.401171e-07    -9.424011e-08    -9.855404e-08    -3.724478e-08    1.92759e-07    1.931197e-07    -4.849332e-08    -1.555638e-07    -1.907629e-08    -6.478161e-08    -7.251982e-08    4.039775e-08    1.469731e-07    1.112842e-08    -1.990192e-08    -1.801221e-08    1.571318e-08    5.590347e-08
-1.767466e-08    1.074636e-08    1.019456e-08    8.744419e-09    8.005761e-09    1.874511e-08    -4.469316e-09    -2.841821e-08    -7.402581e-10    8.275076e-08    1.494597e-06    -1.049596e-08    -8.186644e-07    -1.86224e-07    -2.001404e-08    1.459714e-07    -1.703664e-07    -1.8633e-07    1.180259e-07    5.565945e-08    9.395757e-08    -2.851483e-08    -5.501153e-08    6.788133e-08    -2.945259e-08    1.142427e-07    -1.215954e-07    -1.130986e-07    1.177923e-07    -7.338422e-09    1.775202e-08    -7.449213e-08    9.668411e-09    9.175057e-08    -2.233565e-08    -1.076428e-08    -2.060325e-08    8.578279e-09    1.461576e-08    -1.810542e-08
-2.536004e-08    -1.172822e-08    5.60775e-09    1.444056e-08    4.431528e-09    1.702867e-08    -1.948866e-08    -1.670987e-09    9.35678e-09    9.255482e-09    -1.049596e-08    1.411913e-06    -9.452864e-08    -8.109401e-07    5.829558e-08    -2.206012e-07    -4.841247e-09    -1.363652e-08    -1.837003e-07    2.211753e-07    2.232472e-08    -1.090431e-07    -1.455795e-07    -2.125885e-08    1.158162e-07    -1.10537e-07    -1.185073e-07    -6.590989e-08    -7.883511e-08    1.964614e-07    -7.728271e-08    6.008997e-08    9.817511e-08    -3.13116e-08    -3.081311e-08    -8.08365e-09    3.546509e-09    1.669904e-08    4.230727e-08    -5.263048e-08
-1.558635e-08    -4.113674e-08    1.19537e-08    7.07933e-09    -1.775191e-08    -2.201426e-08    -7.727277e-09    4.14767e-08    9.303206e-09    -5.035585e-08    -8.186644e-07    -9.452864e-08    1.406109e-06    -3.27649e-08    -5.292035e-07    -2.272212e-07    -4.672148e-09    2.142353e-09    -1.763161e-07    2.066615e-07    -1.146842e-08    -1.41479e-07    -1.056992e-07    8.928842e-09    1.070287e-07    -7.794776e-08    -7.241037e-08    -9.753748e-08    -7.153399e-08    1.666752e-07    -4.324797e-08    1.296148e-07    6.04606e-08    -6.482557e-08    -3.788656e-08    1.806353e-08    1.161726e-08    -4.700914e-09    1.008458e-10    -4.805127e-08
-1.055236e-08    -2.803123e-08    2.422325e-09    6.71717e-09    9.199351e-09    -1.084486e-08    1.031393e-08    2.134997e-08    8.214111e-09    -7.889481e-08    -1.86224e-07    -8.109401e-07    -3.27649e-08    1.473983e-06    -4.513986e-07    1.449658e-07    -1.703376e-07    -1.618117e-07    1.411534e-07    1.898848e-08    8.523812e-08    -6.172855e-08    -4.429956e-08    8.525642e-08    -3.803621e-08    1.550505e-07    -9.85545e-08    -1.38185e-07    1.508458e-07    -4.169355e-08    8.198217e-08    -5.125977e-09    -3.92709e-08    1.985849e-08    -3.682061e-08    2.11214e-08    8.69869e-09    1.382589e-08    -3.513044e-08    -1.532635e-08
2.757166e-08    4.610066e-08    -2.52676e-08    -4.153471e-08    4.207392e-08    5.947738e-08    3.891361e-08    -3.255562e-08    -7.499912e-08    -8.046208e-08    -2.001404e-08    5.829558e-08    -5.292035e-07    -4.513986e-07    1.397723e-06    7.766912e-08    1.725948e-07    1.945147e-07    3.384239e-08    -2.564718e-07    -9.416922e-08    1.524346e-07    1.755129e-07    -7.359049e-08    -8.684031e-08    -4.737474e-08    2.208805e-07    1.928462e-07    -5.69852e-08    -1.280036e-07    3.241856e-08    -5.499853e-08    -6.447926e-08    -5.521705e-08    -1.354611e-08    -1.660127e-08    -3.040463e-09    -1.069932e-08    3.789792e-09    6.309688e-08
4.156883e-08    2.499231e-08    -3.992304e-08    -3.094827e-08    8.637686e-09    1.00581e-08    2.151893e-09    -1.667617e-08    -2.06793e-08    1.100251e-08    1.459714e-07    -2.206012e-07    -2.272212e-07    1.449658e-07    7.766912e-08    1.50224e-06    8.840528e-08    -8.956167e-07    -7.148572e-08    1.182897e-09    9.479925e-08    -6.955361e-08    -5.230357e-08    1.298905e-07    -8.442417e-08    6.751139e-08    -9.875703e-09    -1.431498e-08    4.585552e-08    -4.581805e-08    5.037479e-08    -1.477937e-09    -1.017281e-08    3.607094e-08    -1.802011e-08    5.920285e-08    5.608572e-09    -3.017396e-08    -1.60147e-09    1.75388e-08
6.324462e-09    1.824912e-08    7.993809e-09    4.233404e-09    -3.226668e-08    3.796624e-10    9.248918e-09    1.104225e-08    -2.064185e-08    5.579831e-09    -1.703664e-07    -4.841247e-09    -4.672148e-09    -1.703376e-07    1.725948e-07    8.840528e-08    1.435959e-06    -2.204547e-07    -9.522975e-07    2.322514e-07    3.019492e-09    -8.838518e-08    -9.370727e-08    -1.305828e-08    9.952478e-08    -7.735331e-08    6.732776e-08    1.304924e-07    -4.535499e-08    -6.564077e-08    -5.194335e-08    6.564843e-08    1.129291e-07    -4.056809e-08    -2.904896e-08    1.822884e-09    1.879597e-08    -2.637671e-08    -1.351032e-08    2.460219e-08
-9.24622e-09    1.373666e-08    1.723034e-08    -2.234563e-08    -4.731779e-09    -9.789892e-09    1.683281e-08    2.336327e-08    5.817574e-09    -1.718432e-08    -1.8633e-07    -1.363652e-08    2.142353e-09    -1.618117e-07    1.945147e-07    -8.956167e-07    -2.204547e-07    1.417768e-06    -1.869782e-09    -5.391077e-07    -7.099298e-09    -7.241302e-08    -1.023223e-07    -1.949851e-08    1.338079e-07    -7.340474e-08    1.221382e-07    9.314264e-08    -9.67282e-08    -9.735077e-09    -5.578538e-08    8.822685e-08    8.400916e-08    -2.357047e-08    -6.122152e-08    -5.002275e-08    -2.488132e-08    3.04871e-08    5.062763e-09    -8.911563e-09
2.541174e-08    -8.829965e-09    -1.830784e-08    -7.252246e-09    1.647109e-08    -1.165722e-08    5.034353e-09    -1.752689e-09    1.097319e-08    1.31373e-08    1.180259e-07    -1.837003e-07    -1.763161e-07    1.411534e-07    3.384239e-08    -7.148572e-08    -9.522975e-07    -1.869782e-09    1.52686e-06    -6.059923e-07    8.12588e-08    -6.11917e-08    -4.888524e-08    9.542449e-08    -3.594644e-08    8.902175e-08    -1.066153e-08    -5.942806e-08    4.921869e-08    -2.276736e-08    6.185578e-08    1.485448e-08    -1.98732e-08    4.24029e-08    -5.299529e-08    2.02192e-09    3.420194e-09    4.611599e-09    -2.604262e-08    2.710984e-08
-3.592595e-08    -4.339619e-08    1.292512e-08    4.884229e-08    -2.163088e-08    -2.63914e-09    -1.159472e-08    8.054417e-09    4.679671e-09    -1.343833e-08    5.565945e-08    2.211753e-07    2.066615e-07    1.898848e-08    -2.564718e-07    1.182897e-09    2.322514e-07    -5.391077e-07    -6.059923e-07    1.410909e-06    -7.076381e-08    1.438781e-07    1.478007e-07    -9.508598e-08    -6.198559e-08    -4.450392e-09    -1.007735e-07    -6.890697e-08    1.837513e-08    6.154594e-08    1.462609e-08    -7.885766e-08    -9.695632e-08    -1.514275e-08    1.083586e-07    2.533759e-08    -3.707861e-08    6.478424e-09    5.058241e-08    -5.196964e-08
1.928087e-07    -3.72707e-07    -3.343337e-07    2.508422e-07    9.901341e-08    9.348325e-08    7.493358e-09    2.088973e-08    6.94385e-08    -7.219562e-08    9.395757e-08    2.232472e-08    -1.146842e-08    8.523812e-08    -9.416922e-08    9.479925e-08    3.019492e-09    -7.099298e-09    8.12588e-08    -7.076381e-08    1.341467e-06    -1.219208e-07    -6.823208e-07    -1.35642e-07    -1.918035e-07    2.754814e-08    -1.365973e-07    -1.848677e-07    3.355995e-09    1.708637e-07    8.823341e-08    9.924763e-08    9.97288e-08    1.039507e-07    -1.814883e-07    -1.47916e-07    -1.035671e-08    1.441796e-07    1.14929e-07    6.679898e-08
3.255136e-08    4.198611e-07    3.007968e-07    -4.820973e-08    -2.893666e-07    -4.871497e-08    -1.341736e-07    -1.42159e-07    -7.894067e-08    2.220028e-07    -2.851483e-08    -1.090431e-07    -1.41479e-07    -6.172855e-08    1.524346e-07    -6.955361e-08    -8.838518e-08    -7.241302e-08    -6.11917e-08    1.438781e-07    -1.219208e-07    1.959888e-06    -3.92745e-07    -5.239837e-07    -1.773262e-08    -6.16961e-08    1.099587e-07    1.17749e-07    -2.489958e-08    -4.855403e-08    9.827767e-08    -2.738534e-07    -2.941368e-07    9.092966e-08    1.980328e-07    3.709911e-08    3.504624e-08    -2.576419e-08    5.548566e-08    1.526787e-07
-3.783309e-08    3.608626e-07    3.415127e-07    -4.523937e-09    -2.428495e-07    -5.337928e-08    -1.117135e-07    -1.293852e-07    -3.307695e-09    1.401171e-07    -5.501153e-08    -1.455795e-07    -1.056992e-07    -4.429956e-08    1.755129e-07    -5.230357e-08    -9.370727e-08    -1.023223e-07    -4.888524e-08    1.478007e-07    -6.823208e-07    -3.92745e-07    1.96677e-06    -1.748312e-07    -7.574391e-07    -1.186322e-08    1.432666e-07    1.174464e-07    -1.237432e-08    -1.399748e-07    9.668482e-08    -2.536468e-07    -2.513435e-07    4.650465e-08    1.60581e-07    1.901854e-09    5.602564e-08    1.297038e-07    5.421327e-08    -2.176861e-07
2.367627e-07    -3.293009e-07    -3.209471e-07    1.631848e-07    1.17711e-07    8.801054e-08    2.097129e-08    3.004319e-10    8.181158e-08    -9.424011e-08    6.788133e-08    -2.125885e-08    8.928842e-09    8.525642e-08    -7.359049e-08    1.298905e-07    -1.305828e-08    -1.949851e-08    9.542449e-08    -9.508598e-08    -1.35642e-07    -5.239837e-07    -1.748312e-07    1.389196e-06    -3.349705e-07    2.50675e-08    -1.520658e-07    -1.061572e-07    2.634409e-08    8.191651e-08    7.716559e-08    8.991216e-08    9.190026e-08    8.047896e-08    -1.61693e-07    2.16354e-07    1.126388e-07    -5.008044e-08    -1.668523e-07    -1.888717e-07
-2.171713e-07    -2.104406e-08    7.61449e-10    -1.793275e-07    1.045501e-07    -6.405465e-08    1.098458e-07    1.389305e-07    -5.293457e-08    -9.855404e-08    -2.945259e-08    1.158162e-07    1.070287e-07    -3.803621e-08    -8.684031e-08    -8.442417e-08    9.952478e-08    1.338079e-07    -3.594644e-08    -6.198559e-08    -1.918035e-07    -1.773262e-08    -7.574391e-07    -3.349705e-07    1.439695e-06    2.794356e-09    3.702996e-08    3.207577e-08    -2.822566e-08    -7.56155e-09    -1.924969e-07    1.631994e-07    1.610981e-07    -1.513246e-07    1.166446e-08    -7.749069e-08    -1.078604e-07    -1.167381e-07    -6.901659e-08    -1.006865e-08
1.27554e-07    -6.416871e-08    -1.18668e-07    3.456836e-08    -1.255388e-08    1.105395e-07    -7.546077e-08    -6.822605e-08    8.329951e-08    -3.724478e-08    1.142427e-07    -1.10537e-07    -7.794776e-08    1.550505e-07    -4.737474e-08    6.751139e-08    -7.735331e-08    -7.340474e-08    8.902175e-08    -4.450392e-09    2.754814e-08    -6.16961e-08    -1.186322e-08    2.50675e-08    2.794356e-09    1.457257e-06    1.743115e-07    -9.820345e-07    -2.900465e-08    -9.333046e-09    9.891892e-08    -9.436793e-08    -7.799808e-08    8.363312e-08    -3.495001e-08    2.28995e-08    8.947375e-08    5.651077e-08    -4.221011e-08    -4.077867e-08
2.553818e-09    1.925201e-07    1.313684e-07    -7.300131e-08    -8.783031e-08    -9.147291e-08    -9.620477e-08    -1.160964e-07    -1.288955e-07    1.92759e-07    -1.215954e-07    -1.185073e-07    -7.241037e-08    -9.85545e-08    2.208805e-07    -9.875703e-09    6.732776e-08    1.221382e-07    -1.066153e-08    -1.007735e-07    -1.365973e-07    1.099587e-07    1.432666e-07    -1.520658e-07    3.702996e-08    1.743115e-07    1.616657e-06    -3.358758e-07    -9.808844e-07    3.401568e-07    -1.183046e-07    -1.836602e-08    -1.323791e-08    -9.909853e-08    1.082893e-07    -2.485231e-08    -4.278544e-09    -2.022752e-08    3.057534e-08    7.484827e-08
-6.353889e-08    1.053241e-07    1.728058e-07    3.095472e-08    -1.360818e-07    -1.238757e-07    -6.119929e-08    -9.256362e-08    -1.136107e-07    1.931197e-07    -1.130986e-07    -6.590989e-08    -9.753748e-08    -1.38185e-07    1.928462e-07    -1.431498e-08    1.304924e-07    9.314264e-08    -5.942806e-08    -6.890697e-08    -1.848677e-07    1.17749e-07    1.174464e-07    -1.061572e-07    3.207577e-08    -9.820345e-07    -3.358758e-07    1.598062e-06    1.488089e-07    -7.693114e-07    -8.31496e-08    -1.030796e-08    -2.329261e-08    -9.795451e-08    1.318902e-07    6.244177e-10    -3.43318e-08    -4.040184e-08    1.942288e-08    4.777589e-08
2.092352e-08    -1.066203e-07    -7.014386e-08    1.529713e-07    2.37506e-08    1.050113e-07    -6.103017e-08    -5.72444e-08    1.379895e-07    -4.849332e-08    1.177923e-07    -7.883511e-08    -7.153399e-08    1.508458e-07    -5.69852e-08    4.585552e-08    -4.535499e-08    -9.67282e-08    4.921869e-08    1.837513e-08    3.355995e-09    -2.489958e-08    -1.237432e-08    2.634409e-08    -2.822566e-08    -2.900465e-08    -9.808844e-07    1.488089e-07    1.454786e-06    -6.167025e-07    1.34295e-07    -1.057208e-07    -9.456781e-08    1.114041e-07    -2.303588e-08    1.778784e-08    4.102353e-08    4.504282e-08    -6.361358e-09    -7.2161e-08
-2.801054e-08    -3.279661e-08    -8.275644e-08    -9.943901e-08    2.11222e-07    -2.2601e-09    1.425793e-07    1.72404e-07    1.635658e-08    -1.555638e-07    -7.338422e-09    1.964614e-07    1.666752e-07    -4.169355e-08    -1.280036e-07    -4.581805e-08    -6.564077e-08    -9.735077e-09    -2.276736e-08    6.154594e-08    1.708637e-07    -4.855403e-08    -1.399748e-07    8.191651e-08    -7.56155e-09    -9.333046e-09    3.401568e-07    -7.693114e-07    -6.167025e-07    1.398793e-06    -4.434065e-08    1.180164e-07    1.122484e-07    1.235905e-08    -1.103303e-07    -2.312782e-08    -5.680846e-08    -3.47813e-08    9.658177e-09    1.754153e-08
1.868765e-07    -1.010154e-07    -1.247851e-07    1.459403e-07    -4.494451e-08    1.18772e-07    -1.982221e-08    -8.06896e-08    -1.52912e-08    -1.907629e-08    1.775202e-08    -7.728271e-08    -4.324797e-08    8.198217e-08    3.241856e-08    5.037479e-08    -5.194335e-08    -5.578538e-08    6.185578e-08    1.462609e-08    8.823341e-08    9.827767e-08    9.668482e-08    7.716559e-08    -1.924969e-07    9.891892e-08    -1.183046e-07    -8.31496e-08    1.34295e-07    -4.434065e-08    1.488221e-06    -2.408789e-08    -8.901257e-07    1.222054e-07    -3.036784e-08    9.535367e-08    -2.159987e-07    -3.447242e-08    2.551243e-07    -1.254902e-07
-1.439083e-07    -6.26298e-08    -4.727461e-08    -1.147821e-07    1.505822e-07    4.259118e-08    1.283563e-07    2.696268e-08    -6.377093e-08    -6.478161e-08    -7.449213e-08    6.008997e-08    1.296148e-07    -5.125977e-09    -5.499853e-08    -1.477937e-09    6.564843e-08    8.822685e-08    1.485448e-08    -7.885766e-08    9.924763e-08    -2.738534e-07    -2.536468e-07    8.991216e-08    1.631994e-07    -9.436793e-08    -1.836602e-08    -1.030796e-08    -1.057208e-07    1.180164e-07    -2.408789e-08    1.469001e-06    -2.675869e-07    -8.766441e-07    3.187884e-07    -1.570041e-07    -1.032918e-08    -9.457484e-08    -1.819742e-07    2.487699e-07
-1.295979e-07    -7.797639e-08    -5.040852e-08    -1.086609e-07    1.424676e-07    -5.94661e-08    3.305485e-08    1.23639e-07    2.266387e-08    -7.251982e-08    9.668411e-09    9.817511e-08    6.04606e-08    -3.92709e-08    -6.447926e-08    -1.017281e-08    1.129291e-07    8.400916e-08    -1.98732e-08    -9.695632e-08    9.97288e-08    -2.941368e-07    -2.513435e-07    9.190026e-08    1.610981e-07    -7.799808e-08    -1.323791e-08    -2.329261e-08    -9.456781e-08    1.122484e-07    -8.901257e-07    -2.675869e-07    1.48309e-06    1.63897e-08    -6.518244e-07    -8.390851e-08    -2.191378e-08    -1.547499e-07    -1.779199e-07    2.941342e-07
1.777943e-07    -1.192057e-07    -1.133139e-07    1.259786e-07    -3.547454e-08    -1.824484e-08    -8.181469e-08    -1.251113e-08    9.995015e-08    4.039775e-08    9.175057e-08    -3.13116e-08    -6.482557e-08    1.985849e-08    -5.521705e-08    3.607094e-08    -4.056809e-08    -2.357047e-08    4.24029e-08    -1.514275e-08    1.039507e-07    9.092966e-08    4.650465e-08    8.047896e-08    -1.513246e-07    8.363312e-08    -9.909853e-08    -9.795451e-08    1.114041e-07    1.235905e-08    1.222054e-07    -8.766441e-07    1.63897e-08    1.491342e-06    -6.821081e-07    1.448935e-07    -2.204763e-07    -5.948381e-08    2.583525e-07    -1.23416e-07
-4.091111e-08    1.860105e-07    1.509488e-07    -3.102564e-08    -9.234714e-08    -4.958132e-08    -3.212982e-08    -4.308088e-08    -1.902189e-09    1.469731e-07    -2.233565e-08    -3.081311e-08    -3.788656e-08    -3.682061e-08    -1.354611e-08    -1.802011e-08    -2.904896e-08    -6.122152e-08    -5.299529e-08    1.083586e-07    -1.814883e-07    1.980328e-07    1.60581e-07    -1.61693e-07    1.166446e-08    -3.495001e-08    1.082893e-07    1.318902e-07    -2.303588e-08    -1.103303e-07    -3.036784e-08    3.187884e-07    -6.518244e-07    -6.821081e-07    1.407593e-06    -3.485555e-08    2.495079e-07    1.964436e-07    -8.202576e-08    -1.599559e-07
2.138016e-09    2.480514e-08    -6.015919e-09    -5.045955e-08    4.039307e-09    5.38331e-09    3.845761e-08    -1.159592e-08    1.969572e-09    1.112842e-08    -1.076428e-08    -8.08365e-09    1.806353e-08    2.11214e-08    -1.660127e-08    5.920285e-08    1.822884e-09    -5.002275e-08    2.02192e-09    2.533759e-08    -1.47916e-07    3.709911e-08    1.901854e-09    2.16354e-07    -7.749069e-08    2.28995e-08    -2.485231e-08    6.244177e-10    1.778784e-08    -2.312782e-08    9.535367e-08    -1.570041e-07    -8.390851e-08    1.448935e-07    -3.485555e-08    1.444516e-06    -1.939162e-07    -9.293725e-07    1.499415e-07    5.878618e-08
-7.771551e-09    -1.944247e-09    -1.738097e-08    -2.657571e-08    4.459842e-08    -8.709701e-09    1.633907e-08    2.448687e-08    1.115089e-08    -1.990192e-08    -2.060325e-08    3.546509e-09    1.161726e-08    8.69869e-09    -3.040463e-09    5.608572e-09    1.879597e-08    -2.488132e-08    3.420194e-09    -3.707861e-08    -1.035671e-08    3.504624e-08    5.602564e-08    1.126388e-07    -1.078604e-07    8.947375e-08    -4.278544e-09    -3.43318e-08    4.102353e-08    -5.680846e-08    -2.159987e-07    -1.032918e-08    -2.191378e-08    -2.204763e-07    2.495079e-07    -1.939162e-07    1.465682e-06    4.995097e-08    -9.667921e-07    3.112e-07
-2.667402e-09    -4.337656e-08    -1.662287e-09    3.250092e-08    3.234628e-08    1.398522e-08    -2.81069e-08    2.401054e-08    1.728936e-08    -1.801221e-08    8.578279e-09    1.669904e-08    -4.700914e-09    1.382589e-08    -1.069932e-08    -3.017396e-08    -2.637671e-08    3.04871e-08    4.611599e-09    6.478424e-09    1.441796e-07    -2.576419e-08    1.297038e-07    -5.008044e-08    -1.167381e-07    5.651077e-08    -2.022752e-08    -4.040184e-08    4.504282e-08    -3.47813e-08    -3.447242e-08    -9.457484e-08    -1.547499e-07    -5.948381e-08    1.964436e-07    -9.293725e-07    4.995097e-08    1.456154e-06    2.002684e-08    -6.826053e-07
-2.748115e-08    -1.478049e-09    5.403603e-08    3.901951e-08    -3.540792e-08    1.868683e-08    -5.048369e-09    -9.306364e-09    -2.61376e-08    1.571318e-08    1.461576e-08    4.230727e-08    1.008458e-10    -3.513044e-08    3.789792e-09    -1.60147e-09    -1.351032e-08    5.062763e-09    -2.604262e-08    5.058241e-08    1.14929e-07    5.548566e-08    5.421327e-08    -1.668523e-07    -6.901659e-08    -4.221011e-08    3.057534e-08    1.942288e-08    -6.361358e-09    9.658177e-09    2.551243e-07    -1.819742e-07    -1.779199e-07    2.583525e-07    -8.202576e-08    1.499415e-07    -9.667921e-07    2.002684e-08    1.5434e-06    -8.089421e-07
3.540719e-08    5.064777e-08    -4.056891e-09    -1.370345e-09    -3.705517e-08    -1.937205e-09    -3.22386e-08    -6.37158e-08    -2.947708e-09    5.590347e-08    -1.810542e-08    -5.263048e-08    -4.805127e-08    -1.532635e-08    6.309688e-08    1.75388e-08    2.460219e-08    -8.911563e-09    2.710984e-08    -5.196964e-08    6.679898e-08    1.526787e-07    -2.176861e-07    -1.888717e-07    -1.006865e-08    -4.077867e-08    7.484827e-08    4.777589e-08    -7.2161e-08    1.754153e-08    -1.254902e-07    2.487699e-07    2.941342e-07    -1.23416e-07    -1.599559e-07    5.878618e-08    3.112e-07    -6.826053e-07    -8.089421e-07    1.387049e-06
