1.472261e-06    -2.771836e-08    -8.060405e-07    -1.670963e-07    5.869345e-09    1.874511e-08    1.702867e-08    -2.201426e-08    -1.084486e-08    5.947738e-08    9.348325e-08    -4.871497e-08    -5.337928e-08    8.801054e-08    -6.405465e-08
-2.771836e-08    1.40532e-06    -1.165064e-07    -8.28338e-07    8.458467e-08    -4.469316e-09    -1.948866e-08    -7.727277e-09    1.031393e-08    3.891361e-08    7.493358e-09    -1.341736e-07    -1.117135e-07    2.097129e-08    1.098458e-07
-8.060405e-07    -1.165064e-07    1.404402e-06    -2.098517e-08    -5.475253e-07    -2.841821e-08    -1.670987e-09    4.14767e-08    2.134997e-08    -3.255562e-08    2.088973e-08    -1.42159e-07    -1.293852e-07    3.004319e-10    1.389305e-07
-1.670963e-07    -8.28338e-07    -2.098517e-08    1.487765e-06    -4.545773e-07    -7.402581e-10    9.35678e-09    9.303206e-09    8.214111e-09    -7.499912e-08    6.94385e-08    -7.894067e-08    -3.307695e-09    8.181158e-08    -5.293457e-08
5.869345e-09    8.458467e-08    -5.475253e-07    -4.545773e-07    1.395502e-06    8.275076e-08    9.255482e-09    -5.035585e-08    -7.889481e-08    -8.046208e-08    -7.219562e-08    2.220028e-07    1.401171e-07    -9.424011e-08    -9.855404e-08
1.874511e-08    -4.469316e-09    -2.841821e-08    -7.402581e-10    8.275076e-08    1.494597e-06    -1.049596e-08    -8.186644e-07    -1.86224e-07    -2.001404e-08    9.395757e-08    -2.851483e-08    -5.501153e-08    6.788133e-08    -2.945259e-08
1.702867e-08    -1.948866e-08    -1.670987e-09    9.35678e-09    9.255482e-09    -1.049596e-08    1.411913e-06    -9.452864e-08    -8.109401e-07    5.829558e-08    2.232472e-08    -1.090431e-07    -1.455795e-07    -2.125885e-08    1.158162e-07
-2.201426e-08    -7.727277e-09    4.14767e-08    9.303206e-09    -5.035585e-08    -8.186644e-07    -9.452864e-08    1.406109e-06    -3.27649e-08    -5.292035e-07    -1.146842e-08    -1.41479e-07    -1.056992e-07    8.928842e-09    1.070287e-07
-1.084486e-08    1.031393e-08    2.134997e-08    8.214111e-09    -7.889481e-08    -1.86224e-07    -8.109401e-07    -3.27649e-08    1.473983e-06    -4.513986e-07    8.523812e-08    -6.172855e-08    -4.429956e-08    8.525642e-08    -3.803621e-08
5.947738e-08    3.891361e-08    -3.255562e-08    -7.499912e-08    -8.046208e-08    -2.001404e-08    5.829558e-08    -5.292035e-07    -4.513986e-07    1.397723e-06    -9.416922e-08    1.524346e-07    1.755129e-07    -7.359049e-08    -8.684031e-08
9.348325e-08    7.493358e-09    2.088973e-08    6.94385e-08    -7.219562e-08    9.395757e-08    2.232472e-08    -1.146842e-08    8.523812e-08    -9.416922e-08    1.341467e-06    -1.219208e-07    -6.823208e-07    -1.35642e-07    -1.918035e-07
-4.871497e-08    -1.341736e-07    -1.42159e-07    -7.894067e-08    2.220028e-07    -2.851483e-08    -1.090431e-07    -1.41479e-07    -6.172855e-08    1.524346e-07    -1.219208e-07    1.959888e-06    -3.92745e-07    -5.239837e-07    -1.773262e-08
-5.337928e-08    -1.117135e-07    -1.293852e-07    -3.307695e-09    1.401171e-07    -5.501153e-08    -1.455795e-07    -1.056992e-07    -4.429956e-08    1.755129e-07    -6.823208e-07    -3.92745e-07    1.96677e-06    -1.748312e-07    -7.574391e-07
8.801054e-08    2.097129e-08    3.004319e-10    8.181158e-08    -9.424011e-08    6.788133e-08    -2.125885e-08    8.928842e-09    8.525642e-08    -7.359049e-08    -1.35642e-07    -5.239837e-07    -1.748312e-07    1.389196e-06    -3.349705e-07
-6.405465e-08    1.098458e-07    1.389305e-07    -5.293457e-08    -9.855404e-08    -2.945259e-08    1.158162e-07    1.070287e-07    -3.803621e-08    -8.684031e-08    -1.918035e-07    -1.773262e-08    -7.574391e-07    -3.349705e-07    1.439695e-06
