1.472261e-06    -2.771836e-08    -8.060405e-07    -1.670963e-07    5.869345e-09    1.874511e-08    1.702867e-08    -2.201426e-08    -1.084486e-08    5.947738e-08    1.400001e-07    -1.490923e-07    -1.702624e-07    1.153511e-07    4.399559e-08
-2.771836e-08    1.40532e-06    -1.165064e-07    -8.28338e-07    8.458467e-08    -4.469316e-09    -1.948866e-08    -7.727277e-09    1.031393e-08    3.891361e-08    -1.575981e-07    -4.36498e-08    -3.354596e-09    -1.647421e-07    1.823721e-07
-8.060405e-07    -1.165064e-07    1.404402e-06    -2.098517e-08    -5.475253e-07    -2.841821e-08    -1.670987e-09    4.14767e-08    2.134997e-08    -3.255562e-08    -1.532749e-07    -1.014019e-08    -1.377712e-08    -1.705426e-07    1.455066e-07
-1.670963e-07    -8.28338e-07    -2.098517e-08    1.487765e-06    -4.545773e-07    -7.402581e-10    9.35678e-09    9.303206e-09    8.214111e-09    -7.499912e-08    1.179364e-07    -1.402534e-07    -1.350892e-07    1.188122e-07    1.163941e-09
5.869345e-09    8.458467e-08    -5.475253e-07    -4.545773e-07    1.395502e-06    8.275076e-08    9.255482e-09    -5.035585e-08    -7.889481e-08    -8.046208e-08    1.797426e-08    1.573175e-07    1.628099e-07    6.047841e-08    -1.701644e-07
1.874511e-08    -4.469316e-09    -2.841821e-08    -7.402581e-10    8.275076e-08    1.494597e-06    -1.049596e-08    -8.186644e-07    -1.86224e-07    -2.001404e-08    -1.814373e-09    4.83066e-09    9.57538e-09    -3.618727e-09    7.69405e-09
1.702867e-08    -1.948866e-08    -1.670987e-09    9.35678e-09    9.255482e-09    -1.049596e-08    1.411913e-06    -9.452864e-08    -8.109401e-07    5.829558e-08    -2.38249e-09    -1.743643e-10    -9.549554e-09    -7.520884e-09    1.320689e-08
-2.201426e-08    -7.727277e-09    4.14767e-08    9.303206e-09    -5.035585e-08    -8.186644e-07    -9.452864e-08    1.406109e-06    -3.27649e-08    -5.292035e-07    -3.251237e-08    -2.993784e-08    -1.971607e-09    2.731382e-08    6.380468e-09
-1.084486e-08    1.031393e-08    2.134997e-08    8.214111e-09    -7.889481e-08    -1.86224e-07    -8.109401e-07    -3.27649e-08    1.473983e-06    -4.513986e-07    1.143016e-08    -1.57032e-08    -1.163799e-08    -1.385628e-08    1.056234e-08
5.947738e-08    3.891361e-08    -3.255562e-08    -7.499912e-08    -8.046208e-08    -2.001404e-08    5.829558e-08    -5.292035e-07    -4.513986e-07    1.397723e-06    1.507535e-08    3.472156e-08    -4.244556e-09    -3.368117e-08    -2.704272e-08
1.400001e-07    -1.575981e-07    -1.532749e-07    1.179364e-07    1.797426e-08    -1.814373e-09    -2.38249e-09    -3.251237e-08    1.143016e-08    1.507535e-08    1.500904e-06    -6.792759e-08    -9.316614e-07    -1.044795e-07    6.552873e-08
-1.490923e-07    -4.36498e-08    -1.014019e-08    -1.402534e-07    1.573175e-07    4.83066e-09    -1.743643e-10    -2.993784e-08    -1.57032e-08    3.472156e-08    -6.792759e-08    1.449781e-06    -8.824959e-08    -8.700961e-07    1.157145e-07
-1.702624e-07    -3.354596e-09    -1.377712e-08    -1.350892e-07    1.628099e-07    9.57538e-09    -9.549554e-09    -1.971607e-09    -1.163799e-08    -4.244556e-09    -9.316614e-07    -8.824959e-08    1.473615e-06    1.564405e-08    -5.819284e-07
1.153511e-07    -1.647421e-07    -1.705426e-07    1.188122e-07    6.047841e-08    -3.618727e-09    -7.520884e-09    2.731382e-08    -1.385628e-08    -3.368117e-08    -1.044795e-07    -8.700961e-07    1.564405e-08    1.490392e-06    -5.003959e-07
4.399559e-08    1.823721e-07    1.455066e-07    1.163941e-09    -1.701644e-07    7.69405e-09    1.320689e-08    6.380468e-09    1.056234e-08    -2.704272e-08    6.552873e-08    1.157145e-07    -5.819284e-07    -5.003959e-07    1.359764e-06
