1.472261e-06    -2.771836e-08    -8.060405e-07    -1.670963e-07    5.869345e-09    1.874511e-08    1.702867e-08    -2.201426e-08    -1.084486e-08    5.947738e-08    9.348325e-08    -4.871497e-08    -5.337928e-08    8.801054e-08    -6.405465e-08    1.18772e-07    4.259118e-08    -5.94661e-08    -1.824484e-08    -4.958132e-08
-2.771836e-08    1.40532e-06    -1.165064e-07    -8.28338e-07    8.458467e-08    -4.469316e-09    -1.948866e-08    -7.727277e-09    1.031393e-08    3.891361e-08    7.493358e-09    -1.341736e-07    -1.117135e-07    2.097129e-08    1.098458e-07    -1.982221e-08    1.283563e-07    3.305485e-08    -8.181469e-08    -3.212982e-08
-8.060405e-07    -1.165064e-07    1.404402e-06    -2.098517e-08    -5.475253e-07    -2.841821e-08    -1.670987e-09    4.14767e-08    2.134997e-08    -3.255562e-08    2.088973e-08    -1.42159e-07    -1.293852e-07    3.004319e-10    1.389305e-07    -8.06896e-08    2.696268e-08    1.23639e-07    -1.251113e-08    -4.308088e-08
-1.670963e-07    -8.28338e-07    -2.098517e-08    1.487765e-06    -4.545773e-07    -7.402581e-10    9.35678e-09    9.303206e-09    8.214111e-09    -7.499912e-08    6.94385e-08    -7.894067e-08    -3.307695e-09    8.181158e-08    -5.293457e-08    -1.52912e-08    -6.377093e-08    2.266387e-08    9.995015e-08    -1.902189e-09
5.869345e-09    8.458467e-08    -5.475253e-07    -4.545773e-07    1.395502e-06    8.275076e-08    9.255482e-09    -5.035585e-08    -7.889481e-08    -8.046208e-08    -7.219562e-08    2.220028e-07    1.401171e-07    -9.424011e-08    -9.855404e-08    -1.907629e-08    -6.478161e-08    -7.251982e-08    4.039775e-08    1.469731e-07
1.874511e-08    -4.469316e-09    -2.841821e-08    -7.402581e-10    8.275076e-08    1.494597e-06    -1.049596e-08    -8.186644e-07    -1.86224e-07    -2.001404e-08    9.395757e-08    -2.851483e-08    -5.501153e-08    6.788133e-08    -2.945259e-08    1.775202e-08    -7.449213e-08    9.668411e-09    9.175057e-08    -2.233565e-08
1.702867e-08    -1.948866e-08    -1.670987e-09    9.35678e-09    9.255482e-09    -1.049596e-08    1.411913e-06    -9.452864e-08    -8.109401e-07    5.829558e-08    2.232472e-08    -1.090431e-07    -1.455795e-07    -2.125885e-08    1.158162e-07    -7.728271e-08    6.008997e-08    9.817511e-08    -3.13116e-08    -3.081311e-08
-2.201426e-08    -7.727277e-09    4.14767e-08    9.303206e-09    -5.035585e-08    -8.186644e-07    -9.452864e-08    1.406109e-06    -3.27649e-08    -5.292035e-07    -1.146842e-08    -1.41479e-07    -1.056992e-07    8.928842e-09    1.070287e-07    -4.324797e-08    1.296148e-07    6.04606e-08    -6.482557e-08    -3.788656e-08
-1.084486e-08    1.031393e-08    2.134997e-08    8.214111e-09    -7.889481e-08    -1.86224e-07    -8.109401e-07    -3.27649e-08    1.473983e-06    -4.513986e-07    8.523812e-08    -6.172855e-08    -4.429956e-08    8.525642e-08    -3.803621e-08    8.198217e-08    -5.125977e-09    -3.92709e-08    1.985849e-08    -3.682061e-08
5.947738e-08    3.891361e-08    -3.255562e-08    -7.499912e-08    -8.046208e-08    -2.001404e-08    5.829558e-08    -5.292035e-07    -4.513986e-07    1.397723e-06    -9.416922e-08    1.524346e-07    1.755129e-07    -7.359049e-08    -8.684031e-08    3.241856e-08    -5.499853e-08    -6.447926e-08    -5.521705e-08    -1.354611e-08
9.348325e-08    7.493358e-09    2.088973e-08    6.94385e-08    -7.219562e-08    9.395757e-08    2.232472e-08    -1.146842e-08    8.523812e-08    -9.416922e-08    1.341467e-06    -1.219208e-07    -6.823208e-07    -1.35642e-07    -1.918035e-07    8.823341e-08    9.924763e-08    9.97288e-08    1.039507e-07    -1.814883e-07
-4.871497e-08    -1.341736e-07    -1.42159e-07    -7.894067e-08    2.220028e-07    -2.851483e-08    -1.090431e-07    -1.41479e-07    -6.172855e-08    1.524346e-07    -1.219208e-07    1.959888e-06    -3.92745e-07    -5.239837e-07    -1.773262e-08    9.827767e-08    -2.738534e-07    -2.941368e-07    9.092966e-08    1.980328e-07
-5.337928e-08    -1.117135e-07    -1.293852e-07    -3.307695e-09    1.401171e-07    -5.501153e-08    -1.455795e-07    -1.056992e-07    -4.429956e-08    1.755129e-07    -6.823208e-07    -3.92745e-07    1.96677e-06    -1.748312e-07    -7.574391e-07    9.668482e-08    -2.536468e-07    -2.513435e-07    4.650465e-08    1.60581e-07
8.801054e-08    2.097129e-08    3.004319e-10    8.181158e-08    -9.424011e-08    6.788133e-08    -2.125885e-08    8.928842e-09    8.525642e-08    -7.359049e-08    -1.35642e-07    -5.239837e-07    -1.748312e-07    1.389196e-06    -3.349705e-07    7.716559e-08    8.991216e-08    9.190026e-08    8.047896e-08    -1.61693e-07
-6.405465e-08    1.098458e-07    1.389305e-07    -5.293457e-08    -9.855404e-08    -2.945259e-08    1.158162e-07    1.070287e-07    -3.803621e-08    -8.684031e-08    -1.918035e-07    -1.773262e-08    -7.574391e-07    -3.349705e-07    1.439695e-06    -1.924969e-07    1.631994e-07    1.610981e-07    -1.513246e-07    1.166446e-08
1.18772e-07    -1.982221e-08    -8.06896e-08    -1.52912e-08    -1.907629e-08    1.775202e-08    -7.728271e-08    -4.324797e-08    8.198217e-08    3.241856e-08    8.823341e-08    9.827767e-08    9.668482e-08    7.716559e-08    -1.924969e-07    1.488221e-06    -2.408789e-08    -8.901257e-07    1.222054e-07    -3.036784e-08
4.259118e-08    1.283563e-07    2.696268e-08    -6.377093e-08    -6.478161e-08    -7.449213e-08    6.008997e-08    1.296148e-07    -5.125977e-09    -5.499853e-08    9.924763e-08    -2.738534e-07    -2.536468e-07    8.991216e-08    1.631994e-07    -2.408789e-08    1.469001e-06    -2.675869e-07    -8.766441e-07    3.187884e-07
-5.94661e-08    3.305485e-08    1.23639e-07    2.266387e-08    -7.251982e-08    9.668411e-09    9.817511e-08    6.04606e-08    -3.92709e-08    -6.447926e-08    9.97288e-08    -2.941368e-07    -2.513435e-07    9.190026e-08    1.610981e-07    -8.901257e-07    -2.675869e-07    1.48309e-06    1.63897e-08    -6.518244e-07
-1.824484e-08    -8.181469e-08    -1.251113e-08    9.995015e-08    4.039775e-08    9.175057e-08    -3.13116e-08    -6.482557e-08    1.985849e-08    -5.521705e-08    1.039507e-07    9.092966e-08    4.650465e-08    8.047896e-08    -1.513246e-07    1.222054e-07    -8.766441e-07    1.63897e-08    1.491342e-06    -6.821081e-07
-4.958132e-08    -3.212982e-08    -4.308088e-08    -1.902189e-09    1.469731e-07    -2.233565e-08    -3.081311e-08    -3.788656e-08    -3.682061e-08    -1.354611e-08    -1.814883e-07    1.980328e-07    1.60581e-07    -1.61693e-07    1.166446e-08    -3.036784e-08    3.187884e-07    -6.518244e-07    -6.821081e-07    1.407593e-06
