4.031233e-06    -1.349133e-07    -2.383666e-06    -5.92292e-07    8.958909e-09    -3.221395e-09    1.693099e-08    2.716298e-08    -1.149796e-08    1.80973e-08    3.845021e-07    -3.733791e-07    -4.040659e-07    3.992731e-07    -1.535542e-09
-1.349133e-07    3.917273e-06    -3.736174e-07    -2.365704e-06    1.450855e-07    -5.111278e-09    4.639527e-09    -2.790179e-08    -2.337575e-08    3.521554e-08    -4.736592e-07    -1.550912e-08    -3.776276e-08    -4.685313e-07    4.683997e-07
-2.383666e-06    -3.736174e-07    3.896848e-06    -1.752482e-07    -1.137147e-06    -9.59953e-08    -7.741872e-08    -5.579866e-09    8.161922e-08    1.546998e-08    -4.344421e-07    1.203519e-07    -3.358386e-08    -5.980366e-07    5.795268e-07
-5.92292e-07    -2.365704e-06    -1.752482e-07    3.976115e-06    -9.157032e-07    3.761599e-08    -3.895193e-08    -3.261703e-08    -4.035971e-08    2.623239e-08    3.763331e-07    -4.088919e-07    -3.745649e-07    4.106058e-07    -1.230311e-08
8.958909e-09    1.450855e-07    -1.137147e-06    -9.157032e-07    2.505312e-06    4.074447e-08    7.870096e-08    -3.536524e-09    -7.668635e-08    -6.395346e-08    4.987586e-08    3.197776e-07    4.201274e-07    2.040682e-07    -5.502323e-07
-3.221395e-09    -5.111278e-09    -9.59953e-08    3.761599e-08    4.074447e-08    4.725822e-06    -2.000979e-07    -2.906086e-06    -4.483164e-07    1.731308e-07    -4.467649e-08    -2.734826e-08    6.902142e-08    6.857893e-08    -3.009029e-08
1.693099e-08    4.639527e-09    -7.741872e-08    -3.895193e-08    7.870096e-08    -2.000979e-07    3.915343e-06    -1.885232e-07    -2.538816e-06    3.615295e-07    1.010476e-07    6.373484e-08    -8.029741e-08    -1.128079e-07    5.455828e-08
2.716298e-08    -2.790179e-08    -5.579866e-09    -3.261703e-08    -3.536524e-09    -2.906086e-06    -1.885232e-07    4.379507e-06    3.138876e-09    -1.650605e-06    -6.733583e-10    2.888692e-08    -1.393534e-11    4.564239e-08    -2.596733e-08
-1.149796e-08    -2.337575e-08    8.161922e-08    -4.035971e-08    -7.668635e-08    -4.483164e-07    -2.538816e-06    3.138876e-09    4.626585e-06    -1.536757e-06    -2.51944e-08    2.580524e-08    1.604798e-08    7.967762e-09    -6.419836e-08
1.80973e-08    3.521554e-08    1.546998e-08    2.623239e-08    -6.395346e-08    1.731308e-07    3.615295e-07    -1.650605e-06    -1.536757e-06    3.862514e-06    9.210886e-08    -7.033332e-09    -3.418396e-08    -1.100362e-07    3.505567e-09
3.845021e-07    -4.736592e-07    -4.344421e-07    3.763331e-07    4.987586e-08    -4.467649e-08    1.010476e-07    -6.733583e-10    -2.51944e-08    9.210886e-08    4.633149e-06    -2.226528e-08    -2.577992e-06    -5.526539e-07    -3.784037e-08
-3.733791e-07    -1.550912e-08    1.203519e-07    -4.088919e-07    3.197776e-07    -2.734826e-08    6.373484e-08    2.888692e-08    2.580524e-08    -7.033332e-09    -2.226528e-08    4.314035e-06    -1.467289e-07    -2.935138e-06    3.404764e-07
-4.040659e-07    -3.776276e-08    -3.358386e-08    -3.745649e-07    4.201274e-07    6.902142e-08    -8.029741e-08    -1.393534e-11    1.604798e-08    -3.418396e-08    -2.577992e-06    -1.467289e-07    3.894266e-06    -7.059169e-08    -1.365414e-06
3.992731e-07    -4.685313e-07    -5.980366e-07    4.106058e-07    2.040682e-07    6.857893e-08    -1.128079e-07    4.564239e-08    7.967762e-09    -1.100362e-07    -5.526539e-07    -2.935138e-06    -7.059169e-08    4.830318e-06    -1.433847e-06
-1.535542e-09    4.683997e-07    5.795268e-07    -1.230311e-08    -5.502323e-07    -3.009029e-08    5.455828e-08    -2.596733e-08    -6.419836e-08    3.505567e-09    -3.784037e-08    3.404764e-07    -1.365414e-06    -1.433847e-06    3.642288e-06
