5.172255e-06    2.427888e-07    -2.809872e-06    -2.827094e-07    2.905719e-07    7.437434e-08    -5.506039e-09    1.21976e-08    -1.04087e-08    -5.051537e-08
2.427888e-07    3.569178e-06    -4.04574e-07    -2.42069e-06    8.808811e-07    -5.997555e-08    -4.425757e-08    7.697552e-08    3.00015e-09    -7.141012e-08
-2.809872e-06    -4.04574e-07    3.938312e-06    4.107296e-07    -2.125435e-06    -2.098728e-08    -1.414647e-08    3.619338e-08    4.160641e-08    2.149384e-08
-2.827094e-07    -2.42069e-06    4.107296e-07    5.054463e-06    -2.842432e-06    -3.428865e-08    -6.014957e-09    1.371563e-08    8.815109e-08    2.397101e-08
2.905719e-07    8.808811e-07    -2.125435e-06    -2.842432e-06    6.504933e-06    -1.454301e-07    -9.0868e-08    -1.706553e-08    7.459968e-08    1.602147e-07
7.437434e-08    -5.997555e-08    -2.098728e-08    -3.428865e-08    -1.454301e-07    4.633149e-06    -2.226528e-08    -2.577992e-06    -5.526539e-07    -3.784037e-08
-5.506039e-09    -4.425757e-08    -1.414647e-08    -6.014957e-09    -9.0868e-08    -2.226528e-08    4.314035e-06    -1.467289e-07    -2.935138e-06    3.404764e-07
1.21976e-08    7.697552e-08    3.619338e-08    1.371563e-08    -1.706553e-08    -2.577992e-06    -1.467289e-07    3.894266e-06    -7.059169e-08    -1.365414e-06
-1.04087e-08    3.00015e-09    4.160641e-08    8.815109e-08    7.459968e-08    -5.526539e-07    -2.935138e-06    -7.059169e-08    4.830318e-06    -1.433847e-06
-5.051537e-08    -7.141012e-08    2.149384e-08    2.397101e-08    1.602147e-07    -3.784037e-08    3.404764e-07    -1.365414e-06    -1.433847e-06    3.642288e-06
