2.533777e-06    -4.266937e-07    -1.291445e-06    5.937822e-07    -7.863822e-11    4.559189e-08    -9.160032e-08    -7.733333e-09    1.827736e-08    4.288197e-08    7.62731e-08    -2.699758e-08    -7.614764e-08    3.381385e-08    2.654911e-08    2.207197e-07    -4.604739e-07    -3.073928e-07    3.356389e-07    1.479332e-07
-4.266937e-07    3.182776e-06    6.380439e-08    -2.655799e-06    8.383507e-07    -2.338806e-08    3.260333e-09    -7.367191e-08    -7.378834e-08    1.637367e-07    2.468838e-08    4.11979e-08    2.017863e-08    -1.926105e-08    -1.677185e-08    -2.819069e-07    1.904242e-08    -9.654546e-08    -4.620144e-07    5.295898e-07
-1.291445e-06    6.380439e-08    3.389444e-06    3.92713e-07    -2.300373e-06    -1.202949e-07    -3.192686e-08    1.067176e-08    7.577936e-08    -5.096087e-08    1.426464e-08    1.245929e-07    -9.443286e-09    -1.096093e-07    -1.659644e-08    -3.39474e-07    -2.167304e-07    -1.586507e-07    -2.562574e-07    4.654703e-07
5.937822e-07    -2.655799e-06    3.92713e-07    5.445952e-06    -3.122491e-06    -9.111898e-08    4.027871e-08    1.475279e-07    3.630082e-08    -1.048937e-07    -5.803796e-08    2.093786e-10    -2.362032e-08    -1.56505e-09    5.505596e-09    3.323716e-07    -7.541862e-07    -4.87935e-07    7.299035e-07    2.273887e-08
-7.863822e-11    8.383507e-07    -2.300373e-06    -3.122491e-06    5.391972e-06    2.178638e-07    4.915831e-08    -1.400459e-08    6.777398e-09    -9.153263e-08    9.039357e-08    -1.576461e-07    -9.049177e-08    9.890024e-09    1.052333e-07    2.741836e-08    8.632749e-07    6.23726e-07    -2.42965e-07    -6.32896e-07
4.559189e-08    -2.338806e-08    -1.202949e-07    -9.111898e-08    2.178638e-07    5.172255e-06    2.427888e-07    -2.809872e-06    -2.827094e-07    2.905719e-07    3.643904e-07    -3.986668e-07    -6.618855e-07    3.417128e-07    2.663697e-07    7.437434e-08    -5.506039e-09    1.21976e-08    -1.04087e-08    -5.051537e-08
-9.160032e-08    3.260333e-09    -3.192686e-08    4.027871e-08    4.915831e-08    2.427888e-07    3.569178e-06    -4.04574e-07    -2.42069e-06    8.808811e-07    -4.277904e-07    -1.187774e-07    -3.977814e-08    -2.76012e-07    3.560607e-07    -5.997555e-08    -4.425757e-08    7.697552e-08    3.00015e-09    -7.141012e-08
-7.733333e-09    -7.367191e-08    1.067176e-08    1.475279e-07    -1.400459e-08    -2.809872e-06    -4.04574e-07    3.938312e-06    4.107296e-07    -2.125435e-06    -2.001076e-07    -6.604241e-08    -5.238408e-08    -4.157957e-07    3.374902e-07    -2.098728e-08    -1.414647e-08    3.619338e-08    4.160641e-08    2.149384e-08
1.827736e-08    -7.378834e-08    7.577936e-08    3.630082e-08    6.777398e-09    -2.827094e-07    -2.42069e-06    4.107296e-07    5.054463e-06    -2.842432e-06    3.980162e-07    -4.584399e-07    -5.077927e-07    2.573538e-07    1.96081e-07    -3.428865e-08    -6.014957e-09    1.371563e-08    8.815109e-08    2.397101e-08
4.288197e-08    1.637367e-07    -5.096087e-08    -1.048937e-07    -9.153263e-08    2.905719e-07    8.808811e-07    -2.125435e-06    -2.842432e-06    6.504933e-06    -4.390533e-08    5.804974e-07    6.229161e-07    -7.086475e-08    -5.889895e-07    -1.454301e-07    -9.0868e-08    -1.706553e-08    7.459968e-08    1.602147e-07
7.62731e-08    2.468838e-08    1.426464e-08    -5.803796e-08    9.039357e-08    3.643904e-07    -4.277904e-07    -2.001076e-07    3.980162e-07    -4.390533e-08    4.725822e-06    -2.000979e-07    -2.906086e-06    -4.483164e-07    1.731308e-07    -4.467649e-08    -2.734826e-08    6.902142e-08    6.857893e-08    -3.009029e-08
-2.699758e-08    4.11979e-08    1.245929e-07    2.093786e-10    -1.576461e-07    -3.986668e-07    -1.187774e-07    -6.604241e-08    -4.584399e-07    5.804974e-07    -2.000979e-07    3.915343e-06    -1.885232e-07    -2.538816e-06    3.615295e-07    1.010476e-07    6.373484e-08    -8.029741e-08    -1.128079e-07    5.455828e-08
-7.614764e-08    2.017863e-08    -9.443286e-09    -2.362032e-08    -9.049177e-08    -6.618855e-07    -3.977814e-08    -5.238408e-08    -5.077927e-07    6.229161e-07    -2.906086e-06    -1.885232e-07    4.379507e-06    3.138876e-09    -1.650605e-06    -6.733583e-10    2.888692e-08    -1.393534e-11    4.564239e-08    -2.596733e-08
3.381385e-08    -1.926105e-08    -1.096093e-07    -1.56505e-09    9.890024e-09    3.417128e-07    -2.76012e-07    -4.157957e-07    2.573538e-07    -7.086475e-08    -4.483164e-07    -2.538816e-06    3.138876e-09    4.626585e-06    -1.536757e-06    -2.51944e-08    2.580524e-08    1.604798e-08    7.967762e-09    -6.419836e-08
2.654911e-08    -1.677185e-08    -1.659644e-08    5.505596e-09    1.052333e-07    2.663697e-07    3.560607e-07    3.374902e-07    1.96081e-07    -5.889895e-07    1.731308e-07    3.615295e-07    -1.650605e-06    -1.536757e-06    3.862514e-06    9.210886e-08    -7.033332e-09    -3.418396e-08    -1.100362e-07    3.505567e-09
2.207197e-07    -2.819069e-07    -3.39474e-07    3.323716e-07    2.741836e-08    7.437434e-08    -5.997555e-08    -2.098728e-08    -3.428865e-08    -1.454301e-07    -4.467649e-08    1.010476e-07    -6.733583e-10    -2.51944e-08    9.210886e-08    4.633149e-06    -2.226528e-08    -2.577992e-06    -5.526539e-07    -3.784037e-08
-4.604739e-07    1.904242e-08    -2.167304e-07    -7.541862e-07    8.632749e-07    -5.506039e-09    -4.425757e-08    -1.414647e-08    -6.014957e-09    -9.0868e-08    -2.734826e-08    6.373484e-08    2.888692e-08    2.580524e-08    -7.033332e-09    -2.226528e-08    4.314035e-06    -1.467289e-07    -2.935138e-06    3.404764e-07
-3.073928e-07    -9.654546e-08    -1.586507e-07    -4.87935e-07    6.23726e-07    1.21976e-08    7.697552e-08    3.619338e-08    1.371563e-08    -1.706553e-08    6.902142e-08    -8.029741e-08    -1.393534e-11    1.604798e-08    -3.418396e-08    -2.577992e-06    -1.467289e-07    3.894266e-06    -7.059169e-08    -1.365414e-06
3.356389e-07    -4.620144e-07    -2.562574e-07    7.299035e-07    -2.42965e-07    -1.04087e-08    3.00015e-09    4.160641e-08    8.815109e-08    7.459968e-08    6.857893e-08    -1.128079e-07    4.564239e-08    7.967762e-09    -1.100362e-07    -5.526539e-07    -2.935138e-06    -7.059169e-08    4.830318e-06    -1.433847e-06
1.479332e-07    5.295898e-07    4.654703e-07    2.273887e-08    -6.32896e-07    -5.051537e-08    -7.141012e-08    2.149384e-08    2.397101e-08    1.602147e-07    -3.009029e-08    5.455828e-08    -2.596733e-08    -6.419836e-08    3.505567e-09    -3.784037e-08    3.404764e-07    -1.365414e-06    -1.433847e-06    3.642288e-06
