4.633149e-06    -2.226528e-08    -2.577992e-06    -5.526539e-07    -3.784037e-08    2.16896e-07    -1.263354e-07    -2.30133e-07    2.078061e-07    6.419118e-10
-2.226528e-08    4.314035e-06    -1.467289e-07    -2.935138e-06    3.404764e-07    9.591074e-08    -1.770797e-07    -1.18038e-07    8.561725e-09    5.950345e-08
-2.577992e-06    -1.467289e-07    3.894266e-06    -7.059169e-08    -1.365414e-06    1.008178e-07    -1.451198e-07    -2.017769e-07    -1.72999e-08    7.663223e-08
-5.526539e-07    -2.935138e-06    -7.059169e-08    4.830318e-06    -1.433847e-06    2.137476e-07    -9.793796e-08    -2.934262e-07    1.817676e-07    1.456897e-08
-3.784037e-08    3.404764e-07    -1.365414e-06    -1.433847e-06    3.642288e-06    -3.17325e-07    2.608052e-07    4.399936e-07    -1.743284e-07    -7.878297e-08
2.16896e-07    9.591074e-08    1.008178e-07    2.137476e-07    -3.17325e-07    1.522817e-06    -6.193391e-07    -1.167208e-06    3.210409e-07    3.583482e-08
-1.263354e-07    -1.770797e-07    -1.451198e-07    -9.793796e-08    2.608052e-07    -6.193391e-07    4.544071e-06    -2.302371e-06    -1.320329e-06    2.26815e-07
-2.30133e-07    -1.18038e-07    -2.017769e-07    -2.934262e-07    4.399936e-07    -1.167208e-06    -2.302371e-06    4.281386e-06    -4.117152e-07    -5.328397e-07
2.078061e-07    8.561725e-09    -1.72999e-08    1.817676e-07    -1.743284e-07    3.210409e-07    -1.320329e-06    -4.117152e-07    1.53437e-06    -1.456893e-07
6.419118e-10    5.950345e-08    7.663223e-08    1.456897e-08    -7.878297e-08    3.583482e-08    2.26815e-07    -5.328397e-07    -1.456893e-07    4.091927e-07
