4.633149e-06    -2.226528e-08    -2.577992e-06    -5.526539e-07    -3.784037e-08    2.797478e-07    -1.890432e-07    -1.974341e-07    3.880471e-07    -1.863882e-07
-2.226528e-08    4.314035e-06    -1.467289e-07    -2.935138e-06    3.404764e-07    -3.644724e-07    6.001708e-07    4.539575e-07    -4.914338e-07    -7.851233e-08
-2.577992e-06    -1.467289e-07    3.894266e-06    -7.059169e-08    -1.365414e-06    -3.876304e-07    6.545571e-07    7.18087e-07    -3.693809e-07    -3.002134e-07
-5.526539e-07    -2.935138e-06    -7.059169e-08    4.830318e-06    -1.433847e-06    4.063994e-07    -1.408717e-07    -1.503263e-08    4.697136e-07    -3.459882e-07
-3.784037e-08    3.404764e-07    -1.365414e-06    -1.433847e-06    3.642288e-06    6.724368e-08    -4.781996e-07    -6.290633e-07    -1.337332e-08    4.877199e-07
2.797478e-07    -3.644724e-07    -3.876304e-07    4.063994e-07    6.724368e-08    1.097541e-05    1.100321e-06    -8.138657e-06    -3.203094e-07    6.647987e-08
-1.890432e-07    6.001708e-07    6.545571e-07    -1.408717e-07    -4.781996e-07    1.100321e-06    1.30728e-05    -3.444884e-06    -8.142735e-06    2.563034e-06
-1.974341e-07    4.539575e-07    7.18087e-07    -1.503263e-08    -6.290633e-07    -8.138657e-06    -3.444884e-06    1.306918e-05    9.975466e-07    -5.104382e-06
3.880471e-07    -4.914338e-07    -3.693809e-07    4.697136e-07    -1.337332e-08    -3.203094e-07    -8.142735e-06    9.975466e-07    1.096325e-05    -3.878048e-06
-1.863882e-07    -7.851233e-08    -3.002134e-07    -3.459882e-07    4.877199e-07    6.647987e-08    2.563034e-06    -5.104382e-06    -3.878048e-06    8.086519e-06
