5.172255e-06    2.427888e-07    -2.809872e-06    -2.827094e-07    2.905719e-07    -1.328756e-07    -7.071262e-08    -4.592376e-08    7.270737e-08    2.400064e-07    3.643904e-07    -3.986668e-07    -6.618855e-07    3.417128e-07    2.663697e-07    7.437434e-08    -5.506039e-09    1.21976e-08    -1.04087e-08    -5.051537e-08    1.687772e-07    -4.659034e-08    2.407001e-10    1.979505e-07    -1.573741e-07    4.750771e-07    -4.102505e-07    -6.346538e-07    4.69145e-07    7.949777e-08
2.427888e-07    3.569178e-06    -4.04574e-07    -2.42069e-06    8.808811e-07    -1.195317e-07    -5.63339e-08    2.064305e-08    5.185557e-08    7.181799e-08    -4.277904e-07    -1.187774e-07    -3.977814e-08    -2.76012e-07    3.560607e-07    -5.997555e-08    -4.425757e-08    7.697552e-08    3.00015e-09    -7.141012e-08    -2.547509e-07    1.624553e-07    2.995602e-07    -1.241605e-07    -8.930607e-08    -4.380314e-08    -1.149571e-07    -2.57429e-07    -2.465709e-07    3.806081e-07
-2.809872e-06    -4.04574e-07    3.938312e-06    4.107296e-07    -2.125435e-06    1.162161e-07    -3.904354e-08    -6.130299e-08    1.48422e-08    -8.608081e-08    -2.001076e-07    -6.604241e-08    -5.238408e-08    -4.157957e-07    3.374902e-07    -2.098728e-08    -1.414647e-08    3.619338e-08    4.160641e-08    2.149384e-08    -3.476842e-07    3.070383e-07    4.007813e-07    -2.189619e-07    -6.416113e-08    -1.518004e-07    -1.602782e-07    -1.255265e-07    -1.546522e-07    2.745461e-07
-2.827094e-07    -2.42069e-06    4.107296e-07    5.054463e-06    -2.842432e-06    2.0308e-07    5.567239e-08    -7.75813e-08    -1.648634e-07    -4.786235e-08    3.980162e-07    -4.584399e-07    -5.077927e-07    2.573538e-07    1.96081e-07    -3.428865e-08    -6.014957e-09    1.371563e-08    8.815109e-08    2.397101e-08    1.266466e-07    4.804977e-08    3.503748e-09    1.633645e-07    -1.037884e-07    4.063289e-07    -6.545445e-07    -4.54149e-07    5.762771e-07    -5.510561e-09
2.905719e-07    8.808811e-07    -2.125435e-06    -2.842432e-06    6.504933e-06    1.672594e-08    6.874421e-08    9.065036e-08    -5.260534e-08    -3.535181e-07    -4.390533e-08    5.804974e-07    6.229161e-07    -7.086475e-08    -5.889895e-07    -1.454301e-07    -9.0868e-08    -1.706553e-08    7.459968e-08    1.602147e-07    2.688555e-07    -1.958775e-07    -4.893533e-07    -6.080399e-08    1.499289e-07    -3.432047e-07    6.873594e-07    6.471897e-07    -3.172493e-07    -2.39772e-07
-1.328756e-07    -1.195317e-07    1.162161e-07    2.0308e-07    1.672594e-08    5.182159e-06    3.853866e-07    -2.464886e-06    -2.743596e-07    -9.928149e-08    5.674552e-08    1.215475e-08    -2.048119e-08    -4.035942e-08    -8.910587e-08    2.667516e-07    -6.242125e-07    -4.402122e-07    5.207956e-07    1.429148e-07    7.148201e-08    -1.175196e-07    1.379653e-07    2.165794e-07    -2.466357e-07    4.964815e-07    -6.321169e-07    -5.736938e-07    5.393352e-07    9.549623e-08
-7.071262e-08    -5.63339e-08    -3.904354e-08    5.567239e-08    6.874421e-08    3.853866e-07    4.010525e-06    -3.291143e-07    -2.734395e-06    8.042172e-07    5.591104e-08    5.62557e-08    3.296767e-08    -3.389619e-08    -1.567599e-07    -3.41022e-07    -8.942565e-08    -1.217882e-07    -3.647699e-07    5.075824e-07    -9.181384e-08    4.280341e-07    1.968336e-07    -3.733832e-07    -1.126354e-07    -2.249805e-07    -1.878167e-07    -1.680587e-07    -1.117415e-07    3.067585e-07
-4.592376e-08    2.064305e-08    -6.130299e-08    -7.75813e-08    9.065036e-08    -2.464886e-06    -3.291143e-07    3.647567e-06    1.099244e-07    -1.724072e-06    -2.500299e-08    1.001467e-07    -4.591796e-09    -7.030543e-08    1.11297e-07    -2.676931e-07    -3.353711e-08    -9.429736e-08    -4.072184e-07    4.709093e-07    -5.920289e-08    4.442553e-07    1.063617e-07    -3.505178e-07    -4.701398e-08    -1.55451e-07    -1.132073e-07    -1.290898e-07    -2.451191e-07    3.061686e-07
7.270737e-08    5.185557e-08    1.48422e-08    -1.648634e-07    -5.260534e-08    -2.743596e-07    -2.734395e-06    1.099244e-07    5.123746e-06    -2.446878e-06    -3.630349e-08    -2.058856e-08    -5.253333e-08    8.978286e-08    8.988558e-08    2.27735e-07    -5.86682e-07    -3.660868e-07    4.694487e-07    1.170904e-07    1.960158e-07    -1.023258e-07    -2.874317e-08    2.170745e-07    -1.800429e-07    5.214664e-07    -5.020011e-07    -5.455871e-07    4.761241e-07    3.60442e-08
2.400064e-07    7.181799e-08    -8.608081e-08    -4.786235e-08    -3.535181e-07    -9.928149e-08    8.042172e-07    -1.724072e-06    -2.446878e-06    5.950417e-06    -1.468598e-07    -1.639111e-07    2.685797e-08    2.134174e-07    1.617511e-08    1.660239e-07    7.964426e-07    3.837232e-07    -2.288069e-07    -5.122339e-07    -6.85581e-08    -3.856817e-07    -1.516239e-07    1.642461e-07    1.73017e-07    -2.651119e-07    6.715793e-07    6.441475e-07    -2.96451e-07    -3.205314e-07
3.643904e-07    -4.277904e-07    -2.001076e-07    3.980162e-07    -4.390533e-08    5.674552e-08    5.591104e-08    -2.500299e-08    -3.630349e-08    -1.468598e-07    4.725822e-06    -2.000979e-07    -2.906086e-06    -4.483164e-07    1.731308e-07    -4.467649e-08    -2.734826e-08    6.902142e-08    6.857893e-08    -3.009029e-08    2.747226e-07    -1.397895e-07    -5.300614e-08    2.598407e-07    -2.259265e-07    2.266141e-07    -1.027954e-07    -1.234467e-07    1.572515e-07    -7.592079e-08
-3.986668e-07    -1.187774e-07    -6.604241e-08    -4.584399e-07    5.804974e-07    1.215475e-08    5.62557e-08    1.001467e-07    -2.058856e-08    -1.639111e-07    -2.000979e-07    3.915343e-06    -1.885232e-07    -2.538816e-06    3.615295e-07    1.010476e-07    6.373484e-08    -8.029741e-08    -1.128079e-07    5.455828e-08    -1.587633e-07    3.89066e-07    3.844092e-07    -3.748495e-07    -1.947723e-07    -3.795119e-07    3.505664e-07    4.697218e-07    -2.177967e-07    -1.250377e-07
-6.618855e-07    -3.977814e-08    -5.238408e-08    -5.077927e-07    6.229161e-07    -2.048119e-08    3.296767e-08    -4.591796e-09    -5.253333e-08    2.685797e-08    -2.906086e-06    -1.885232e-07    4.379507e-06    3.138876e-09    -1.650605e-06    -6.733583e-10    2.888692e-08    -1.393534e-11    4.564239e-08    -2.596733e-08    -1.489485e-07    5.695044e-07    2.47847e-07    -3.439001e-07    -6.212741e-08    -3.136321e-07    4.365302e-07    4.383651e-07    -2.646849e-07    -1.486366e-07
3.417128e-07    -2.76012e-07    -4.157957e-07    2.573538e-07    -7.086475e-08    -4.035942e-08    -3.389619e-08    -7.030543e-08    8.978286e-08    2.134174e-07    -4.483164e-07    -2.538816e-06    3.138876e-09    4.626585e-06    -1.536757e-06    -2.51944e-08    2.580524e-08    1.604798e-08    7.967762e-09    -6.419836e-08    1.916891e-07    -8.226969e-08    1.613003e-08    3.399732e-07    -2.069173e-07    3.621246e-07    -1.011847e-07    -1.70828e-07    1.316952e-07    -1.271427e-07
2.663697e-07    3.560607e-07    3.374902e-07    1.96081e-07    -5.889895e-07    -8.910587e-08    -1.567599e-07    1.11297e-07    8.988558e-08    1.617511e-08    1.731308e-07    3.615295e-07    -1.650605e-06    -1.536757e-06    3.862514e-06    9.210886e-08    -7.033332e-09    -3.418396e-08    -1.100362e-07    3.505567e-09    -1.531111e-07    -3.484675e-07    -2.755149e-07    6.481407e-08    3.567518e-07    8.998658e-08    -3.475015e-07    -3.065823e-07    1.188155e-07    2.270804e-07
7.437434e-08    -5.997555e-08    -2.098728e-08    -3.428865e-08    -1.454301e-07    2.667516e-07    -3.41022e-07    -2.676931e-07    2.27735e-07    1.660239e-07    -4.467649e-08    1.010476e-07    -6.733583e-10    -2.51944e-08    9.210886e-08    4.633149e-06    -2.226528e-08    -2.577992e-06    -5.526539e-07    -3.784037e-08    4.021808e-07    -2.830514e-08    -2.496403e-07    2.235083e-07    -1.495864e-07    8.207787e-08    -1.117228e-07    2.24289e-08    1.551129e-07    -8.657515e-08
-5.506039e-09    -4.425757e-08    -1.414647e-08    -6.014957e-09    -9.0868e-08    -6.242125e-07    -8.942565e-08    -3.353711e-08    -5.86682e-07    7.964426e-07    -2.734826e-08    6.373484e-08    2.888692e-08    2.580524e-08    -7.033332e-09    -2.226528e-08    4.314035e-06    -1.467289e-07    -2.935138e-06    3.404764e-07    -3.703442e-07    2.652752e-07    4.9928e-07    -1.718453e-07    -1.352649e-07    -3.053819e-07    5.595152e-07    4.935745e-07    -3.605912e-07    -1.596959e-07
1.21976e-08    7.697552e-08    3.619338e-08    1.371563e-08    -1.706553e-08    -4.402122e-07    -1.217882e-07    -9.429736e-08    -3.660868e-07    3.837232e-07    6.902142e-08    -8.029741e-08    -1.393534e-11    1.604798e-08    -3.418396e-08    -2.577992e-06    -1.467289e-07    3.894266e-06    -7.059169e-08    -1.365414e-06    -3.564524e-07    3.276738e-07    5.716892e-07    -1.550055e-07    -1.305485e-07    -1.850646e-07    3.568694e-07    2.841349e-07    -2.218363e-07    -9.074469e-08
-1.04087e-08    3.00015e-09    4.160641e-08    8.815109e-08    7.459968e-08    5.207956e-07    -3.647699e-07    -4.072184e-07    4.694487e-07    -2.288069e-07    6.857893e-08    -1.128079e-07    4.564239e-08    7.967762e-09    -1.100362e-07    -5.526539e-07    -2.935138e-06    -7.059169e-08    4.830318e-06    -1.433847e-06    3.46154e-07    -2.410312e-08    -1.32061e-07    2.734663e-07    -1.916243e-07    2.7083e-07    -2.707613e-07    -2.318587e-07    3.043667e-07    -5.309303e-08
-5.051537e-08    -7.141012e-08    2.149384e-08    2.397101e-08    1.602147e-07    1.429148e-07    5.075824e-07    4.709093e-07    1.170904e-07    -5.122339e-07    -3.009029e-08    5.455828e-08    -2.596733e-08    -6.419836e-08    3.505567e-09    -3.784037e-08    3.404764e-07    -1.365414e-06    -1.433847e-06    3.642288e-06    -4.586092e-08    -3.470916e-07    -3.278222e-07    -5.551856e-08    3.2039e-07    8.087496e-08    -1.922144e-07    -3.193283e-07    -1.244517e-08    2.304346e-07
1.687772e-07    -2.547509e-07    -3.476842e-07    1.266466e-07    2.688555e-07    7.148201e-08    -9.181384e-08    -5.920289e-08    1.960158e-07    -6.85581e-08    2.747226e-07    -1.587633e-07    -1.489485e-07    1.916891e-07    -1.531111e-07    4.021808e-07    -3.703442e-07    -3.564524e-07    3.46154e-07    -4.586092e-08    5.089656e-06    1.888015e-07    -3.277961e-06    8.594094e-08    -2.952586e-07    4.001109e-07    -2.429236e-07    -4.183064e-07    2.397027e-07    -1.322945e-08
-4.659034e-08    1.624553e-07    3.070383e-07    4.804977e-08    -1.958775e-07    -1.175196e-07    4.280341e-07    4.442553e-07    -1.023258e-07    -3.856817e-07    -1.397895e-07    3.89066e-07    5.695044e-07    -8.226969e-08    -3.484675e-07    -2.830514e-08    2.652752e-07    3.276738e-07    -2.410312e-08    -3.470916e-07    1.888015e-07    6.066389e-06    -1.616651e-06    -3.337731e-06    1.28354e-06    -4.079309e-07    1.563053e-07    1.541978e-07    -3.36482e-07    1.681724e-07
2.407001e-10    2.995602e-07    4.007813e-07    3.503748e-09    -4.893533e-07    1.379653e-07    1.968336e-07    1.063617e-07    -2.874317e-08    -1.516239e-07    -5.300614e-08    3.844092e-07    2.47847e-07    1.613003e-08    -2.755149e-07    -2.496403e-07    4.9928e-07    5.716892e-07    -1.32061e-07    -3.278222e-07    -3.277961e-06    -1.616651e-06    5.880102e-06    2.169844e-07    -2.446277e-06    -3.552645e-07    -2.936474e-08    1.959967e-07    -2.013879e-07    2.283394e-07
1.979505e-07    -1.241605e-07    -2.189619e-07    1.633645e-07    -6.080399e-08    2.165794e-07    -3.733832e-07    -3.505178e-07    2.170745e-07    1.642461e-07    2.598407e-07    -3.748495e-07    -3.439001e-07    3.399732e-07    6.481407e-08    2.235083e-07    -1.718453e-07    -1.550055e-07    2.734663e-07    -5.551856e-08    8.594094e-08    -3.337731e-06    2.169844e-07    5.069693e-06    -1.798967e-06    4.227855e-07    -3.109816e-07    -4.729755e-07    3.231611e-07    4.568306e-08
-1.573741e-07    -8.930607e-08    -6.416113e-08    -1.037884e-07    1.499289e-07    -2.466357e-07    -1.126354e-07    -4.701398e-08    -1.800429e-07    1.73017e-07    -2.259265e-07    -1.947723e-07    -6.212741e-08    -2.069173e-07    3.567518e-07    -1.495864e-07    -1.352649e-07    -1.305485e-07    -1.916243e-07    3.2039e-07    -2.952586e-07    1.28354e-06    -2.446277e-06    -1.798967e-06    4.716638e-06    -8.331058e-08    2.855226e-07    3.268469e-07    -8.788911e-08    -2.282231e-07
4.750771e-07    -4.380314e-08    -1.518004e-07    4.063289e-07    -3.432047e-07    4.964815e-07    -2.249805e-07    -1.55451e-07    5.214664e-07    -2.651119e-07    2.266141e-07    -3.795119e-07    -3.136321e-07    3.621246e-07    8.998658e-08    8.207787e-08    -3.053819e-07    -1.850646e-07    2.7083e-07    8.087496e-08    4.001109e-07    -4.079309e-07    -3.552645e-07    4.227855e-07    -8.331058e-08    5.688819e-06    7.011856e-10    -4.407768e-06    -3.903071e-07    1.419384e-07
-4.102505e-07    -1.149571e-07    -1.602782e-07    -6.545445e-07    6.873594e-07    -6.321169e-07    -1.878167e-07    -1.132073e-07    -5.020011e-07    6.715793e-07    -1.027954e-07    3.505664e-07    4.365302e-07    -1.011847e-07    -3.475015e-07    -1.117228e-07    5.595152e-07    3.568694e-07    -2.707613e-07    -1.922144e-07    -2.429236e-07    1.563053e-07    -2.936474e-08    -3.109816e-07    2.855226e-07    7.011856e-10    6.556251e-06    -1.302988e-06    -4.337485e-06    6.190545e-07
-6.346538e-07    -2.57429e-07    -1.255265e-07    -4.54149e-07    6.471897e-07    -5.736938e-07    -1.680587e-07    -1.290898e-07    -5.455871e-07    6.441475e-07    -1.234467e-07    4.697218e-07    4.383651e-07    -1.70828e-07    -3.065823e-07    2.24289e-08    4.935745e-07    2.841349e-07    -2.318587e-07    -3.193283e-07    -4.183064e-07    1.541978e-07    1.959967e-07    -4.729755e-07    3.268469e-07    -4.407768e-06    -1.302988e-06    6.599799e-06    9.317883e-08    -1.536047e-06
4.69145e-07    -2.465709e-07    -1.546522e-07    5.762771e-07    -3.172493e-07    5.393352e-07    -1.117415e-07    -2.451191e-07    4.761241e-07    -2.96451e-07    1.572515e-07    -2.177967e-07    -2.646849e-07    1.316952e-07    1.188155e-07    1.551129e-07    -3.605912e-07    -2.218363e-07    3.043667e-07    -1.244517e-08    2.397027e-07    -3.36482e-07    -2.013879e-07    3.231611e-07    -8.788911e-08    -3.903071e-07    -4.337485e-06    9.317883e-08    5.633031e-06    -1.088318e-06
7.949777e-08    3.806081e-07    2.745461e-07    -5.510561e-09    -2.39772e-07    9.549623e-08    3.067585e-07    3.061686e-07    3.60442e-08    -3.205314e-07    -7.592079e-08    -1.250377e-07    -1.486366e-07    -1.271427e-07    2.270804e-07    -8.657515e-08    -1.596959e-07    -9.074469e-08    -5.309303e-08    2.304346e-07    -1.322945e-08    1.681724e-07    2.283394e-07    4.568306e-08    -2.282231e-07    1.419384e-07    6.190545e-07    -1.536047e-06    -1.088318e-06    2.336119e-06
