4.633149e-06    -2.226528e-08    -2.577992e-06    -5.526539e-07    -3.784037e-08    7.006449e-07    -6.480566e-07    -5.010438e-07    6.098675e-07    -8.804354e-08
-2.226528e-08    4.314035e-06    -1.467289e-07    -2.935138e-06    3.404764e-07    -4.60472e-07    -2.470011e-07    -1.966913e-07    -3.768455e-07    6.481176e-07
-2.577992e-06    -1.467289e-07    3.894266e-06    -7.059169e-08    -1.365414e-06    -3.239382e-07    -1.277428e-07    -2.667673e-07    -3.557192e-07    5.645962e-07
-5.526539e-07    -2.935138e-06    -7.059169e-08    4.830318e-06    -1.433847e-06    7.091226e-07    -5.253819e-07    -5.32589e-07    6.957207e-07    -1.728061e-07
-3.784037e-08    3.404764e-07    -1.365414e-06    -1.433847e-06    3.642288e-06    -3.389058e-07    8.239795e-07    8.30206e-07    -3.23425e-07    -5.438814e-07
7.006449e-07    -4.60472e-07    -3.239382e-07    7.091226e-07    -3.389058e-07    1.081016e-05    3.549973e-07    -8.377573e-06    1.736126e-07    2.270764e-07
-6.480566e-07    -2.470011e-07    -1.277428e-07    -5.253819e-07    8.239795e-07    3.549973e-07    1.249359e-05    -2.934063e-06    -8.304608e-06    2.022522e-06
-5.010438e-07    -1.966913e-07    -2.667673e-07    -5.32589e-07    8.30206e-07    -8.377573e-06    -2.934063e-06    1.264536e-05    5.710938e-08    -3.571724e-06
6.098675e-07    -3.768455e-07    -3.557192e-07    6.957207e-07    -3.23425e-07    1.736126e-07    -8.304608e-06    5.710938e-08    1.104064e-05    -3.105478e-06
-8.804354e-08    6.481176e-07    5.645962e-07    -1.728061e-07    -5.438814e-07    2.270764e-07    2.022522e-06    -3.571724e-06    -3.105478e-06    5.495815e-06
