4.725822e-06    -2.000979e-07    -2.906086e-06    -4.483164e-07    1.731308e-07    -4.467649e-08    -2.734826e-08    6.902142e-08    6.857893e-08    -3.009029e-08    8.371784e-07    -6.991552e-07    -5.785398e-07    8.372113e-07    -2.223378e-07
-2.000979e-07    3.915343e-06    -1.885232e-07    -2.538816e-06    3.615295e-07    1.010476e-07    6.373484e-08    -8.029741e-08    -1.128079e-07    5.455828e-08    -4.790501e-07    -7.138609e-08    -8.144071e-08    -4.50141e-07    5.315783e-07
-2.906086e-06    -1.885232e-07    4.379507e-06    3.138876e-09    -1.650605e-06    -6.733583e-10    2.888692e-08    -1.393534e-11    4.564239e-08    -2.596733e-08    -4.309328e-07    -1.73938e-07    -1.955967e-07    -5.034693e-07    6.734632e-07
-4.483164e-07    -2.538816e-06    3.138876e-09    4.626585e-06    -1.536757e-06    -2.51944e-08    2.580524e-08    1.604798e-08    7.967762e-09    -6.419836e-08    6.470274e-07    -7.385726e-07    -5.902099e-07    7.465039e-07    -5.958673e-08
1.731308e-07    3.615295e-07    -1.650605e-06    -1.536757e-06    3.862514e-06    9.210886e-08    -7.033332e-09    -3.418396e-08    -1.100362e-07    3.505567e-09    -1.951101e-07    7.994753e-07    6.420558e-07    -2.792336e-07    -4.873614e-07
-4.467649e-08    1.010476e-07    -6.733583e-10    -2.51944e-08    9.210886e-08    4.633149e-06    -2.226528e-08    -2.577992e-06    -5.526539e-07    -3.784037e-08    7.006449e-07    -6.480566e-07    -5.010438e-07    6.098675e-07    -8.804354e-08
-2.734826e-08    6.373484e-08    2.888692e-08    2.580524e-08    -7.033332e-09    -2.226528e-08    4.314035e-06    -1.467289e-07    -2.935138e-06    3.404764e-07    -4.60472e-07    -2.470011e-07    -1.966913e-07    -3.768455e-07    6.481176e-07
6.902142e-08    -8.029741e-08    -1.393534e-11    1.604798e-08    -3.418396e-08    -2.577992e-06    -1.467289e-07    3.894266e-06    -7.059169e-08    -1.365414e-06    -3.239382e-07    -1.277428e-07    -2.667673e-07    -3.557192e-07    5.645962e-07
6.857893e-08    -1.128079e-07    4.564239e-08    7.967762e-09    -1.100362e-07    -5.526539e-07    -2.935138e-06    -7.059169e-08    4.830318e-06    -1.433847e-06    7.091226e-07    -5.253819e-07    -5.32589e-07    6.957207e-07    -1.728061e-07
-3.009029e-08    5.455828e-08    -2.596733e-08    -6.419836e-08    3.505567e-09    -3.784037e-08    3.404764e-07    -1.365414e-06    -1.433847e-06    3.642288e-06    -3.389058e-07    8.239795e-07    8.30206e-07    -3.23425e-07    -5.438814e-07
8.371784e-07    -4.790501e-07    -4.309328e-07    6.470274e-07    -1.951101e-07    7.006449e-07    -4.60472e-07    -3.239382e-07    7.091226e-07    -3.389058e-07    1.081016e-05    3.549973e-07    -8.377573e-06    1.736126e-07    2.270764e-07
-6.991552e-07    -7.138609e-08    -1.73938e-07    -7.385726e-07    7.994753e-07    -6.480566e-07    -2.470011e-07    -1.277428e-07    -5.253819e-07    8.239795e-07    3.549973e-07    1.249359e-05    -2.934063e-06    -8.304608e-06    2.022522e-06
-5.785398e-07    -8.144071e-08    -1.955967e-07    -5.902099e-07    6.420558e-07    -5.010438e-07    -1.966913e-07    -2.667673e-07    -5.32589e-07    8.30206e-07    -8.377573e-06    -2.934063e-06    1.264536e-05    5.710938e-08    -3.571724e-06
8.372113e-07    -4.50141e-07    -5.034693e-07    7.465039e-07    -2.792336e-07    6.098675e-07    -3.768455e-07    -3.557192e-07    6.957207e-07    -3.23425e-07    1.736126e-07    -8.304608e-06    5.710938e-08    1.104064e-05    -3.105478e-06
-2.223378e-07    5.315783e-07    6.734632e-07    -5.958673e-08    -4.873614e-07    -8.804354e-08    6.481176e-07    5.645962e-07    -1.728061e-07    -5.438814e-07    2.270764e-07    2.022522e-06    -3.571724e-06    -3.105478e-06    5.495815e-06
