2.600983e-06    -3.286611e-07    -1.342674e-06    6.021406e-07    1.593954e-08    3.228146e-09    -6.518403e-08    -4.987182e-08    -2.781047e-08    2.202135e-07    5.73422e-08    -2.208831e-08    3.155862e-09    -1.155155e-09    4.696192e-08    5.133165e-07    -4.875697e-07    -5.534647e-07    4.106472e-07    8.471846e-08
-3.286611e-07    3.160636e-06    -1.907102e-08    -2.568925e-06    8.523284e-07    -4.940481e-08    -1.6856e-08    -4.979639e-08    6.254391e-08    6.688295e-08    -7.477988e-09    -5.969306e-08    7.960095e-08    -1.411955e-08    5.760906e-09    -5.015089e-07    -7.018989e-08    3.83307e-08    -2.720019e-07    3.90987e-07
-1.342674e-06    -1.907102e-08    3.326219e-06    3.893051e-07    -2.172842e-06    -4.455707e-08    -5.248881e-08    5.656774e-08    1.395079e-07    -1.109157e-07    -8.584576e-08    4.055964e-09    3.421954e-08    7.601935e-08    -6.102339e-08    -1.883287e-08    -5.990057e-07    -4.317586e-07    1.035132e-07    4.524608e-07
6.021406e-07    -2.568925e-06    3.893051e-07    5.404785e-06    -3.126419e-06    9.156553e-08    -1.986293e-08    -4.650557e-10    -7.124445e-08    -5.753822e-08    -1.527416e-08    4.92217e-09    7.932735e-09    9.567633e-08    -6.955769e-08    1.259305e-06    -1.193715e-06    -1.259082e-06    1.064288e-06    1.08476e-07
1.593954e-08    8.523284e-07    -2.172842e-06    -3.126419e-06    5.295479e-06    3.787011e-08    1.116206e-07    4.794605e-08    -1.289315e-07    -2.471375e-07    1.173613e-07    8.777612e-09    -9.837084e-08    -1.12288e-07    1.199974e-07    -9.592466e-07    1.576248e-06    1.425144e-06    -8.506961e-07    -5.861574e-07
3.228146e-09    -4.940481e-08    -4.455707e-08    9.156553e-08    3.787011e-08    2.533777e-06    -4.266937e-07    -1.291445e-06    5.937822e-07    -7.863822e-11    2.207197e-07    -4.604739e-07    -3.073928e-07    3.356389e-07    1.479332e-07    5.12408e-07    -5.038494e-07    -5.373285e-07    4.079602e-07    8.766542e-08
-6.518403e-08    -1.6856e-08    -5.248881e-08    -1.986293e-08    1.116206e-07    -4.266937e-07    3.182776e-06    6.380439e-08    -2.655799e-06    8.383507e-07    -2.819069e-07    1.904242e-08    -9.654546e-08    -4.620144e-07    5.295898e-07    -3.232898e-07    4.975546e-08    -1.468814e-07    -4.376312e-07    4.477965e-07
-4.987182e-08    -4.979639e-08    5.656774e-08    -4.650557e-10    4.794605e-08    -1.291445e-06    6.380439e-08    3.389444e-06    3.92713e-07    -2.300373e-06    -3.39474e-07    -2.167304e-07    -1.586507e-07    -2.562574e-07    4.654703e-07    -1.101753e-07    -6.066594e-07    -3.904777e-07    1.356669e-07    4.172357e-07
-2.781047e-08    6.254391e-08    1.395079e-07    -7.124445e-08    -1.289315e-07    5.937822e-07    -2.655799e-06    3.92713e-07    5.445952e-06    -3.122491e-06    3.323716e-07    -7.541862e-07    -4.87935e-07    7.299035e-07    2.273887e-08    1.043673e-06    -1.348225e-06    -9.690289e-07    1.183232e-06    -1.33301e-08
2.202135e-07    6.688295e-08    -1.109157e-07    -5.753822e-08    -2.471375e-07    -7.863822e-11    8.383507e-07    -2.300373e-06    -3.122491e-06    5.391972e-06    2.741836e-08    8.632749e-07    6.23726e-07    -2.42965e-07    -6.32896e-07    -8.681331e-07    1.521197e-06    1.445563e-06    -9.079914e-07    -5.390543e-07
5.73422e-08    -7.477988e-09    -8.584576e-08    -1.527416e-08    1.173613e-07    2.207197e-07    -2.819069e-07    -3.39474e-07    3.323716e-07    2.741836e-08    4.633149e-06    -2.226528e-08    -2.577992e-06    -5.526539e-07    -3.784037e-08    2.910839e-07    -1.041973e-07    -2.028097e-07    1.998749e-07    -1.016959e-07
-2.208831e-08    -5.969306e-08    4.055964e-09    4.92217e-09    8.777612e-09    -4.604739e-07    1.904242e-08    -2.167304e-07    -7.541862e-07    8.632749e-07    -2.226528e-08    4.314035e-06    -1.467289e-07    -2.935138e-06    3.404764e-07    -5.660784e-07    6.763335e-07    8.412421e-07    -4.630778e-07    -2.664306e-07
3.155862e-09    7.960095e-08    3.421954e-08    7.932735e-09    -9.837084e-08    -3.073928e-07    -9.654546e-08    -1.586507e-07    -4.87935e-07    6.23726e-07    -2.577992e-06    -1.467289e-07    3.894266e-06    -7.059169e-08    -1.365414e-06    -4.014675e-07    6.518014e-07    6.166871e-07    -3.916449e-07    -1.821262e-07
-1.155155e-09    -1.411955e-08    7.601935e-08    9.567633e-08    -1.12288e-07    3.356389e-07    -4.620144e-07    -2.562574e-07    7.299035e-07    -2.42965e-07    -5.526539e-07    -2.935138e-06    -7.059169e-08    4.830318e-06    -1.433847e-06    5.373337e-07    -3.203707e-07    -3.680252e-07    3.617038e-07    -1.117264e-07
4.696192e-08    5.760906e-09    -6.102339e-08    -6.955769e-08    1.199974e-07    1.479332e-07    5.295898e-07    4.654703e-07    2.273887e-08    -6.32896e-07    -3.784037e-08    3.404764e-07    -1.365414e-06    -1.433847e-06    3.642288e-06    3.379634e-08    -5.465675e-07    -3.709288e-07    9.425425e-08    3.472015e-07
5.133165e-07    -5.015089e-07    -1.883287e-08    1.259305e-06    -9.592466e-07    5.12408e-07    -3.232898e-07    -1.101753e-07    1.043673e-06    -8.681331e-07    2.910839e-07    -5.660784e-07    -4.014675e-07    5.373337e-07    3.379634e-08    1.133604e-05    -4.830607e-07    -9.574782e-06    1.700488e-07    3.543101e-07
-4.875697e-07    -7.018989e-08    -5.990057e-07    -1.193715e-06    1.576248e-06    -5.038494e-07    4.975546e-08    -6.066594e-07    -1.348225e-06    1.521197e-06    -1.041973e-07    6.763335e-07    6.518014e-07    -3.203707e-07    -5.465675e-07    -4.830607e-07    1.44715e-05    -2.302421e-06    -9.600773e-06    1.007374e-06
-5.534647e-07    3.83307e-08    -4.317586e-07    -1.259082e-06    1.425144e-06    -5.373285e-07    -1.468814e-07    -3.904777e-07    -9.690289e-07    1.445563e-06    -2.028097e-07    8.412421e-07    6.166871e-07    -3.680252e-07    -3.709288e-07    -9.574782e-06    -2.302421e-06    1.432088e-05    -5.137219e-07    -2.89303e-06
4.106472e-07    -2.720019e-07    1.035132e-07    1.064288e-06    -8.506961e-07    4.079602e-07    -4.376312e-07    1.356669e-07    1.183232e-06    -9.079914e-07    1.998749e-07    -4.630778e-07    -3.916449e-07    3.617038e-07    9.425425e-08    1.700488e-07    -9.600773e-06    -5.137219e-07    1.10853e-05    -1.76495e-06
8.471846e-08    3.90987e-07    4.524608e-07    1.08476e-07    -5.861574e-07    8.766542e-08    4.477965e-07    4.172357e-07    -1.33301e-08    -5.390543e-07    -1.016959e-07    -2.664306e-07    -1.821262e-07    -1.117264e-07    3.472015e-07    3.543101e-07    1.007374e-06    -2.89303e-06    -1.76495e-06    3.451853e-06
