2.600983e-06    -3.286611e-07    -1.342674e-06    6.021406e-07    1.593954e-08    3.888034e-07    -3.379323e-07    -4.895286e-07    1.447335e-07    1.222633e-07
-3.286611e-07    3.160636e-06    -1.907102e-08    -2.568925e-06    8.523284e-07    -5.789461e-07    -9.186669e-08    9.859184e-08    -2.628482e-07    3.697421e-07
-1.342674e-06    -1.907102e-08    3.326219e-06    3.893051e-07    -2.172842e-06    -4.521737e-07    -2.759046e-07    -2.495672e-08    -9.041544e-08    3.638052e-07
6.021406e-07    -2.568925e-06    3.893051e-07    5.404785e-06    -3.126419e-06    6.987241e-07    -6.368619e-07    -6.727893e-07    3.81788e-07    8.113127e-08
1.593954e-08    8.523284e-07    -2.172842e-06    -3.126419e-06    5.295479e-06    1.275625e-07    9.773109e-07    5.112449e-07    -3.198902e-07    -5.233561e-07
3.888034e-07    -5.789461e-07    -4.521737e-07    6.987241e-07    1.275625e-07    5.703121e-06    -2.34857e-07    -3.620678e-06    -4.919708e-07    2.5232e-08
-3.379323e-07    -9.186669e-08    -2.759046e-07    -6.368619e-07    9.773109e-07    -2.34857e-07    3.926806e-06    -1.002308e-07    -2.260295e-06    3.949029e-07
-4.895286e-07    9.859184e-08    -2.495672e-08    -6.727893e-07    5.112449e-07    -3.620678e-06    -1.002308e-07    4.598383e-06    1.814464e-07    -1.238884e-06
1.447335e-07    -2.628482e-07    -9.041544e-08    3.81788e-07    -3.198902e-07    -4.919708e-07    -2.260295e-06    1.814464e-07    3.965647e-06    -1.309077e-06
1.222633e-07    3.697421e-07    3.638052e-07    8.113127e-08    -5.233561e-07    2.5232e-08    3.949029e-07    -1.238884e-06    -1.309077e-06    3.231137e-06
