2.600983e-06    -3.286611e-07    -1.342674e-06    6.021406e-07    1.593954e-08    3.228146e-09    -6.518403e-08    -4.987182e-08    -2.781047e-08    2.202135e-07    5.73422e-08    -2.208831e-08    3.155862e-09    -1.155155e-09    4.696192e-08
-3.286611e-07    3.160636e-06    -1.907102e-08    -2.568925e-06    8.523284e-07    -4.940481e-08    -1.6856e-08    -4.979639e-08    6.254391e-08    6.688295e-08    -7.477988e-09    -5.969306e-08    7.960095e-08    -1.411955e-08    5.760906e-09
-1.342674e-06    -1.907102e-08    3.326219e-06    3.893051e-07    -2.172842e-06    -4.455707e-08    -5.248881e-08    5.656774e-08    1.395079e-07    -1.109157e-07    -8.584576e-08    4.055964e-09    3.421954e-08    7.601935e-08    -6.102339e-08
6.021406e-07    -2.568925e-06    3.893051e-07    5.404785e-06    -3.126419e-06    9.156553e-08    -1.986293e-08    -4.650557e-10    -7.124445e-08    -5.753822e-08    -1.527416e-08    4.92217e-09    7.932735e-09    9.567633e-08    -6.955769e-08
1.593954e-08    8.523284e-07    -2.172842e-06    -3.126419e-06    5.295479e-06    3.787011e-08    1.116206e-07    4.794605e-08    -1.289315e-07    -2.471375e-07    1.173613e-07    8.777612e-09    -9.837084e-08    -1.12288e-07    1.199974e-07
3.228146e-09    -4.940481e-08    -4.455707e-08    9.156553e-08    3.787011e-08    2.533777e-06    -4.266937e-07    -1.291445e-06    5.937822e-07    -7.863822e-11    2.207197e-07    -4.604739e-07    -3.073928e-07    3.356389e-07    1.479332e-07
-6.518403e-08    -1.6856e-08    -5.248881e-08    -1.986293e-08    1.116206e-07    -4.266937e-07    3.182776e-06    6.380439e-08    -2.655799e-06    8.383507e-07    -2.819069e-07    1.904242e-08    -9.654546e-08    -4.620144e-07    5.295898e-07
-4.987182e-08    -4.979639e-08    5.656774e-08    -4.650557e-10    4.794605e-08    -1.291445e-06    6.380439e-08    3.389444e-06    3.92713e-07    -2.300373e-06    -3.39474e-07    -2.167304e-07    -1.586507e-07    -2.562574e-07    4.654703e-07
-2.781047e-08    6.254391e-08    1.395079e-07    -7.124445e-08    -1.289315e-07    5.937822e-07    -2.655799e-06    3.92713e-07    5.445952e-06    -3.122491e-06    3.323716e-07    -7.541862e-07    -4.87935e-07    7.299035e-07    2.273887e-08
2.202135e-07    6.688295e-08    -1.109157e-07    -5.753822e-08    -2.471375e-07    -7.863822e-11    8.383507e-07    -2.300373e-06    -3.122491e-06    5.391972e-06    2.741836e-08    8.632749e-07    6.23726e-07    -2.42965e-07    -6.32896e-07
5.73422e-08    -7.477988e-09    -8.584576e-08    -1.527416e-08    1.173613e-07    2.207197e-07    -2.819069e-07    -3.39474e-07    3.323716e-07    2.741836e-08    4.633149e-06    -2.226528e-08    -2.577992e-06    -5.526539e-07    -3.784037e-08
-2.208831e-08    -5.969306e-08    4.055964e-09    4.92217e-09    8.777612e-09    -4.604739e-07    1.904242e-08    -2.167304e-07    -7.541862e-07    8.632749e-07    -2.226528e-08    4.314035e-06    -1.467289e-07    -2.935138e-06    3.404764e-07
3.155862e-09    7.960095e-08    3.421954e-08    7.932735e-09    -9.837084e-08    -3.073928e-07    -9.654546e-08    -1.586507e-07    -4.87935e-07    6.23726e-07    -2.577992e-06    -1.467289e-07    3.894266e-06    -7.059169e-08    -1.365414e-06
-1.155155e-09    -1.411955e-08    7.601935e-08    9.567633e-08    -1.12288e-07    3.356389e-07    -4.620144e-07    -2.562574e-07    7.299035e-07    -2.42965e-07    -5.526539e-07    -2.935138e-06    -7.059169e-08    4.830318e-06    -1.433847e-06
4.696192e-08    5.760906e-09    -6.102339e-08    -6.955769e-08    1.199974e-07    1.479332e-07    5.295898e-07    4.654703e-07    2.273887e-08    -6.32896e-07    -3.784037e-08    3.404764e-07    -1.365414e-06    -1.433847e-06    3.642288e-06
