2.600983e-06    -3.286611e-07    -1.342674e-06    6.021406e-07    1.593954e-08    3.228146e-09    -6.518403e-08    -4.987182e-08    -2.781047e-08    2.202135e-07    2.424749e-07    -1.070363e-07    -3.07383e-07    2.20157e-07    -3.092637e-08    5.133165e-07    -4.875697e-07    -5.534647e-07    4.106472e-07    8.471846e-08
-3.286611e-07    3.160636e-06    -1.907102e-08    -2.568925e-06    8.523284e-07    -4.940481e-08    -1.6856e-08    -4.979639e-08    6.254391e-08    6.688295e-08    7.58983e-08    -2.550777e-07    -1.889188e-07    2.393839e-08    1.519875e-07    -5.015089e-07    -7.018989e-08    3.83307e-08    -2.720019e-07    3.90987e-07
-1.342674e-06    -1.907102e-08    3.326219e-06    3.893051e-07    -2.172842e-06    -4.455707e-08    -5.248881e-08    5.656774e-08    1.395079e-07    -1.109157e-07    1.154778e-07    -2.116157e-07    -2.787047e-07    6.528456e-08    1.359093e-07    -1.883287e-08    -5.990057e-07    -4.317586e-07    1.035132e-07    4.524608e-07
6.021406e-07    -2.568925e-06    3.893051e-07    5.404785e-06    -3.126419e-06    9.156553e-08    -1.986293e-08    -4.650557e-10    -7.124445e-08    -5.753822e-08    3.136192e-07    -2.552282e-07    -3.136161e-07    3.620669e-07    -4.917608e-08    1.259305e-06    -1.193715e-06    -1.259082e-06    1.064288e-06    1.08476e-07
1.593954e-08    8.523284e-07    -2.172842e-06    -3.126419e-06    5.295479e-06    3.787011e-08    1.116206e-07    4.794605e-08    -1.289315e-07    -2.471375e-07    -4.65636e-07    4.275985e-07    6.865316e-07    -3.757029e-07    -1.427448e-07    -9.592466e-07    1.576248e-06    1.425144e-06    -8.506961e-07    -5.861574e-07
3.228146e-09    -4.940481e-08    -4.455707e-08    9.156553e-08    3.787011e-08    2.533777e-06    -4.266937e-07    -1.291445e-06    5.937822e-07    -7.863822e-11    2.288072e-07    -2.568261e-07    -1.957962e-07    3.291202e-07    -7.64295e-08    5.12408e-07    -5.038494e-07    -5.373285e-07    4.079602e-07    8.766542e-08
-6.518403e-08    -1.6856e-08    -5.248881e-08    -1.986293e-08    1.116206e-07    -4.266937e-07    3.182776e-06    6.380439e-08    -2.655799e-06    8.383507e-07    2.802185e-08    -1.620801e-07    -2.205805e-07    7.662071e-09    1.65037e-07    -3.232898e-07    4.975546e-08    -1.468814e-07    -4.376312e-07    4.477965e-07
-4.987182e-08    -4.979639e-08    5.656774e-08    -4.650557e-10    4.794605e-08    -1.291445e-06    6.380439e-08    3.389444e-06    3.92713e-07    -2.300373e-06    1.608145e-07    -2.219309e-07    -3.585337e-07    7.018316e-08    1.817154e-07    -1.101753e-07    -6.066594e-07    -3.904777e-07    1.356669e-07    4.172357e-07
-2.781047e-08    6.254391e-08    1.395079e-07    -7.124445e-08    -1.289315e-07    5.937822e-07    -2.655799e-06    3.92713e-07    5.445952e-06    -3.122491e-06    3.808388e-07    -3.769026e-07    -2.604429e-07    4.031901e-07    -7.962064e-08    1.043673e-06    -1.348225e-06    -9.690289e-07    1.183232e-06    -1.33301e-08
2.202135e-07    6.688295e-08    -1.109157e-07    -5.753822e-08    -2.471375e-07    -7.863822e-11    8.383507e-07    -2.300373e-06    -3.122491e-06    5.391972e-06    -4.311868e-07    4.763257e-07    5.828956e-07    -3.920022e-07    -1.256018e-07    -8.681331e-07    1.521197e-06    1.445563e-06    -9.079914e-07    -5.390543e-07
2.424749e-07    7.58983e-08    1.154778e-07    3.136192e-07    -4.65636e-07    2.288072e-07    2.802185e-08    1.608145e-07    3.808388e-07    -4.311868e-07    4.198355e-06    -3.570896e-07    -3.268864e-06    -2.005086e-07    -1.219386e-07    1.185631e-07    -6.753508e-07    -7.229685e-07    1.508085e-07    5.661096e-07
-1.070363e-07    -2.550777e-07    -2.116157e-07    -2.552282e-07    4.275985e-07    -2.568261e-07    -1.620801e-07    -2.219309e-07    -3.769026e-07    4.763257e-07    -3.570896e-07    1.233661e-05    -8.056497e-06    -2.337646e-06    6.702505e-07    -1.022981e-07    1.630264e-07    1.89057e-07    -8.749234e-08    2.838654e-08
-3.07383e-07    -1.889188e-07    -2.787047e-07    -3.136161e-07    6.865316e-07    -1.957962e-07    -2.205805e-07    -3.585337e-07    -2.604429e-07    5.828956e-07    -3.268864e-06    -8.056497e-06    1.231061e-05    -7.233887e-07    -1.183478e-06    -1.479705e-07    9.438596e-07    9.400914e-07    -3.021697e-07    -7.782604e-07
2.20157e-07    2.393839e-08    6.528456e-08    3.620669e-07    -3.757029e-07    3.291202e-07    7.662071e-09    7.018316e-08    4.031901e-07    -3.920022e-07    -2.005086e-07    -2.337646e-06    -7.233887e-07    3.857491e-06    -3.243028e-07    1.843952e-07    -5.69891e-07    -5.926458e-07    2.215602e-07    3.470217e-07
-3.092637e-08    1.519875e-07    1.359093e-07    -4.917608e-08    -1.427448e-07    -7.64295e-08    1.65037e-07    1.817154e-07    -7.962064e-08    -1.256018e-07    -1.219386e-07    6.702505e-07    -1.183478e-06    -3.243028e-07    1.055329e-06    8.665828e-10    -2.066438e-09    6.275725e-08    3.491685e-08    -3.893407e-08
5.133165e-07    -5.015089e-07    -1.883287e-08    1.259305e-06    -9.592466e-07    5.12408e-07    -3.232898e-07    -1.101753e-07    1.043673e-06    -8.681331e-07    1.185631e-07    -1.022981e-07    -1.479705e-07    1.843952e-07    8.665828e-10    1.133604e-05    -4.830607e-07    -9.574782e-06    1.700488e-07    3.543101e-07
-4.875697e-07    -7.018989e-08    -5.990057e-07    -1.193715e-06    1.576248e-06    -5.038494e-07    4.975546e-08    -6.066594e-07    -1.348225e-06    1.521197e-06    -6.753508e-07    1.630264e-07    9.438596e-07    -5.69891e-07    -2.066438e-09    -4.830607e-07    1.44715e-05    -2.302421e-06    -9.600773e-06    1.007374e-06
-5.534647e-07    3.83307e-08    -4.317586e-07    -1.259082e-06    1.425144e-06    -5.373285e-07    -1.468814e-07    -3.904777e-07    -9.690289e-07    1.445563e-06    -7.229685e-07    1.89057e-07    9.400914e-07    -5.926458e-07    6.275725e-08    -9.574782e-06    -2.302421e-06    1.432088e-05    -5.137219e-07    -2.89303e-06
4.106472e-07    -2.720019e-07    1.035132e-07    1.064288e-06    -8.506961e-07    4.079602e-07    -4.376312e-07    1.356669e-07    1.183232e-06    -9.079914e-07    1.508085e-07    -8.749234e-08    -3.021697e-07    2.215602e-07    3.491685e-08    1.700488e-07    -9.600773e-06    -5.137219e-07    1.10853e-05    -1.76495e-06
8.471846e-08    3.90987e-07    4.524608e-07    1.08476e-07    -5.861574e-07    8.766542e-08    4.477965e-07    4.172357e-07    -1.33301e-08    -5.390543e-07    5.661096e-07    2.838654e-08    -7.782604e-07    3.470217e-07    -3.893407e-08    3.543101e-07    1.007374e-06    -2.89303e-06    -1.76495e-06    3.451853e-06
