4.51882e-06    -5.092078e-07    -2.431156e-06    9.867704e-07    1.807092e-07    9.408661e-09    -1.072073e-07    -8.273911e-08    -4.712006e-08    3.709954e-07    7.211144e-07    -6.079979e-07    -8.772943e-07    2.598679e-07    2.065258e-07    3.72971e-07    3.354484e-08    -1.918825e-07    -1.894089e-07    -9.534666e-08
-5.092078e-07    5.705701e-06    -3.735691e-08    -4.883672e-06    1.635184e-06    -8.709627e-08    -2.82043e-08    -8.888764e-08    1.147078e-07    1.131258e-07    -1.057051e-06    -1.336025e-07    2.202303e-07    -4.567205e-07    6.176432e-07    2.364056e-08    -8.146875e-09    2.650627e-08    -5.738093e-08    -3.075502e-08
-2.431156e-06    -3.735691e-08    5.996522e-06    5.377581e-07    -3.6571e-06    -8.397327e-08    -9.757695e-08    9.941302e-08    2.574268e-07    -1.929905e-07    -8.321793e-07    -4.954145e-07    -8.093951e-09    -1.479987e-07    6.267496e-07    -2.529503e-08    7.506498e-08    2.495752e-08    -1.032937e-08    9.874108e-08
9.867704e-07    -4.883672e-06    5.377581e-07    1.035133e-05    -5.556354e-06    1.702588e-07    -3.869617e-08    -3.01746e-09    -1.405446e-07    -1.022909e-07    1.380604e-06    -1.248115e-06    -1.290442e-06    7.274037e-07    1.543684e-07    1.47269e-07    1.328158e-07    -1.240939e-07    2.101874e-08    7.681418e-08
1.807092e-07    1.635184e-06    -3.6571e-06    -5.556354e-06    8.818069e-06    5.640371e-08    1.907184e-07    8.011837e-08    -2.348607e-07    -4.068943e-07    1.668188e-07    1.771003e-06    8.730014e-07    -6.023657e-07    -8.75315e-07    -3.130788e-07    -2.520873e-07    1.744073e-07    2.511697e-07    4.922244e-08
9.408661e-09    -8.709627e-08    -8.397327e-08    1.702588e-07    5.640371e-08    4.500056e-06    -6.72575e-07    -2.322137e-06    1.021547e-06    1.600917e-07    2.844354e-07    -3.027098e-08    -2.107612e-07    -3.818241e-08    -1.110797e-10    7.445752e-07    -6.817048e-07    -7.896175e-07    3.355945e-07    1.593798e-07
-1.072073e-07    -2.82043e-08    -9.757695e-08    -3.869617e-08    1.907184e-07    -6.72575e-07    5.776102e-06    1.257687e-07    -4.957511e-06    1.612163e-06    -4.954611e-09    5.122268e-08    5.631187e-08    6.13028e-09    -5.525604e-08    -1.233458e-06    -2.507489e-07    2.888369e-07    -2.390005e-07    6.263675e-07
-8.273911e-08    -8.888764e-08    9.941302e-08    -3.01746e-09    8.011837e-08    -2.322137e-06    1.257687e-07    6.055062e-06    5.84773e-07    -3.829498e-06    9.873577e-09    1.258265e-07    3.499411e-08    -1.436835e-07    -4.668014e-08    -7.269508e-07    -4.321203e-07    -1.715409e-07    -3.705497e-07    7.476321e-07
-4.712006e-08    1.147078e-07    2.574268e-07    -1.405446e-07    -2.348607e-07    1.021547e-06    -4.957511e-06    5.84773e-07    1.028016e-05    -5.447048e-06    7.428691e-08    2.223557e-08    -1.095565e-07    -1.291137e-07    1.435552e-07    1.474425e-06    -1.134268e-06    -1.363439e-06    6.706946e-07    1.566815e-07
3.709954e-07    1.131258e-07    -1.929905e-07    -1.022909e-07    -4.068943e-07    1.600917e-07    1.612163e-06    -3.829498e-06    -5.447048e-06    8.91695e-06    -2.671268e-07    -3.686235e-07    5.718744e-08    3.385383e-07    2.388841e-07    -3.772027e-08    1.5851e-06    9.713402e-07    -3.762192e-07    -9.35086e-07
7.211144e-07    -1.057051e-06    -8.321793e-07    1.380604e-06    1.668188e-07    2.844354e-07    -4.954611e-09    9.873577e-09    7.428691e-08    -2.671268e-07    1.099341e-05    -6.001123e-07    -7.167151e-06    -8.819843e-07    9.871967e-08    6.948039e-08    1.98333e-07    -1.485729e-07    -4.787026e-08    1.005054e-07
-6.079979e-07    -1.336025e-07    -4.954145e-07    -1.248115e-06    1.771003e-06    -3.027098e-08    5.122268e-08    1.258265e-07    2.223557e-08    -3.686235e-07    -6.001123e-07    8.098188e-06    -3.918248e-07    -4.46657e-06    6.848257e-07    4.457965e-08    2.788092e-09    -5.806339e-08    1.21452e-07    -4.744073e-08
-8.772943e-07    2.202303e-07    -8.093951e-09    -1.290442e-06    8.730014e-07    -2.107612e-07    5.631187e-08    3.499411e-08    -1.095565e-07    5.718744e-08    -7.167151e-06    -3.918248e-07    9.024091e-06    3.16819e-07    -2.124461e-06    -1.582459e-07    -2.636933e-08    1.521521e-07    3.697072e-09    1.167943e-09
2.598679e-07    -4.567205e-07    -1.479987e-07    7.274037e-07    -6.023657e-07    -3.818241e-08    6.13028e-09    -1.436835e-07    -1.291137e-07    3.385383e-07    -8.819843e-07    -4.46657e-06    3.16819e-07    7.107719e-06    -2.044824e-06    4.197599e-08    1.554918e-08    3.655092e-08    1.316864e-08    -9.472506e-08
2.065258e-07    6.176432e-07    6.267496e-07    1.543684e-07    -8.75315e-07    -1.110797e-10    -5.525604e-08    -4.668014e-08    1.435552e-07    2.388841e-07    9.871967e-08    6.848257e-07    -2.124461e-06    -2.044824e-06    5.037991e-06    5.41723e-09    6.281207e-09    7.533488e-08    -5.17401e-08    -1.630628e-07
3.72971e-07    2.364056e-08    -2.529503e-08    1.47269e-07    -3.130788e-07    7.445752e-07    -1.233458e-06    -7.269508e-07    1.474425e-06    -3.772027e-08    6.948039e-08    4.457965e-08    -1.582459e-07    4.197599e-08    5.41723e-09    1.115416e-05    -4.201846e-07    -7.287006e-06    -1.129108e-06    1.300157e-07
3.354484e-08    -8.146875e-09    7.506498e-08    1.328158e-07    -2.520873e-07    -6.817048e-07    -2.507489e-07    -4.321203e-07    -1.134268e-06    1.5851e-06    1.98333e-07    2.788092e-09    -2.636933e-08    1.554918e-08    6.281207e-09    -4.201846e-07    8.060099e-06    -4.962635e-07    -4.332971e-06    7.033176e-07
-1.918825e-07    2.650627e-08    2.495752e-08    -1.240939e-07    1.744073e-07    -7.896175e-07    2.888369e-07    -1.715409e-07    -1.363439e-06    9.713402e-07    -1.485729e-07    -5.806339e-08    1.521521e-07    3.655092e-08    7.533488e-08    -7.287006e-06    -4.962635e-07    9.075734e-06    3.481599e-07    -2.02595e-06
-1.894089e-07    -5.738093e-08    -1.032937e-08    2.101874e-08    2.511697e-07    3.355945e-07    -2.390005e-07    -3.705497e-07    6.706946e-07    -3.762192e-07    -4.787026e-08    1.21452e-07    3.697072e-09    1.316864e-08    -5.17401e-08    -1.129108e-06    -4.332971e-06    3.481599e-07    7.107595e-06    -2.13563e-06
-9.534666e-08    -3.075502e-08    9.874108e-08    7.681418e-08    4.922244e-08    1.593798e-07    6.263675e-07    7.476321e-07    1.566815e-07    -9.35086e-07    1.005054e-07    -4.744073e-08    1.167943e-09    -9.472506e-08    -1.630628e-07    1.300157e-07    7.033176e-07    -2.02595e-06    -2.13563e-06    5.079082e-06
