2.600983e-06    -3.286611e-07    -1.342674e-06    6.021406e-07    1.593954e-08    8.990216e-08    -4.214702e-08    6.214422e-08    1.727834e-07    -1.227896e-07
-3.286611e-07    3.160636e-06    -1.907102e-08    -2.568925e-06    8.523284e-07    -3.061655e-07    3.45679e-07    3.95171e-07    -3.510957e-07    -5.359166e-08
-1.342674e-06    -1.907102e-08    3.326219e-06    3.893051e-07    -2.172842e-06    -5.795323e-08    3.86521e-07    2.105811e-07    -1.082971e-07    -2.388728e-07
6.021406e-07    -2.568925e-06    3.893051e-07    5.404785e-06    -3.126419e-06    5.325328e-07    6.308152e-08    -2.102322e-07    2.807917e-07    -2.909943e-07
1.593954e-08    8.523284e-07    -2.172842e-06    -3.126419e-06    5.295479e-06    -1.664846e-07    -5.420953e-07    -2.6215e-07    -3.123019e-08    5.295525e-07
8.990216e-08    -3.061655e-07    -5.795323e-08    5.325328e-07    -1.664846e-07    1.081016e-05    3.549973e-07    -8.377573e-06    1.736126e-07    2.270764e-07
-4.214702e-08    3.45679e-07    3.86521e-07    6.308152e-08    -5.420953e-07    3.549973e-07    1.249359e-05    -2.934063e-06    -8.304608e-06    2.022522e-06
6.214422e-08    3.95171e-07    2.105811e-07    -2.102322e-07    -2.6215e-07    -8.377573e-06    -2.934063e-06    1.264536e-05    5.710938e-08    -3.571724e-06
1.727834e-07    -3.510957e-07    -1.082971e-07    2.807917e-07    -3.123019e-08    1.736126e-07    -8.304608e-06    5.710938e-08    1.104064e-05    -3.105478e-06
-1.227896e-07    -5.359166e-08    -2.388728e-07    -2.909943e-07    5.295525e-07    2.270764e-07    2.022522e-06    -3.571724e-06    -3.105478e-06    5.495815e-06
