2.600983e-06    -3.286611e-07    -1.342674e-06    6.021406e-07    1.593954e-08    5.73422e-08    -2.208831e-08    3.155862e-09    -1.155155e-09    4.696192e-08
-3.286611e-07    3.160636e-06    -1.907102e-08    -2.568925e-06    8.523284e-07    -7.477988e-09    -5.969306e-08    7.960095e-08    -1.411955e-08    5.760906e-09
-1.342674e-06    -1.907102e-08    3.326219e-06    3.893051e-07    -2.172842e-06    -8.584576e-08    4.055964e-09    3.421954e-08    7.601935e-08    -6.102339e-08
6.021406e-07    -2.568925e-06    3.893051e-07    5.404785e-06    -3.126419e-06    -1.527416e-08    4.92217e-09    7.932735e-09    9.567633e-08    -6.955769e-08
1.593954e-08    8.523284e-07    -2.172842e-06    -3.126419e-06    5.295479e-06    1.173613e-07    8.777612e-09    -9.837084e-08    -1.12288e-07    1.199974e-07
5.73422e-08    -7.477988e-09    -8.584576e-08    -1.527416e-08    1.173613e-07    4.633149e-06    -2.226528e-08    -2.577992e-06    -5.526539e-07    -3.784037e-08
-2.208831e-08    -5.969306e-08    4.055964e-09    4.92217e-09    8.777612e-09    -2.226528e-08    4.314035e-06    -1.467289e-07    -2.935138e-06    3.404764e-07
3.155862e-09    7.960095e-08    3.421954e-08    7.932735e-09    -9.837084e-08    -2.577992e-06    -1.467289e-07    3.894266e-06    -7.059169e-08    -1.365414e-06
-1.155155e-09    -1.411955e-08    7.601935e-08    9.567633e-08    -1.12288e-07    -5.526539e-07    -2.935138e-06    -7.059169e-08    4.830318e-06    -1.433847e-06
4.696192e-08    5.760906e-09    -6.102339e-08    -6.955769e-08    1.199974e-07    -3.784037e-08    3.404764e-07    -1.365414e-06    -1.433847e-06    3.642288e-06
