2.600983e-06    -3.286611e-07    -1.342674e-06    6.021406e-07    1.593954e-08    1.97316e-07    -3.704944e-07    -2.94216e-07    3.635863e-07    -1.054096e-09
-3.286611e-07    3.160636e-06    -1.907102e-08    -2.568925e-06    8.523284e-07    -2.382788e-07    -9.041879e-08    -2.591078e-08    -2.556276e-07    2.977578e-07
-1.342674e-06    -1.907102e-08    3.326219e-06    3.893051e-07    -2.172842e-06    1.226221e-07    -2.433919e-07    -4.663264e-07    -1.072838e-07    4.010113e-07
6.021406e-07    -2.568925e-06    3.893051e-07    5.404785e-06    -3.126419e-06    7.299015e-07    -6.803281e-07    -8.063589e-07    6.933302e-07    6.905387e-08
1.593954e-08    8.523284e-07    -2.172842e-06    -3.126419e-06    5.295479e-06    -6.445176e-07    9.109827e-07    1.09151e-06    -5.419987e-07    -4.213528e-07
1.97316e-07    -2.382788e-07    1.226221e-07    7.299015e-07    -6.445176e-07    5.688819e-06    7.011856e-10    -4.407768e-06    -3.903071e-07    1.419384e-07
-3.704944e-07    -9.041879e-08    -2.433919e-07    -6.803281e-07    9.109827e-07    7.011856e-10    6.556251e-06    -1.302988e-06    -4.337485e-06    6.190545e-07
-2.94216e-07    -2.591078e-08    -4.663264e-07    -8.063589e-07    1.09151e-06    -4.407768e-06    -1.302988e-06    6.599799e-06    9.317883e-08    -1.536047e-06
3.635863e-07    -2.556276e-07    -1.072838e-07    6.933302e-07    -5.419987e-07    -3.903071e-07    -4.337485e-06    9.317883e-08    5.633031e-06    -1.088318e-06
-1.054096e-09    2.977578e-07    4.010113e-07    6.905387e-08    -4.213528e-07    1.419384e-07    6.190545e-07    -1.536047e-06    -1.088318e-06    2.336119e-06
