2.600983e-06    -3.286611e-07    -1.342674e-06    6.021406e-07    1.593954e-08    3.228146e-09    -6.518403e-08    -4.987182e-08    -2.781047e-08    2.202135e-07    2.069964e-07    1.989745e-08    -1.024905e-07    -1.090638e-07    -5.563546e-08
-3.286611e-07    3.160636e-06    -1.907102e-08    -2.568925e-06    8.523284e-07    -4.940481e-08    -1.6856e-08    -4.979639e-08    6.254391e-08    6.688295e-08    1.479598e-08    -1.404393e-09    1.383991e-08    -3.354946e-08    -1.799961e-08
-1.342674e-06    -1.907102e-08    3.326219e-06    3.893051e-07    -2.172842e-06    -4.455707e-08    -5.248881e-08    5.656774e-08    1.395079e-07    -1.109157e-07    -1.095566e-08    4.165725e-08    1.345614e-08    -6.975159e-09    5.681905e-08
6.021406e-07    -2.568925e-06    3.893051e-07    5.404785e-06    -3.126419e-06    9.156553e-08    -1.986293e-08    -4.650557e-10    -7.124445e-08    -5.753822e-08    7.863944e-08    6.98556e-08    -6.084864e-08    1.043285e-08    4.299014e-08
1.593954e-08    8.523284e-07    -2.172842e-06    -3.126419e-06    5.295479e-06    3.787011e-08    1.116206e-07    4.794605e-08    -1.289315e-07    -2.471375e-07    -1.793131e-07    -1.393694e-07    9.142343e-08    1.465645e-07    2.844108e-08
3.228146e-09    -4.940481e-08    -4.455707e-08    9.156553e-08    3.787011e-08    2.533777e-06    -4.266937e-07    -1.291445e-06    5.937822e-07    -7.863822e-11    3.984054e-07    -3.694849e-07    -4.314413e-07    1.873432e-07    8.815185e-08
-6.518403e-08    -1.6856e-08    -5.248881e-08    -1.986293e-08    1.116206e-07    -4.266937e-07    3.182776e-06    6.380439e-08    -2.655799e-06    8.383507e-07    -6.712351e-07    -1.433946e-07    1.39415e-07    -1.41813e-07    3.614638e-07
-4.987182e-08    -4.979639e-08    5.656774e-08    -4.650557e-10    4.794605e-08    -1.291445e-06    6.380439e-08    3.389444e-06    3.92713e-07    -2.300373e-06    -3.974339e-07    -2.384715e-07    -1.050361e-07    -2.16489e-07    4.265421e-07
-2.781047e-08    6.254391e-08    1.395079e-07    -7.124445e-08    -1.289315e-07    5.937822e-07    -2.655799e-06    3.92713e-07    5.445952e-06    -3.122491e-06    7.553208e-07    -5.804281e-07    -7.062083e-07    3.571179e-07    7.748631e-08
2.202135e-07    6.688295e-08    -1.109157e-07    -5.753822e-08    -2.471375e-07    -7.863822e-11    8.383507e-07    -2.300373e-06    -3.122491e-06    5.391972e-06    8.438072e-09    8.805197e-07    5.637658e-07    -1.969623e-07    -5.550363e-07
2.069964e-07    1.479598e-08    -1.095566e-08    7.863944e-08    -1.793131e-07    3.984054e-07    -6.712351e-07    -3.974339e-07    7.553208e-07    8.438072e-09    5.787415e-06    -1.517737e-07    -3.65629e-06    -6.46969e-07    4.738515e-08
1.989745e-08    -1.404393e-09    4.165725e-08    6.98556e-08    -1.393694e-07    -3.694849e-07    -1.433946e-07    -2.384715e-07    -5.804281e-07    8.805197e-07    -1.517737e-07    3.908859e-06    -1.424873e-07    -2.216408e-06    4.061929e-07
-1.024905e-07    1.383991e-08    1.345614e-08    -6.084864e-08    9.142343e-08    -4.314413e-07    1.39415e-07    -1.050361e-07    -7.062083e-07    5.637658e-07    -3.65629e-06    -1.424873e-07    4.536265e-06    1.832196e-07    -1.122059e-06
-1.090638e-07    -3.354946e-08    -6.975159e-09    1.043285e-08    1.465645e-07    1.873432e-07    -1.41813e-07    -2.16489e-07    3.571179e-07    -1.969623e-07    -6.46969e-07    -2.216408e-06    1.832196e-07    4.007488e-06    -1.328285e-06
-5.563546e-08    -1.799961e-08    5.681905e-08    4.299014e-08    2.844108e-08    8.815185e-08    3.614638e-07    4.265421e-07    7.748631e-08    -5.550363e-07    4.738515e-08    4.061929e-07    -1.122059e-06    -1.328285e-06    3.107555e-06
