2.600983e-06    -3.286611e-07    -1.342674e-06    6.021406e-07    1.593954e-08    3.228146e-09    -6.518403e-08    -4.987182e-08    -2.781047e-08    2.202135e-07    9.374908e-08    3.270844e-09    -2.807009e-08    5.834329e-08    -4.599071e-08
-3.286611e-07    3.160636e-06    -1.907102e-08    -2.568925e-06    8.523284e-07    -4.940481e-08    -1.6856e-08    -4.979639e-08    6.254391e-08    6.688295e-08    -3.247301e-07    2.740387e-07    3.112613e-07    -2.292059e-07    -9.153071e-09
-1.342674e-06    -1.907102e-08    3.326219e-06    3.893051e-07    -2.172842e-06    -4.455707e-08    -5.248881e-08    5.656774e-08    1.395079e-07    -1.109157e-07    -2.441429e-07    2.180169e-07    3.981324e-07    -9.126344e-08    -1.82284e-07
6.021406e-07    -2.568925e-06    3.893051e-07    5.404785e-06    -3.126419e-06    9.156553e-08    -1.986293e-08    -4.650557e-10    -7.124445e-08    -5.753822e-08    2.525584e-07    -5.652009e-09    -9.434805e-09    2.929974e-07    -2.1823e-07
1.593954e-08    8.523284e-07    -2.172842e-06    -3.126419e-06    5.295479e-06    3.787011e-08    1.116206e-07    4.794605e-08    -1.289315e-07    -2.471375e-07    1.701414e-07    -1.572063e-07    -4.616511e-07    -1.705929e-07    3.25115e-07
3.228146e-09    -4.940481e-08    -4.455707e-08    9.156553e-08    3.787011e-08    2.533777e-06    -4.266937e-07    -1.291445e-06    5.937822e-07    -7.863822e-11    8.178649e-08    -7.057294e-08    -4.750411e-08    1.846357e-07    -8.508678e-08
-6.518403e-08    -1.6856e-08    -5.248881e-08    -1.986293e-08    1.116206e-07    -4.266937e-07    3.182776e-06    6.380439e-08    -2.655799e-06    8.383507e-07    -1.071556e-07    4.022964e-07    1.168636e-07    -3.360293e-07    -6.261995e-09
-4.987182e-08    -4.979639e-08    5.656774e-08    -4.650557e-10    4.794605e-08    -1.291445e-06    6.380439e-08    3.389444e-06    3.92713e-07    -2.300373e-06    -4.368246e-08    4.6172e-07    2.408084e-07    -3.672528e-07    -2.003071e-07
-2.781047e-08    6.254391e-08    1.395079e-07    -7.124445e-08    -1.289315e-07    5.937822e-07    -2.655799e-06    3.92713e-07    5.445952e-06    -3.122491e-06    1.867311e-07    -2.029678e-07    1.27539e-07    2.70502e-07    -3.416046e-07
2.202135e-07    6.688295e-08    -1.109157e-07    -5.753822e-08    -2.471375e-07    -7.863822e-11    8.383507e-07    -2.300373e-06    -3.122491e-06    5.391972e-06    -1.795254e-07    -4.35736e-07    -2.605528e-07    2.181324e-07    4.24249e-07
9.374908e-08    -3.247301e-07    -2.441429e-07    2.525584e-07    1.701414e-07    8.178649e-08    -1.071556e-07    -4.368246e-08    1.867311e-07    -1.795254e-07    5.089656e-06    1.888015e-07    -3.277961e-06    8.594094e-08    -2.952586e-07
3.270844e-09    2.740387e-07    2.180169e-07    -5.652009e-09    -1.572063e-07    -7.057294e-08    4.022964e-07    4.6172e-07    -2.029678e-07    -4.35736e-07    1.888015e-07    6.066389e-06    -1.616651e-06    -3.337731e-06    1.28354e-06
-2.807009e-08    3.112613e-07    3.981324e-07    -9.434805e-09    -4.616511e-07    -4.750411e-08    1.168636e-07    2.408084e-07    1.27539e-07    -2.605528e-07    -3.277961e-06    -1.616651e-06    5.880102e-06    2.169844e-07    -2.446277e-06
5.834329e-08    -2.292059e-07    -9.126344e-08    2.929974e-07    -1.705929e-07    1.846357e-07    -3.360293e-07    -3.672528e-07    2.70502e-07    2.181324e-07    8.594094e-08    -3.337731e-06    2.169844e-07    5.069693e-06    -1.798967e-06
-4.599071e-08    -9.153071e-09    -1.82284e-07    -2.1823e-07    3.25115e-07    -8.508678e-08    -6.261995e-09    -2.003071e-07    -3.416046e-07    4.24249e-07    -2.952586e-07    1.28354e-06    -2.446277e-06    -1.798967e-06    4.716638e-06
