1    0.02409479    -0.5540134    0.007876378    0.0002197257    0.02967009    0.01452004    -0.03390074    -0.01608421    -0.03610334    0.07850804    -0.1199364    -0.07392843    0.07351146    -0.01079453    -0.02254841    -0.0003931387    0.003168792    -0.02378233    0.04388652
0.02409479    1    -0.07524301    -0.5866202    0.1660791    -0.01732409    -0.05522407    0.009204831    0.02227046    0.02303321    -0.0856209    0.01882001    -0.04591214    -0.08652181    0.1234961    5.571004e-05    -0.05983796    0.008045654    0.04308305    -0.024182
-0.5540134    -0.07524301    1    -0.01726578    -0.3431392    -0.08249017    0.03508293    0.05235863    0.01456912    0.04019639    -0.1056197    -0.01655692    -0.05189201    -0.07081788    0.1678069    -0.01049385    -0.01099746    0.02220994    -0.03795854    0.02219328
0.007876378    -0.5866202    -0.01726578    1    -0.4829047    -0.01219593    0.0433162    0.008523012    -0.01182069    -0.03052122    0.1133986    -0.1316171    -0.1173357    0.1024472    0.009415141    -0.03095036    0.0626854    -0.0174325    -0.05520915    0.04700352
0.0002197257    0.1660791    -0.3431392    -0.4829047    1    0.01578425    -0.0399718    -0.02940308    0.009640102    0.0198546    0.0007486661    0.1588583    0.1232686    -0.03780868    -0.1402384    0.03868073    -0.006114126    -0.01105012    0.04315339    -0.02387041
0.02967009    -0.01732409    -0.08249017    -0.01219593    0.01578425    1    -0.07097652    -0.6286305    -0.03675972    0.02730792    0.01734315    0.03201973    0.01787652    0.02694501    -0.04629005    -0.008896891    0.009869074    0.003122145    -0.009680778    0.02362222
0.01452004    -0.05522407    0.03508293    0.0433162    -0.0399718    -0.07097652    1    -0.0791724    -0.5835572    0.1192374    0.04309511    -0.02085941    0.009273937    0.03100812    -0.005797631    -0.06359591    0.008297618    0.01793905    0.005015956    0.02436472
-0.03390074    0.009204831    0.05235863    0.008523012    -0.02940308    -0.6286305    -0.0791724    1    -0.02143606    -0.3763256    -0.02343641    -0.004841111    0.01775051    -0.02700405    0.04102495    -0.01497102    0.03701657    -0.02526247    0.02080239    0.01459992
-0.01608421    0.02227046    0.01456912    -0.01182069    0.009640102    -0.03675972    -0.5835572    -0.02143606    1    -0.4130093    -0.02140191    -0.004567032    0.002897947    -0.02634923    0.00771561    0.03168262    -0.01068729    0.01469403    0.002564623    -0.02624095
-0.03610334    0.02303321    0.04019639    -0.03052122    0.0198546    0.02730792    0.1192374    -0.3763256    -0.4130093    1    -0.009301442    0.01479668    -0.03400993    0.000486546    -0.03040818    0.007275371    -0.05941935    -0.0005473347    -0.009962569    -0.004733897
0.07850804    -0.0856209    -0.1056197    0.1133986    0.0007486661    0.01734315    0.04309511    -0.02343641    -0.02140191    -0.009301442    1    -0.001034051    -0.579239    -0.05867098    -0.04234761    -0.01823968    0.02058904    0.04376419    -0.01302688    -0.01683618
-0.1199364    0.01882001    -0.01655692    -0.1316171    0.1588583    0.03201973    -0.02085941    -0.004841111    -0.004567032    0.01479668    -0.001034051    1    -0.09055389    -0.6628608    0.215994    0.01433906    -0.02425017    -0.009726631    -0.0009839155    0.01028365
-0.07392843    -0.04591214    -0.05189201    -0.1173357    0.1232686    0.01787652    0.009273937    0.01775051    0.002897947    -0.03400993    -0.579239    -0.09055389    1    -0.07619338    -0.3353676    0.003970722    -0.01708219    -0.04912191    0.0106584    0.06532427
0.07351146    -0.08652181    -0.07081788    0.1024472    -0.03780868    0.02694501    0.03100812    -0.02700405    -0.02634923    0.000486546    -0.05867098    -0.6628608    -0.07619338    1    -0.4102918    0.005283524    0.005098237    -0.02368206    0.00837236    0.02465908
-0.01079453    0.1234961    0.1678069    0.009415141    -0.1402384    -0.04629005    -0.005797631    0.04102495    0.00771561    -0.03040818    -0.04234761    0.215994    -0.3353676    -0.4102918    1    -0.004897566    0.0112552    0.02133209    -0.01363519    -0.02280288
-0.02254841    5.571004e-05    -0.01049385    -0.03095036    0.03868073    -0.008896891    -0.06359591    -0.01497102    0.03168262    0.007275371    -0.01823968    0.01433906    0.003970722    0.005283524    -0.004897566    1    -0.1376514    -0.6676179    0.09997202    0.0203232
-0.0003931387    -0.05983796    -0.01099746    0.0626854    -0.006114126    0.009869074    0.008297618    0.03701657    -0.01068729    -0.05941935    0.02058904    -0.02425017    -0.01708219    0.005098237    0.0112552    -0.1376514    1    0.03542279    -0.676552    0.1943159
0.003168792    0.008045654    0.02220994    -0.0174325    -0.01105012    0.003122145    0.01793905    -0.02526247    0.01469403    -0.0005473347    0.04376419    -0.009726631    -0.04912191    -0.02368206    0.02133209    -0.6676179    0.03542279    1    -0.05155417    -0.452103
-0.02378233    0.04308305    -0.03795854    -0.05520915    0.04315339    -0.009680778    0.005015956    0.02080239    0.002564623    -0.009962569    -0.01302688    -0.0009839155    0.0106584    0.00837236    -0.01363519    0.09997202    -0.676552    -0.05155417    1    -0.5967933
0.04388652    -0.024182    0.02219328    0.04700352    -0.02387041    0.02362222    0.02436472    0.01459992    -0.02624095    -0.004733897    -0.01683618    0.01028365    0.06532427    0.02465908    -0.02280288    0.0203232    0.1943159    -0.452103    -0.5967933    1
