1    -0.01661703    -0.3486004    -0.02664636    -0.09414548    0.03368847    0.03433939    -0.004447382    0.00825243    -0.01400047    0.02631884    -0.01041583    -0.1144948    0.07373694    0.01534784
-0.01661703    1    0.5772542    -0.1250704    -0.5223465    0.2036332    0.5393134    0.4840847    -0.04483331    -0.5358652    0.02793555    0.003493678    -0.220881    -0.1990221    0.08924078
-0.3486004    0.5772542    1    0.2385394    -0.7075003    0.2273242    0.5994849    0.5315008    -0.04401078    -0.6302838    0.02382164    -0.02996559    -0.211056    -0.19576    0.07685804
-0.02664636    -0.1250704    0.2385394    1    -0.4755204    0.2167233    0.2347585    0.1831186    0.08773825    -0.3425693    -0.09012864    0.06445977    0.008089077    -0.09675703    -0.0429398
-0.09414548    -0.5223465    -0.7075003    -0.4755204    1    -0.265943    -0.5592077    -0.4633257    0.01297778    0.5496984    -0.01176821    -0.009425498    0.2296045    0.1217691    -0.007539781
0.03368847    0.2036332    0.2273242    0.2167233    -0.265943    1    0.1979651    -0.2026812    0.04494793    -0.3147692    -0.04461601    0.02833543    0.02645342    -0.09902022    -0.003675891
0.03433939    0.5393134    0.5994849    0.2347585    -0.5592077    0.1979651    1    0.5732349    -0.4063721    -0.5893912    -0.06290452    -0.09118955    -0.1805577    -0.09885795    0.01672329
-0.004447382    0.4840847    0.5315008    0.1831186    -0.4633257    -0.2026812    0.5732349    1    -0.126535    -0.6835069    -0.01446971    -0.1448761    -0.2183452    -0.06188741    0.04555196
0.00825243    -0.04483331    -0.04401078    0.08773825    0.01297778    0.04494793    -0.4063721    -0.126535    1    -0.2139703    -0.05694858    0.1011075    0.04558539    -0.09511226    0.1045656
-0.01400047    -0.5358652    -0.6302838    -0.3425693    0.5496984    -0.3147692    -0.5893912    -0.6835069    -0.2139703    1    0.06937916    0.08292073    0.1595679    0.1441283    -0.07007314
0.02631884    0.02793555    0.02382164    -0.09012864    -0.01176821    -0.04461601    -0.06290452    -0.01446971    -0.05694858    0.06937916    1    -0.1725068    -0.7027936    0.116493    0.08094118
-0.01041583    0.003493678    -0.02996559    0.06445977    -0.009425498    0.02833543    -0.09118955    -0.1448761    0.1011075    0.08292073    -0.1725068    1    0.1574847    -0.7513166    0.1351055
-0.1144948    -0.220881    -0.211056    0.008089077    0.2296045    0.02645342    -0.1805577    -0.2183452    0.04558539    0.1595679    -0.7027936    0.1574847    1    -0.1113507    -0.3998048
0.07373694    -0.1990221    -0.19576    -0.09675703    0.1217691    -0.09902022    -0.09885795    -0.06188741    -0.09511226    0.1441283    0.116493    -0.7513166    -0.1113507    1    -0.4600299
0.01534784    0.08924078    0.07685804    -0.0429398    -0.007539781    -0.003675891    0.01672329    0.04555196    0.1045656    -0.07007314    0.08094118    0.1351055    -0.3998048    -0.4600299    1
