1    0.1120652    -0.3681135    -0.001060997    -0.08082685    -0.01000321    -0.02540894    -0.083802    -0.1759938    0.1117012    -0.07092116    -0.1953801    -0.1483596    -0.03151109    0.1852554    0.08512049    0.06950298    -0.01713871    -0.06334726    -0.05494469
0.1120652    1    0.2555411    -0.289436    -0.3011503    -0.04461469    -0.3857364    -0.3786968    -0.1404111    0.3354899    -0.2133869    -0.3254068    -0.3375196    -0.07825479    0.4841595    0.1166362    0.1400562    0.01419447    -0.03542426    -0.1832342
-0.3681135    0.2555411    1    0.1903292    -0.5369004    -0.02020203    -0.2715947    -0.3166851    -0.06077643    0.2313087    -0.1711825    -0.3338633    -0.3551277    -0.01308511    0.4241581    0.04196104    0.132291    0.1159097    -0.05215022    -0.1949992
-0.001060997    -0.289436    0.1903292    1    -0.4704953    -0.01712373    -0.1883169    -0.2366578    -0.05334294    0.1776458    0.054836    -0.3156597    -0.3205359    0.1472139    0.2247771    0.02634879    0.1129715    0.01718916    -0.06377759    -0.09061075
-0.08082685    -0.3011503    -0.5369004    -0.4704953    1    -0.01398185    0.335476    0.3905641    0.1952465    -0.2996847    0.1477664    0.4127711    0.4201623    -0.02778024    -0.5069246    -0.1138294    -0.1244732    -0.00942731    0.0410063    0.2482768
-0.01000321    -0.04461469    -0.02020203    -0.01712373    -0.01398185    1    -0.01661703    -0.3486004    -0.02664636    -0.09414548    0.03368847    0.03433939    -0.004447382    0.00825243    -0.01400047    -0.0008000887    -0.05102703    0.05888376    0.07408815    -0.09225213
-0.02540894    -0.3857364    -0.2715947    -0.1883169    0.335476    -0.01661703    1    0.5772542    -0.1250704    -0.5223465    0.2036332    0.5393134    0.4840847    -0.04483331    -0.5358652    -0.1066717    -0.2225585    -0.09448291    0.05121729    0.3977102
-0.083802    -0.3786968    -0.3166851    -0.2366578    0.3905641    -0.3486004    0.5772542    1    0.2385394    -0.7075003    0.2273242    0.5994849    0.5315008    -0.04401078    -0.6302838    -0.1585776    -0.2328473    -0.07189935    0.08477211    0.4230104
-0.1759938    -0.1404111    -0.06077643    -0.05334294    0.1952465    -0.02664636    -0.1250704    0.2385394    1    -0.4755204    0.2167233    0.2347585    0.1831186    0.08773825    -0.3425693    -0.1054273    -0.05064863    0.03026294    0.01850967    0.1607507
0.1117012    0.3354899    0.2313087    0.1776458    -0.2996847    -0.09414548    -0.5223465    -0.7075003    -0.4755204    1    -0.265943    -0.5592077    -0.4633257    0.01297778    0.5496984    0.1116239    0.1935837    0.01840596    -0.07826223    -0.3202998
-0.07092116    -0.2133869    -0.1711825    0.054836    0.1477664    0.03368847    0.2036332    0.2273242    0.2167233    -0.265943    1    0.1979651    -0.2026812    0.04494793    -0.3147692    -0.1103996    -0.08466297    -0.01819672    0.05257523    0.1741905
-0.1953801    -0.3254068    -0.3338633    -0.3156597    0.4127711    0.03433939    0.5393134    0.5994849    0.2347585    -0.5592077    0.1979651    1    0.5732349    -0.4063721    -0.5893912    -0.1818691    -0.2968743    -0.0671591    0.1341554    0.3961087
-0.1483596    -0.3375196    -0.3551277    -0.3205359    0.4201623    -0.004447382    0.4840847    0.5315008    0.1831186    -0.4633257    -0.2026812    0.5732349    1    -0.126535    -0.6835069    -0.1337689    -0.248995    -0.05766084    0.08529414    0.3508024
-0.03151109    -0.07825479    -0.01308511    0.1472139    -0.02778024    0.00825243    -0.04483331    -0.04401078    0.08773825    0.01297778    0.04494793    -0.4063721    -0.126535    1    -0.2139703    -0.01983832    0.03974125    0.01389667    -0.003390105    -0.01511483
0.1852554    0.4841595    0.4241581    0.2247771    -0.5069246    -0.01400047    -0.5358652    -0.6302838    -0.3425693    0.5496984    -0.3147692    -0.5893912    -0.6835069    -0.2139703    1    0.2275158    0.2886728    0.0130758    -0.1364136    -0.3809057
0.08512049    0.1166362    0.04196104    0.02634879    -0.1138294    -0.0008000887    -0.1066717    -0.1585776    -0.1054273    0.1116239    -0.1103996    -0.1818691    -0.1337689    -0.01983832    0.2275158    1    0.1953323    -0.695648    -0.2326318    -0.02677642
0.06950298    0.1400562    0.132291    0.1129715    -0.1244732    -0.05102703    -0.2225585    -0.2328473    -0.05064863    0.1935837    -0.08466297    -0.2968743    -0.248995    0.03974125    0.2886728    0.1953323    1    0.1100815    -0.7822726    -0.02175584
-0.01713871    0.01419447    0.1159097    0.01718916    -0.00942731    0.05888376    -0.09448291    -0.07189935    0.03026294    0.01840596    -0.01819672    -0.0671591    -0.05766084    0.01389667    0.0130758    -0.695648    0.1100815    1    0.1165681    -0.4982167
-0.06334726    -0.03542426    -0.05215022    -0.06377759    0.0410063    0.07408815    0.05121729    0.08477211    0.01850967    -0.07826223    0.05257523    0.1341554    0.08529414    -0.003390105    -0.1364136    -0.2326318    -0.7822726    0.1165681    1    -0.3246457
-0.05494469    -0.1832342    -0.1949992    -0.09061075    0.2482768    -0.09225213    0.3977102    0.4230104    0.1607507    -0.3202998    0.1741905    0.3961087    0.3508024    -0.01511483    -0.3809057    -0.02677642    -0.02175584    -0.4982167    -0.3246457    1
