1    0.1979651    -0.2026812    0.04494793    -0.3147692    -0.1222014    -0.02812874    0.07445384    0.1165031    0.04930566
0.1979651    1    0.5732349    -0.4063721    -0.5893912    0.03987111    -0.08161662    -0.1653627    0.2582078    0.2223216
-0.2026812    0.5732349    1    -0.126535    -0.6835069    0.08393487    -0.1297149    -0.1966909    0.2516685    0.2123507
0.04494793    -0.4063721    -0.126535    1    -0.2139703    -0.08158613    -0.003699558    0.08496276    0.02938633    -0.05630235
-0.3147692    -0.5893912    -0.6835069    -0.2139703    1    0.001840439    0.1397678    0.09795331    -0.3283338    -0.1600124
-0.1222014    0.03987111    0.08393487    -0.08158613    0.001840439    1    -0.1228896    -0.795554    0.03622886    0.1535628
-0.02812874    -0.08161662    -0.1297149    -0.003699558    0.1397678    -0.1228896    1    0.2461418    -0.7312569    0.0347245
0.07445384    -0.1653627    -0.1966909    0.08496276    0.09795331    -0.795554    0.2461418    1    -0.09969109    -0.5163728
0.1165031    0.2582078    0.2516685    0.02938633    -0.3283338    0.03622886    -0.7312569    -0.09969109    1    -0.3282296
0.04930566    0.2223216    0.2123507    -0.05630235    -0.1600124    0.1535628    0.0347245    -0.5163728    -0.3282296    1
