1    0.198067    -0.4225725    0.07146314    -0.186491    0.1812945    -0.2163152    -0.3234943    -0.1421711    0.1276337    -0.1707447    -0.1816498    -0.1787046    -0.1329737    0.3296745
0.198067    1    0.2538809    -0.3854224    -0.1678645    -0.05986089    -0.4006306    -0.4270984    -0.1945501    0.3665131    -0.1725062    -0.3316323    -0.3007465    -0.02313803    0.4414418
-0.4225725    0.2538809    1    0.0678435    -0.472596    -0.178747    -0.3409887    -0.3146898    -0.05609599    0.3754309    -0.07628408    -0.2744757    -0.2014151    0.1687738    0.1996552
0.07146314    -0.3854224    0.0678435    1    -0.5213228    0.1391284    -0.1376494    -0.1399596    -0.02474935    0.0774684    -0.07869685    -0.06561924    -0.06850767    0.02139405    0.06979553
-0.186491    -0.1678645    -0.472596    -0.5213228    1    -0.08268409    0.3679333    0.3753721    0.08584891    -0.2301092    0.1388847    0.2766363    0.2787895    -0.05475639    -0.3240347
0.1812945    -0.05986089    -0.178747    0.1391284    -0.08268409    1    -0.01661703    -0.3486004    -0.02664636    -0.09414548    0.03368847    0.03433939    -0.004447382    0.00825243    -0.01400047
-0.2163152    -0.4006306    -0.3409887    -0.1376494    0.3679333    -0.01661703    1    0.5772542    -0.1250704    -0.5223465    0.2036332    0.5393134    0.4840847    -0.04483331    -0.5358652
-0.3234943    -0.4270984    -0.3146898    -0.1399596    0.3753721    -0.3486004    0.5772542    1    0.2385394    -0.7075003    0.2273242    0.5994849    0.5315008    -0.04401078    -0.6302838
-0.1421711    -0.1945501    -0.05609599    -0.02474935    0.08584891    -0.02664636    -0.1250704    0.2385394    1    -0.4755204    0.2167233    0.2347585    0.1831186    0.08773825    -0.3425693
0.1276337    0.3665131    0.3754309    0.0774684    -0.2301092    -0.09414548    -0.5223465    -0.7075003    -0.4755204    1    -0.265943    -0.5592077    -0.4633257    0.01297778    0.5496984
-0.1707447    -0.1725062    -0.07628408    -0.07869685    0.1388847    0.03368847    0.2036332    0.2273242    0.2167233    -0.265943    1    0.1979651    -0.2026812    0.04494793    -0.3147692
-0.1816498    -0.3316323    -0.2744757    -0.06561924    0.2766363    0.03433939    0.5393134    0.5994849    0.2347585    -0.5592077    0.1979651    1    0.5732349    -0.4063721    -0.5893912
-0.1787046    -0.3007465    -0.2014151    -0.06850767    0.2787895    -0.004447382    0.4840847    0.5315008    0.1831186    -0.4633257    -0.2026812    0.5732349    1    -0.126535    -0.6835069
-0.1329737    -0.02313803    0.1687738    0.02139405    -0.05475639    0.00825243    -0.04483331    -0.04401078    0.08773825    0.01297778    0.04494793    -0.4063721    -0.126535    1    -0.2139703
0.3296745    0.4414418    0.1996552    0.06979553    -0.3240347    -0.01400047    -0.5358652    -0.6302838    -0.3425693    0.5496984    -0.3147692    -0.5893912    -0.6835069    -0.2139703    1
