1    0.198067    -0.4225725    0.07146314    -0.186491    0.1065335    0.2257595    0.1698506    0.009550798    -0.191466    0.1812945    -0.2163152    -0.3234943    -0.1421711    0.1276337    -0.1707447    -0.1816498    -0.1787046    -0.1329737    0.3296745    0.07521982    -0.1833339    -0.1736803    0.004094327    0.1798913
0.198067    1    0.2538809    -0.3854224    -0.1678645    -0.02652326    0.3917668    0.3513654    0.1176469    -0.3577865    -0.05986089    -0.4006306    -0.4270984    -0.1945501    0.3665131    -0.1725062    -0.3316323    -0.3007465    -0.02313803    0.4414418    -0.1050977    -0.05273915    -0.02692481    -0.08778331    0.1070501
-0.4225725    0.2538809    1    0.0678435    -0.472596    -0.05770314    0.2303995    0.2387623    0.2304923    -0.2600784    -0.178747    -0.3409887    -0.3146898    -0.05609599    0.3754309    -0.07628408    -0.2744757    -0.2014151    0.1687738    0.1996552    -0.02362471    0.1104078    0.008690995    -0.1359643    -0.05745906
0.07146314    -0.3854224    0.0678435    1    -0.5213228    0.07489067    0.0547225    0.0856854    0.07755775    -0.2258779    0.1391284    -0.1376494    -0.1399596    -0.02474935    0.0774684    -0.07869685    -0.06561924    -0.06850767    0.02139405    0.06979553    0.04659935    -0.1768695    -0.09457985    0.1119239    0.03278737
-0.186491    -0.1678645    -0.472596    -0.5213228    1    0.001308774    -0.2842952    -0.3625662    -0.2182    0.376897    -0.08268409    0.3679333    0.3753721    0.08584891    -0.2301092    0.1388847    0.2766363    0.2787895    -0.05475639    -0.3240347    -0.08252867    0.1268496    0.1516984    0.01996785    -0.07153374
0.1065335    -0.02652326    -0.05770314    0.07489067    0.001308774    1    0.1120652    -0.3681135    -0.001060997    -0.08082685    -0.01000321    -0.02540894    -0.083802    -0.1759938    0.1117012    -0.07092116    -0.1953801    -0.1483596    -0.03151109    0.1852554    0.1210477    -0.08072792    -0.1504875    0.0005583668    0.06711828
0.2257595    0.3917668    0.2303995    0.0547225    -0.2842952    0.1120652    1    0.2555411    -0.289436    -0.3011503    -0.04461469    -0.3857364    -0.3786968    -0.1404111    0.3354899    -0.2133869    -0.3254068    -0.3375196    -0.07825479    0.4841595    0.0282041    -0.06889803    -0.09329948    -0.09225251    0.06843138
0.1698506    0.3513654    0.2387623    0.0856854    -0.3625662    -0.3681135    0.2555411    1    0.1903292    -0.5369004    -0.02020203    -0.2715947    -0.3166851    -0.06077643    0.2313087    -0.1711825    -0.3338633    -0.3551277    -0.01308511    0.4241581    -0.01582865    -0.04846427    -0.06108629    -0.06593799    0.04977538
0.009550798    0.1176469    0.2304923    0.07755775    -0.2182    -0.001060997    -0.289436    0.1903292    1    -0.4704953    -0.01712373    -0.1883169    -0.2366578    -0.05334294    0.1776458    0.054836    -0.3156597    -0.3205359    0.1472139    0.2247771    0.06960907    0.008013806    -0.1402623    -0.06244932    0.0871943
-0.191466    -0.3577865    -0.2600784    -0.2258779    0.376897    -0.08082685    -0.3011503    -0.5369004    -0.4704953    1    -0.01398185    0.335476    0.3905641    0.1952465    -0.2996847    0.1477664    0.4127711    0.4201623    -0.02778024    -0.5069246    0.01856596    0.1216476    0.1276249    0.03732727    -0.1383182
0.1812945    -0.05986089    -0.178747    0.1391284    -0.08268409    -0.01000321    -0.04461469    -0.02020203    -0.01712373    -0.01398185    1    -0.01661703    -0.3486004    -0.02664636    -0.09414548    0.03368847    0.03433939    -0.004447382    0.00825243    -0.01400047    -0.04886005    -0.08670479    -0.0404243    0.07160965    0.103444
-0.2163152    -0.4006306    -0.3409887    -0.1376494    0.3679333    -0.02540894    -0.3857364    -0.2715947    -0.1883169    0.335476    -0.01661703    1    0.5772542    -0.1250704    -0.5223465    0.2036332    0.5393134    0.4840847    -0.04483331    -0.5358652    0.02807436    0.1147322    0.1891051    0.1073841    -0.2273821
-0.3234943    -0.4270984    -0.3146898    -0.1399596    0.3753721    -0.083802    -0.3786968    -0.3166851    -0.2366578    0.3905641    -0.3486004    0.5772542    1    0.2385394    -0.7075003    0.2273242    0.5994849    0.5315008    -0.04401078    -0.6302838    -0.004943756    0.1438852    0.2511924    0.08453643    -0.2574831
-0.1421711    -0.1945501    -0.05609599    -0.02474935    0.08584891    -0.1759938    -0.1404111    -0.06077643    -0.05334294    0.1952465    -0.02664636    -0.1250704    0.2385394    1    -0.4755204    0.2167233    0.2347585    0.1831186    0.08773825    -0.3425693    -0.01716208    0.1136326    0.1575921    0.01542969    -0.1415269
0.1276337    0.3665131    0.3754309    0.0774684    -0.2301092    0.1117012    0.3354899    0.2313087    0.1776458    -0.2996847    -0.09414548    -0.5223465    -0.7075003    -0.4755204    1    -0.265943    -0.5592077    -0.4633257    0.01297778    0.5496984    0.01366427    -0.08262248    -0.1984255    -0.1143424    0.1661928
-0.1707447    -0.1725062    -0.07628408    -0.07869685    0.1388847    -0.07092116    -0.2133869    -0.1711825    0.054836    0.1477664    0.03368847    0.2036332    0.2273242    0.2167233    -0.265943    1    0.1979651    -0.2026812    0.04494793    -0.3147692    -0.0232452    0.2074755    0.1157718    -0.03321684    -0.1185841
-0.1816498    -0.3316323    -0.2744757    -0.06561924    0.2766363    -0.1953801    -0.3254068    -0.3338633    -0.3156597    0.4127711    0.03433939    0.5393134    0.5994849    0.2347585    -0.5592077    0.1979651    1    0.5732349    -0.4063721    -0.5893912    -0.06809406    0.1022762    0.3143112    0.1204583    -0.2920132
-0.1787046    -0.3007465    -0.2014151    -0.06850767    0.2787895    -0.1483596    -0.3375196    -0.3551277    -0.3205359    0.4201623    -0.004447382    0.4840847    0.5315008    0.1831186    -0.4633257    -0.2026812    0.5732349    1    -0.126535    -0.6835069    -0.09405322    0.0214018    0.2996866    0.145351    -0.2556451
-0.1329737    -0.02313803    0.1687738    0.02139405    -0.05475639    -0.03151109    -0.07825479    -0.01308511    0.1472139    -0.02778024    0.00825243    -0.04483331    -0.04401078    0.08773825    0.01297778    0.04494793    -0.4063721    -0.126535    1    -0.2139703    0.02925661    0.0718352    -0.03010229    -0.0304878    0.06389315
0.3296745    0.4414418    0.1996552    0.06979553    -0.3240347    0.1852554    0.4841595    0.4241581    0.2247771    -0.5069246    -0.01400047    -0.5358652    -0.6302838    -0.3425693    0.5496984    -0.3147692    -0.5893912    -0.6835069    -0.2139703    1    0.07039636    -0.172433    -0.3216546    -0.09747317    0.2938452
0.07521982    -0.1050977    -0.02362471    0.04659935    -0.08252867    0.1210477    0.0282041    -0.01582865    0.06960907    0.01856596    -0.04886005    0.02807436    -0.004943756    -0.01716208    0.01366427    -0.0232452    -0.06809406    -0.09405322    0.02925661    0.07039636    1    0.07115773    -0.753966    -0.2154147    0.2245231
-0.1833339    -0.05273915    0.1104078    -0.1768695    0.1268496    -0.08072792    -0.06889803    -0.04846427    0.008013806    0.1216476    -0.08670479    0.1147322    0.1438852    0.1136326    -0.08262248    0.2074755    0.1022762    0.0214018    0.0718352    -0.172433    0.07115773    1    0.1314665    -0.7719863    -0.03932459
-0.1736803    -0.02692481    0.008690995    -0.09457985    0.1516984    -0.1504875    -0.09329948    -0.06108629    -0.1402623    0.1276249    -0.0404243    0.1891051    0.2511924    0.1575921    -0.1984255    0.1157718    0.3143112    0.2996866    -0.03010229    -0.3216546    -0.753966    0.1314665    1    0.1821551    -0.6517384
0.004094327    -0.08778331    -0.1359643    0.1119239    0.01996785    0.0005583668    -0.09225251    -0.06593799    -0.06244932    0.03732727    0.07160965    0.1073841    0.08453643    0.01542969    -0.1143424    -0.03321684    0.1204583    0.145351    -0.0304878    -0.09747317    -0.2154147    -0.7719863    0.1821551    1    -0.3665983
0.1798913    0.1070501    -0.05745906    0.03278737    -0.07153374    0.06711828    0.06843138    0.04977538    0.0871943    -0.1383182    0.103444    -0.2273821    -0.2574831    -0.1415269    0.1661928    -0.1185841    -0.2920132    -0.2556451    0.06389315    0.2938452    0.2245231    -0.03932459    -0.6517384    -0.3665983    1
