1    -0.1056302    -0.5090539    0.06912975    -0.1068795    0.1357246    -0.3426323    -0.3658442    -0.01065355    0.2423727    -0.0787282    -0.274756    -0.2348159    0.0759184    0.2382595
-0.1056302    1    0.1359468    -0.5457157    -0.1184161    -0.1363803    0.05257349    0.05167349    -0.1122187    0.1432511    -0.06908432    0.04571162    0.1180201    -0.07791035    -0.07742852
-0.5090539    0.1359468    1    0.005684328    -0.5467107    -0.2468727    -0.07155322    -0.04096713    -0.2252082    0.2848216    -0.05578045    -0.119433    -0.07169486    -0.1113837    0.1069646
0.06912975    -0.5457157    0.005684328    1    -0.3967013    0.08456819    -0.3786747    -0.4006158    -0.08348603    0.2752211    -0.05155121    -0.3941841    -0.4450909    0.1075914    0.4188672
-0.1068795    -0.1184161    -0.5467107    -0.3967013    1    0.07447921    0.375692    0.3931037    0.3304856    -0.5197207    0.1776673    0.4031438    0.3408443    0.05312774    -0.4025661
0.1357246    -0.1363803    -0.2468727    0.08456819    0.07447921    1    -0.01661703    -0.3486004    -0.02664636    -0.09414548    0.03368847    0.03433939    -0.004447382    0.00825243    -0.01400047
-0.3426323    0.05257349    -0.07155322    -0.3786747    0.375692    -0.01661703    1    0.5772542    -0.1250704    -0.5223465    0.2036332    0.5393134    0.4840847    -0.04483331    -0.5358652
-0.3658442    0.05167349    -0.04096713    -0.4006158    0.3931037    -0.3486004    0.5772542    1    0.2385394    -0.7075003    0.2273242    0.5994849    0.5315008    -0.04401078    -0.6302838
-0.01065355    -0.1122187    -0.2252082    -0.08348603    0.3304856    -0.02664636    -0.1250704    0.2385394    1    -0.4755204    0.2167233    0.2347585    0.1831186    0.08773825    -0.3425693
0.2423727    0.1432511    0.2848216    0.2752211    -0.5197207    -0.09414548    -0.5223465    -0.7075003    -0.4755204    1    -0.265943    -0.5592077    -0.4633257    0.01297778    0.5496984
-0.0787282    -0.06908432    -0.05578045    -0.05155121    0.1776673    0.03368847    0.2036332    0.2273242    0.2167233    -0.265943    1    0.1979651    -0.2026812    0.04494793    -0.3147692
-0.274756    0.04571162    -0.119433    -0.3941841    0.4031438    0.03433939    0.5393134    0.5994849    0.2347585    -0.5592077    0.1979651    1    0.5732349    -0.4063721    -0.5893912
-0.2348159    0.1180201    -0.07169486    -0.4450909    0.3408443    -0.004447382    0.4840847    0.5315008    0.1831186    -0.4633257    -0.2026812    0.5732349    1    -0.126535    -0.6835069
0.0759184    -0.07791035    -0.1113837    0.1075914    0.05312774    0.00825243    -0.04483331    -0.04401078    0.08773825    0.01297778    0.04494793    -0.4063721    -0.126535    1    -0.2139703
0.2382595    -0.07742852    0.1069646    0.4188672    -0.4025661    -0.01400047    -0.5358652    -0.6302838    -0.3425693    0.5496984    -0.3147692    -0.5893912    -0.6835069    -0.2139703    1
