1    0.1979651    -0.2026812    0.04494793    -0.3147692    0.0190266    0.1236403    -0.02319994    -0.013738    -0.03010387
0.1979651    1    0.5732349    -0.4063721    -0.5893912    0.09391422    0.1021201    -0.1481659    -0.08126091    0.1204278
-0.2026812    0.5732349    1    -0.126535    -0.6835069    0.07835264    0.05617456    -0.1142498    -0.09428016    0.1020951
0.04494793    -0.4063721    -0.126535    1    -0.2139703    -0.07625124    0.02923842    0.09386596    0.01607889    -0.07186862
-0.3147692    -0.5893912    -0.6835069    -0.2139703    1    -0.05052918    -0.1379709    0.07189363    0.0997203    -0.001268648
0.0190266    0.09391422    0.07835264    -0.07625124    -0.05052918    1    -0.003613237    -0.7101612    0.05822516    0.0936552
0.1236403    0.1021201    0.05617456    0.02923842    -0.1379709    -0.003613237    1    0.07505767    -0.6786332    0.0651299
-0.02319994    -0.1481659    -0.1142498    0.09386596    0.07189363    -0.7101612    0.07505767    1    -0.1214911    -0.4575803
-0.013738    -0.08126091    -0.09428016    0.01607889    0.0997203    0.05822516    -0.6786332    -0.1214911    1    -0.4317136
-0.03010387    0.1204278    0.1020951    -0.07186862    -0.001268648    0.0936552    0.0651299    -0.4575803    -0.4317136    1
