1    0.1120652    -0.3681135    -0.001060997    -0.08082685    -0.01000321    -0.02540894    -0.083802    -0.1759938    0.1117012    -0.07092116    -0.1953801    -0.1483596    -0.03151109    0.1852554    0.154507    -0.1844577    -0.1810837    0.179637    0.1173392
0.1120652    1    0.2555411    -0.289436    -0.3011503    -0.04461469    -0.3857364    -0.3786968    -0.1404111    0.3354899    -0.2133869    -0.3254068    -0.3375196    -0.07825479    0.4841595    0.007352441    -0.4372461    -0.3455537    0.1170078    0.52403
-0.3681135    0.2555411    1    0.1903292    -0.5369004    -0.02020203    -0.2715947    -0.3166851    -0.06077643    0.2313087    -0.1711825    -0.3338633    -0.3551277    -0.01308511    0.4241581    0.000966002    -0.3702952    -0.3566308    0.09164661    0.4740318
-0.001060997    -0.289436    0.1903292    1    -0.4704953    -0.01712373    -0.1883169    -0.2366578    -0.05334294    0.1776458    0.054836    -0.3156597    -0.3205359    0.1472139    0.2247771    0.06559241    -0.2798993    -0.2139104    0.1942767    0.1983296
-0.08082685    -0.3011503    -0.5369004    -0.4704953    1    -0.01398185    0.335476    0.3905641    0.1952465    -0.2996847    0.1477664    0.4127711    0.4201623    -0.02778024    -0.5069246    -0.1563362    0.46851    0.4707472    -0.1613674    -0.5280548
-0.01000321    -0.04461469    -0.02020203    -0.01712373    -0.01398185    1    -0.01661703    -0.3486004    -0.02664636    -0.09414548    0.03368847    0.03433939    -0.004447382    0.00825243    -0.01400047    0.1414077    -0.04930086    -0.1062215    0.0603708    0.004921218
-0.02540894    -0.3857364    -0.2715947    -0.1883169    0.335476    -0.01661703    1    0.5772542    -0.1250704    -0.5223465    0.2036332    0.5393134    0.4840847    -0.04483331    -0.5358652    -0.01376926    0.5182705    0.4123849    -0.1439726    -0.571504
-0.083802    -0.3786968    -0.3166851    -0.2366578    0.3905641    -0.3486004    0.5772542    1    0.2385394    -0.7075003    0.2273242    0.5994849    0.5315008    -0.04401078    -0.6302838    -0.06669903    0.5855211    0.4850146    -0.1989515    -0.6309884
-0.1759938    -0.1404111    -0.06077643    -0.05334294    0.1952465    -0.02664636    -0.1250704    0.2385394    1    -0.4755204    0.2167233    0.2347585    0.1831186    0.08773825    -0.3425693    -0.09106578    0.2313102    0.220773    -0.04302026    -0.2512288
0.1117012    0.3354899    0.2313087    0.1776458    -0.2996847    -0.09414548    -0.5223465    -0.7075003    -0.4755204    1    -0.265943    -0.5592077    -0.4633257    0.01297778    0.5496984    -0.007582999    -0.4689462    -0.3256947    0.09981404    0.509265
-0.07092116    -0.2133869    -0.1711825    0.054836    0.1477664    0.03368847    0.2036332    0.2273242    0.2167233    -0.265943    1    0.1979651    -0.2026812    0.04494793    -0.3147692    -0.09308545    0.1564049    0.2644218    0.0369167    -0.2868293
-0.1953801    -0.3254068    -0.3338633    -0.3156597    0.4127711    0.03433939    0.5393134    0.5994849    0.2347585    -0.5592077    0.1979651    1    0.5732349    -0.4063721    -0.5893912    -0.05900907    0.5966656    0.4466084    -0.2514057    -0.5747221
-0.1483596    -0.3375196    -0.3551277    -0.3205359    0.4201623    -0.004447382    0.4840847    0.5315008    0.1831186    -0.4633257    -0.2026812    0.5732349    1    -0.126535    -0.6835069    -0.03720658    0.6123591    0.3726897    -0.309697    -0.5072451
-0.03151109    -0.07825479    -0.01308511    0.1472139    -0.02778024    0.00825243    -0.04483331    -0.04401078    0.08773825    0.01297778    0.04494793    -0.4063721    -0.126535    1    -0.2139703    0.008305148    -0.05201889    0.01249433    0.05524785    -0.02076181
0.1852554    0.4841595    0.4241581    0.2247771    -0.5069246    -0.01400047    -0.5358652    -0.6302838    -0.3425693    0.5496984    -0.3147692    -0.5893912    -0.6835069    -0.2139703    1    0.09666334    -0.635094    -0.5385181    0.2414691    0.6726222
0.154507    0.007352441    0.000966002    0.06559241    -0.1563362    0.1414077    -0.01376926    -0.06669903    -0.09106578    -0.007582999    -0.09308545    -0.05900907    -0.03720658    0.008305148    0.09666334    1    -0.07341763    -0.6190925    0.001420208    0.1189501
-0.1844577    -0.4372461    -0.3702952    -0.2798993    0.46851    -0.04930086    0.5182705    0.5855211    0.2313102    -0.4689462    0.1564049    0.5966656    0.6123591    -0.05201889    -0.635094    -0.07341763    1    0.3500543    -0.6650351    -0.5111754
-0.1810837    -0.3455537    -0.3566308    -0.2139104    0.4707472    -0.1062215    0.4123849    0.4850146    0.220773    -0.3256947    0.2644218    0.4466084    0.3726897    0.01249433    -0.5385181    -0.6190925    0.3500543    1    -0.160647    -0.7130452
0.179637    0.1170078    0.09164661    0.1942767    -0.1613674    0.0603708    -0.1439726    -0.1989515    -0.04302026    0.09981404    0.0369167    -0.2514057    -0.309697    0.05524785    0.2414691    0.001420208    -0.6650351    -0.160647    1    0.02807084
0.1173392    0.52403    0.4740318    0.1983296    -0.5280548    0.004921218    -0.571504    -0.6309884    -0.2512288    0.509265    -0.2868293    -0.5747221    -0.5072451    -0.02076181    0.6726222    0.1189501    -0.5111754    -0.7130452    0.02807084    1
