1    0.1979651    -0.2026812    0.04494793    -0.3147692    -0.1781714    -0.03650992    0.2777187    0.1131217    -0.0306377
0.1979651    1    0.5732349    -0.4063721    -0.5893912    -0.5815441    0.0689359    0.6038334    0.09228181    -0.08271826
-0.2026812    0.5732349    1    -0.126535    -0.6835069    -0.537925    0.07616906    0.494918    0.02956197    0.02193756
0.04494793    -0.4063721    -0.126535    1    -0.2139703    0.1089654    -0.1134893    0.008634353    0.03054384    0.02395177
-0.3147692    -0.5893912    -0.6835069    -0.2139703    1    0.5836967    0.001931387    -0.6221709    -0.07781904    -0.09085187
-0.1781714    -0.5815441    -0.537925    0.1089654    0.5836967    1    -0.06220697    -0.7892314    -0.1394568    0.06121272
-0.03650992    0.0689359    0.07616906    -0.1134893    0.001931387    -0.06220697    1    -0.09514101    -0.517768    0.1249409
0.2777187    0.6038334    0.494918    0.008634353    -0.6221709    -0.7892314    -0.09514101    1    0.113711    -0.3384456
0.1131217    0.09228181    0.02956197    0.03054384    -0.07781904    -0.1394568    -0.517768    0.113711    1    -0.4318813
-0.0306377    -0.08271826    0.02193756    0.02395177    -0.09085187    0.06121272    0.1249409    -0.3384456    -0.4318813    1
