1    0.1120652    -0.3681135    -0.001060997    -0.08082685    -0.07092116    -0.1953801    -0.1483596    -0.03151109    0.1852554
0.1120652    1    0.2555411    -0.289436    -0.3011503    -0.2133869    -0.3254068    -0.3375196    -0.07825479    0.4841595
-0.3681135    0.2555411    1    0.1903292    -0.5369004    -0.1711825    -0.3338633    -0.3551277    -0.01308511    0.4241581
-0.001060997    -0.289436    0.1903292    1    -0.4704953    0.054836    -0.3156597    -0.3205359    0.1472139    0.2247771
-0.08082685    -0.3011503    -0.5369004    -0.4704953    1    0.1477664    0.4127711    0.4201623    -0.02778024    -0.5069246
-0.07092116    -0.2133869    -0.1711825    0.054836    0.1477664    1    0.1979651    -0.2026812    0.04494793    -0.3147692
-0.1953801    -0.3254068    -0.3338633    -0.3156597    0.4127711    0.1979651    1    0.5732349    -0.4063721    -0.5893912
-0.1483596    -0.3375196    -0.3551277    -0.3205359    0.4201623    -0.2026812    0.5732349    1    -0.126535    -0.6835069
-0.03151109    -0.07825479    -0.01308511    0.1472139    -0.02778024    0.04494793    -0.4063721    -0.126535    1    -0.2139703
0.1852554    0.4841595    0.4241581    0.2247771    -0.5069246    -0.3147692    -0.5893912    -0.6835069    -0.2139703    1
