4.319392e-06    1.277244e-08    -1.219178e-06    5.381882e-07    -1.707476e-06    3.076752e-06    -6.768436e-06    -2.21684e-06    3.425013e-06    7.314684e-07
1.277244e-08    2.38837e-06    2.847747e-07    -9.559709e-07    -5.62208e-07    8.104377e-07    -1.058528e-06    -9.927005e-07    3.560241e-07    2.633704e-07
-1.219178e-06    2.847747e-07    3.063218e-06    -2.932648e-08    -1.609615e-06    1.133766e-08    1.030262e-06    -5.550568e-07    -6.756873e-07    2.737306e-07
5.381882e-07    -9.559709e-07    -2.932648e-08    2.887566e-06    -1.517343e-06    1.940952e-06    -3.208562e-06    -2.092698e-06    1.932221e-06    4.052546e-07
-1.707476e-06    -5.62208e-07    -1.609615e-06    -1.517343e-06    4.102306e-06    -2.974625e-06    5.11393e-06    3.125909e-06    -2.591248e-06    -9.958385e-07
3.076752e-06    8.104377e-07    1.133766e-08    1.940952e-06    -2.974625e-06    9.058368e-06    -1.225435e-05    -8.840395e-06    7.09576e-06    2.036562e-06
-6.768436e-06    -1.058528e-06    1.030262e-06    -3.208562e-06    5.11393e-06    -1.225435e-05    2.640138e-05    1.169717e-05    -1.438958e-05    -3.910931e-06
-2.21684e-06    -9.927005e-07    -5.550568e-07    -2.092698e-06    3.125909e-06    -8.840395e-06    1.169717e-05    1.287541e-05    -8.982866e-06    -3.87357e-06
3.425013e-06    3.560241e-07    -6.756873e-07    1.932221e-06    -2.591248e-06    7.09576e-06    -1.438958e-05    -8.982866e-06    1.120152e-05    2.183827e-06
7.314684e-07    2.633704e-07    2.737306e-07    4.052546e-07    -9.958385e-07    2.036562e-06    -3.910931e-06    -3.87357e-06    2.183827e-06    2.902669e-06
