4.319392e-06    1.277244e-08    -1.219178e-06    5.381882e-07    -1.707476e-06    -1.229867e-06    1.139008e-06    3.612842e-06    -1.16021e-06    -2.196894e-06
1.277244e-08    2.38837e-06    2.847747e-07    -9.559709e-07    -5.62208e-07    1.694767e-07    -6.830556e-07    -9.331235e-07    7.631261e-07    4.356574e-07
-1.219178e-06    2.847747e-07    3.063218e-06    -2.932648e-08    -1.609615e-06    9.357069e-07    -8.766001e-07    -2.402872e-06    1.351556e-06    7.076784e-07
5.381882e-07    -9.559709e-07    -2.932648e-08    2.887566e-06    -1.517343e-06    -2.915721e-07    5.415253e-07    1.636942e-06    -5.056184e-07    -1.095922e-06
-1.707476e-06    -5.62208e-07    -1.609615e-06    -1.517343e-06    4.102306e-06    4.460823e-08    2.141669e-07    -1.111322e-06    -3.733314e-07    1.38071e-06
-1.229867e-06    1.694767e-07    9.357069e-07    -2.915721e-07    4.460823e-08    6.083899e-06    -3.527483e-06    -7.850096e-06    1.566626e-06    1.638805e-06
1.139008e-06    -6.830556e-07    -8.766001e-07    5.415253e-07    2.141669e-07    -3.527483e-06    9.916049e-06    1.608575e-06    -2.440016e-06    -1.727434e-06
3.612842e-06    -9.331235e-07    -2.402872e-06    1.636942e-06    -1.111322e-06    -7.850096e-06    1.608575e-06    2.279692e-05    -6.019564e-06    -8.131292e-06
-1.16021e-06    7.631261e-07    1.351556e-06    -5.056184e-07    -3.733314e-07    1.566626e-06    -2.440016e-06    -6.019564e-06    4.554526e-06    2.284657e-06
-2.196894e-06    4.356574e-07    7.076784e-07    -1.095922e-06    1.38071e-06    1.638805e-06    -1.727434e-06    -8.131292e-06    2.284657e-06    5.33751e-06
