3.399707e-06    2.125229e-06    -5.915166e-07    -5.227191e-07    -1.309164e-06    -1.17153e-06    3.338938e-07    3.417209e-07    -4.120826e-07    6.844729e-07
2.125229e-06    1.348276e-05    6.354984e-06    -1.615957e-06    -6.311525e-06    -3.800024e-06    -3.301187e-07    7.583509e-07    -2.096045e-06    2.980438e-06
-5.915166e-07    6.354984e-06    7.522459e-06    1.032646e-06    -5.41534e-06    -1.720767e-06    -5.624096e-07    -3.241556e-07    -2.295432e-06    2.45668e-06
-5.227191e-07    -1.615957e-06    1.032646e-06    4.863043e-06    -2.402271e-06    -3.301384e-07    -5.158139e-07    2.701101e-07    -5.34005e-07    4.463055e-07
-1.309164e-06    -6.311525e-06    -5.41534e-06    -2.402271e-06    8.308284e-06    2.530643e-06    1.14213e-06    7.904066e-08    1.440604e-06    -2.776903e-06
-1.17153e-06    -3.800024e-06    -1.720767e-06    -3.301384e-07    2.530643e-06    4.319392e-06    1.277244e-08    -1.219178e-06    5.381882e-07    -1.707476e-06
3.338938e-07    -3.301187e-07    -5.624096e-07    -5.158139e-07    1.14213e-06    1.277244e-08    2.38837e-06    2.847747e-07    -9.559709e-07    -5.62208e-07
3.417209e-07    7.583509e-07    -3.241556e-07    2.701101e-07    7.904066e-08    -1.219178e-06    2.847747e-07    3.063218e-06    -2.932648e-08    -1.609615e-06
-4.120826e-07    -2.096045e-06    -2.295432e-06    -5.34005e-07    1.440604e-06    5.381882e-07    -9.559709e-07    -2.932648e-08    2.887566e-06    -1.517343e-06
6.844729e-07    2.980438e-06    2.45668e-06    4.463055e-07    -2.776903e-06    -1.707476e-06    -5.62208e-07    -1.609615e-06    -1.517343e-06    4.102306e-06
