3.399707e-06    2.125229e-06    -5.915166e-07    -5.227191e-07    -1.309164e-06    -5.66873e-07    6.307223e-07    -2.525437e-07    -9.222435e-07    6.504231e-07    -1.17153e-06    3.338938e-07    3.417209e-07    -4.120826e-07    6.844729e-07    1.69395e-06    -1.143011e-06    -3.486081e-06    8.806263e-07    1.595294e-06    -2.365922e-06    -7.545027e-07    2.283358e-06    3.929348e-07    4.141961e-07
2.125229e-06    1.348276e-05    6.354984e-06    -1.615957e-06    -6.311525e-06    -3.75545e-06    1.83129e-06    1.181387e-07    -4.8149e-06    3.207757e-06    -3.800024e-06    -3.301187e-07    7.583509e-07    -2.096045e-06    2.980438e-06    4.969946e-06    -5.19231e-06    -1.203711e-05    3.904025e-06    5.846187e-06    -1.321819e-05    7.353663e-07    1.257793e-05    2.92528e-06    -8.424878e-07
-5.915166e-07    6.354984e-06    7.522459e-06    1.032646e-06    -5.41534e-06    -2.403235e-06    -2.895621e-07    -1.175616e-06    -2.344563e-06    3.229555e-06    -1.720767e-06    -5.624096e-07    -3.241556e-07    -2.295432e-06    2.45668e-06    2.454428e-06    -1.933775e-06    -5.839685e-06    1.291711e-06    2.559381e-06    -8.560905e-06    2.235162e-06    9.944288e-06    1.531903e-06    -1.876931e-06
-5.227191e-07    -1.615957e-06    1.032646e-06    4.863043e-06    -2.402271e-06    7.461028e-07    -1.184449e-06    -2.742995e-06    4.023984e-07    1.859922e-06    -3.301384e-07    -5.158139e-07    2.701101e-07    -5.34005e-07    4.463055e-07    4.567747e-07    1.013616e-06    3.24121e-07    -9.137029e-07    -8.642133e-07    4.860507e-07    1.046219e-06    1.494387e-06    1.080863e-06    -7.014752e-07
-1.309164e-06    -6.311525e-06    -5.41534e-06    -2.402271e-06    8.308284e-06    1.473375e-06    5.612305e-07    2.853903e-06    2.335052e-06    -3.879723e-06    2.530643e-06    1.14213e-06    7.904066e-08    1.440604e-06    -2.776903e-06    -3.475989e-06    1.628108e-06    6.529833e-06    -6.284871e-07    -2.51038e-06    6.555053e-06    -1.2039e-06    -9.450658e-06    -2.109979e-06    2.582265e-06
-5.66873e-07    -3.75545e-06    -2.403235e-06    7.461028e-07    1.473375e-06    4.083067e-06    -7.209514e-07    -2.108591e-06    1.132269e-06    -8.348474e-07    7.633452e-07    -1.107612e-07    -1.818325e-07    1.163903e-06    -8.72944e-07    -5.726287e-07    1.996684e-06    2.649773e-06    -1.488728e-06    -1.950216e-06    5.23361e-06    -5.427893e-07    -4.425588e-06    -1.419471e-06    1.710863e-06
6.307223e-07    1.83129e-06    -2.895621e-07    -1.184449e-06    5.612305e-07    -7.209514e-07    3.225865e-06    1.042384e-06    -2.33534e-06    -4.072581e-07    -7.10658e-07    4.976706e-07    1.0295e-06    -2.330534e-08    -4.246341e-07    8.467265e-07    -2.538635e-06    -1.687101e-06    1.519183e-06    1.286852e-06    -1.816816e-06    -9.326756e-07    -9.479916e-10    9.847562e-08    1.062597e-06
-2.525437e-07    1.181387e-07    -1.175616e-06    -2.742995e-06    2.853903e-06    -2.108591e-06    1.042384e-06    5.821202e-06    -1.991838e-08    -3.365409e-06    7.796795e-07    1.090108e-06    4.596741e-07    4.235054e-07    -1.676006e-06    -1.168902e-07    -2.659381e-06    -5.385399e-07    1.797612e-06    7.729208e-07    -1.079892e-06    -5.975031e-07    -2.853341e-06    -3.35429e-08    1.663661e-06
-9.222435e-07    -4.8149e-06    -2.344563e-06    4.023984e-07    2.335052e-06    1.132269e-06    -2.33534e-06    -1.991838e-08    5.180488e-06    -2.360911e-06    2.37803e-06    2.304258e-07    -3.663565e-07    8.772204e-07    -1.589961e-06    -1.30996e-06    3.293685e-06    2.394416e-06    -1.405498e-06    -2.305098e-06    6.349011e-06    -2.659301e-07    -6.026785e-06    -7.015769e-07    -8.851137e-08
6.504231e-07    3.207757e-06    3.229555e-06    1.859922e-06    -3.879723e-06    -8.348474e-07    -4.072581e-07    -3.365409e-06    -2.360911e-06    5.410115e-06    -2.116417e-06    -7.279035e-07    -6.764328e-07    -1.606389e-06    2.81288e-06    2.109686e-07    2.554016e-07    -8.139803e-07    -4.963299e-07    1.080232e-06    -4.72792e-06    1.219974e-06    8.070492e-06    8.997979e-07    -2.420486e-06
-1.17153e-06    -3.800024e-06    -1.720767e-06    -3.301384e-07    2.530643e-06    7.633452e-07    -7.10658e-07    7.796795e-07    2.37803e-06    -2.116417e-06    4.319392e-06    1.277244e-08    -1.219178e-06    5.381882e-07    -1.707476e-06    -1.229867e-06    1.139008e-06    3.612842e-06    -1.16021e-06    -2.196894e-06    4.947501e-06    -2.465439e-07    -5.752449e-06    -4.655544e-07    -3.274629e-07
3.338938e-07    -3.301187e-07    -5.624096e-07    -5.158139e-07    1.14213e-06    -1.107612e-07    4.976706e-07    1.090108e-06    2.304258e-07    -7.279035e-07    1.277244e-08    2.38837e-06    2.847747e-07    -9.559709e-07    -5.62208e-07    1.694767e-07    -6.830556e-07    -9.331235e-07    7.631261e-07    4.356574e-07    -2.419628e-07    -5.476917e-07    -9.054811e-07    -3.458308e-07    1.393713e-06
3.417209e-07    7.583509e-07    -3.241556e-07    2.701101e-07    7.904066e-08    -1.818325e-07    1.0295e-06    4.596741e-07    -3.663565e-07    -6.764328e-07    -1.219178e-06    2.847747e-07    3.063218e-06    -2.932648e-08    -1.609615e-06    9.357069e-07    -8.766001e-07    -2.402872e-06    1.351556e-06    7.076784e-07    -8.128883e-08    -3.047167e-07    -1.441842e-06    1.545361e-07    9.614927e-07
-4.120826e-07    -2.096045e-06    -2.295432e-06    -5.34005e-07    1.440604e-06    1.163903e-06    -2.330534e-08    4.235054e-07    8.772204e-07    -1.606389e-06    5.381882e-07    -9.559709e-07    -2.932648e-08    2.887566e-06    -1.517343e-06    -2.915721e-07    5.415253e-07    1.636942e-06    -5.056184e-07    -1.095922e-06    3.906166e-06    -1.027909e-06    -4.467315e-06    -3.638324e-07    8.688637e-07
6.844729e-07    2.980438e-06    2.45668e-06    4.463055e-07    -2.776903e-06    -8.72944e-07    -4.246341e-07    -1.676006e-06    -1.589961e-06    2.81288e-06    -1.707476e-06    -5.62208e-07    -1.609615e-06    -1.517343e-06    4.102306e-06    4.460823e-08    2.141669e-07    -1.111322e-06    -3.733314e-07    1.38071e-06    -4.492829e-06    7.393123e-07    7.069686e-06    6.603826e-07    -1.926994e-06
1.69395e-06    4.969946e-06    2.454428e-06    4.567747e-07    -3.475989e-06    -5.726287e-07    8.467265e-07    -1.168902e-07    -1.30996e-06    2.109686e-07    -1.229867e-06    1.694767e-07    9.357069e-07    -2.915721e-07    4.460823e-08    6.083899e-06    -3.527483e-06    -7.850096e-06    1.566626e-06    1.638805e-06    -4.138178e-06    -2.22699e-07    2.884709e-06    1.367002e-06    2.069428e-06
-1.143011e-06    -5.19231e-06    -1.933775e-06    1.013616e-06    1.628108e-06    1.996684e-06    -2.538635e-06    -2.659381e-06    3.293685e-06    2.554016e-07    1.139008e-06    -6.830556e-07    -8.766001e-07    5.415253e-07    2.141669e-07    -3.527483e-06    9.916049e-06    1.608575e-06    -2.440016e-06    -1.727434e-06    6.85995e-06    6.433923e-07    -4.12112e-06    -2.089221e-06    -1.109013e-06
-3.486081e-06    -1.203711e-05    -5.839685e-06    3.24121e-07    6.529833e-06    2.649773e-06    -1.687101e-06    -5.385399e-07    2.394416e-06    -8.139803e-07    3.612842e-06    -9.331235e-07    -2.402872e-06    1.636942e-06    -1.111322e-06    -7.850096e-06    1.608575e-06    2.279692e-05    -6.019564e-06    -8.131292e-06    1.117078e-05    -1.82148e-09    -8.955276e-06    -2.493992e-06    -2.77953e-06
8.806263e-07    3.904025e-06    1.291711e-06    -9.137029e-07    -6.284871e-07    -1.488728e-06    1.519183e-06    1.797612e-06    -1.405498e-06    -4.963299e-07    -1.16021e-06    7.631261e-07    1.351556e-06    -5.056184e-07    -3.733314e-07    1.566626e-06    -2.440016e-06    -6.019564e-06    4.554526e-06    2.284657e-06    -4.150546e-06    -2.933629e-07    1.774773e-06    9.062196e-07    1.123519e-06
1.595294e-06    5.846187e-06    2.559381e-06    -8.642133e-07    -2.51038e-06    -1.950216e-06    1.286852e-06    7.729208e-07    -2.305098e-06    1.080232e-06    -2.196894e-06    4.356574e-07    7.076784e-07    -1.095922e-06    1.38071e-06    1.638805e-06    -1.727434e-06    -8.131292e-06    2.284657e-06    5.33751e-06    -7.017373e-06    -2.809066e-07    6.482162e-06    1.357899e-06    -7.753171e-08
-2.365922e-06    -1.321819e-05    -8.560905e-06    4.860507e-07    6.555053e-06    5.23361e-06    -1.816816e-06    -1.079892e-06    6.349011e-06    -4.72792e-06    4.947501e-06    -2.419628e-07    -8.128883e-08    3.906166e-06    -4.492829e-06    -4.138178e-06    6.85995e-06    1.117078e-05    -4.150546e-06    -7.017373e-06    2.099947e-05    -1.563036e-06    -1.996824e-05    -3.849787e-06    9.066406e-07
-7.545027e-07    7.353663e-07    2.235162e-06    1.046219e-06    -1.2039e-06    -5.427893e-07    -9.326756e-07    -5.975031e-07    -2.659301e-07    1.219974e-06    -2.465439e-07    -5.476917e-07    -3.047167e-07    -1.027909e-06    7.393123e-07    -2.22699e-07    6.433923e-07    -1.82148e-09    -2.933629e-07    -2.809066e-07    -1.563036e-06    3.944773e-06    1.726005e-06    -1.224903e-06    -5.151496e-09
2.283358e-06    1.257793e-05    9.944288e-06    1.494387e-06    -9.450658e-06    -4.425588e-06    -9.479916e-10    -2.853341e-06    -6.026785e-06    8.070492e-06    -5.752449e-06    -9.054811e-07    -1.441842e-06    -4.467315e-06    7.069686e-06    2.884709e-06    -4.12112e-06    -8.955276e-06    1.774773e-06    6.482162e-06    -1.996824e-05    1.726005e-06    2.530594e-05    3.793932e-06    -5.008966e-06
3.929348e-07    2.92528e-06    1.531903e-06    1.080863e-06    -2.109979e-06    -1.419471e-06    9.847562e-08    -3.35429e-08    -7.015769e-07    8.997979e-07    -4.655544e-07    -3.458308e-07    1.545361e-07    -3.638324e-07    6.603826e-07    1.367002e-06    -2.089221e-06    -2.493992e-06    9.062196e-07    1.357899e-06    -3.849787e-06    -1.224903e-06    3.793932e-06    4.580484e-06    -2.293531e-06
4.141961e-07    -8.424878e-07    -1.876931e-06    -7.014752e-07    2.582265e-06    1.710863e-06    1.062597e-06    1.663661e-06    -8.851137e-08    -2.420486e-06    -3.274629e-07    1.393713e-06    9.614927e-07    8.688637e-07    -1.926994e-06    2.069428e-06    -1.109013e-06    -2.77953e-06    1.123519e-06    -7.753171e-08    9.066406e-07    -5.151496e-09    -5.008966e-06    -2.293531e-06    8.364997e-06
