4.319392e-06    1.277244e-08    -1.219178e-06    5.381882e-07    -1.707476e-06    7.958458e-09    3.036326e-06    3.015643e-06    -3.903588e-07    -2.328859e-06
1.277244e-08    2.38837e-06    2.847747e-07    -9.559709e-07    -5.62208e-07    -4.367242e-07    1.085341e-06    3.671215e-07    -5.894411e-07    -7.252404e-08
-1.219178e-06    2.847747e-07    3.063218e-06    -2.932648e-08    -1.609615e-06    -4.221519e-08    -6.654046e-07    2.254117e-07    2.954709e-07    -2.236714e-07
5.381882e-07    -9.559709e-07    -2.932648e-08    2.887566e-06    -1.517343e-06    -6.469841e-07    2.439641e-06    2.79909e-06    -6.571514e-07    -1.963134e-06
-1.707476e-06    -5.62208e-07    -1.609615e-06    -1.517343e-06    4.102306e-06    4.260203e-07    -3.199076e-06    -3.406608e-06    9.901135e-07    2.37631e-06
7.958458e-09    -4.367242e-07    -4.221519e-08    -6.469841e-07    4.260203e-07    3.535645e-06    -2.593624e-06    -4.360092e-06    1.270009e-06    1.338564e-06
3.036326e-06    1.085341e-06    -6.654046e-07    2.439641e-06    -3.199076e-06    -2.593624e-06    1.607521e-05    8.217366e-06    -7.258583e-06    -4.920429e-06
3.015643e-06    3.671215e-07    2.254117e-07    2.79909e-06    -3.406608e-06    -4.360092e-06    8.217366e-06    1.316667e-05    -1.923214e-06    -7.950075e-06
-3.903588e-07    -5.894411e-07    2.954709e-07    -6.571514e-07    9.901135e-07    1.270009e-06    -7.258583e-06    -1.923214e-06    5.376072e-06    -2.548979e-07
-2.328859e-06    -7.252404e-08    -2.236714e-07    -1.963134e-06    2.37631e-06    1.338564e-06    -4.920429e-06    -7.950075e-06    -2.548979e-07    7.218052e-06
