4.083067e-06    -7.209514e-07    -2.108591e-06    1.132269e-06    -8.348474e-07    7.633452e-07    -1.107612e-07    -1.818325e-07    1.163903e-06    -8.72944e-07    5.23361e-06    -5.427893e-07    -4.425588e-06    -1.419471e-06    1.710863e-06
-7.209514e-07    3.225865e-06    1.042384e-06    -2.33534e-06    -4.072581e-07    -7.10658e-07    4.976706e-07    1.0295e-06    -2.330534e-08    -4.246341e-07    -1.816816e-06    -9.326756e-07    -9.479916e-10    9.847562e-08    1.062597e-06
-2.108591e-06    1.042384e-06    5.821202e-06    -1.991838e-08    -3.365409e-06    7.796795e-07    1.090108e-06    4.596741e-07    4.235054e-07    -1.676006e-06    -1.079892e-06    -5.975031e-07    -2.853341e-06    -3.35429e-08    1.663661e-06
1.132269e-06    -2.33534e-06    -1.991838e-08    5.180488e-06    -2.360911e-06    2.37803e-06    2.304258e-07    -3.663565e-07    8.772204e-07    -1.589961e-06    6.349011e-06    -2.659301e-07    -6.026785e-06    -7.015769e-07    -8.851137e-08
-8.348474e-07    -4.072581e-07    -3.365409e-06    -2.360911e-06    5.410115e-06    -2.116417e-06    -7.279035e-07    -6.764328e-07    -1.606389e-06    2.81288e-06    -4.72792e-06    1.219974e-06    8.070492e-06    8.997979e-07    -2.420486e-06
7.633452e-07    -7.10658e-07    7.796795e-07    2.37803e-06    -2.116417e-06    4.319392e-06    1.277244e-08    -1.219178e-06    5.381882e-07    -1.707476e-06    4.947501e-06    -2.465439e-07    -5.752449e-06    -4.655544e-07    -3.274629e-07
-1.107612e-07    4.976706e-07    1.090108e-06    2.304258e-07    -7.279035e-07    1.277244e-08    2.38837e-06    2.847747e-07    -9.559709e-07    -5.62208e-07    -2.419628e-07    -5.476917e-07    -9.054811e-07    -3.458308e-07    1.393713e-06
-1.818325e-07    1.0295e-06    4.596741e-07    -3.663565e-07    -6.764328e-07    -1.219178e-06    2.847747e-07    3.063218e-06    -2.932648e-08    -1.609615e-06    -8.128883e-08    -3.047167e-07    -1.441842e-06    1.545361e-07    9.614927e-07
1.163903e-06    -2.330534e-08    4.235054e-07    8.772204e-07    -1.606389e-06    5.381882e-07    -9.559709e-07    -2.932648e-08    2.887566e-06    -1.517343e-06    3.906166e-06    -1.027909e-06    -4.467315e-06    -3.638324e-07    8.688637e-07
-8.72944e-07    -4.246341e-07    -1.676006e-06    -1.589961e-06    2.81288e-06    -1.707476e-06    -5.62208e-07    -1.609615e-06    -1.517343e-06    4.102306e-06    -4.492829e-06    7.393123e-07    7.069686e-06    6.603826e-07    -1.926994e-06
5.23361e-06    -1.816816e-06    -1.079892e-06    6.349011e-06    -4.72792e-06    4.947501e-06    -2.419628e-07    -8.128883e-08    3.906166e-06    -4.492829e-06    2.099947e-05    -1.563036e-06    -1.996824e-05    -3.849787e-06    9.066406e-07
-5.427893e-07    -9.326756e-07    -5.975031e-07    -2.659301e-07    1.219974e-06    -2.465439e-07    -5.476917e-07    -3.047167e-07    -1.027909e-06    7.393123e-07    -1.563036e-06    3.944773e-06    1.726005e-06    -1.224903e-06    -5.151496e-09
-4.425588e-06    -9.479916e-10    -2.853341e-06    -6.026785e-06    8.070492e-06    -5.752449e-06    -9.054811e-07    -1.441842e-06    -4.467315e-06    7.069686e-06    -1.996824e-05    1.726005e-06    2.530594e-05    3.793932e-06    -5.008966e-06
-1.419471e-06    9.847562e-08    -3.35429e-08    -7.015769e-07    8.997979e-07    -4.655544e-07    -3.458308e-07    1.545361e-07    -3.638324e-07    6.603826e-07    -3.849787e-06    -1.224903e-06    3.793932e-06    4.580484e-06    -2.293531e-06
1.710863e-06    1.062597e-06    1.663661e-06    -8.851137e-08    -2.420486e-06    -3.274629e-07    1.393713e-06    9.614927e-07    8.688637e-07    -1.926994e-06    9.066406e-07    -5.151496e-09    -5.008966e-06    -2.293531e-06    8.364997e-06
