4.319392e-06    1.277244e-08    -1.219178e-06    5.381882e-07    -1.707476e-06    1.886066e-06    1.801962e-06    -2.443432e-08    -1.06549e-07    -8.201434e-07
1.277244e-08    2.38837e-06    2.847747e-07    -9.559709e-07    -5.62208e-07    -4.508334e-07    -4.264922e-07    1.25702e-07    -6.49749e-07    1.032779e-06
-1.219178e-06    2.847747e-07    3.063218e-06    -2.932648e-08    -1.609615e-06    9.697243e-09    -1.118062e-06    -1.149827e-06    3.029599e-07    4.895378e-07
5.381882e-07    -9.559709e-07    -2.932648e-08    2.887566e-06    -1.517343e-06    5.734903e-07    4.965398e-07    7.465934e-07    7.785273e-07    -1.142735e-06
-1.707476e-06    -5.62208e-07    -1.609615e-06    -1.517343e-06    4.102306e-06    -1.372059e-06    -4.946118e-07    6.302347e-07    -1.359487e-07    -6.806092e-08
1.886066e-06    -4.508334e-07    9.697243e-09    5.734903e-07    -1.372059e-06    5.605946e-06    1.486493e-06    -2.293789e-06    1.309581e-06    -2.433349e-06
1.801962e-06    -4.264922e-07    -1.118062e-06    4.965398e-07    -4.946118e-07    1.486493e-06    5.406271e-06    1.7896e-06    -1.2035e-06    -1.855255e-06
-2.443432e-08    1.25702e-07    -1.149827e-06    7.465934e-07    6.302347e-07    -2.293789e-06    1.7896e-06    6.210638e-06    -2.104701e-07    -2.8184e-06
-1.06549e-07    -6.49749e-07    3.029599e-07    7.785273e-07    -1.359487e-07    1.309581e-06    -1.2035e-06    -2.104701e-07    4.356599e-06    -3.707009e-06
-8.201434e-07    1.032779e-06    4.895378e-07    -1.142735e-06    -6.806092e-08    -2.433349e-06    -1.855255e-06    -2.8184e-06    -3.707009e-06    8.222035e-06
