4.083067e-06    -7.209514e-07    -2.108591e-06    1.132269e-06    -8.348474e-07    7.633452e-07    -1.107612e-07    -1.818325e-07    1.163903e-06    -8.72944e-07    1.394932e-07    1.199978e-06    9.861485e-07    -8.047153e-07    -1.640699e-06
-7.209514e-07    3.225865e-06    1.042384e-06    -2.33534e-06    -4.072581e-07    -7.10658e-07    4.976706e-07    1.0295e-06    -2.330534e-08    -4.246341e-07    3.371288e-07    -4.396399e-07    -6.515453e-07    1.068301e-07    2.333117e-07
-2.108591e-06    1.042384e-06    5.821202e-06    -1.991838e-08    -3.365409e-06    7.796795e-07    1.090108e-06    4.596741e-07    4.235054e-07    -1.676006e-06    1.726003e-06    -1.196943e-06    -1.419015e-07    9.629813e-07    -1.703287e-06
1.132269e-06    -2.33534e-06    -1.991838e-08    5.180488e-06    -2.360911e-06    2.37803e-06    2.304258e-07    -3.663565e-07    8.772204e-07    -1.589961e-06    -3.265991e-07    1.802032e-06    2.539183e-06    -1.111112e-06    -2.718849e-06
-8.348474e-07    -4.072581e-07    -3.365409e-06    -2.360911e-06    5.410115e-06    -2.116417e-06    -7.279035e-07    -6.764328e-07    -1.606389e-06    2.81288e-06    -7.405631e-07    -7.806831e-07    -1.698685e-06    1.03549e-07    3.521735e-06
7.633452e-07    -7.10658e-07    7.796795e-07    2.37803e-06    -2.116417e-06    4.319392e-06    1.277244e-08    -1.219178e-06    5.381882e-07    -1.707476e-06    -3.335691e-07    1.443129e-06    2.494211e-06    -5.518262e-07    -3.197767e-06
-1.107612e-07    4.976706e-07    1.090108e-06    2.304258e-07    -7.279035e-07    1.277244e-08    2.38837e-06    2.847747e-07    -9.559709e-07    -5.62208e-07    7.402394e-07    -2.68317e-07    -9.146154e-08    2.101451e-08    -4.374009e-07
-1.818325e-07    1.0295e-06    4.596741e-07    -3.663565e-07    -6.764328e-07    -1.219178e-06    2.847747e-07    3.063218e-06    -2.932648e-08    -1.609615e-06    4.882194e-08    2.705639e-07    -1.193999e-07    -2.460628e-07    -1.109169e-07
1.163903e-06    -2.330534e-08    4.235054e-07    8.772204e-07    -1.606389e-06    5.381882e-07    -9.559709e-07    -2.932648e-08    2.887566e-06    -1.517343e-06    3.553821e-08    8.651738e-07    1.038522e-06    -3.772364e-07    -1.852403e-06
-8.72944e-07    -4.246341e-07    -1.676006e-06    -1.589961e-06    2.81288e-06    -1.707476e-06    -5.62208e-07    -1.609615e-06    -1.517343e-06    4.102306e-06    -5.280829e-07    -9.140872e-07    -1.681648e-06    3.156839e-07    3.12391e-06
1.394932e-07    3.371288e-07    1.726003e-06    -3.265991e-07    -7.405631e-07    -3.335691e-07    7.402394e-07    4.882194e-08    3.553821e-08    -5.280829e-07    4.002588e-06    -1.224321e-06    -1.88157e-06    2.219525e-07    -8.008506e-07
1.199978e-06    -4.396399e-07    -1.196943e-06    1.802032e-06    -7.806831e-07    1.443129e-06    -2.68317e-07    2.705639e-07    8.651738e-07    -9.140872e-07    -1.224321e-06    4.522789e-06    2.2663e-06    -3.119028e-06    -2.141938e-06
9.861485e-07    -6.515453e-07    -1.419015e-07    2.539183e-06    -1.698685e-06    2.494211e-06    -9.146154e-08    -1.193999e-07    1.038522e-06    -1.681648e-06    -1.88157e-06    2.2663e-06    5.084414e-06    -1.095633e-06    -4.586901e-06
-8.047153e-07    1.068301e-07    9.629813e-07    -1.111112e-06    1.03549e-07    -5.518262e-07    2.101451e-08    -2.460628e-07    -3.772364e-07    3.156839e-07    2.219525e-07    -3.119028e-06    -1.095633e-06    4.012977e-06    5.345152e-07
-1.640699e-06    2.333117e-07    -1.703287e-06    -2.718849e-06    3.521735e-06    -3.197767e-06    -4.374009e-07    -1.109169e-07    -1.852403e-06    3.12391e-06    -8.008506e-07    -2.141938e-06    -4.586901e-06    5.345152e-07    7.937913e-06
