4.083067e-06    -7.209514e-07    -2.108591e-06    1.132269e-06    -8.348474e-07    7.633452e-07    -1.107612e-07    -1.818325e-07    1.163903e-06    -8.72944e-07    5.23361e-06    -5.427893e-07    -4.425588e-06    -1.419471e-06    1.710863e-06    5.874067e-07    -2.923946e-06    -2.332267e-06    3.138033e-07    2.063818e-06
-7.209514e-07    3.225865e-06    1.042384e-06    -2.33534e-06    -4.072581e-07    -7.10658e-07    4.976706e-07    1.0295e-06    -2.330534e-08    -4.246341e-07    -1.816816e-06    -9.326756e-07    -9.479916e-10    9.847562e-08    1.062597e-06    1.470062e-07    2.196151e-06    9.92426e-07    -8.980676e-07    -1.168983e-06
-2.108591e-06    1.042384e-06    5.821202e-06    -1.991838e-08    -3.365409e-06    7.796795e-07    1.090108e-06    4.596741e-07    4.235054e-07    -1.676006e-06    -1.079892e-06    -5.975031e-07    -2.853341e-06    -3.35429e-08    1.663661e-06    -1.151038e-06    2.429427e-07    1.686035e-06    -3.625149e-07    -4.094751e-07
1.132269e-06    -2.33534e-06    -1.991838e-08    5.180488e-06    -2.360911e-06    2.37803e-06    2.304258e-07    -3.663565e-07    8.772204e-07    -1.589961e-06    6.349011e-06    -2.659301e-07    -6.026785e-06    -7.015769e-07    -8.851137e-08    -1.35887e-07    -5.211858e-06    -2.242527e-06    1.971859e-06    2.529834e-06
-8.348474e-07    -4.072581e-07    -3.365409e-06    -2.360911e-06    5.410115e-06    -2.116417e-06    -7.279035e-07    -6.764328e-07    -1.606389e-06    2.81288e-06    -4.72792e-06    1.219974e-06    8.070492e-06    8.997979e-07    -2.420486e-06    7.283437e-08    3.073589e-06    1.113299e-06    -5.588887e-07    -1.600636e-06
7.633452e-07    -7.10658e-07    7.796795e-07    2.37803e-06    -2.116417e-06    4.319392e-06    1.277244e-08    -1.219178e-06    5.381882e-07    -1.707476e-06    4.947501e-06    -2.465439e-07    -5.752449e-06    -4.655544e-07    -3.274629e-07    4.631233e-07    -4.23906e-06    -2.468066e-06    1.166282e-06    2.410477e-06
-1.107612e-07    4.976706e-07    1.090108e-06    2.304258e-07    -7.279035e-07    1.277244e-08    2.38837e-06    2.847747e-07    -9.559709e-07    -5.62208e-07    -2.419628e-07    -5.476917e-07    -9.054811e-07    -3.458308e-07    1.393713e-06    -5.286679e-07    2.348829e-07    9.37548e-07    -9.769564e-08    -4.179415e-07
-1.818325e-07    1.0295e-06    4.596741e-07    -3.663565e-07    -6.764328e-07    -1.219178e-06    2.847747e-07    3.063218e-06    -2.932648e-08    -1.609615e-06    -8.128883e-08    -3.047167e-07    -1.441842e-06    1.545361e-07    9.614927e-07    8.490878e-08    5.999225e-07    1.10753e-07    1.31579e-07    -5.151936e-07
1.163903e-06    -2.330534e-08    4.235054e-07    8.772204e-07    -1.606389e-06    5.381882e-07    -9.559709e-07    -2.932648e-08    2.887566e-06    -1.517343e-06    3.906166e-06    -1.027909e-06    -4.467315e-06    -3.638324e-07    8.688637e-07    3.697166e-07    -1.979354e-06    -1.647355e-06    3.24062e-07    1.424494e-06
-8.72944e-07    -4.246341e-07    -1.676006e-06    -1.589961e-06    2.81288e-06    -1.707476e-06    -5.62208e-07    -1.609615e-06    -1.517343e-06    4.102306e-06    -4.492829e-06    7.393123e-07    7.069686e-06    6.603826e-07    -1.926994e-06    -2.738985e-07    2.90256e-06    1.788491e-06    -7.12578e-07    -1.647199e-06
5.23361e-06    -1.816816e-06    -1.079892e-06    6.349011e-06    -4.72792e-06    4.947501e-06    -2.419628e-07    -8.128883e-08    3.906166e-06    -4.492829e-06    2.099947e-05    -1.563036e-06    -1.996824e-05    -3.849787e-06    9.066406e-07    1.705017e-06    -1.261612e-05    -1.01299e-05    3.473892e-06    8.502964e-06
-5.427893e-07    -9.326756e-07    -5.975031e-07    -2.659301e-07    1.219974e-06    -2.465439e-07    -5.476917e-07    -3.047167e-07    -1.027909e-06    7.393123e-07    -1.563036e-06    3.944773e-06    1.726005e-06    -1.224903e-06    -5.151496e-09    -5.76188e-07    1.94823e-07    4.246097e-07    -1.92464e-08    -1.749657e-08
-4.425588e-06    -9.479916e-10    -2.853341e-06    -6.026785e-06    8.070492e-06    -5.752449e-06    -9.054811e-07    -1.441842e-06    -4.467315e-06    7.069686e-06    -1.996824e-05    1.726005e-06    2.530594e-05    3.793932e-06    -5.008966e-06    -1.718152e-06    1.246317e-05    9.393567e-06    -3.55525e-06    -7.930669e-06
-1.419471e-06    9.847562e-08    -3.35429e-08    -7.015769e-07    8.997979e-07    -4.655544e-07    -3.458308e-07    1.545361e-07    -3.638324e-07    6.603826e-07    -3.849787e-06    -1.224903e-06    3.793932e-06    4.580484e-06    -2.293531e-06    2.683672e-07    1.727079e-06    1.25134e-06    4.246874e-07    -1.6145e-06
1.710863e-06    1.062597e-06    1.663661e-06    -8.851137e-08    -2.420486e-06    -3.274629e-07    1.393713e-06    9.614927e-07    8.688637e-07    -1.926994e-06    9.066406e-07    -5.151496e-09    -5.008966e-06    -2.293531e-06    8.364997e-06    -4.514669e-07    8.065746e-07    1.490814e-06    -9.32691e-07    -7.090243e-07
5.874067e-07    1.470062e-07    -1.151038e-06    -1.35887e-07    7.283437e-08    4.631233e-07    -5.286679e-07    8.490878e-08    3.697166e-07    -2.738985e-07    1.705017e-06    -5.76188e-07    -1.718152e-06    2.683672e-07    -4.514669e-07    3.542222e-06    -1.019945e-06    -3.484572e-06    4.533619e-07    8.609967e-07
-2.923946e-06    2.196151e-06    2.429427e-07    -5.211858e-06    3.073589e-06    -4.23906e-06    2.348829e-07    5.999225e-07    -1.979354e-06    2.90256e-06    -1.261612e-05    1.94823e-07    1.246317e-05    1.727079e-06    8.065746e-07    -1.019945e-06    1.376126e-05    7.27163e-06    -5.312984e-06    -6.64568e-06
-2.332267e-06    9.92426e-07    1.686035e-06    -2.242527e-06    1.113299e-06    -2.468066e-06    9.37548e-07    1.10753e-07    -1.647355e-06    1.788491e-06    -1.01299e-05    4.246097e-07    9.393567e-06    1.25134e-06    1.490814e-06    -3.484572e-06    7.27163e-06    9.840838e-06    -2.098703e-06    -6.409223e-06
3.138033e-07    -8.980676e-07    -3.625149e-07    1.971859e-06    -5.588887e-07    1.166282e-06    -9.769564e-08    1.31579e-07    3.24062e-07    -7.12578e-07    3.473892e-06    -1.92464e-08    -3.55525e-06    4.246874e-07    -9.32691e-07    4.533619e-07    -5.312984e-06    -2.098703e-06    4.494634e-06    9.966772e-07
2.063818e-06    -1.168983e-06    -4.094751e-07    2.529834e-06    -1.600636e-06    2.410477e-06    -4.179415e-07    -5.151936e-07    1.424494e-06    -1.647199e-06    8.502964e-06    -1.749657e-08    -7.930669e-06    -1.6145e-06    -7.090243e-07    8.609967e-07    -6.64568e-06    -6.409223e-06    9.966772e-07    6.422314e-06
