4.319392e-06    1.277244e-08    -1.219178e-06    5.381882e-07    -1.707476e-06    1.046549e-06    1.676028e-06    4.754664e-07    6.550847e-07    -2.350696e-06
1.277244e-08    2.38837e-06    2.847747e-07    -9.559709e-07    -5.62208e-07    -2.561308e-07    -3.284449e-07    -4.510972e-07    -1.930793e-07    1.35486e-06
-1.219178e-06    2.847747e-07    3.063218e-06    -2.932648e-08    -1.609615e-06    1.017832e-07    -1.293156e-06    -1.449349e-07    -2.554875e-07    1.457131e-06
5.381882e-07    -9.559709e-07    -2.932648e-08    2.887566e-06    -1.517343e-06    4.099248e-07    5.520169e-07    -8.002852e-08    7.072064e-07    -1.367961e-06
-1.707476e-06    -5.62208e-07    -1.609615e-06    -1.517343e-06    4.102306e-06    -9.284259e-07    -3.33057e-07    2.827194e-08    -2.641286e-07    2.943153e-07
1.046549e-06    -2.561308e-07    1.017832e-07    4.099248e-07    -9.284259e-07    3.230536e-06    6.521993e-07    -8.292902e-07    -4.694414e-08    -8.449585e-07
1.676028e-06    -3.284449e-07    -1.293156e-06    5.520169e-07    -3.33057e-07    6.521993e-07    4.815387e-06    1.475379e-06    -1.762443e-07    -3.655233e-06
4.754664e-07    -4.510972e-07    -1.449349e-07    -8.002852e-08    2.827194e-08    -8.292902e-07    1.475379e-06    4.226065e-06    1.280345e-06    -3.448641e-06
6.550847e-07    -1.930793e-07    -2.554875e-07    7.072064e-07    -2.641286e-07    -4.694414e-08    -1.762443e-07    1.280345e-06    3.315228e-06    -2.547434e-06
-2.350696e-06    1.35486e-06    1.457131e-06    -1.367961e-06    2.943153e-07    -8.449585e-07    -3.655233e-06    -3.448641e-06    -2.547434e-06    8.46548e-06
