3.399707e-06    2.125229e-06    -5.915166e-07    -5.227191e-07    -1.309164e-06    6.823335e-07    2.542304e-06    1.77392e-06    4.963067e-08    -1.827629e-06    -5.66873e-07    6.307223e-07    -2.525437e-07    -9.222435e-07    6.504231e-07    -1.17153e-06    3.338938e-07    3.417209e-07    -4.120826e-07    6.844729e-07    -2.365922e-06    -7.545027e-07    2.283358e-06    3.929348e-07    4.141961e-07    7.152247e-07    -1.9283e-06    -1.951859e-06    8.204876e-07    8.915271e-07
2.125229e-06    1.348276e-05    6.354984e-06    -1.615957e-06    -6.311525e-06    1.126341e-06    8.421423e-06    7.74275e-06    1.966288e-07    -7.544256e-06    -3.75545e-06    1.83129e-06    1.181387e-07    -4.8149e-06    3.207757e-06    -3.800024e-06    -3.301187e-07    7.583509e-07    -2.096045e-06    2.980438e-06    -1.321819e-05    7.353663e-07    1.257793e-05    2.92528e-06    -8.424878e-07    1.303454e-06    -7.764446e-06    -6.526686e-06    2.791012e-06    4.201955e-06
-5.915166e-07    6.354984e-06    7.522459e-06    1.032646e-06    -5.41534e-06    8.974394e-07    5.025211e-06    4.58243e-06    1.853232e-07    -4.644212e-06    -2.403235e-06    -2.895621e-07    -1.175616e-06    -2.344563e-06    3.229555e-06    -1.720767e-06    -5.624096e-07    -3.241556e-07    -2.295432e-06    2.45668e-06    -8.560905e-06    2.235162e-06    9.944288e-06    1.531903e-06    -1.876931e-06    7.180243e-07    -5.16901e-06    -4.051825e-06    1.368695e-06    3.244698e-06
-5.227191e-07    -1.615957e-06    1.032646e-06    4.863043e-06    -2.402271e-06    -1.330103e-07    -3.16816e-07    -8.701154e-08    1.723661e-06    -1.488355e-06    7.461028e-07    -1.184449e-06    -2.742995e-06    4.023984e-07    1.859922e-06    -3.301384e-07    -5.158139e-07    2.701101e-07    -5.34005e-07    4.463055e-07    4.860507e-07    1.046219e-06    1.494387e-06    1.080863e-06    -7.014752e-07    5.577396e-07    -8.460656e-07    -3.81067e-07    3.065494e-07    5.336786e-08
-1.309164e-06    -6.311525e-06    -5.41534e-06    -2.402271e-06    8.308284e-06    -7.261071e-07    -5.584671e-06    -5.298756e-06    -1.494255e-06    7.244369e-06    1.473375e-06    5.612305e-07    2.853903e-06    2.335052e-06    -3.879723e-06    2.530643e-06    1.14213e-06    7.904066e-08    1.440604e-06    -2.776903e-06    6.555053e-06    -1.2039e-06    -9.450658e-06    -2.109979e-06    2.582265e-06    -1.441486e-06    5.80838e-06    4.86589e-06    -1.836169e-06    -3.087189e-06
6.823335e-07    1.126341e-06    8.974394e-07    -1.330103e-07    -7.261071e-07    4.44728e-06    5.482973e-07    -1.398058e-06    -5.09664e-07    -1.443838e-06    -8.999982e-07    -8.828537e-08    7.720373e-07    2.133854e-07    6.125064e-07    -6.171091e-07    7.043709e-07    -4.107446e-07    -5.807251e-07    7.293445e-07    -2.359448e-06    3.202225e-08    3.122458e-06    3.485767e-07    -7.881617e-08    -2.509259e-07    -6.318371e-07    -8.469515e-07    -6.950976e-07    1.667918e-06
2.542304e-06    8.421423e-06    5.025211e-06    -3.16816e-07    -5.584671e-06    5.482973e-07    1.040182e-05    7.303586e-06    -1.183592e-06    -6.301785e-06    -2.8091e-06    1.184807e-06    -4.376674e-07    -4.41668e-06    3.232419e-06    -3.098483e-06    -5.422456e-07    -4.37323e-07    -1.906873e-06    3.140574e-06    -1.077798e-05    6.319118e-07    1.085709e-05    2.117987e-06    -5.041071e-07    2.290543e-06    -6.519169e-06    -7.05797e-06    2.232758e-06    3.912209e-06
1.77392e-06    7.74275e-06    4.58243e-06    -8.701154e-08    -5.298756e-06    -1.398058e-06    7.303586e-06    9.032977e-06    5.19103e-07    -6.890776e-06    -1.817381e-06    9.158851e-07    -1.235526e-06    -4.288558e-06    3.196431e-06    -3.460204e-06    -9.225284e-07    -2.126033e-07    -1.493483e-06    3.171215e-06    -9.523595e-06    5.632974e-07    1.038223e-05    1.613936e-06    -6.430562e-07    2.13301e-06    -5.740165e-06    -6.339017e-06    2.259169e-06    3.253025e-06
4.963067e-08    1.966288e-07    1.853232e-07    1.723661e-06    -1.494255e-06    -5.09664e-07    -1.183592e-06    5.19103e-07    3.706006e-06    -1.868423e-06    1.168421e-06    -6.757249e-07    -2.082077e-06    4.377481e-07    6.733199e-07    -4.305331e-07    -6.046801e-07    1.794428e-08    4.219349e-07    4.362247e-07    1.010907e-06    -1.019941e-07    2.893952e-07    5.23411e-07    6.624564e-07    6.081536e-07    -9.324207e-07    -6.150598e-07    8.124836e-07    -9.848778e-08
-1.827629e-06    -7.544256e-06    -4.644212e-06    -1.488355e-06    7.244369e-06    -1.443838e-06    -6.301785e-06    -6.890776e-06    -1.868423e-06    1.07462e-05    1.516879e-06    -3.046631e-07    2.743746e-06    3.445434e-06    -4.608335e-06    4.0299e-06    1.024261e-06    1.583585e-07    1.485018e-06    -3.738558e-06    8.226458e-06    -5.709538e-07    -1.170009e-05    -2.040811e-06    2.263262e-06    -1.641095e-06    5.85802e-06    5.930426e-06    -1.63806e-06    -3.799886e-06
-5.66873e-07    -3.75545e-06    -2.403235e-06    7.461028e-07    1.473375e-06    -8.999982e-07    -2.8091e-06    -1.817381e-06    1.168421e-06    1.516879e-06    4.083067e-06    -7.209514e-07    -2.108591e-06    1.132269e-06    -8.348474e-07    7.633452e-07    -1.107612e-07    -1.818325e-07    1.163903e-06    -8.72944e-07    5.23361e-06    -5.427893e-07    -4.425588e-06    -1.419471e-06    1.710863e-06    3.989158e-07    2.079932e-06    1.134973e-06    -1.880515e-07    -1.482194e-06
6.307223e-07    1.83129e-06    -2.895621e-07    -1.184449e-06    5.612305e-07    -8.828537e-08    1.184807e-06    9.158851e-07    -6.757249e-07    -3.046631e-07    -7.209514e-07    3.225865e-06    1.042384e-06    -2.33534e-06    -4.072581e-07    -7.10658e-07    4.976706e-07    1.0295e-06    -2.330534e-08    -4.246341e-07    -1.816816e-06    -9.326756e-07    -9.479916e-10    9.847562e-08    1.062597e-06    2.669429e-07    -4.908744e-07    -8.196691e-07    4.248384e-07    9.217587e-08
-2.525437e-07    1.181387e-07    -1.175616e-06    -2.742995e-06    2.853903e-06    7.720373e-07    -4.376674e-07    -1.235526e-06    -2.082077e-06    2.743746e-06    -2.108591e-06    1.042384e-06    5.821202e-06    -1.991838e-08    -3.365409e-06    7.796795e-07    1.090108e-06    4.596741e-07    4.235054e-07    -1.676006e-06    -1.079892e-06    -5.975031e-07    -2.853341e-06    -3.35429e-08    1.663661e-06    -6.493725e-07    1.28175e-06    8.500238e-07    -8.688429e-07    2.063513e-07
-9.222435e-07    -4.8149e-06    -2.344563e-06    4.023984e-07    2.335052e-06    2.133854e-07    -4.41668e-06    -4.288558e-06    4.377481e-07    3.445434e-06    1.132269e-06    -2.33534e-06    -1.991838e-08    5.180488e-06    -2.360911e-06    2.37803e-06    2.304258e-07    -3.663565e-07    8.772204e-07    -1.589961e-06    6.349011e-06    -2.659301e-07    -6.026785e-06    -7.015769e-07    -8.851137e-08    -1.496635e-06    2.830372e-06    3.86963e-06    -1.259048e-06    -1.623778e-06
6.504231e-07    3.207757e-06    3.229555e-06    1.859922e-06    -3.879723e-06    6.125064e-07    3.232419e-06    3.196431e-06    6.733199e-07    -4.608335e-06    -8.348474e-07    -4.072581e-07    -3.365409e-06    -2.360911e-06    5.410115e-06    -2.116417e-06    -7.279035e-07    -6.764328e-07    -1.606389e-06    2.81288e-06    -4.72792e-06    1.219974e-06    8.070492e-06    8.997979e-07    -2.420486e-06    6.390754e-07    -2.772524e-06    -2.658945e-06    7.232111e-07    1.726133e-06
-1.17153e-06    -3.800024e-06    -1.720767e-06    -3.301384e-07    2.530643e-06    -6.171091e-07    -3.098483e-06    -3.460204e-06    -4.305331e-07    4.0299e-06    7.633452e-07    -7.10658e-07    7.796795e-07    2.37803e-06    -2.116417e-06    4.319392e-06    1.277244e-08    -1.219178e-06    5.381882e-07    -1.707476e-06    4.947501e-06    -2.465439e-07    -5.752449e-06    -4.655544e-07    -3.274629e-07    -7.716763e-07    2.513131e-06    2.848274e-06    -7.483811e-07    -1.660343e-06
3.338938e-07    -3.301187e-07    -5.624096e-07    -5.158139e-07    1.14213e-06    7.043709e-07    -5.422456e-07    -9.225284e-07    -6.046801e-07    1.024261e-06    -1.107612e-07    4.976706e-07    1.090108e-06    2.304258e-07    -7.279035e-07    1.277244e-08    2.38837e-06    2.847747e-07    -9.559709e-07    -5.62208e-07    -2.419628e-07    -5.476917e-07    -9.054811e-07    -3.458308e-07    1.393713e-06    -3.910567e-07    4.164113e-07    4.199589e-07    -3.65384e-07    1.004689e-07
3.417209e-07    7.583509e-07    -3.241556e-07    2.701101e-07    7.904066e-08    -4.107446e-07    -4.37323e-07    -2.126033e-07    1.794428e-08    1.583585e-07    -1.818325e-07    1.0295e-06    4.596741e-07    -3.663565e-07    -6.764328e-07    -1.219178e-06    2.847747e-07    3.063218e-06    -2.932648e-08    -1.609615e-06    -8.128883e-08    -3.047167e-07    -1.441842e-06    1.545361e-07    9.614927e-07    -1.903771e-07    -3.528056e-07    4.212562e-07    3.468147e-07    -3.69429e-07
-4.120826e-07    -2.096045e-06    -2.295432e-06    -5.34005e-07    1.440604e-06    -5.807251e-07    -1.906873e-06    -1.493483e-06    4.219349e-07    1.485018e-06    1.163903e-06    -2.330534e-08    4.235054e-07    8.772204e-07    -1.606389e-06    5.381882e-07    -9.559709e-07    -2.932648e-08    2.887566e-06    -1.517343e-06    3.906166e-06    -1.027909e-06    -4.467315e-06    -3.638324e-07    8.688637e-07    4.231903e-08    1.678274e-06    1.166948e-06    -2.49164e-07    -1.241145e-06
6.844729e-07    2.980438e-06    2.45668e-06    4.463055e-07    -2.776903e-06    7.293445e-07    3.140574e-06    3.171215e-06    4.362247e-07    -3.738558e-06    -8.72944e-07    -4.246341e-07    -1.676006e-06    -1.589961e-06    2.81288e-06    -1.707476e-06    -5.62208e-07    -1.609615e-06    -1.517343e-06    4.102306e-06    -4.492829e-06    7.393123e-07    7.069686e-06    6.603826e-07    -1.926994e-06    5.896394e-07    -2.142022e-06    -2.518381e-06    4.078428e-07    1.608021e-06
-2.365922e-06    -1.321819e-05    -8.560905e-06    4.860507e-07    6.555053e-06    -2.359448e-06    -1.077798e-05    -9.523595e-06    1.010907e-06    8.226458e-06    5.23361e-06    -1.816816e-06    -1.079892e-06    6.349011e-06    -4.72792e-06    4.947501e-06    -2.419628e-07    -8.128883e-08    3.906166e-06    -4.492829e-06    2.099947e-05    -1.563036e-06    -1.996824e-05    -3.849787e-06    9.066406e-07    -1.915827e-06    8.169696e-06    8.585404e-06    -2.358294e-06    -5.962992e-06
-7.545027e-07    7.353663e-07    2.235162e-06    1.046219e-06    -1.2039e-06    3.202225e-08    6.319118e-07    5.632974e-07    -1.019941e-07    -5.709538e-07    -5.427893e-07    -9.326756e-07    -5.975031e-07    -2.659301e-07    1.219974e-06    -2.465439e-07    -5.476917e-07    -3.047167e-07    -1.027909e-06    7.393123e-07    -1.563036e-06    3.944773e-06    1.726005e-06    -1.224903e-06    -5.151496e-09    -1.757547e-07    -9.146213e-07    -2.567402e-07    -1.186071e-07    8.74739e-07
2.283358e-06    1.257793e-05    9.944288e-06    1.494387e-06    -9.450658e-06    3.122458e-06    1.085709e-05    1.038223e-05    2.893952e-07    -1.170009e-05    -4.425588e-06    -9.479916e-10    -2.853341e-06    -6.026785e-06    8.070492e-06    -5.752449e-06    -9.054811e-07    -1.441842e-06    -4.467315e-06    7.069686e-06    -1.996824e-05    1.726005e-06    2.530594e-05    3.793932e-06    -5.008966e-06    2.015129e-06    -8.544173e-06    -9.284498e-06    1.971477e-06    6.680036e-06
3.929348e-07    2.92528e-06    1.531903e-06    1.080863e-06    -2.109979e-06    3.485767e-07    2.117987e-06    1.613936e-06    5.23411e-07    -2.040811e-06    -1.419471e-06    9.847562e-08    -3.35429e-08    -7.015769e-07    8.997979e-07    -4.655544e-07    -3.458308e-07    1.545361e-07    -3.638324e-07    6.603826e-07    -3.849787e-06    -1.224903e-06    3.793932e-06    4.580484e-06    -2.293531e-06    4.56492e-07    -2.137908e-06    -1.509713e-06    7.178243e-07    7.863061e-07
4.141961e-07    -8.424878e-07    -1.876931e-06    -7.014752e-07    2.582265e-06    -7.881617e-08    -5.041071e-07    -6.430562e-07    6.624564e-07    2.263262e-06    1.710863e-06    1.062597e-06    1.663661e-06    -8.851137e-08    -2.420486e-06    -3.274629e-07    1.393713e-06    9.614927e-07    8.688637e-07    -1.926994e-06    9.066406e-07    -5.151496e-09    -5.008966e-06    -2.293531e-06    8.364997e-06    1.043598e-06    4.450642e-07    -8.968178e-07    6.710809e-07    -2.216547e-07
7.152247e-07    1.303454e-06    7.180243e-07    5.577396e-07    -1.441486e-06    -2.509259e-07    2.290543e-06    2.13301e-06    6.081536e-07    -1.641095e-06    3.989158e-07    2.669429e-07    -6.493725e-07    -1.496635e-06    6.390754e-07    -7.716763e-07    -3.910567e-07    -1.903771e-07    4.231903e-08    5.896394e-07    -1.915827e-06    -1.757547e-07    2.015129e-06    4.56492e-07    1.043598e-06    3.084688e-06    -1.453245e-06    -3.664578e-06    1.030621e-06    8.550283e-07
-1.9283e-06    -7.764446e-06    -5.16901e-06    -8.460656e-07    5.80838e-06    -6.318371e-07    -6.519169e-06    -5.740165e-06    -9.324207e-07    5.85802e-06    2.079932e-06    -4.908744e-07    1.28175e-06    2.830372e-06    -2.772524e-06    2.513131e-06    4.164113e-07    -3.528056e-07    1.678274e-06    -2.142022e-06    8.169696e-06    -9.146213e-07    -8.544173e-06    -2.137908e-06    4.450642e-07    -1.453245e-06    7.948872e-06    4.720644e-06    -3.334925e-06    -2.589876e-06
-1.951859e-06    -6.526686e-06    -4.051825e-06    -3.81067e-07    4.86589e-06    -8.469515e-07    -7.05797e-06    -6.339017e-06    -6.150598e-07    5.930426e-06    1.134973e-06    -8.196691e-07    8.500238e-07    3.86963e-06    -2.658945e-06    2.848274e-06    4.199589e-07    4.212562e-07    1.166948e-06    -2.518381e-06    8.585404e-06    -2.567402e-07    -9.284498e-06    -1.509713e-06    -8.968178e-07    -3.664578e-06    4.720644e-06    8.373818e-06    -1.932707e-06    -4.201023e-06
8.204876e-07    2.791012e-06    1.368695e-06    3.065494e-07    -1.836169e-06    -6.950976e-07    2.232758e-06    2.259169e-06    8.124836e-07    -1.63806e-06    -1.880515e-07    4.248384e-07    -8.688429e-07    -1.259048e-06    7.232111e-07    -7.483811e-07    -3.65384e-07    3.468147e-07    -2.49164e-07    4.078428e-07    -2.358294e-06    -1.186071e-07    1.971477e-06    7.178243e-07    6.710809e-07    1.030621e-06    -3.334925e-06    -1.932707e-06    3.151918e-06    -3.574882e-07
8.915271e-07    4.201955e-06    3.244698e-06    5.336786e-08    -3.087189e-06    1.667918e-06    3.912209e-06    3.253025e-06    -9.848778e-08    -3.799886e-06    -1.482194e-06    9.217587e-08    2.063513e-07    -1.623778e-06    1.726133e-06    -1.660343e-06    1.004689e-07    -3.69429e-07    -1.241145e-06    1.608021e-06    -5.962992e-06    8.74739e-07    6.680036e-06    7.863061e-07    -2.216547e-07    8.550283e-07    -2.589876e-06    -4.201023e-06    -3.574882e-07    4.389343e-06
