3.399707e-06    2.125229e-06    -5.915166e-07    -5.227191e-07    -1.309164e-06    -5.66873e-07    6.307223e-07    -2.525437e-07    -9.222435e-07    6.504231e-07    -1.17153e-06    3.338938e-07    3.417209e-07    -4.120826e-07    6.844729e-07    -1.530965e-06    3.385318e-06    2.132505e-06    -1.813284e-06    -1.192527e-06    -2.365922e-06    -7.545027e-07    2.283358e-06    3.929348e-07    4.141961e-07
2.125229e-06    1.348276e-05    6.354984e-06    -1.615957e-06    -6.311525e-06    -3.75545e-06    1.83129e-06    1.181387e-07    -4.8149e-06    3.207757e-06    -3.800024e-06    -3.301187e-07    7.583509e-07    -2.096045e-06    2.980438e-06    -8.754483e-06    1.548506e-05    9.698283e-06    -1.053455e-05    -2.782926e-06    -1.321819e-05    7.353663e-07    1.257793e-05    2.92528e-06    -8.424878e-07
-5.915166e-07    6.354984e-06    7.522459e-06    1.032646e-06    -5.41534e-06    -2.403235e-06    -2.895621e-07    -1.175616e-06    -2.344563e-06    3.229555e-06    -1.720767e-06    -5.624096e-07    -3.241556e-07    -2.295432e-06    2.45668e-06    -5.81874e-06    9.606011e-06    6.66631e-06    -6.198217e-06    -1.538025e-06    -8.560905e-06    2.235162e-06    9.944288e-06    1.531903e-06    -1.876931e-06
-5.227191e-07    -1.615957e-06    1.032646e-06    4.863043e-06    -2.402271e-06    7.461028e-07    -1.184449e-06    -2.742995e-06    4.023984e-07    1.859922e-06    -3.301384e-07    -5.158139e-07    2.701101e-07    -5.34005e-07    4.463055e-07    2.978215e-07    1.979933e-06    -6.745109e-08    -2.11509e-07    -3.009917e-07    4.860507e-07    1.046219e-06    1.494387e-06    1.080863e-06    -7.014752e-07
-1.309164e-06    -6.311525e-06    -5.41534e-06    -2.402271e-06    8.308284e-06    1.473375e-06    5.612305e-07    2.853903e-06    2.335052e-06    -3.879723e-06    2.530643e-06    1.14213e-06    7.904066e-08    1.440604e-06    -2.776903e-06    5.770924e-06    -1.170496e-05    -6.550012e-06    6.590582e-06    2.097012e-06    6.555053e-06    -1.2039e-06    -9.450658e-06    -2.109979e-06    2.582265e-06
-5.66873e-07    -3.75545e-06    -2.403235e-06    7.461028e-07    1.473375e-06    4.083067e-06    -7.209514e-07    -2.108591e-06    1.132269e-06    -8.348474e-07    7.633452e-07    -1.107612e-07    -1.818325e-07    1.163903e-06    -8.72944e-07    2.840175e-06    -3.597327e-06    -3.303034e-06    2.815874e-06    7.436144e-07    5.23361e-06    -5.427893e-07    -4.425588e-06    -1.419471e-06    1.710863e-06
6.307223e-07    1.83129e-06    -2.895621e-07    -1.184449e-06    5.612305e-07    -7.209514e-07    3.225865e-06    1.042384e-06    -2.33534e-06    -4.072581e-07    -7.10658e-07    4.976706e-07    1.0295e-06    -2.330534e-08    -4.246341e-07    -9.38493e-07    1.487121e-06    4.977301e-07    -1.097942e-06    -1.446921e-07    -1.816816e-06    -9.326756e-07    -9.479916e-10    9.847562e-08    1.062597e-06
-2.525437e-07    1.181387e-07    -1.175616e-06    -2.742995e-06    2.853903e-06    -2.108591e-06    1.042384e-06    5.821202e-06    -1.991838e-08    -3.365409e-06    7.796795e-07    1.090108e-06    4.596741e-07    4.235054e-07    -1.676006e-06    8.905141e-07    -3.199186e-06    -7.683166e-07    7.65041e-07    1.22051e-07    -1.079892e-06    -5.975031e-07    -2.853341e-06    -3.35429e-08    1.663661e-06
-9.222435e-07    -4.8149e-06    -2.344563e-06    4.023984e-07    2.335052e-06    1.132269e-06    -2.33534e-06    -1.991838e-08    5.180488e-06    -2.360911e-06    2.37803e-06    2.304258e-07    -3.663565e-07    8.772204e-07    -1.589961e-06    4.251251e-06    -7.016555e-06    -3.634311e-06    3.735659e-06    1.119161e-06    6.349011e-06    -2.659301e-07    -6.026785e-06    -7.015769e-07    -8.851137e-08
6.504231e-07    3.207757e-06    3.229555e-06    1.859922e-06    -3.879723e-06    -8.348474e-07    -4.072581e-07    -3.365409e-06    -2.360911e-06    5.410115e-06    -2.116417e-06    -7.279035e-07    -6.764328e-07    -1.606389e-06    2.81288e-06    -3.400489e-06    6.850523e-06    3.047364e-06    -3.095198e-06    -7.913964e-07    -4.72792e-06    1.219974e-06    8.070492e-06    8.997979e-07    -2.420486e-06
-1.17153e-06    -3.800024e-06    -1.720767e-06    -3.301384e-07    2.530643e-06    7.633452e-07    -7.10658e-07    7.796795e-07    2.37803e-06    -2.116417e-06    4.319392e-06    1.277244e-08    -1.219178e-06    5.381882e-07    -1.707476e-06    3.076752e-06    -6.768436e-06    -2.21684e-06    3.425013e-06    7.314684e-07    4.947501e-06    -2.465439e-07    -5.752449e-06    -4.655544e-07    -3.274629e-07
3.338938e-07    -3.301187e-07    -5.624096e-07    -5.158139e-07    1.14213e-06    -1.107612e-07    4.976706e-07    1.090108e-06    2.304258e-07    -7.279035e-07    1.277244e-08    2.38837e-06    2.847747e-07    -9.559709e-07    -5.62208e-07    8.104377e-07    -1.058528e-06    -9.927005e-07    3.560241e-07    2.633704e-07    -2.419628e-07    -5.476917e-07    -9.054811e-07    -3.458308e-07    1.393713e-06
3.417209e-07    7.583509e-07    -3.241556e-07    2.701101e-07    7.904066e-08    -1.818325e-07    1.0295e-06    4.596741e-07    -3.663565e-07    -6.764328e-07    -1.219178e-06    2.847747e-07    3.063218e-06    -2.932648e-08    -1.609615e-06    1.133766e-08    1.030262e-06    -5.550568e-07    -6.756873e-07    2.737306e-07    -8.128883e-08    -3.047167e-07    -1.441842e-06    1.545361e-07    9.614927e-07
-4.120826e-07    -2.096045e-06    -2.295432e-06    -5.34005e-07    1.440604e-06    1.163903e-06    -2.330534e-08    4.235054e-07    8.772204e-07    -1.606389e-06    5.381882e-07    -9.559709e-07    -2.932648e-08    2.887566e-06    -1.517343e-06    1.940952e-06    -3.208562e-06    -2.092698e-06    1.932221e-06    4.052546e-07    3.906166e-06    -1.027909e-06    -4.467315e-06    -3.638324e-07    8.688637e-07
6.844729e-07    2.980438e-06    2.45668e-06    4.463055e-07    -2.776903e-06    -8.72944e-07    -4.246341e-07    -1.676006e-06    -1.589961e-06    2.81288e-06    -1.707476e-06    -5.62208e-07    -1.609615e-06    -1.517343e-06    4.102306e-06    -2.974625e-06    5.11393e-06    3.125909e-06    -2.591248e-06    -9.958385e-07    -4.492829e-06    7.393123e-07    7.069686e-06    6.603826e-07    -1.926994e-06
-1.530965e-06    -8.754483e-06    -5.81874e-06    2.978215e-07    5.770924e-06    2.840175e-06    -9.38493e-07    8.905141e-07    4.251251e-06    -3.400489e-06    3.076752e-06    8.104377e-07    1.133766e-08    1.940952e-06    -2.974625e-06    9.058368e-06    -1.225435e-05    -8.840395e-06    7.09576e-06    2.036562e-06    1.016964e-05    -1.035406e-06    -1.091166e-05    -2.159901e-06    1.90309e-06
3.385318e-06    1.548506e-05    9.606011e-06    1.979933e-06    -1.170496e-05    -3.597327e-06    1.487121e-06    -3.199186e-06    -7.016555e-06    6.850523e-06    -6.768436e-06    -1.058528e-06    1.030262e-06    -3.208562e-06    5.11393e-06    -1.225435e-05    2.640138e-05    1.169717e-05    -1.438958e-05    -3.910931e-06    -1.718924e-05    1.796244e-06    1.936521e-05    3.621347e-06    -9.598965e-07
2.132505e-06    9.698283e-06    6.66631e-06    -6.745109e-08    -6.550012e-06    -3.303034e-06    4.977301e-07    -7.683166e-07    -3.634311e-06    3.047364e-06    -2.21684e-06    -9.927005e-07    -5.550568e-07    -2.092698e-06    3.125909e-06    -8.840395e-06    1.169717e-05    1.287541e-05    -8.982866e-06    -3.87357e-06    -1.090166e-05    1.064087e-06    1.080065e-05    2.970584e-06    -1.522177e-06
-1.813284e-06    -1.053455e-05    -6.198217e-06    -2.11509e-07    6.590582e-06    2.815874e-06    -1.097942e-06    7.65041e-07    3.735659e-06    -3.095198e-06    3.425013e-06    3.560241e-07    -6.756873e-07    1.932221e-06    -2.591248e-06    7.09576e-06    -1.438958e-05    -8.982866e-06    1.120152e-05    2.183827e-06    1.095273e-05    -1.009507e-06    -1.065903e-05    -2.858016e-06    4.984234e-08
-1.192527e-06    -2.782926e-06    -1.538025e-06    -3.009917e-07    2.097012e-06    7.436144e-07    -1.446921e-07    1.22051e-07    1.119161e-06    -7.913964e-07    7.314684e-07    2.633704e-07    2.737306e-07    4.052546e-07    -9.958385e-07    2.036562e-06    -3.910931e-06    -3.87357e-06    2.183827e-06    2.902669e-06    3.595137e-06    6.549884e-08    -3.50032e-06    -1.057015e-06    -1.947144e-07
-2.365922e-06    -1.321819e-05    -8.560905e-06    4.860507e-07    6.555053e-06    5.23361e-06    -1.816816e-06    -1.079892e-06    6.349011e-06    -4.72792e-06    4.947501e-06    -2.419628e-07    -8.128883e-08    3.906166e-06    -4.492829e-06    1.016964e-05    -1.718924e-05    -1.090166e-05    1.095273e-05    3.595137e-06    2.099947e-05    -1.563036e-06    -1.996824e-05    -3.849787e-06    9.066406e-07
-7.545027e-07    7.353663e-07    2.235162e-06    1.046219e-06    -1.2039e-06    -5.427893e-07    -9.326756e-07    -5.975031e-07    -2.659301e-07    1.219974e-06    -2.465439e-07    -5.476917e-07    -3.047167e-07    -1.027909e-06    7.393123e-07    -1.035406e-06    1.796244e-06    1.064087e-06    -1.009507e-06    6.549884e-08    -1.563036e-06    3.944773e-06    1.726005e-06    -1.224903e-06    -5.151496e-09
2.283358e-06    1.257793e-05    9.944288e-06    1.494387e-06    -9.450658e-06    -4.425588e-06    -9.479916e-10    -2.853341e-06    -6.026785e-06    8.070492e-06    -5.752449e-06    -9.054811e-07    -1.441842e-06    -4.467315e-06    7.069686e-06    -1.091166e-05    1.936521e-05    1.080065e-05    -1.065903e-05    -3.50032e-06    -1.996824e-05    1.726005e-06    2.530594e-05    3.793932e-06    -5.008966e-06
3.929348e-07    2.92528e-06    1.531903e-06    1.080863e-06    -2.109979e-06    -1.419471e-06    9.847562e-08    -3.35429e-08    -7.015769e-07    8.997979e-07    -4.655544e-07    -3.458308e-07    1.545361e-07    -3.638324e-07    6.603826e-07    -2.159901e-06    3.621347e-06    2.970584e-06    -2.858016e-06    -1.057015e-06    -3.849787e-06    -1.224903e-06    3.793932e-06    4.580484e-06    -2.293531e-06
4.141961e-07    -8.424878e-07    -1.876931e-06    -7.014752e-07    2.582265e-06    1.710863e-06    1.062597e-06    1.663661e-06    -8.851137e-08    -2.420486e-06    -3.274629e-07    1.393713e-06    9.614927e-07    8.688637e-07    -1.926994e-06    1.90309e-06    -9.598965e-07    -1.522177e-06    4.984234e-08    -1.947144e-07    9.066406e-07    -5.151496e-09    -5.008966e-06    -2.293531e-06    8.364997e-06
