4.319392e-06    1.277244e-08    -1.219178e-06    5.381882e-07    -1.707476e-06    4.631233e-07    -4.23906e-06    -2.468066e-06    1.166282e-06    2.410477e-06
1.277244e-08    2.38837e-06    2.847747e-07    -9.559709e-07    -5.62208e-07    -5.286679e-07    2.348829e-07    9.37548e-07    -9.769564e-08    -4.179415e-07
-1.219178e-06    2.847747e-07    3.063218e-06    -2.932648e-08    -1.609615e-06    8.490878e-08    5.999225e-07    1.10753e-07    1.31579e-07    -5.151936e-07
5.381882e-07    -9.559709e-07    -2.932648e-08    2.887566e-06    -1.517343e-06    3.697166e-07    -1.979354e-06    -1.647355e-06    3.24062e-07    1.424494e-06
-1.707476e-06    -5.62208e-07    -1.609615e-06    -1.517343e-06    4.102306e-06    -2.738985e-07    2.90256e-06    1.788491e-06    -7.12578e-07    -1.647199e-06
4.631233e-07    -5.286679e-07    8.490878e-08    3.697166e-07    -2.738985e-07    3.542222e-06    -1.019945e-06    -3.484572e-06    4.533619e-07    8.609967e-07
-4.23906e-06    2.348829e-07    5.999225e-07    -1.979354e-06    2.90256e-06    -1.019945e-06    1.376126e-05    7.27163e-06    -5.312984e-06    -6.64568e-06
-2.468066e-06    9.37548e-07    1.10753e-07    -1.647355e-06    1.788491e-06    -3.484572e-06    7.27163e-06    9.840838e-06    -2.098703e-06    -6.409223e-06
1.166282e-06    -9.769564e-08    1.31579e-07    3.24062e-07    -7.12578e-07    4.533619e-07    -5.312984e-06    -2.098703e-06    4.494634e-06    9.966772e-07
2.410477e-06    -4.179415e-07    -5.151936e-07    1.424494e-06    -1.647199e-06    8.609967e-07    -6.64568e-06    -6.409223e-06    9.966772e-07    6.422314e-06
