4.319392e-06    1.277244e-08    -1.219178e-06    5.381882e-07    -1.707476e-06    4.947501e-06    -2.465439e-07    -5.752449e-06    -4.655544e-07    -3.274629e-07
1.277244e-08    2.38837e-06    2.847747e-07    -9.559709e-07    -5.62208e-07    -2.419628e-07    -5.476917e-07    -9.054811e-07    -3.458308e-07    1.393713e-06
-1.219178e-06    2.847747e-07    3.063218e-06    -2.932648e-08    -1.609615e-06    -8.128883e-08    -3.047167e-07    -1.441842e-06    1.545361e-07    9.614927e-07
5.381882e-07    -9.559709e-07    -2.932648e-08    2.887566e-06    -1.517343e-06    3.906166e-06    -1.027909e-06    -4.467315e-06    -3.638324e-07    8.688637e-07
-1.707476e-06    -5.62208e-07    -1.609615e-06    -1.517343e-06    4.102306e-06    -4.492829e-06    7.393123e-07    7.069686e-06    6.603826e-07    -1.926994e-06
4.947501e-06    -2.419628e-07    -8.128883e-08    3.906166e-06    -4.492829e-06    2.099947e-05    -1.563036e-06    -1.996824e-05    -3.849787e-06    9.066406e-07
-2.465439e-07    -5.476917e-07    -3.047167e-07    -1.027909e-06    7.393123e-07    -1.563036e-06    3.944773e-06    1.726005e-06    -1.224903e-06    -5.151496e-09
-5.752449e-06    -9.054811e-07    -1.441842e-06    -4.467315e-06    7.069686e-06    -1.996824e-05    1.726005e-06    2.530594e-05    3.793932e-06    -5.008966e-06
-4.655544e-07    -3.458308e-07    1.545361e-07    -3.638324e-07    6.603826e-07    -3.849787e-06    -1.224903e-06    3.793932e-06    4.580484e-06    -2.293531e-06
-3.274629e-07    1.393713e-06    9.614927e-07    8.688637e-07    -1.926994e-06    9.066406e-07    -5.151496e-09    -5.008966e-06    -2.293531e-06    8.364997e-06
