4.44728e-06    5.482973e-07    -1.398058e-06    -5.09664e-07    -1.443838e-06    -6.171091e-07    7.043709e-07    -4.107446e-07    -5.807251e-07    7.293445e-07
5.482973e-07    1.040182e-05    7.303586e-06    -1.183592e-06    -6.301785e-06    -3.098483e-06    -5.422456e-07    -4.37323e-07    -1.906873e-06    3.140574e-06
-1.398058e-06    7.303586e-06    9.032977e-06    5.19103e-07    -6.890776e-06    -3.460204e-06    -9.225284e-07    -2.126033e-07    -1.493483e-06    3.171215e-06
-5.09664e-07    -1.183592e-06    5.19103e-07    3.706006e-06    -1.868423e-06    -4.305331e-07    -6.046801e-07    1.794428e-08    4.219349e-07    4.362247e-07
-1.443838e-06    -6.301785e-06    -6.890776e-06    -1.868423e-06    1.07462e-05    4.0299e-06    1.024261e-06    1.583585e-07    1.485018e-06    -3.738558e-06
-6.171091e-07    -3.098483e-06    -3.460204e-06    -4.305331e-07    4.0299e-06    4.319392e-06    1.277244e-08    -1.219178e-06    5.381882e-07    -1.707476e-06
7.043709e-07    -5.422456e-07    -9.225284e-07    -6.046801e-07    1.024261e-06    1.277244e-08    2.38837e-06    2.847747e-07    -9.559709e-07    -5.62208e-07
-4.107446e-07    -4.37323e-07    -2.126033e-07    1.794428e-08    1.583585e-07    -1.219178e-06    2.847747e-07    3.063218e-06    -2.932648e-08    -1.609615e-06
-5.807251e-07    -1.906873e-06    -1.493483e-06    4.219349e-07    1.485018e-06    5.381882e-07    -9.559709e-07    -2.932648e-08    2.887566e-06    -1.517343e-06
7.293445e-07    3.140574e-06    3.171215e-06    4.362247e-07    -3.738558e-06    -1.707476e-06    -5.62208e-07    -1.609615e-06    -1.517343e-06    4.102306e-06
