4.319392e-06    1.277244e-08    -1.219178e-06    5.381882e-07    -1.707476e-06    -8.371806e-07    -3.639831e-06    -3.056977e-06    -1.955482e-07    5.075539e-06
1.277244e-08    2.38837e-06    2.847747e-07    -9.559709e-07    -5.62208e-07    -5.763988e-08    -8.639426e-07    -4.943854e-07    7.971256e-08    2.599163e-07
-1.219178e-06    2.847747e-07    3.063218e-06    -2.932648e-08    -1.609615e-06    -2.353773e-07    -3.066802e-07    -2.231878e-07    -3.420995e-07    -1.936292e-07
5.381882e-07    -9.559709e-07    -2.932648e-08    2.887566e-06    -1.517343e-06    -6.807139e-07    -1.826006e-06    -1.413472e-06    1.924341e-07    2.070878e-06
-1.707476e-06    -5.62208e-07    -1.609615e-06    -1.517343e-06    4.102306e-06    1.106149e-06    3.507532e-06    2.642206e-06    4.510736e-07    -3.871457e-06
-8.371806e-07    -5.763988e-08    -2.353773e-07    -6.807139e-07    1.106149e-06    3.502338e-06    1.690176e-06    -2.952455e-07    6.864354e-07    -3.169499e-06
-3.639831e-06    -8.639426e-07    -3.066802e-07    -1.826006e-06    3.507532e-06    1.690176e-06    1.046231e-05    7.095796e-06    -1.626257e-06    -9.350905e-06
-3.056977e-06    -4.943854e-07    -2.231878e-07    -1.413472e-06    2.642206e-06    -2.952455e-07    7.095796e-06    8.35616e-06    -1.019709e-06    -8.068913e-06
-1.955482e-07    7.971256e-08    -3.420995e-07    1.924341e-07    4.510736e-07    6.864354e-07    -1.626257e-06    -1.019709e-06    3.021005e-06    -1.03191e-06
5.075539e-06    2.599163e-07    -1.936292e-07    2.070878e-06    -3.871457e-06    -3.169499e-06    -9.350905e-06    -8.068913e-06    -1.03191e-06    1.406656e-05
