4.083067e-06    -7.209514e-07    -2.108591e-06    1.132269e-06    -8.348474e-07    7.633452e-07    -1.107612e-07    -1.818325e-07    1.163903e-06    -8.72944e-07    -3.564216e-07    2.540059e-06    2.820235e-06    -7.037958e-07    -1.702344e-06
-7.209514e-07    3.225865e-06    1.042384e-06    -2.33534e-06    -4.072581e-07    -7.10658e-07    4.976706e-07    1.0295e-06    -2.330534e-08    -4.246341e-07    4.661831e-08    7.182514e-07    -6.154338e-07    -5.229507e-07    -1.901894e-08
-2.108591e-06    1.042384e-06    5.821202e-06    -1.991838e-08    -3.365409e-06    7.796795e-07    1.090108e-06    4.596741e-07    4.235054e-07    -1.676006e-06    -7.680823e-07    3.837696e-06    9.556376e-07    -2.335915e-06    -3.122407e-07
1.132269e-06    -2.33534e-06    -1.991838e-08    5.180488e-06    -2.360911e-06    2.37803e-06    2.304258e-07    -3.663565e-07    8.772204e-07    -1.589961e-06    -9.549517e-07    2.070941e-06    3.965316e-06    1.771012e-07    -2.407617e-06
-8.348474e-07    -4.072581e-07    -3.365409e-06    -2.360911e-06    5.410115e-06    -2.116417e-06    -7.279035e-07    -6.764328e-07    -1.606389e-06    2.81288e-06    7.344501e-07    -4.817995e-06    -3.756892e-06    1.71584e-06    2.587553e-06
7.633452e-07    -7.10658e-07    7.796795e-07    2.37803e-06    -2.116417e-06    4.319392e-06    1.277244e-08    -1.219178e-06    5.381882e-07    -1.707476e-06    7.958458e-09    3.036326e-06    3.015643e-06    -3.903588e-07    -2.328859e-06
-1.107612e-07    4.976706e-07    1.090108e-06    2.304258e-07    -7.279035e-07    1.277244e-08    2.38837e-06    2.847747e-07    -9.559709e-07    -5.62208e-07    -4.367242e-07    1.085341e-06    3.671215e-07    -5.894411e-07    -7.252404e-08
-1.818325e-07    1.0295e-06    4.596741e-07    -3.663565e-07    -6.764328e-07    -1.219178e-06    2.847747e-07    3.063218e-06    -2.932648e-08    -1.609615e-06    -4.221519e-08    -6.654046e-07    2.254117e-07    2.954709e-07    -2.236714e-07
1.163903e-06    -2.330534e-08    4.235054e-07    8.772204e-07    -1.606389e-06    5.381882e-07    -9.559709e-07    -2.932648e-08    2.887566e-06    -1.517343e-06    -6.469841e-07    2.439641e-06    2.79909e-06    -6.571514e-07    -1.963134e-06
-8.72944e-07    -4.246341e-07    -1.676006e-06    -1.589961e-06    2.81288e-06    -1.707476e-06    -5.62208e-07    -1.609615e-06    -1.517343e-06    4.102306e-06    4.260203e-07    -3.199076e-06    -3.406608e-06    9.901135e-07    2.37631e-06
-3.564216e-07    4.661831e-08    -7.680823e-07    -9.549517e-07    7.344501e-07    7.958458e-09    -4.367242e-07    -4.221519e-08    -6.469841e-07    4.260203e-07    3.535645e-06    -2.593624e-06    -4.360092e-06    1.270009e-06    1.338564e-06
2.540059e-06    7.182514e-07    3.837696e-06    2.070941e-06    -4.817995e-06    3.036326e-06    1.085341e-06    -6.654046e-07    2.439641e-06    -3.199076e-06    -2.593624e-06    1.607521e-05    8.217366e-06    -7.258583e-06    -4.920429e-06
2.820235e-06    -6.154338e-07    9.556376e-07    3.965316e-06    -3.756892e-06    3.015643e-06    3.671215e-07    2.254117e-07    2.79909e-06    -3.406608e-06    -4.360092e-06    8.217366e-06    1.316667e-05    -1.923214e-06    -7.950075e-06
-7.037958e-07    -5.229507e-07    -2.335915e-06    1.771012e-07    1.71584e-06    -3.903588e-07    -5.894411e-07    2.954709e-07    -6.571514e-07    9.901135e-07    1.270009e-06    -7.258583e-06    -1.923214e-06    5.376072e-06    -2.548979e-07
-1.702344e-06    -1.901894e-08    -3.122407e-07    -2.407617e-06    2.587553e-06    -2.328859e-06    -7.252404e-08    -2.236714e-07    -1.963134e-06    2.37631e-06    1.338564e-06    -4.920429e-06    -7.950075e-06    -2.548979e-07    7.218052e-06
