1    0.1513493    -0.04186283    0.1138702    -0.4404941    -0.1206956    -0.4966137    -0.4147527    -0.005682062    0.3687367    0.1197952    0.1596809    0.1185982    -0.02556672    -0.3794585
0.1513493    1    0.3110405    -0.5531649    -0.1947917    -0.2498947    -0.4486158    -0.2766947    -0.08340924    0.3575694    0.05881476    0.1592393    -0.02895028    -0.08273838    -0.07656336
-0.04186283    0.3110405    1    0.02341418    -0.5469089    -0.1476021    -0.3624062    -0.2308682    0.1167298    0.1749629    0.07803724    0.09626311    0.02333699    -0.03461711    -0.1103118
0.1138702    -0.5531649    0.02341418    1    -0.1764102    0.1257045    0.07018602    0.09599848    0.1691704    -0.187886    -0.01225352    -0.1091763    0.06246589    0.1051868    0.009450483
-0.4404941    -0.1947917    -0.5469089    -0.1764102    1    0.1984899    0.6391685    0.4818819    -0.1449595    -0.414675    -0.1576137    -0.1229531    -0.06607407    -0.01643597    0.429984
-0.1206956    -0.2498947    -0.1476021    0.1257045    0.1984899    1    0.1894219    -0.3429943    -0.1385012    -0.1661251    -0.07550606    -0.06793548    -0.05086967    0.03181393    0.1596234
-0.4966137    -0.4486158    -0.3624062    0.07018602    0.6391685    0.1894219    1    0.5062199    -0.2663477    -0.4823125    -0.1773428    -0.2404337    -0.1044008    0.0642401    0.4778474
-0.4147527    -0.2766947    -0.2308682    0.09599848    0.4818819    -0.3429943    0.5062199    1    0.1364205    -0.601621    -0.08246819    -0.190528    -0.05248376    0.06401324    0.3299515
-0.005682062    -0.08340924    0.1167298    0.1691704    -0.1449595    -0.1385012    -0.2663477    0.1364205    1    -0.3475727    0.01448631    -0.02460612    0.1422474    0.0505474    -0.1422176
0.3687367    0.3575694    0.1749629    -0.187886    -0.414675    -0.1661251    -0.4823125    -0.601621    -0.3475727    1    0.1343924    0.2232489    0.008066966    -0.1102357    -0.2588225
0.1197952    0.05881476    0.07803724    -0.01225352    -0.1576137    -0.07550606    -0.1773428    -0.08246819    0.01448631    0.1343924    1    0.1953323    -0.695648    -0.2326318    -0.02677642
0.1596809    0.1592393    0.09626311    -0.1091763    -0.1229531    -0.06793548    -0.2404337    -0.190528    -0.02460612    0.2232489    0.1953323    1    0.1100815    -0.7822726    -0.02175584
0.1185982    -0.02895028    0.02333699    0.06246589    -0.06607407    -0.05086967    -0.1044008    -0.05248376    0.1422474    0.008066966    -0.695648    0.1100815    1    0.1165681    -0.4982167
-0.02556672    -0.08273838    -0.03461711    0.1051868    -0.01643597    0.03181393    0.0642401    0.06401324    0.0505474    -0.1102357    -0.2326318    -0.7822726    0.1165681    1    -0.3246457
-0.3794585    -0.07656336    -0.1103118    0.009450483    0.429984    0.1596234    0.4778474    0.3299515    -0.1422176    -0.2588225    -0.02677642    -0.02175584    -0.4982167    -0.3246457    1
