1    0.1513493    -0.04186283    0.1138702    -0.4404941    0.4543965    0.3748153    0.1802457    -0.1506153    -0.4019955    -0.1206956    -0.4966137    -0.4147527    -0.005682062    0.3687367    -0.06142274    0.06714777    0.2065238    0.06769332    -0.2715832
0.1513493    1    0.3110405    -0.5531649    -0.1947917    0.3638988    0.4235353    0.1832111    -0.2134165    -0.2748737    -0.2498947    -0.4486158    -0.2766947    -0.08340924    0.3575694    0.02988319    0.242001    0.09190957    -0.1743119    -0.1259189
-0.04186283    0.3110405    1    0.02341418    -0.5469089    0.1384761    0.2911893    0.205192    -0.1291521    -0.1287854    -0.1476021    -0.3624062    -0.2308682    0.1167298    0.1749629    0.2112114    0.2805583    -0.07470193    -0.2228589    -0.01124723
0.1138702    -0.5531649    0.02341418    1    -0.1764102    -0.1255568    -0.06027282    0.06962043    0.1436783    0.1229412    0.1257045    0.07018602    0.09599848    0.1691704    -0.187886    0.0679325    -0.09268796    -0.117575    0.0775589    0.04767074
-0.4404941    -0.1947917    -0.5469089    -0.1764102    1    -0.3899508    -0.3869513    -0.1950459    0.3191444    0.5541368    0.1984899    0.6391685    0.4818819    -0.1449595    -0.414675    -0.05677882    -0.2242066    -0.1164733    0.02787101    0.2073894
0.4543965    0.3638988    0.1384761    -0.1255568    -0.3899508    1    0.3622799    -0.1455975    -0.1322459    -0.4410096    -0.1829526    -0.5000453    -0.3974069    -0.1177079    0.4412974    -0.1489317    0.07399115    0.2161264    0.06173872    -0.2792589
0.3748153    0.4235353    0.2911893    -0.06027282    -0.3869513    0.3622799    1    0.2804532    -0.6129492    -0.3164429    -0.2681628    -0.522949    -0.2604739    0.03643385    0.3526975    -6.395889e-05    0.06486552    0.06385318    0.02769138    -0.1903091
0.1802457    0.1832111    0.205192    0.06962043    -0.1950459    -0.1455975    0.2804532    1    0.04304514    -0.4762449    -0.1833854    -0.2046786    -0.02568814    0.1486959    0.09700775    0.1662646    -0.02555076    -0.1082819    0.01579184    -0.0441665
-0.1506153    -0.2134165    -0.1291521    0.1436783    0.3191444    -0.1322459    -0.6129492    0.04304514    1    0.00847779    0.1301897    0.3526631    0.2427937    0.01482905    -0.264674    0.05084029    -0.0936073    -0.1014149    0.0003149875    0.08758671
-0.4019955    -0.2748737    -0.1287854    0.1229412    0.5541368    -0.4410096    -0.3164429    -0.4762449    0.00847779    1    0.2705142    0.5174912    0.3438892    -0.1203562    -0.3923266    0.01133314    -0.02926548    -0.08945807    -0.1393913    0.2769926
-0.1206956    -0.2498947    -0.1476021    0.1257045    0.1984899    -0.1829526    -0.2681628    -0.1833854    0.1301897    0.2705142    1    0.1894219    -0.3429943    -0.1385012    -0.1661251    -0.03378291    0.05037955    0.001172432    -0.1260354    0.1525092
-0.4966137    -0.4486158    -0.3624062    0.07018602    0.6391685    -0.5000453    -0.522949    -0.2046786    0.3526631    0.5174912    0.1894219    1    0.5062199    -0.2663477    -0.4823125    -0.05488547    -0.2242961    -0.08264752    0.01233814    0.2695661
-0.4147527    -0.2766947    -0.2308682    0.09599848    0.4818819    -0.3974069    -0.2604739    -0.02568814    0.2427937    0.3438892    -0.3429943    0.5062199    1    0.1364205    -0.601621    0.04378617    -0.2847014    -0.2355852    0.09471859    0.2293105
-0.005682062    -0.08340924    0.1167298    0.1691704    -0.1449595    -0.1177079    0.03643385    0.1486959    0.01482905    -0.1203562    -0.1385012    -0.2663477    0.1364205    1    -0.3475727    0.1785474    -0.0831544    -0.2588295    0.07437289    0.04798442
0.3687367    0.3575694    0.1749629    -0.187886    -0.414675    0.4412974    0.3526975    0.09700775    -0.264674    -0.3923266    -0.1661251    -0.4823125    -0.601621    -0.3475727    1    -0.07009754    0.1448448    0.2367656    0.04306927    -0.3025751
-0.06142274    0.02988319    0.2112114    0.0679325    -0.05677882    -0.1489317    -6.395889e-05    0.1662646    0.05084029    0.01133314    -0.03378291    -0.05488547    0.04378617    0.1785474    -0.07009754    1    0.2671    -0.8075088    -0.3127521    0.2726119
0.06714777    0.242001    0.2805583    -0.09268796    -0.2242066    0.07399115    0.06486552    -0.02555076    -0.0936073    -0.02926548    0.05037955    -0.2242961    -0.2847014    -0.0831544    0.1448448    0.2671    1    0.05249734    -0.7928898    0.1062123
0.2065238    0.09190957    -0.07470193    -0.117575    -0.1164733    0.2161264    0.06385318    -0.1082819    -0.1014149    -0.08945807    0.001172432    -0.08264752    -0.2355852    -0.2588295    0.2367656    -0.8075088    0.05249734    1    0.1878545    -0.5510975
0.06769332    -0.1743119    -0.2228589    0.0775589    0.02787101    0.06173872    0.02769138    0.01579184    0.0003149875    -0.1393913    -0.1260354    0.01233814    0.09471859    0.07437289    0.04306927    -0.3127521    -0.7928898    0.1878545    1    -0.5218773
-0.2715832    -0.1259189    -0.01124723    0.04767074    0.2073894    -0.2792589    -0.1903091    -0.0441665    0.08758671    0.2769926    0.1525092    0.2695661    0.2293105    0.04798442    -0.3025751    0.2726119    0.1062123    -0.5510975    -0.5218773    1
