1    0.1513493    -0.04186283    0.1138702    -0.4404941    -0.2271975    -0.4210651    -0.3311294    -0.01962216    0.4055716
0.1513493    1    0.3110405    -0.5531649    -0.1947917    -0.02208292    -0.3864732    -0.2802634    -0.04954355    0.2403708
-0.04186283    0.3110405    1    0.02341418    -0.5469089    -0.1126538    -0.1833727    -0.06935077    0.001837301    0.05765265
0.1138702    -0.5531649    0.02341418    1    -0.1764102    -0.08135573    0.1738624    0.1622363    0.05249483    -0.1047135
-0.4404941    -0.1947917    -0.5469089    -0.1764102    1    0.1953315    0.4391677    0.3630373    -0.02913698    -0.372879
-0.2271975    -0.02208292    -0.1126538    -0.08135573    0.1953315    1    0.05957203    -0.4007196    -0.1074709    -0.1343564
-0.4210651    -0.3864732    -0.1833727    0.1738624    0.4391677    0.05957203    1    0.563625    -0.2870436    -0.4798465
-0.3311294    -0.2802634    -0.06935077    0.1622363    0.3630373    -0.4007196    0.563625    1    0.1053805    -0.6316245
-0.01962216    -0.04954355    0.001837301    0.05249483    -0.02913698    -0.1074709    -0.2870436    0.1053805    1    -0.2962808
0.4055716    0.2403708    0.05765265    -0.1047135    -0.372879    -0.1343564    -0.4798465    -0.6316245    -0.2962808    1
