1    0.1513493    -0.04186283    0.1138702    -0.4404941    -0.1206956    -0.4966137    -0.4147527    -0.005682062    0.3687367    0.08574205    -0.2308902    -0.2471149    -0.01569425    0.2104528
0.1513493    1    0.3110405    -0.5531649    -0.1947917    -0.2498947    -0.4486158    -0.2766947    -0.08340924    0.3575694    -0.02231803    0.05890786    -0.04999503    -0.147254    0.001258584
-0.04186283    0.3110405    1    0.02341418    -0.5469089    -0.1476021    -0.3624062    -0.2308682    0.1167298    0.1749629    -0.1132208    0.005763795    0.02327553    -0.0653014    0.04842387
0.1138702    -0.5531649    0.02341418    1    -0.1764102    0.1257045    0.07018602    0.09599848    0.1691704    -0.187886    0.05036288    -0.1008303    0.03448778    0.111834    -0.07296873
-0.4404941    -0.1947917    -0.5469089    -0.1764102    1    0.1984899    0.6391685    0.4818819    -0.1449595    -0.414675    0.02696653    0.2255082    0.1994215    0.005863453    -0.3245583
-0.1206956    -0.2498947    -0.1476021    0.1257045    0.1984899    1    0.1894219    -0.3429943    -0.1385012    -0.1661251    0.01017226    0.06727004    0.04579803    0.02656557    -0.04095551
-0.4966137    -0.4486158    -0.3624062    0.07018602    0.6391685    0.1894219    1    0.5062199    -0.2663477    -0.4823125    0.005548147    0.1413368    0.24148    0.0909361    -0.2812886
-0.4147527    -0.2766947    -0.2308682    0.09599848    0.4818819    -0.3429943    0.5062199    1    0.1364205    -0.601621    0.0003890394    0.1083976    0.2183616    0.09552866    -0.2165226
-0.005682062    -0.08340924    0.1167298    0.1691704    -0.1449595    -0.1385012    -0.2663477    0.1364205    1    -0.3475727    -0.06932964    -0.06228398    0.02872019    0.06846186    0.05475639
0.3687367    0.3575694    0.1749629    -0.187886    -0.414675    -0.1661251    -0.4823125    -0.601621    -0.3475727    1    -0.0003292109    -0.07071092    -0.1610868    -0.1168039    0.1211641
0.08574205    -0.02231803    -0.1132208    0.05036288    0.02696653    0.01017226    0.005548147    0.0003890394    -0.06932964    -0.0003292109    1    0.07115773    -0.753966    -0.2154147    0.2245231
-0.2308902    0.05890786    0.005763795    -0.1008303    0.2255082    0.06727004    0.1413368    0.1083976    -0.06228398    -0.07071092    0.07115773    1    0.1314665    -0.7719863    -0.03932459
-0.2471149    -0.04999503    0.02327553    0.03448778    0.1994215    0.04579803    0.24148    0.2183616    0.02872019    -0.1610868    -0.753966    0.1314665    1    0.1821551    -0.6517384
-0.01569425    -0.147254    -0.0653014    0.111834    0.005863453    0.02656557    0.0909361    0.09552866    0.06846186    -0.1168039    -0.2154147    -0.7719863    0.1821551    1    -0.3665983
0.2104528    0.001258584    0.04842387    -0.07296873    -0.3245583    -0.04095551    -0.2812886    -0.2165226    0.05475639    0.1211641    0.2245231    -0.03932459    -0.6517384    -0.3665983    1
