1    0.1513493    -0.04186283    0.1138702    -0.4404941    -0.1206956    -0.4966137    -0.4147527    -0.005682062    0.3687367    -0.2271975    -0.4210651    -0.3311294    -0.01962216    0.4055716
0.1513493    1    0.3110405    -0.5531649    -0.1947917    -0.2498947    -0.4486158    -0.2766947    -0.08340924    0.3575694    -0.02208292    -0.3864732    -0.2802634    -0.04954355    0.2403708
-0.04186283    0.3110405    1    0.02341418    -0.5469089    -0.1476021    -0.3624062    -0.2308682    0.1167298    0.1749629    -0.1126538    -0.1833727    -0.06935077    0.001837301    0.05765265
0.1138702    -0.5531649    0.02341418    1    -0.1764102    0.1257045    0.07018602    0.09599848    0.1691704    -0.187886    -0.08135573    0.1738624    0.1622363    0.05249483    -0.1047135
-0.4404941    -0.1947917    -0.5469089    -0.1764102    1    0.1984899    0.6391685    0.4818819    -0.1449595    -0.414675    0.1953315    0.4391677    0.3630373    -0.02913698    -0.372879
-0.1206956    -0.2498947    -0.1476021    0.1257045    0.1984899    1    0.1894219    -0.3429943    -0.1385012    -0.1661251    0.07574266    0.2535602    0.1940079    0.01098068    -0.1823848
-0.4966137    -0.4486158    -0.3624062    0.07018602    0.6391685    0.1894219    1    0.5062199    -0.2663477    -0.4823125    0.107676    0.6054965    0.5351674    0.04127071    -0.5253243
-0.4147527    -0.2766947    -0.2308682    0.09599848    0.4818819    -0.3429943    0.5062199    1    0.1364205    -0.601621    0.1037938    0.4666059    0.4122123    0.03780635    -0.4433051
-0.005682062    -0.08340924    0.1167298    0.1691704    -0.1449595    -0.1385012    -0.2663477    0.1364205    1    -0.3475727    -0.01748058    -0.02288628    0.02840419    0.1952098    -0.1554617
0.3687367    0.3575694    0.1749629    -0.187886    -0.414675    -0.1661251    -0.4823125    -0.601621    -0.3475727    1    -0.08442254    -0.5009012    -0.4924647    -0.1741116    0.6376767
-0.2271975    -0.02208292    -0.1126538    -0.08135573    0.1953315    0.07574266    0.107676    0.1037938    -0.01748058    -0.08442254    1    0.05957203    -0.4007196    -0.1074709    -0.1343564
-0.4210651    -0.3864732    -0.1833727    0.1738624    0.4391677    0.2535602    0.6054965    0.4666059    -0.02288628    -0.5009012    0.05957203    1    0.563625    -0.2870436    -0.4798465
-0.3311294    -0.2802634    -0.06935077    0.1622363    0.3630373    0.1940079    0.5351674    0.4122123    0.02840419    -0.4924647    -0.4007196    0.563625    1    0.1053805    -0.6316245
-0.01962216    -0.04954355    0.001837301    0.05249483    -0.02913698    0.01098068    0.04127071    0.03780635    0.1952098    -0.1741116    -0.1074709    -0.2870436    0.1053805    1    -0.2962808
0.4055716    0.2403708    0.05765265    -0.1047135    -0.372879    -0.1823848    -0.5253243    -0.4433051    -0.1554617    0.6376767    -0.1343564    -0.4798465    -0.6316245    -0.2962808    1
