1    0.1513493    -0.04186283    0.1138702    -0.4404941    0.4543965    0.3748153    0.1802457    -0.1506153    -0.4019955    -0.1206956    -0.4966137    -0.4147527    -0.005682062    0.3687367    0.1197952    0.1596809    0.1185982    -0.02556672    -0.3794585
0.1513493    1    0.3110405    -0.5531649    -0.1947917    0.3638988    0.4235353    0.1832111    -0.2134165    -0.2748737    -0.2498947    -0.4486158    -0.2766947    -0.08340924    0.3575694    0.05881476    0.1592393    -0.02895028    -0.08273838    -0.07656336
-0.04186283    0.3110405    1    0.02341418    -0.5469089    0.1384761    0.2911893    0.205192    -0.1291521    -0.1287854    -0.1476021    -0.3624062    -0.2308682    0.1167298    0.1749629    0.07803724    0.09626311    0.02333699    -0.03461711    -0.1103118
0.1138702    -0.5531649    0.02341418    1    -0.1764102    -0.1255568    -0.06027282    0.06962043    0.1436783    0.1229412    0.1257045    0.07018602    0.09599848    0.1691704    -0.187886    -0.01225352    -0.1091763    0.06246589    0.1051868    0.009450483
-0.4404941    -0.1947917    -0.5469089    -0.1764102    1    -0.3899508    -0.3869513    -0.1950459    0.3191444    0.5541368    0.1984899    0.6391685    0.4818819    -0.1449595    -0.414675    -0.1576137    -0.1229531    -0.06607407    -0.01643597    0.429984
0.4543965    0.3638988    0.1384761    -0.1255568    -0.3899508    1    0.3622799    -0.1455975    -0.1322459    -0.4410096    -0.1829526    -0.5000453    -0.3974069    -0.1177079    0.4412974    0.146133    0.2058913    0.02922929    -0.07186293    -0.3370664
0.3748153    0.4235353    0.2911893    -0.06027282    -0.3869513    0.3622799    1    0.2804532    -0.6129492    -0.3164429    -0.2681628    -0.522949    -0.2604739    0.03643385    0.3526975    0.1187067    0.2137479    0.04933269    -0.08178723    -0.2298562
0.1802457    0.1832111    0.205192    0.06962043    -0.1950459    -0.1455975    0.2804532    1    0.04304514    -0.4762449    -0.1833854    -0.2046786    -0.02568814    0.1486959    0.09700775    0.0305082    0.06611313    0.08252879    -0.03967189    -0.05280952
-0.1506153    -0.2134165    -0.1291521    0.1436783    0.3191444    -0.1322459    -0.6129492    0.04304514    1    0.00847779    0.1301897    0.3526631    0.2427937    0.01482905    -0.264674    -0.04021567    -0.09712514    -0.006220513    0.0004171024    0.2130726
-0.4019955    -0.2748737    -0.1287854    0.1229412    0.5541368    -0.4410096    -0.3164429    -0.4762449    0.00847779    1    0.2705142    0.5174912    0.3438892    -0.1203562    -0.3923266    -0.1222716    -0.1312807    -0.07424074    0.03166407    0.3824327
-0.1206956    -0.2498947    -0.1476021    0.1257045    0.1984899    -0.1829526    -0.2681628    -0.1833854    0.1301897    0.2705142    1    0.1894219    -0.3429943    -0.1385012    -0.1661251    -0.07550606    -0.06793548    -0.05086967    0.03181393    0.1596234
-0.4966137    -0.4486158    -0.3624062    0.07018602    0.6391685    -0.5000453    -0.522949    -0.2046786    0.3526631    0.5174912    0.1894219    1    0.5062199    -0.2663477    -0.4823125    -0.1773428    -0.2404337    -0.1044008    0.0642401    0.4778474
-0.4147527    -0.2766947    -0.2308682    0.09599848    0.4818819    -0.3974069    -0.2604739    -0.02568814    0.2427937    0.3438892    -0.3429943    0.5062199    1    0.1364205    -0.601621    -0.08246819    -0.190528    -0.05248376    0.06401324    0.3299515
-0.005682062    -0.08340924    0.1167298    0.1691704    -0.1449595    -0.1177079    0.03643385    0.1486959    0.01482905    -0.1203562    -0.1385012    -0.2663477    0.1364205    1    -0.3475727    0.01448631    -0.02460612    0.1422474    0.0505474    -0.1422176
0.3687367    0.3575694    0.1749629    -0.187886    -0.414675    0.4412974    0.3526975    0.09700775    -0.264674    -0.3923266    -0.1661251    -0.4823125    -0.601621    -0.3475727    1    0.1343924    0.2232489    0.008066966    -0.1102357    -0.2588225
0.1197952    0.05881476    0.07803724    -0.01225352    -0.1576137    0.146133    0.1187067    0.0305082    -0.04021567    -0.1222716    -0.07550606    -0.1773428    -0.08246819    0.01448631    0.1343924    1    0.1953323    -0.695648    -0.2326318    -0.02677642
0.1596809    0.1592393    0.09626311    -0.1091763    -0.1229531    0.2058913    0.2137479    0.06611313    -0.09712514    -0.1312807    -0.06793548    -0.2404337    -0.190528    -0.02460612    0.2232489    0.1953323    1    0.1100815    -0.7822726    -0.02175584
0.1185982    -0.02895028    0.02333699    0.06246589    -0.06607407    0.02922929    0.04933269    0.08252879    -0.006220513    -0.07424074    -0.05086967    -0.1044008    -0.05248376    0.1422474    0.008066966    -0.695648    0.1100815    1    0.1165681    -0.4982167
-0.02556672    -0.08273838    -0.03461711    0.1051868    -0.01643597    -0.07186293    -0.08178723    -0.03967189    0.0004171024    0.03166407    0.03181393    0.0642401    0.06401324    0.0505474    -0.1102357    -0.2326318    -0.7822726    0.1165681    1    -0.3246457
-0.3794585    -0.07656336    -0.1103118    0.009450483    0.429984    -0.3370664    -0.2298562    -0.05280952    0.2130726    0.3824327    0.1596234    0.4778474    0.3299515    -0.1422176    -0.2588225    -0.02677642    -0.02175584    -0.4982167    -0.3246457    1
