1    0.1513493    -0.04186283    0.1138702    -0.4404941    -0.1206956    -0.4966137    -0.4147527    -0.005682062    0.3687367    0.452929    -0.05216864    -0.4319497    -0.01860367    -0.09966501
0.1513493    1    0.3110405    -0.5531649    -0.1947917    -0.2498947    -0.4486158    -0.2766947    -0.08340924    0.3575694    0.276434    0.01098175    -0.1442746    -0.2303834    -0.03339013
-0.04186283    0.3110405    1    0.02341418    -0.5469089    -0.1476021    -0.3624062    -0.2308682    0.1167298    0.1749629    0.2402838    0.01243062    -0.06892728    -0.1135093    -0.1372827
0.1138702    -0.5531649    0.02341418    1    -0.1764102    0.1257045    0.07018602    0.09599848    0.1691704    -0.187886    -0.06783058    0.01617519    0.1384705    0.06902627    -0.1081709
-0.4404941    -0.1947917    -0.5469089    -0.1764102    1    0.1984899    0.6391685    0.4818819    -0.1449595    -0.414675    -0.536902    0.0229298    0.4460363    0.05230251    0.01646043
-0.1206956    -0.2498947    -0.1476021    0.1257045    0.1984899    1    0.1894219    -0.3429943    -0.1385012    -0.1661251    -0.1505152    -0.07132097    0.1356044    0.02420891    0.04352878
-0.4966137    -0.4486158    -0.3624062    0.07018602    0.6391685    0.1894219    1    0.5062199    -0.2663477    -0.4823125    -0.6267779    0.09862328    0.5529815    0.1092359    -0.05069694
-0.4147527    -0.2766947    -0.2308682    0.09599848    0.4818819    -0.3429943    0.5062199    1    0.1364205    -0.601621    -0.5109865    0.2001629    0.5368757    0.08207089    -0.1515417
-0.005682062    -0.08340924    0.1167298    0.1691704    -0.1449595    -0.1385012    -0.2663477    0.1364205    1    -0.3475727    0.04942515    0.04983305    0.09183243    0.1602778    -0.08802032
0.3687367    0.3575694    0.1749629    -0.187886    -0.414675    -0.1661251    -0.4823125    -0.601621    -0.3475727    1    0.3814149    -0.06832029    -0.5218105    -0.166885    0.2410913
0.452929    0.276434    0.2402838    -0.06783058    -0.536902    -0.1505152    -0.6267779    -0.5109865    0.04942515    0.3814149    1    -0.06220697    -0.7892314    -0.1394568    0.06121272
-0.05216864    0.01098175    0.01243062    0.01617519    0.0229298    -0.07132097    0.09862328    0.2001629    0.04983305    -0.06832029    -0.06220697    1    -0.09514101    -0.517768    0.1249409
-0.4319497    -0.1442746    -0.06892728    0.1384705    0.4460363    0.1356044    0.5529815    0.5368757    0.09183243    -0.5218105    -0.7892314    -0.09514101    1    0.113711    -0.3384456
-0.01860367    -0.2303834    -0.1135093    0.06902627    0.05230251    0.02420891    0.1092359    0.08207089    0.1602778    -0.166885    -0.1394568    -0.517768    0.113711    1    -0.4318813
-0.09966501    -0.03339013    -0.1372827    -0.1081709    0.01646043    0.04352878    -0.05069694    -0.1515417    -0.08802032    0.2410913    0.06121272    0.1249409    -0.3384456    -0.4318813    1
