1    0.1513493    -0.04186283    0.1138702    -0.4404941    0.4543965    0.3748153    0.1802457    -0.1506153    -0.4019955    -0.1206956    -0.4966137    -0.4147527    -0.005682062    0.3687367    0.04335521    0.007648479    0.04480567    0.1604796    -0.05853524
0.1513493    1    0.3110405    -0.5531649    -0.1947917    0.3638988    0.4235353    0.1832111    -0.2134165    -0.2748737    -0.2498947    -0.4486158    -0.2766947    -0.08340924    0.3575694    -0.0214727    0.1107694    0.2368005    0.01883855    -0.1826218
-0.04186283    0.3110405    1    0.02341418    -0.5469089    0.1384761    0.2911893    0.205192    -0.1291521    -0.1287854    -0.1476021    -0.3624062    -0.2308682    0.1167298    0.1749629    -0.01142235    0.02373099    0.1032532    0.1060993    -0.1946426
0.1138702    -0.5531649    0.02341418    1    -0.1764102    -0.1255568    -0.06027282    0.06962043    0.1436783    0.1229412    0.1257045    0.07018602    0.09599848    0.1691704    -0.187886    0.06117449    -0.06266284    -0.1361919    0.03139234    -0.05053839
-0.4404941    -0.1947917    -0.5469089    -0.1764102    1    -0.3899508    -0.3869513    -0.1950459    0.3191444    0.5541368    0.1984899    0.6391685    0.4818819    -0.1449595    -0.414675    0.02364561    0.06430223    -0.1079753    -0.2419061    0.01366295
0.4543965    0.3638988    0.1384761    -0.1255568    -0.3899508    1    0.3622799    -0.1455975    -0.1322459    -0.4410096    -0.1829526    -0.5000453    -0.3974069    -0.1177079    0.4412974    0.05074571    0.02646558    0.1328523    0.1338522    -0.05073385
0.3748153    0.4235353    0.2911893    -0.06027282    -0.3869513    0.3622799    1    0.2804532    -0.6129492    -0.3164429    -0.2681628    -0.522949    -0.2604739    0.03643385    0.3526975    -0.008941491    0.1513437    0.2246084    0.03281445    -0.1471432
0.1802457    0.1832111    0.205192    0.06962043    -0.1950459    -0.1455975    0.2804532    1    0.04304514    -0.4762449    -0.1833854    -0.2046786    -0.02568814    0.1486959    0.09700775    0.01721916    0.1194771    0.03755322    0.01532604    -0.2045219
-0.1506153    -0.2134165    -0.1291521    0.1436783    0.3191444    -0.1322459    -0.6129492    0.04304514    1    0.00847779    0.1301897    0.3526631    0.2427937    0.01482905    -0.264674    0.07278533    0.008085299    -0.1763277    -0.1042891    -0.04565562
-0.4019955    -0.2748737    -0.1287854    0.1229412    0.5541368    -0.4410096    -0.3164429    -0.4762449    0.00847779    1    0.2705142    0.5174912    0.3438892    -0.1203562    -0.3923266    0.01448    -0.03829673    -0.1323535    -0.1493669    0.005474193
-0.1206956    -0.2498947    -0.1476021    0.1257045    0.1984899    -0.1829526    -0.2681628    -0.1833854    0.1301897    0.2705142    1    0.1894219    -0.3429943    -0.1385012    -0.1661251    -0.009416298    -0.01684131    -0.1356817    -0.05840801    0.1120734
-0.4966137    -0.4486158    -0.3624062    0.07018602    0.6391685    -0.5000453    -0.522949    -0.2046786    0.3526631    0.5174912    0.1894219    1    0.5062199    -0.2663477    -0.4823125    0.03585606    -0.0184642    -0.2415927    -0.2298154    0.1192052
-0.4147527    -0.2766947    -0.2308682    0.09599848    0.4818819    -0.3974069    -0.2604739    -0.02568814    0.2427937    0.3438892    -0.3429943    0.5062199    1    0.1364205    -0.601621    0.007458033    0.01778512    -0.1560248    -0.1683579    0.01352633
-0.005682062    -0.08340924    0.1167298    0.1691704    -0.1449595    -0.1177079    0.03643385    0.1486959    0.01482905    -0.1203562    -0.1385012    -0.2663477    0.1364205    1    -0.3475727    -0.0478398    0.02499611    0.01447776    0.07539547    -0.1214529
0.3687367    0.3575694    0.1749629    -0.187886    -0.414675    0.4412974    0.3526975    0.09700775    -0.264674    -0.3923266    -0.1661251    -0.4823125    -0.601621    -0.3475727    1    0.03796956    0.01917756    0.1651388    0.07554218    0.001704346
0.04335521    -0.0214727    -0.01142235    0.06117449    0.02364561    0.05074571    -0.008941491    0.01721916    0.07278533    0.01448    -0.009416298    0.03585606    0.007458033    -0.0478398    0.03796956    1    -0.1725068    -0.7027936    0.116493    0.08094118
0.007648479    0.1107694    0.02373099    -0.06266284    0.06430223    0.02646558    0.1513437    0.1194771    0.008085299    -0.03829673    -0.01684131    -0.0184642    0.01778512    0.02499611    0.01917756    -0.1725068    1    0.1574847    -0.7513166    0.1351055
0.04480567    0.2368005    0.1032532    -0.1361919    -0.1079753    0.1328523    0.2246084    0.03755322    -0.1763277    -0.1323535    -0.1356817    -0.2415927    -0.1560248    0.01447776    0.1651388    -0.7027936    0.1574847    1    -0.1113507    -0.3998048
0.1604796    0.01883855    0.1060993    0.03139234    -0.2419061    0.1338522    0.03281445    0.01532604    -0.1042891    -0.1493669    -0.05840801    -0.2298154    -0.1683579    0.07539547    0.07554218    0.116493    -0.7513166    -0.1113507    1    -0.4600299
-0.05853524    -0.1826218    -0.1946426    -0.05053839    0.01366295    -0.05073385    -0.1471432    -0.2045219    -0.04565562    0.005474193    0.1120734    0.1192052    0.01352633    -0.1214529    0.001704346    0.08094118    0.1351055    -0.3998048    -0.4600299    1
