3.221831e-06    1.472723e-06    1.00789e-06    -6.222068e-08    -4.383924e-06    -1.649758e-06    -3.715389e-06    -2.745725e-06    -1.170449e-07    3.567991e-06    1.312455e-06    -4.513835e-07    -1.915752e-07    1.528108e-06    -1.316378e-06    1.535124e-06    -3.619719e-07    -4.894401e-08    1.189569e-06    -1.301627e-06    6.565405e-06    -4.636574e-07    -6.823934e-06    -2.95344e-07    -7.565614e-07    1.286069e-06    -4.886663e-06    -4.593948e-06    1.541809e-06    3.447456e-06    -7.575039e-07    2.913414e-06    3.408303e-06    -5.355147e-07    -2.814143e-06    -3.809763e-07    1.803918e-06    2.039629e-06    -1.163352e-06    -3.01418e-06
1.472723e-06    3.779681e-06    2.072725e-06    -1.450472e-06    -3.065462e-06    -1.749405e-07    -3.442366e-06    -2.549992e-06    -4.270875e-07    2.194241e-06    1.204962e-06    -6.708114e-07    -2.318183e-07    1.296034e-06    -3.86023e-07    8.109923e-07    -2.861113e-07    -8.754331e-07    7.708648e-07    -8.762116e-08    4.606049e-06    -3.936242e-07    -2.639871e-06    -1.964178e-06    -5.436067e-07    -4.82465e-07    -3.840987e-06    -2.293822e-06    3.393517e-07    2.843256e-06    -7.391468e-07    3.854171e-06    2.469419e-06    -1.532815e-06    -1.321451e-06    1.298102e-06    1.165015e-06    5.449158e-07    -1.613542e-06    -1.927283e-06
1.00789e-06    2.072725e-06    2.764046e-06    -9.380762e-08    -3.339535e-06    -5.477727e-07    -1.505422e-06    -8.612697e-07    6.199668e-08    4.711245e-07    9.354599e-07    -7.08581e-07    -1.328452e-06    5.559479e-07    6.22554e-07    5.089133e-07    -5.36449e-07    -8.021797e-07    4.081426e-07    4.196452e-07    3.524421e-06    -5.631913e-07    -1.207157e-06    -4.666967e-07    -1.408109e-06    1.271105e-07    -2.113649e-06    -2.662166e-06    -2.014699e-07    2.346559e-06    9.682005e-08    2.117027e-06    8.733145e-07    -9.30366e-07    -7.9409e-07    3.770379e-07    1.485335e-06    1.199617e-06    -1.258159e-06    -1.96461e-06
-6.222068e-08    -1.450472e-06    -9.380762e-08    2.212921e-06    1.22171e-06    -5.776267e-07    1.522112e-06    1.573998e-06    4.665647e-07    -1.052026e-06    -8.107782e-08    -4.517267e-07    -1.323658e-06    -7.886794e-07    1.268754e-06    -4.349633e-07    -2.967951e-07    -6.560657e-08    -6.707284e-07    6.803716e-07    -1.441293e-06    4.335436e-07    2.181981e-06    6.354164e-07    -6.587801e-07    8.029703e-07    8.480034e-07    -2.613261e-07    1.389651e-07    -4.960748e-07    5.922379e-07    -1.987344e-06    -1.240491e-06    9.227914e-07    2.885698e-07    -8.034056e-07    -1.411622e-08    -1.407052e-07    3.624283e-07    8.020232e-07
-4.383924e-06    -3.065462e-06    -3.339535e-06    1.22171e-06    1.152996e-05    2.395463e-06    6.585042e-06    5.140379e-06    -6.333869e-07    -5.454169e-06    -3.190172e-06    1.290876e-06    1.091833e-06    -3.462354e-06    2.179008e-06    -3.34792e-06    5.514553e-07    8.649103e-07    -2.269219e-06    2.23591e-06    -1.281707e-05    1.027631e-06    1.201279e-05    2.550838e-07    -5.579739e-08    -1.482913e-06    8.273061e-06    7.779951e-06    -1.425517e-06    -6.526316e-06    5.592261e-07    -5.92845e-06    -5.009727e-06    1.57087e-06    4.172787e-06    3.728694e-07    -3.374782e-06    -4.41015e-06    1.580156e-06    6.387279e-06
-1.649758e-06    -1.749405e-07    -5.477727e-07    -5.776267e-07    2.395463e-06    2.522828e-06    8.687329e-07    -3.495407e-07    -4.928027e-07    -1.358691e-06    -9.284818e-07    -6.374286e-08    7.100125e-07    2.170028e-07    5.642359e-07    -6.176953e-07    6.811117e-07    -2.19704e-07    -7.169736e-07    6.848973e-07    -2.584645e-06    -1.111951e-07    3.263715e-06    2.761064e-07    -1.617574e-07    -1.46602e-06    1.474529e-06    2.878125e-06    -5.569534e-08    -1.614962e-06    -3.11442e-07    -4.873432e-07    -8.218111e-07    -6.389199e-07    1.534232e-06    6.240331e-07    -7.735433e-07    -9.624334e-07    3.098287e-07    1.340909e-06
-3.715389e-06    -3.442366e-06    -1.505422e-06    1.522112e-06    6.585042e-06    8.687329e-07    8.801346e-06    7.274349e-06    -2.14198e-07    -6.613792e-06    -2.58935e-06    8.82581e-07    -4.364225e-07    -4.08197e-06    3.125678e-06    -3.036415e-06    -4.444143e-07    -5.447661e-07    -1.702052e-06    3.044116e-06    -1.220036e-05    6.640542e-07    1.183496e-05    1.530588e-06    -9.756329e-08    -2.238059e-07    9.131774e-06    5.645111e-06    -2.686385e-06    -5.496913e-06    2.126438e-06    -6.348239e-06    -6.775296e-06    2.032377e-06    3.948138e-06    -7.971116e-07    -3.443861e-06    -2.882181e-06    2.452488e-06    5.447163e-06
-2.745725e-06    -2.549992e-06    -8.612697e-07    1.573998e-06    5.140379e-06    -3.495407e-07    7.274349e-06    7.376484e-06    7.886132e-07    -6.564307e-06    -1.475279e-06    4.709726e-07    -1.574122e-06    -3.871567e-06    3.158789e-06    -3.0854e-06    -1.075629e-06    -4.2357e-07    -1.049112e-06    2.932566e-06    -9.585403e-06    2.186102e-07    1.076746e-05    9.76314e-07    -1.513581e-07    2.659589e-07    7.777329e-06    4.094793e-06    -2.560663e-06    -4.355159e-06    2.15438e-06    -5.68072e-06    -6.067761e-06    2.153948e-06    3.140288e-06    -8.947305e-07    -2.686418e-06    -2.739259e-06    1.808568e-06    4.995076e-06
-1.170449e-07    -4.270875e-07    6.199668e-08    4.665647e-07    -6.333869e-07    -4.928027e-07    -2.14198e-07    7.886132e-07    1.910104e-06    -1.184264e-06    9.183414e-07    -6.507649e-07    -1.699352e-06    2.152817e-07    6.501003e-07    -4.656311e-07    -4.753959e-07    1.335014e-07    2.773471e-07    3.869066e-07    1.24621e-06    -6.215549e-07    7.943101e-07    1.271106e-08    8.941539e-07    2.707249e-07    1.385492e-07    -2.314597e-08    2.046853e-07    -2.813431e-07    3.449728e-07    -8.917774e-07    -4.444108e-07    6.431222e-07    -9.228613e-09    -8.566082e-07    4.26465e-07    -1.026608e-07    -1.5157e-08    8.530054e-07
3.567991e-06    2.194241e-06    4.711245e-07    -1.052026e-06    -5.454169e-06    -1.358691e-06    -6.613792e-06    -6.564307e-06    -1.184264e-06    9.452664e-06    1.419791e-06    9.05076e-08    2.602433e-06    3.265193e-06    -4.485822e-06    3.796571e-06    9.925872e-07    3.157835e-07    1.307246e-06    -3.618334e-06    8.695218e-06    1.992499e-07    -1.266478e-05    -1.391832e-06    1.675261e-06    5.200765e-07    -7.861812e-06    -4.815146e-06    2.230924e-06    4.635671e-06    -1.507516e-06    5.743283e-06    5.748035e-06    -1.574348e-06    -3.746812e-06    1.180007e-06    2.392888e-06    2.667458e-06    -1.450534e-06    -5.693985e-06
1.312455e-06    1.204962e-06    9.354599e-07    -8.107782e-08    -3.190172e-06    -9.284818e-07    -2.58935e-06    -1.475279e-06    9.183414e-07    1.419791e-06    2.06263e-06    -3.612133e-07    -1.043649e-06    9.362329e-07    -6.783425e-07    6.404566e-07    -1.614938e-07    2.145445e-09    1.01701e-06    -8.627573e-07    5.420018e-06    -1.026222e-06    -3.73946e-06    -1.443557e-06    1.474488e-06    4.919755e-07    -2.536743e-06    -2.275952e-06    1.983422e-07    1.983104e-06    1.806138e-07    1.807258e-06    1.240801e-06    -2.117736e-07    -1.353056e-06    1.369136e-07    1.138386e-06    8.590917e-07    -6.399572e-07    -1.603249e-06
-4.513835e-07    -6.708114e-07    -7.08581e-07    -4.517267e-07    1.290876e-06    -6.374286e-08    8.82581e-07    4.709726e-07    -6.507649e-07    9.05076e-08    -3.612133e-07    1.674428e-06    1.25681e-06    -1.203452e-06    -8.078979e-07    -5.161833e-07    5.797373e-07    8.99863e-07    1.804337e-07    -6.659112e-07    -1.494674e-06    -6.224093e-07    -5.066479e-07    -2.702067e-07    1.357586e-06    9.102843e-08    1.720204e-06    8.33272e-07    -8.111031e-07    -9.127889e-07    3.088984e-07    -2.219028e-07    -6.277406e-07    2.72734e-07    7.752124e-08    5.223131e-07    -4.727696e-07    -5.042708e-07    3.452065e-08    1.307384e-08
-1.915752e-07    -2.318183e-07    -1.328452e-06    -1.323658e-06    1.091833e-06    7.100125e-07    -4.364225e-07    -1.574122e-06    -1.699352e-06    2.602433e-06    -1.043649e-06    1.25681e-06    3.560207e-06    2.926436e-07    -2.641473e-06    8.163836e-07    1.002699e-06    6.178222e-07    3.806653e-07    -1.683664e-06    -9.026214e-07    2.780591e-07    -3.565811e-06    2.387454e-07    1.257565e-06    -8.179553e-07    -5.071939e-08    1.125798e-06    3.854195e-08    -3.171513e-07    -5.075999e-07    1.156557e-06    7.999551e-07    -6.528479e-07    2.52097e-08    1.320299e-06    -6.967817e-07    -4.416874e-08    5.661979e-07    -1.430327e-06
1.528108e-06    1.296034e-06    5.559479e-07    -7.886794e-07    -3.462354e-06    2.170028e-07    -4.08197e-06    -3.871567e-06    2.152817e-07    3.265193e-06    9.362329e-07    -1.203452e-06    2.926436e-07    3.16307e-06    -1.746239e-06    2.149919e-06    2.737244e-07    -2.313171e-07    6.738958e-07    -1.406336e-06    6.233093e-06    -1.794856e-07    -5.976261e-06    -1.302767e-07    -5.077083e-07    -1.998312e-07    -4.641613e-06    -2.19719e-06    1.699555e-06    2.409482e-06    -1.333482e-06    2.724423e-06    3.416084e-06    -1.14232e-06    -1.54488e-06    -1.915212e-07    1.725934e-06    2.059873e-06    -7.299743e-07    -2.669338e-06
-1.316378e-06    -3.86023e-07    6.22554e-07    1.268754e-06    2.179008e-06    5.642359e-07    3.125678e-06    3.158789e-06    6.501003e-07    -4.485822e-06    -6.783425e-07    -8.078979e-07    -2.641473e-06    -1.746239e-06    3.875988e-06    -2.054386e-06    -7.543229e-07    -8.516225e-07    -1.424788e-06    2.903891e-06    -4.861172e-06    6.168705e-07    8.421133e-06    5.20229e-07    -1.963074e-06    6.052211e-09    2.867447e-06    1.423544e-06    -5.699457e-07    -1.609884e-06    6.190914e-07    -2.622341e-06    -2.543822e-06    6.283785e-07    1.60693e-06    -7.181531e-07    -9.423741e-07    -1.482438e-06    1.023252e-07    3.358716e-06
1.535124e-06    8.109923e-07    5.089133e-07    -4.349633e-07    -3.34792e-06    -6.176953e-07    -3.036415e-06    -3.0854e-06    -4.656311e-07    3.796571e-06    6.404566e-07    -5.161833e-07    8.163836e-07    2.149919e-06    -2.054386e-06    2.504367e-06    1.992461e-07    -2.406988e-07    5.373654e-07    -1.618165e-06    4.748313e-06    3.326237e-07    -6.093719e-06    -1.716845e-08    -5.324594e-07    3.395452e-07    -3.84581e-06    -2.476554e-06    9.695278e-07    2.369808e-06    -7.38535e-07    2.45762e-06    2.65555e-06    -7.554606e-07    -1.570556e-06    -1.762729e-07    1.454956e-06    2.059216e-06    -3.912756e-07    -3.036957e-06
-3.619719e-07    -2.861113e-07    -5.36449e-07    -2.967951e-07    5.514553e-07    6.811117e-07    -4.444143e-07    -1.075629e-06    -4.753959e-07    9.925872e-07    -1.614938e-07    5.797373e-07    1.002699e-06    2.737244e-07    -7.543229e-07    1.992461e-07    9.371474e-07    4.622293e-07    -1.994899e-07    -7.296117e-07    -6.805991e-08    -2.522366e-07    -1.072033e-06    -2.742377e-07    1.040946e-06    -3.678476e-07    1.965485e-08    6.155531e-07    4.796423e-08    -2.921016e-07    -3.166998e-07    3.543608e-07    4.185068e-07    -2.612505e-07    1.396671e-08    5.548117e-07    -8.571636e-08    1.353567e-08    -8.294482e-08    -4.292781e-07
-4.894401e-08    -8.754331e-07    -8.021797e-07    -6.560657e-08    8.649103e-07    -2.19704e-07    -5.447661e-07    -4.2357e-07    1.335014e-07    3.157835e-07    2.145445e-09    8.99863e-07    6.178222e-07    -2.313171e-07    -8.516225e-07    -2.406988e-07    4.622293e-07    1.411402e-06    1.914142e-07    -1.119967e-06    3.318433e-07    -2.564463e-07    -1.738767e-06    6.646336e-08    9.984971e-07    1.080602e-07    2.684105e-07    9.365999e-08    1.37426e-07    -3.796401e-07    -1.783228e-07    -2.138376e-07    4.710662e-07    3.04907e-07    -3.764097e-07    1.115168e-07    2.151148e-07    -4.908322e-08    -2.129022e-07    -2.220379e-07
1.189569e-06    7.708648e-07    4.081426e-07    -6.707284e-07    -2.269219e-06    -7.169736e-07    -1.702052e-06    -1.049112e-06    2.773471e-07    1.307246e-06    1.01701e-06    1.804337e-07    3.806653e-07    6.738958e-07    -1.424788e-06    5.373654e-07    -1.994899e-07    1.914142e-07    1.37124e-06    -1.031754e-06    3.9601e-06    -1.152399e-06    -4.209316e-06    -3.59976e-07    9.179501e-07    2.698493e-07    -1.670099e-06    -1.547266e-06    2.23262e-07    1.328616e-06    -2.026382e-08    1.548119e-06    1.139481e-06    -2.508375e-07    -1.144453e-06    1.563458e-07    7.659028e-07    8.359031e-07    -2.97498e-07    -1.717276e-06
-1.301627e-06    -8.762116e-08    4.196452e-07    6.803716e-07    2.23591e-06    6.848973e-07    3.044116e-06    2.932566e-06    3.869066e-07    -3.618334e-06    -8.627573e-07    -6.659112e-07    -1.683664e-06    -1.406336e-06    2.903891e-06    -1.618165e-06    -7.296117e-07    -1.119967e-06    -1.031754e-06    2.707302e-06    -4.736241e-06    2.701739e-07    7.453094e-06    4.70056e-07    -1.750546e-06    -2.173793e-07    2.799854e-06    1.886917e-06    -6.288745e-07    -1.718657e-06    5.453457e-07    -2.12829e-06    -2.42408e-06    4.488365e-07    1.633312e-06    -5.838316e-07    -9.851225e-07    -1.439885e-06    2.745302e-07    2.997411e-06
6.565405e-06    4.606049e-06    3.524421e-06    -1.441293e-06    -1.281707e-05    -2.584645e-06    -1.220036e-05    -9.585403e-06    1.24621e-06    8.695218e-06    5.420018e-06    -1.494674e-06    -9.026214e-07    6.233093e-06    -4.861172e-06    4.748313e-06    -6.805991e-08    3.318433e-07    3.9601e-06    -4.736241e-06    2.349586e-05    -2.854131e-06    -2.112203e-05    -3.096341e-06    9.872133e-07    1.554936e-06    -1.311521e-05    -1.07747e-05    3.267782e-06    9.222627e-06    -1.992841e-06    8.829088e-06    9.109557e-06    -2.429258e-06    -6.436287e-06    -7.831592e-08    5.799193e-06    6.318564e-06    -3.073188e-06    -9.620061e-06
-4.636574e-07    -3.936242e-07    -5.631913e-07    4.335436e-07    1.027631e-06    -1.111951e-07    6.640542e-07    2.186102e-07    -6.215549e-07    1.992499e-07    -1.026222e-06    -6.224093e-07    2.780591e-07    -1.794856e-07    6.168705e-07    3.326237e-07    -2.522366e-07    -2.564463e-07    -1.152399e-06    2.701739e-07    -2.854131e-06    3.258438e-06    1.376216e-06    1.573898e-07    -8.737375e-07    -2.610757e-07    -1.778988e-08    3.472593e-07    2.595866e-07    -1.479424e-07    -2.742369e-07    -8.571471e-07    -2.601387e-08    1.182611e-08    6.722934e-07    1.580275e-07    -1.092434e-06    -4.024501e-07    8.908679e-07    6.997403e-07
-6.823934e-06    -2.639871e-06    -1.207157e-06    2.181981e-06    1.201279e-05    3.263715e-06    1.183496e-05    1.076746e-05    7.943101e-07    -1.266478e-05    -3.73946e-06    -5.066479e-07    -3.565811e-06    -5.976261e-06    8.421133e-06    -6.093719e-06    -1.072033e-06    -1.738767e-06    -4.209316e-06    7.453094e-06    -2.112203e-05    1.376216e-06    2.707695e-05    1.631004e-06    -2.91166e-06    -1.691916e-06    1.296138e-05    1.036866e-05    -3.557085e-06    -8.720823e-06    2.386901e-06    -9.113174e-06    -1.012369e-05    2.221279e-06    7.13034e-06    -5.796658e-07    -4.846308e-06    -6.854194e-06    1.894942e-06    1.15542e-05
-2.95344e-07    -1.964178e-06    -4.666967e-07    6.354164e-07    2.550838e-07    2.761064e-07    1.530588e-06    9.76314e-07    1.271106e-08    -1.391832e-06    -1.443557e-06    -2.702067e-07    2.387454e-07    -1.302767e-07    5.20229e-07    -1.716845e-08    -2.742377e-07    6.646336e-08    -3.59976e-07    4.70056e-07    -3.096341e-06    1.573898e-07    1.631004e-06    4.192513e-06    -2.592422e-06    2.795426e-07    7.882552e-07    5.692802e-07    6.959394e-07    -9.309531e-07    -4.652749e-08    -1.429688e-06    -6.28364e-07    3.767355e-07    3.296455e-07    -1.26727e-06    2.077019e-07    3.964465e-07    5.334074e-07    2.311566e-07
-7.565614e-07    -5.436067e-07    -1.408109e-06    -6.587801e-07    -5.579739e-08    -1.617574e-07    -9.756329e-08    -1.513581e-07    8.941539e-07    1.675261e-06    1.474488e-06    1.357586e-06    1.257565e-06    -5.077083e-07    -1.963074e-06    -5.324594e-07    1.040946e-06    9.984971e-07    9.179501e-07    -1.750546e-06    9.872133e-07    -8.737375e-07    -2.91166e-06    -2.592422e-06    7.521074e-06    -5.552292e-07    1.247731e-06    1.56949e-06    -1.001051e-06    -8.803224e-07    1.161467e-06    9.181614e-08    -1.164363e-06    5.40201e-07    1.228142e-07    1.571253e-06    -1.339999e-06    -1.096849e-06    9.884765e-07    4.156014e-08
1.286069e-06    -4.82465e-07    1.271105e-07    8.029703e-07    -1.482913e-06    -1.46602e-06    -2.238059e-07    2.659589e-07    2.707249e-07    5.200765e-07    4.919755e-07    9.102843e-08    -8.179553e-07    -1.998312e-07    6.052211e-09    3.395452e-07    -3.678476e-07    1.080602e-07    2.698493e-07    -2.173793e-07    1.554936e-06    -2.610757e-07    -1.691916e-06    2.795426e-07    -5.552292e-07    1.548255e-06    -6.577199e-07    -2.163214e-06    1.49357e-07    8.694332e-07    1.854279e-07    -1.459178e-07    4.561308e-07    6.443483e-07    -1.112256e-06    -1.135873e-06    6.40707e-07    8.553249e-07    -2.002086e-07    -5.350757e-07
-4.886663e-06    -3.840987e-06    -2.113649e-06    8.480034e-07    8.273061e-06    1.474529e-06    9.131774e-06    7.777329e-06    1.385492e-07    -7.861812e-06    -2.536743e-06    1.720204e-06    -5.071939e-08    -4.641613e-06    2.867447e-06    -3.84581e-06    1.965485e-08    2.684105e-07    -1.670099e-06    2.799854e-06    -1.311521e-05    -1.778988e-08    1.296138e-05    7.882552e-07    1.247731e-06    -6.577199e-07    1.132229e-05    7.191044e-06    -3.754675e-06    -6.71304e-06    2.341228e-06    -6.945711e-06    -7.685901e-06    2.15054e-06    4.838909e-06    -3.173319e-07    -3.913247e-06    -3.752821e-06    2.53211e-06    6.274032e-06
-4.593948e-06    -2.293822e-06    -2.662166e-06    -2.613261e-07    7.779951e-06    2.878125e-06    5.645111e-06    4.094793e-06    -2.314597e-08    -4.815146e-06    -2.275952e-06    8.33272e-07    1.125798e-06    -2.19719e-06    1.423544e-06    -2.476554e-06    6.155531e-07    9.365999e-08    -1.547266e-06    1.886917e-06    -1.07747e-05    3.472593e-07    1.036866e-05    5.692802e-07    1.56949e-06    -2.163214e-06    7.191044e-06    8.034426e-06    -1.697878e-06    -5.890719e-06    8.658313e-07    -4.445147e-06    -4.903346e-06    9.452697e-07    4.092877e-06    5.831888e-07    -3.184206e-06    -3.736257e-06    1.926138e-06    5.384058e-06
1.541809e-06    3.393517e-07    -2.014699e-07    1.389651e-07    -1.425517e-06    -5.569534e-08    -2.686385e-06    -2.560663e-06    2.046853e-07    2.230924e-06    1.983422e-07    -8.111031e-07    3.854195e-08    1.699555e-06    -5.699457e-07    9.695278e-07    4.796423e-08    1.37426e-07    2.23262e-07    -6.288745e-07    3.267782e-06    2.595866e-07    -3.557085e-06    6.959394e-07    -1.001051e-06    1.49357e-07    -3.754675e-06    -1.697878e-06    2.392076e-06    1.418895e-06    -1.292121e-06    1.321606e-06    2.868859e-06    -4.077704e-07    -1.585198e-06    -5.907574e-07    1.173894e-06    1.093594e-06    -6.660125e-07    -1.155939e-06
3.447456e-06    2.843256e-06    2.346559e-06    -4.960748e-07    -6.526316e-06    -1.614962e-06    -5.496913e-06    -4.355159e-06    -2.813431e-07    4.635671e-06    1.983104e-06    -9.127889e-07    -3.171513e-07    2.409482e-06    -1.609884e-06    2.369808e-06    -2.921016e-07    -3.796401e-07    1.328616e-06    -1.718657e-06    9.222627e-06    -1.479424e-07    -8.720823e-06    -9.309531e-07    -8.803224e-07    8.694332e-07    -6.71304e-06    -5.890719e-06    1.418895e-06    5.096849e-06    -9.124068e-07    4.725728e-06    4.35936e-06    -1.46012e-06    -3.106729e-06    4.325384e-07    2.523091e-06    2.798499e-06    -1.628583e-06    -4.807865e-06
-7.575039e-07    -7.391468e-07    9.682005e-08    5.922379e-07    5.592261e-07    -3.11442e-07    2.126438e-06    2.15438e-06    3.449728e-07    -1.507516e-06    1.806138e-07    3.088984e-07    -5.075999e-07    -1.333482e-06    6.190914e-07    -7.38535e-07    -3.166998e-07    -1.783228e-07    -2.026382e-08    5.453457e-07    -1.992841e-06    -2.742369e-07    2.386901e-06    -4.652749e-08    1.161467e-06    1.854279e-07    2.341228e-06    8.658313e-07    -1.292121e-06    -9.124068e-07    1.35958e-06    -1.267417e-06    -2.421742e-06    6.35781e-07    8.967332e-07    5.380456e-08    -7.332438e-07    -7.395599e-07    7.417616e-07    8.935114e-07
2.913414e-06    3.854171e-06    2.117027e-06    -1.987344e-06    -5.92845e-06    -4.873432e-07    -6.348239e-06    -5.68072e-06    -8.917774e-07    5.743283e-06    1.807258e-06    -2.219028e-07    1.156557e-06    2.724423e-06    -2.622341e-06    2.45762e-06    3.543608e-07    -2.138376e-07    1.548119e-06    -2.12829e-06    8.829088e-06    -8.571471e-07    -9.113174e-06    -1.429688e-06    9.181614e-08    -1.459178e-07    -6.945711e-06    -4.445147e-06    1.321606e-06    4.725728e-06    -1.267417e-06    6.292541e-06    4.837507e-06    -2.255075e-06    -2.968595e-06    1.550597e-06    2.473488e-06    2.141763e-06    -2.084547e-06    -4.940537e-06
3.408303e-06    2.469419e-06    8.733145e-07    -1.240491e-06    -5.009727e-06    -8.218111e-07    -6.775296e-06    -6.067761e-06    -4.444108e-07    5.748035e-06    1.240801e-06    -6.277406e-07    7.999551e-07    3.416084e-06    -2.543822e-06    2.65555e-06    4.185068e-07    4.710662e-07    1.139481e-06    -2.42408e-06    9.109557e-06    -2.601387e-08    -1.012369e-05    -6.28364e-07    -1.164363e-06    4.561308e-07    -7.685901e-06    -4.903346e-06    2.868859e-06    4.35936e-06    -2.421742e-06    4.837507e-06    6.398807e-06    -1.542706e-06    -3.636627e-06    5.607337e-08    2.760988e-06    2.823977e-06    -2.08021e-06    -4.360674e-06
-5.355147e-07    -1.532815e-06    -9.30366e-07    9.227914e-07    1.57087e-06    -6.389199e-07    2.032377e-06    2.153948e-06    6.431222e-07    -1.574348e-06    -2.117736e-07    2.72734e-07    -6.528479e-07    -1.14232e-06    6.283785e-07    -7.554606e-07    -2.612505e-07    3.04907e-07    -2.508375e-07    4.488365e-07    -2.429258e-06    1.182611e-08    2.221279e-06    3.767355e-07    5.40201e-07    6.443483e-07    2.15054e-06    9.452697e-07    -4.077704e-07    -1.46012e-06    6.35781e-07    -2.255075e-06    -1.542706e-06    1.295829e-06    4.091204e-07    -9.934055e-07    -6.257178e-07    -6.05136e-07    6.572583e-07    1.676094e-06
-2.814143e-06    -1.321451e-06    -7.9409e-07    2.885698e-07    4.172787e-06    1.534232e-06    3.948138e-06    3.140288e-06    -9.228613e-09    -3.746812e-06    -1.353056e-06    7.752124e-08    2.52097e-08    -1.54488e-06    1.60693e-06    -1.570556e-06    1.396671e-08    -3.764097e-07    -1.144453e-06    1.633312e-06    -6.436287e-06    6.722934e-07    7.13034e-06    3.296455e-07    1.228142e-07    -1.112256e-06    4.838909e-06    4.092877e-06    -1.585198e-06    -3.106729e-06    8.967332e-07    -2.968595e-06    -3.636627e-06    4.091204e-07    2.967308e-06    3.925385e-07    -2.008737e-06    -2.005795e-06    1.375701e-06    2.98731e-06
-3.809763e-07    1.298102e-06    3.770379e-07    -8.034056e-07    3.728694e-07    6.240331e-07    -7.971116e-07    -8.947305e-07    -8.566082e-07    1.180007e-06    1.369136e-07    5.223131e-07    1.320299e-06    -1.915212e-07    -7.181531e-07    -1.762729e-07    5.548117e-07    1.115168e-07    1.563458e-07    -5.838316e-07    -7.831592e-08    1.580275e-07    -5.796658e-07    -1.26727e-06    1.571253e-06    -1.135873e-06    -3.173319e-07    5.831888e-07    -5.907574e-07    4.325384e-07    5.380456e-08    1.550597e-06    5.607337e-08    -9.934055e-07    3.925385e-07    2.303782e-06    -5.224286e-07    -8.459685e-07    -2.300365e-07    -9.168202e-07
1.803918e-06    1.165015e-06    1.485335e-06    -1.411622e-08    -3.374782e-06    -7.735433e-07    -3.443861e-06    -2.686418e-06    4.26465e-07    2.392888e-06    1.138386e-06    -4.727696e-07    -6.967817e-07    1.725934e-06    -9.423741e-07    1.454956e-06    -8.571636e-08    2.151148e-07    7.659028e-07    -9.851225e-07    5.799193e-06    -1.092434e-06    -4.846308e-06    2.077019e-07    -1.339999e-06    6.40707e-07    -3.913247e-06    -3.184206e-06    1.173894e-06    2.523091e-06    -7.332438e-07    2.473488e-06    2.760988e-06    -6.257178e-07    -2.008737e-06    -5.224286e-07    2.565348e-06    1.960738e-06    -1.609865e-06    -2.702971e-06
2.039629e-06    5.449158e-07    1.199617e-06    -1.407052e-07    -4.41015e-06    -9.624334e-07    -2.882181e-06    -2.739259e-06    -1.026608e-07    2.667458e-06    8.590917e-07    -5.042708e-07    -4.416874e-08    2.059873e-06    -1.482438e-06    2.059216e-06    1.353567e-08    -4.908322e-08    8.359031e-07    -1.439885e-06    6.318564e-06    -4.024501e-07    -6.854194e-06    3.964465e-07    -1.096849e-06    8.553249e-07    -3.752821e-06    -3.736257e-06    1.093594e-06    2.798499e-06    -7.395599e-07    2.141763e-06    2.823977e-06    -6.05136e-07    -2.005795e-06    -8.459685e-07    1.960738e-06    2.940409e-06    -6.760558e-07    -3.466035e-06
-1.163352e-06    -1.613542e-06    -1.258159e-06    3.624283e-07    1.580156e-06    3.098287e-07    2.452488e-06    1.808568e-06    -1.5157e-08    -1.450534e-06    -6.399572e-07    3.452065e-08    5.661979e-07    -7.299743e-07    1.023252e-07    -3.912756e-07    -8.294482e-08    -2.129022e-07    -2.97498e-07    2.745302e-07    -3.073188e-06    8.908679e-07    1.894942e-06    5.334074e-07    9.884765e-07    -2.002086e-07    2.53211e-06    1.926138e-06    -6.660125e-07    -1.628583e-06    7.417616e-07    -2.084547e-06    -2.08021e-06    6.572583e-07    1.375701e-06    -2.300365e-07    -1.609865e-06    -6.760558e-07    1.788099e-06    1.273985e-06
-3.01418e-06    -1.927283e-06    -1.96461e-06    8.020232e-07    6.387279e-06    1.340909e-06    5.447163e-06    4.995076e-06    8.530054e-07    -5.693985e-06    -1.603249e-06    1.307384e-08    -1.430327e-06    -2.669338e-06    3.358716e-06    -3.036957e-06    -4.292781e-07    -2.220379e-07    -1.717276e-06    2.997411e-06    -9.620061e-06    6.997403e-07    1.15542e-05    2.311566e-07    4.156014e-08    -5.350757e-07    6.274032e-06    5.384058e-06    -1.155939e-06    -4.807865e-06    8.935114e-07    -4.940537e-06    -4.360674e-06    1.676094e-06    2.98731e-06    -9.168202e-07    -2.702971e-06    -3.466035e-06    1.273985e-06    6.452158e-06
