8.310243e-06    7.169591e-07    -4.005831e-06    -1.139772e-06    -1.311306e-06    2.630786e-07    -1.00568e-06    -1.378937e-06    -4.951256e-08    1.459289e-06
7.169591e-07    1.271021e-05    7.131861e-06    -2.430606e-06    -6.207599e-06    1.951768e-06    -6.595383e-06    -7.007996e-06    1.781559e-06    4.424442e-06
-4.005831e-06    7.131861e-06    1.191275e-05    9.718327e-07    -7.686366e-06    1.821451e-06    -5.678338e-06    -6.065567e-06    1.741537e-06    3.504827e-06
-1.139772e-06    -2.430606e-06    9.718327e-07    5.917591e-06    -2.512549e-06    7.223789e-07    -1.125371e-06    -7.4989e-07    9.91992e-07    -8.891564e-08
-1.311306e-06    -6.207599e-06    -7.686366e-06    -2.512549e-06    1.256022e-05    -1.635452e-06    6.071769e-06    6.146685e-06    -1.616548e-06    -4.028381e-06
2.630786e-07    1.951768e-06    1.821451e-06    7.223789e-07    -1.635452e-06    5.810362e-06    -1.468422e-06    -5.550408e-06    9.777093e-07    9.237669e-07
-1.00568e-06    -6.595383e-06    -5.678338e-06    -1.125371e-06    6.071769e-06    -1.468422e-06    1.138956e-05    3.532921e-06    -5.284722e-06    -2.000408e-06
-1.378937e-06    -7.007996e-06    -6.065567e-06    -7.4989e-07    6.146685e-06    -5.550408e-06    3.532921e-06    1.166372e-05    -1.632237e-06    -5.319604e-06
-4.951256e-08    1.781559e-06    1.741537e-06    9.91992e-07    -1.616548e-06    9.777093e-07    -5.284722e-06    -1.632237e-06    5.708089e-06    -1.156352e-06
1.459289e-06    4.424442e-06    3.504827e-06    -8.891564e-08    -4.028381e-06    9.237669e-07    -2.000408e-06    -5.319604e-06    -1.156352e-06    5.848153e-06
