5.822814e-06    1.144062e-06    -3.347841e-07    5.3992e-07    -4.367985e-06    1.566353e-06    -8.401368e-07    -5.490298e-07    1.735623e-06    -1.149463e-06    1.571536e-06    -2.644095e-06    -2.226635e-06    1.317104e-06    8.288001e-07    1.483385e-06    -5.257157e-06    -4.888164e-06    1.905396e-06    3.446401e-06    -6.576697e-07    2.919545e-06    3.450088e-06    -4.142976e-07    -2.94481e-06
1.144062e-06    6.940317e-06    2.053654e-06    -4.019397e-06    -2.213134e-06    7.149561e-07    -5.96131e-07    -1.147971e-07    7.760596e-07    1.661269e-08    -1.994812e-07    -2.376258e-06    -7.210409e-07    1.080705e-06    9.122618e-07    -7.207438e-07    -3.931406e-06    -2.319733e-06    8.37241e-08    3.141014e-06    -9.132602e-07    4.147372e-06    2.715634e-06    -1.683435e-06    -1.386254e-06
-3.347841e-07    2.053654e-06    6.090265e-06    2.954975e-07    -5.512376e-06    6.637728e-07    -9.034384e-07    -1.644458e-06    2.73368e-07    1.123049e-06    3.681441e-08    -4.998022e-07    -4.41819e-07    4.216337e-07    1.052044e-07    2.497325e-07    -2.357041e-06    -3.128492e-06    -3.087537e-07    2.74757e-06    -2.665861e-08    2.351026e-06    1.136359e-06    -1.023072e-06    -9.362491e-07
5.3992e-07    -4.019397e-06    2.954975e-07    7.617706e-06    -1.904709e-06    5.495244e-07    -1.219957e-06    -2.218653e-06    -1.649749e-07    1.470447e-06    -1.30718e-07    2.446137e-06    1.278051e-06    -1.052024e-06    -1.111673e-06    1.532872e-06    1.676753e-07    -1.067685e-06    8.322953e-07    -4.270209e-07    7.555435e-07    -2.065961e-06    -1.311754e-06    1.105217e-06    1.655644e-07
-4.367985e-06    -2.213134e-06    -5.512376e-06    -1.904709e-06    1.682544e-05    -3.395867e-06    2.194421e-06    2.10366e-06    -3.687848e-06    1.453259e-06    -2.609434e-06    5.485054e-06    3.826327e-06    -3.251647e-06    -1.047269e-06    -2.127431e-06    9.184043e-06    8.871461e-06    -1.967515e-06    -6.947669e-06    6.118494e-07    -6.250428e-06    -5.292371e-06    1.537893e-06    4.440564e-06
1.566353e-06    7.149561e-07    6.637728e-07    5.495244e-07    -3.395867e-06    5.986784e-06    -5.296229e-07    -3.377952e-06    3.889622e-07    -6.078117e-07    8.714501e-07    -2.161988e-06    -1.24645e-06    1.175527e-06    6.946128e-07    6.941342e-07    -2.680077e-06    -2.436826e-06    3.814565e-07    1.934501e-06    5.152124e-07    1.916562e-06    1.026122e-06    -2.670852e-07    -1.458114e-06
-8.401368e-07    -5.96131e-07    -9.034384e-07    -1.219957e-06    2.194421e-06    -5.296229e-07    5.636718e-06    8.171368e-07    -3.663831e-06    -6.033849e-07    -4.387824e-07    -7.281179e-07    -7.357329e-07    -1.17883e-07    1.051383e-06    -2.03468e-07    1.90839e-06    1.155292e-06    -9.612095e-07    -9.439963e-07    2.37926e-07    1.563902e-07    -5.581362e-07    2.118783e-08    9.427421e-09
-5.490298e-07    -1.147971e-07    -1.644458e-06    -2.218653e-06    2.10366e-06    -3.377952e-06    8.171368e-07    7.445097e-06    1.276807e-07    -3.790918e-06    4.135147e-07    -3.601142e-06    -1.858095e-06    1.139145e-06    1.307232e-06    -1.034048e-06    1.914616e-07    1.381209e-06    -6.637374e-08    -4.190117e-07    -7.555296e-07    1.205152e-06    1.166701e-06    -7.002792e-07    -6.868607e-08
1.735623e-06    7.760596e-07    2.73368e-07    -1.649749e-07    -3.687848e-06    3.889622e-07    -3.663831e-06    1.276807e-07    7.232965e-06    -2.657269e-06    2.33041e-06    -3.927414e-06    -3.041446e-06    2.194088e-06    8.789336e-07    1.01947e-08    -4.673579e-06    -2.259953e-06    1.738614e-06    2.368098e-06    -1.377892e-06    2.500405e-06    3.470733e-06    -8.525479e-07    -1.536193e-06
-1.149463e-06    1.661269e-08    1.123049e-06    1.470447e-06    1.453259e-06    -6.078117e-07    -6.033849e-07    -3.790918e-06    -2.657269e-06    6.276715e-06    -2.101011e-06    5.782446e-06    3.919613e-06    -2.522087e-06    -1.939123e-06    7.177669e-08    2.690744e-06    1.249404e-06    -5.349255e-07    -1.527608e-06    5.943755e-07    -2.77351e-06    -2.713641e-06    7.348714e-07    1.885592e-06
1.571536e-06    -1.994812e-07    3.681441e-08    -1.30718e-07    -2.609434e-06    8.714501e-07    -4.387824e-07    4.135147e-07    2.33041e-06    -2.101011e-06    7.847485e-06    -2.629038e-06    -6.800047e-06    1.485388e-06    6.371722e-07    8.754282e-07    -3.695121e-06    -3.120743e-06    1.427873e-06    2.080327e-06    -7.453126e-07    1.442618e-06    2.759712e-06    -9.721839e-08    -1.780184e-06
-2.644095e-06    -2.376258e-06    -4.998022e-07    2.446137e-06    5.485054e-06    -2.161988e-06    -7.281179e-07    -3.601142e-06    -3.927414e-06    5.782446e-06    -2.629038e-06    1.568834e-05    3.959506e-06    -7.645079e-06    -1.579401e-06    1.779676e-08    6.885202e-06    3.853024e-06    -1.533601e-06    -4.193094e-06    1.013642e-06    -6.435739e-06    -5.092783e-06    1.943379e-06    3.209975e-06
-2.226635e-06    -7.210409e-07    -4.41819e-07    1.278051e-06    3.826327e-06    -1.24645e-06    -7.357329e-07    -1.858095e-06    -3.041446e-06    3.919613e-06    -6.800047e-06    3.959506e-06    1.179055e-05    -2.385329e-06    -4.950616e-06    -7.738616e-07    5.093436e-06    4.038962e-06    -1.64737e-06    -3.007391e-06    1.367564e-06    -3.915657e-06    -4.80491e-06    8.349881e-07    3.211531e-06
1.317104e-06    1.080705e-06    4.216337e-07    -1.052024e-06    -3.251647e-06    1.175527e-06    -1.17883e-07    1.139145e-06    2.194088e-06    -2.522087e-06    1.485388e-06    -7.645079e-06    -2.385329e-06    7.302858e-06    -6.247371e-07    3.144661e-07    -3.376221e-06    -2.319327e-06    8.161169e-07    2.145143e-06    -3.157898e-07    2.712627e-06    2.03016e-06    -7.993065e-07    -1.327063e-06
8.288001e-07    9.122618e-07    1.052044e-07    -1.111673e-06    -1.047269e-06    6.946128e-07    1.051383e-06    1.307232e-06    8.789336e-07    -1.939123e-06    6.371722e-07    -1.579401e-06    -4.950616e-06    -6.247371e-07    6.513323e-06    -6.589203e-08    -1.797462e-06    -8.792971e-07    4.46901e-07    9.404364e-07    -8.348228e-07    2.492035e-06    2.469251e-06    -6.411773e-07    -1.643712e-06
1.483385e-06    -7.207438e-07    2.497325e-07    1.532872e-06    -2.127431e-06    6.941342e-07    -2.03468e-07    -1.034048e-06    1.01947e-08    7.177669e-08    8.754282e-07    1.779676e-08    -7.738616e-07    3.144661e-07    -6.589203e-08    7.237073e-06    -6.570187e-07    -6.570981e-06    -2.4095e-07    1.011372e-06    5.224371e-07    -3.159772e-07    2.381888e-07    1.082412e-06    -1.228945e-06
-5.257157e-06    -3.931406e-06    -2.357041e-06    1.676753e-07    9.184043e-06    -2.680077e-06    1.90839e-06    1.914616e-07    -4.673579e-06    2.690744e-06    -3.695121e-06    6.885202e-06    5.093436e-06    -3.376221e-06    -1.797462e-06    -6.570187e-07    1.787854e-05    5.888056e-06    -8.092161e-06    -6.093986e-06    1.985627e-06    -6.93696e-06    -7.677564e-06    1.793345e-06    5.272073e-06
-4.888164e-06    -2.319733e-06    -3.128492e-06    -1.067685e-06    8.871461e-06    -2.436826e-06    1.155292e-06    1.381209e-06    -2.259953e-06    1.249404e-06    -3.120743e-06    3.853024e-06    4.038962e-06    -2.319327e-06    -8.792971e-07    -6.570981e-06    5.888056e-06    1.463422e-05    -1.604699e-06    -7.426766e-06    6.270791e-07    -4.637525e-06    -4.988686e-06    6.460586e-07    4.370918e-06
1.905396e-06    8.37241e-08    -3.087537e-07    8.322953e-07    -1.967515e-06    3.814565e-07    -9.612095e-07    -6.637374e-08    1.738614e-06    -5.349255e-07    1.427873e-06    -1.533601e-06    -1.64737e-06    8.161169e-07    4.46901e-07    -2.4095e-07    -8.092161e-06    -1.604699e-06    8.025108e-06    3.30577e-07    -8.811488e-07    1.146257e-06    2.579357e-06    -1.108801e-07    -1.748646e-06
3.446401e-06    3.141014e-06    2.74757e-06    -4.270209e-07    -6.947669e-06    1.934501e-06    -9.439963e-07    -4.190117e-07    2.368098e-06    -1.527608e-06    2.080327e-06    -4.193094e-06    -3.007391e-06    2.145143e-06    9.404364e-07    1.011372e-06    -6.093986e-06    -7.426766e-06    3.30577e-07    7.432968e-06    -9.84301e-07    5.040081e-06    4.665644e-06    -1.58633e-06    -3.271932e-06
-6.576697e-07    -9.132602e-07    -2.665861e-08    7.555435e-07    6.118494e-07    5.152124e-07    2.37926e-07    -7.555296e-07    -1.377892e-06    5.943755e-07    -7.453126e-07    1.013642e-06    1.367564e-06    -3.157898e-07    -8.348228e-07    5.224371e-07    1.985627e-06    6.270791e-07    -8.811488e-07    -9.84301e-07    5.810362e-06    -1.468422e-06    -5.550408e-06    9.777093e-07    9.237669e-07
2.919545e-06    4.147372e-06    2.351026e-06    -2.065961e-06    -6.250428e-06    1.916562e-06    1.563902e-07    1.205152e-06    2.500405e-06    -2.77351e-06    1.442618e-06    -6.435739e-06    -3.915657e-06    2.712627e-06    2.492035e-06    -3.159772e-07    -6.93696e-06    -4.637525e-06    1.146257e-06    5.040081e-06    -1.468422e-06    1.138956e-05    3.532921e-06    -5.284722e-06    -2.000408e-06
3.450088e-06    2.715634e-06    1.136359e-06    -1.311754e-06    -5.292371e-06    1.026122e-06    -5.581362e-07    1.166701e-06    3.470733e-06    -2.713641e-06    2.759712e-06    -5.092783e-06    -4.80491e-06    2.03016e-06    2.469251e-06    2.381888e-07    -7.677564e-06    -4.988686e-06    2.579357e-06    4.665644e-06    -5.550408e-06    3.532921e-06    1.166372e-05    -1.632237e-06    -5.319604e-06
-4.142976e-07    -1.683435e-06    -1.023072e-06    1.105217e-06    1.537893e-06    -2.670852e-07    2.118783e-08    -7.002792e-07    -8.525479e-07    7.348714e-07    -9.721839e-08    1.943379e-06    8.349881e-07    -7.993065e-07    -6.411773e-07    1.082412e-06    1.793345e-06    6.460586e-07    -1.108801e-07    -1.58633e-06    9.777093e-07    -5.284722e-06    -1.632237e-06    5.708089e-06    -1.156352e-06
-2.94481e-06    -1.386254e-06    -9.362491e-07    1.655644e-07    4.440564e-06    -1.458114e-06    9.427421e-09    -6.868607e-08    -1.536193e-06    1.885592e-06    -1.780184e-06    3.209975e-06    3.211531e-06    -1.327063e-06    -1.643712e-06    -1.228945e-06    5.272073e-06    4.370918e-06    -1.748646e-06    -3.271932e-06    9.237669e-07    -2.000408e-06    -5.319604e-06    -1.156352e-06    5.848153e-06
