5.822814e-06    1.144062e-06    -3.347841e-07    5.3992e-07    -4.367985e-06    1.566353e-06    -8.401368e-07    -5.490298e-07    1.735623e-06    -1.149463e-06    -1.988696e-07    1.217381e-06    -5.376649e-07    1.253218e-06    1.985815e-07    1.483385e-06    -5.257157e-06    -4.888164e-06    1.905396e-06    3.446401e-06    -6.576697e-07    2.919545e-06    3.450088e-06    -4.142976e-07    -2.94481e-06
1.144062e-06    6.940317e-06    2.053654e-06    -4.019397e-06    -2.213134e-06    7.149561e-07    -5.96131e-07    -1.147971e-07    7.760596e-07    1.661269e-08    -6.118209e-08    -3.575457e-07    -2.871209e-07    1.3351e-06    4.374203e-07    -7.207438e-07    -3.931406e-06    -2.319733e-06    8.37241e-08    3.141014e-06    -9.132602e-07    4.147372e-06    2.715634e-06    -1.683435e-06    -1.386254e-06
-3.347841e-07    2.053654e-06    6.090265e-06    2.954975e-07    -5.512376e-06    6.637728e-07    -9.034384e-07    -1.644458e-06    2.73368e-07    1.123049e-06    8.025421e-07    -9.170014e-07    -1.537005e-06    1.601306e-06    4.303922e-07    2.497325e-07    -2.357041e-06    -3.128492e-06    -3.087537e-07    2.74757e-06    -2.665861e-08    2.351026e-06    1.136359e-06    -1.023072e-06    -9.362491e-07
5.3992e-07    -4.019397e-06    2.954975e-07    7.617706e-06    -1.904709e-06    5.495244e-07    -1.219957e-06    -2.218653e-06    -1.649749e-07    1.470447e-06    1.285857e-06    -1.408583e-06    -1.177437e-06    4.033921e-07    -1.525822e-08    1.532872e-06    1.676753e-07    -1.067685e-06    8.322953e-07    -4.270209e-07    7.555435e-07    -2.065961e-06    -1.311754e-06    1.105217e-06    1.655644e-07
-4.367985e-06    -2.213134e-06    -5.512376e-06    -1.904709e-06    1.682544e-05    -3.395867e-06    2.194421e-06    2.10366e-06    -3.687848e-06    1.453259e-06    -3.934667e-07    -1.850288e-06    2.075912e-06    -3.110673e-06    -4.739776e-07    -2.127431e-06    9.184043e-06    8.871461e-06    -1.967515e-06    -6.947669e-06    6.118494e-07    -6.250428e-06    -5.292371e-06    1.537893e-06    4.440564e-06
1.566353e-06    7.149561e-07    6.637728e-07    5.495244e-07    -3.395867e-06    5.986784e-06    -5.296229e-07    -3.377952e-06    3.889622e-07    -6.078117e-07    1.716217e-07    -2.303351e-08    -3.882954e-07    1.763542e-06    -1.029826e-07    6.941342e-07    -2.680077e-06    -2.436826e-06    3.814565e-07    1.934501e-06    5.152124e-07    1.916562e-06    1.026122e-06    -2.670852e-07    -1.458114e-06
-8.401368e-07    -5.96131e-07    -9.034384e-07    -1.219957e-06    2.194421e-06    -5.296229e-07    5.636718e-06    8.171368e-07    -3.663831e-06    -6.033849e-07    -1.976336e-06    1.535463e-06    1.967351e-06    -1.472192e-06    -1.078493e-07    -2.03468e-07    1.90839e-06    1.155292e-06    -9.612095e-07    -9.439963e-07    2.37926e-07    1.563902e-07    -5.581362e-07    2.118783e-08    9.427421e-09
-5.490298e-07    -1.147971e-07    -1.644458e-06    -2.218653e-06    2.10366e-06    -3.377952e-06    8.171368e-07    7.445097e-06    1.276807e-07    -3.790918e-06    -2.530239e-06    3.043643e-06    2.697749e-06    -1.641489e-06    -2.744734e-07    -1.034048e-06    1.914616e-07    1.381209e-06    -6.637374e-08    -4.190117e-07    -7.555296e-07    1.205152e-06    1.166701e-06    -7.002792e-07    -6.868607e-08
1.735623e-06    7.760596e-07    2.73368e-07    -1.649749e-07    -3.687848e-06    3.889622e-07    -3.663831e-06    1.276807e-07    7.232965e-06    -2.657269e-06    3.036387e-07    1.613494e-06    -3.496128e-07    1.149436e-06    -2.24787e-07    1.01947e-08    -4.673579e-06    -2.259953e-06    1.738614e-06    2.368098e-06    -1.377892e-06    2.500405e-06    3.470733e-06    -8.525479e-07    -1.536193e-06
-1.149463e-06    1.661269e-08    1.123049e-06    1.470447e-06    1.453259e-06    -6.078117e-07    -6.033849e-07    -3.790918e-06    -2.657269e-06    6.276715e-06    2.372439e-06    -3.915357e-06    -1.93823e-06    5.392069e-08    4.332605e-07    7.177669e-08    2.690744e-06    1.249404e-06    -5.349255e-07    -1.527608e-06    5.943755e-07    -2.77351e-06    -2.713641e-06    7.348714e-07    1.885592e-06
-1.988696e-07    -6.118209e-08    8.025421e-07    1.285857e-06    -3.934667e-07    1.716217e-07    -1.976336e-06    -2.530239e-06    3.036387e-07    2.372439e-06    3.147431e-06    -2.270696e-06    -2.616707e-06    5.260565e-07    1.832993e-07    1.259362e-07    3.174295e-07    -4.525259e-08    2.084943e-07    -1.650996e-07    1.883446e-07    -1.38821e-06    -1.050571e-06    2.564559e-07    8.234326e-07
1.217381e-06    -3.575457e-07    -9.170014e-07    -1.408583e-06    -1.850288e-06    -2.303351e-08    1.535463e-06    3.043643e-06    1.613494e-06    -3.915357e-06    -2.270696e-06    8.999813e-06    -1.52951e-06    -2.158703e-06    7.417984e-08    3.57773e-07    -2.711573e-06    -1.75752e-06    1.032108e-06    1.371093e-06    -1.277395e-06    2.344106e-06    3.449391e-06    -4.923685e-07    -2.145391e-06
-5.376649e-07    -2.871209e-07    -1.537005e-06    -1.177437e-06    2.075912e-06    -3.882954e-07    1.967351e-06    2.697749e-06    -3.496128e-07    -1.93823e-06    -2.616707e-06    -1.52951e-06    6.475147e-06    -1.035103e-06    -8.321831e-07    -7.830666e-07    3.628148e-07    1.540687e-06    -2.132297e-08    -7.184111e-07    -1.50258e-07    8.060879e-07    3.074421e-07    -3.218062e-07    -2.234623e-09
1.253218e-06    1.3351e-06    1.601306e-06    4.033921e-07    -3.110673e-06    1.763542e-06    -1.472192e-06    -1.641489e-06    1.149436e-06    5.392069e-08    5.260565e-07    -2.158703e-06    -1.035103e-06    3.602277e-06    -7.012462e-08    2.415774e-07    -2.259724e-06    -2.295307e-06    -1.331137e-07    2.151385e-06    3.537037e-07    1.308423e-06    3.935877e-07    -5.08975e-07    -4.478102e-07
1.985815e-07    4.374203e-07    4.303922e-07    -1.525822e-08    -4.739776e-07    -1.029826e-07    -1.078493e-07    -2.744734e-07    -2.24787e-07    4.332605e-07    1.832993e-07    7.417984e-08    -8.321831e-07    -7.012462e-08    5.490899e-07    1.994976e-07    -1.496473e-07    -4.496367e-07    -4.852188e-08    2.613969e-07    -3.724902e-08    1.979543e-07    1.69095e-07    -2.568261e-08    -1.678964e-07
1.483385e-06    -7.207438e-07    2.497325e-07    1.532872e-06    -2.127431e-06    6.941342e-07    -2.03468e-07    -1.034048e-06    1.01947e-08    7.177669e-08    1.259362e-07    3.57773e-07    -7.830666e-07    2.415774e-07    1.994976e-07    7.237073e-06    -6.570187e-07    -6.570981e-06    -2.4095e-07    1.011372e-06    5.224371e-07    -3.159772e-07    2.381888e-07    1.082412e-06    -1.228945e-06
-5.257157e-06    -3.931406e-06    -2.357041e-06    1.676753e-07    9.184043e-06    -2.680077e-06    1.90839e-06    1.914616e-07    -4.673579e-06    2.690744e-06    3.174295e-07    -2.711573e-06    3.628148e-07    -2.259724e-06    -1.496473e-07    -6.570187e-07    1.787854e-05    5.888056e-06    -8.092161e-06    -6.093986e-06    1.985627e-06    -6.93696e-06    -7.677564e-06    1.793345e-06    5.272073e-06
-4.888164e-06    -2.319733e-06    -3.128492e-06    -1.067685e-06    8.871461e-06    -2.436826e-06    1.155292e-06    1.381209e-06    -2.259953e-06    1.249404e-06    -4.525259e-08    -1.75752e-06    1.540687e-06    -2.295307e-06    -4.496367e-07    -6.570981e-06    5.888056e-06    1.463422e-05    -1.604699e-06    -7.426766e-06    6.270791e-07    -4.637525e-06    -4.988686e-06    6.460586e-07    4.370918e-06
1.905396e-06    8.37241e-08    -3.087537e-07    8.322953e-07    -1.967515e-06    3.814565e-07    -9.612095e-07    -6.637374e-08    1.738614e-06    -5.349255e-07    2.084943e-07    1.032108e-06    -2.132297e-08    -1.331137e-07    -4.852188e-08    -2.4095e-07    -8.092161e-06    -1.604699e-06    8.025108e-06    3.30577e-07    -8.811488e-07    1.146257e-06    2.579357e-06    -1.108801e-07    -1.748646e-06
3.446401e-06    3.141014e-06    2.74757e-06    -4.270209e-07    -6.947669e-06    1.934501e-06    -9.439963e-07    -4.190117e-07    2.368098e-06    -1.527608e-06    -1.650996e-07    1.371093e-06    -7.184111e-07    2.151385e-06    2.613969e-07    1.011372e-06    -6.093986e-06    -7.426766e-06    3.30577e-07    7.432968e-06    -9.84301e-07    5.040081e-06    4.665644e-06    -1.58633e-06    -3.271932e-06
-6.576697e-07    -9.132602e-07    -2.665861e-08    7.555435e-07    6.118494e-07    5.152124e-07    2.37926e-07    -7.555296e-07    -1.377892e-06    5.943755e-07    1.883446e-07    -1.277395e-06    -1.50258e-07    3.537037e-07    -3.724902e-08    5.224371e-07    1.985627e-06    6.270791e-07    -8.811488e-07    -9.84301e-07    5.810362e-06    -1.468422e-06    -5.550408e-06    9.777093e-07    9.237669e-07
2.919545e-06    4.147372e-06    2.351026e-06    -2.065961e-06    -6.250428e-06    1.916562e-06    1.563902e-07    1.205152e-06    2.500405e-06    -2.77351e-06    -1.38821e-06    2.344106e-06    8.060879e-07    1.308423e-06    1.979543e-07    -3.159772e-07    -6.93696e-06    -4.637525e-06    1.146257e-06    5.040081e-06    -1.468422e-06    1.138956e-05    3.532921e-06    -5.284722e-06    -2.000408e-06
3.450088e-06    2.715634e-06    1.136359e-06    -1.311754e-06    -5.292371e-06    1.026122e-06    -5.581362e-07    1.166701e-06    3.470733e-06    -2.713641e-06    -1.050571e-06    3.449391e-06    3.074421e-07    3.935877e-07    1.69095e-07    2.381888e-07    -7.677564e-06    -4.988686e-06    2.579357e-06    4.665644e-06    -5.550408e-06    3.532921e-06    1.166372e-05    -1.632237e-06    -5.319604e-06
-4.142976e-07    -1.683435e-06    -1.023072e-06    1.105217e-06    1.537893e-06    -2.670852e-07    2.118783e-08    -7.002792e-07    -8.525479e-07    7.348714e-07    2.564559e-07    -4.923685e-07    -3.218062e-07    -5.08975e-07    -2.568261e-08    1.082412e-06    1.793345e-06    6.460586e-07    -1.108801e-07    -1.58633e-06    9.777093e-07    -5.284722e-06    -1.632237e-06    5.708089e-06    -1.156352e-06
-2.94481e-06    -1.386254e-06    -9.362491e-07    1.655644e-07    4.440564e-06    -1.458114e-06    9.427421e-09    -6.868607e-08    -1.536193e-06    1.885592e-06    8.234326e-07    -2.145391e-06    -2.234623e-09    -4.478102e-07    -1.678964e-07    -1.228945e-06    5.272073e-06    4.370918e-06    -1.748646e-06    -3.271932e-06    9.237669e-07    -2.000408e-06    -5.319604e-06    -1.156352e-06    5.848153e-06
