5.986784e-06    -5.296229e-07    -3.377952e-06    3.889622e-07    -6.078117e-07    -1.368122e-07    8.469875e-07    1.079851e-06    7.552895e-07    -1.989285e-06    6.941342e-07    -2.680077e-06    -2.436826e-06    3.814565e-07    1.934501e-06    5.152124e-07    1.916562e-06    1.026122e-06    -2.670852e-07    -1.458114e-06
-5.296229e-07    5.636718e-06    8.171368e-07    -3.663831e-06    -6.033849e-07    8.97678e-08    -1.00918e-06    -8.412721e-07    -3.845497e-07    1.474827e-06    -2.03468e-07    1.90839e-06    1.155292e-06    -9.612095e-07    -9.439963e-07    2.37926e-07    1.563902e-07    -5.581362e-07    2.118783e-08    9.427421e-09
-3.377952e-06    8.171368e-07    7.445097e-06    1.276807e-07    -3.790918e-06    8.39253e-07    7.205491e-08    -1.169512e-06    -4.117774e-07    1.464625e-06    -1.034048e-06    1.914616e-07    1.381209e-06    -6.637374e-08    -4.190117e-07    -7.555296e-07    1.205152e-06    1.166701e-06    -7.002792e-07    -6.868607e-08
3.889622e-07    -3.663831e-06    1.276807e-07    7.232965e-06    -2.657269e-06    4.933405e-07    1.587929e-06    1.116634e-06    1.129717e-06    -2.244386e-06    1.01947e-08    -4.673579e-06    -2.259953e-06    1.738614e-06    2.368098e-06    -1.377892e-06    2.500405e-06    3.470733e-06    -8.525479e-07    -1.536193e-06
-6.078117e-07    -6.033849e-07    -3.790918e-06    -2.657269e-06    6.276715e-06    -1.053421e-06    -6.061426e-07    4.010457e-07    -2.85614e-07    5.92062e-07    7.177669e-08    2.690744e-06    1.249404e-06    -5.349255e-07    -1.527608e-06    5.943755e-07    -2.77351e-06    -2.713641e-06    7.348714e-07    1.885592e-06
-1.368122e-07    8.97678e-08    8.39253e-07    4.933405e-07    -1.053421e-06    6.582398e-06    1.037564e-06    -2.446976e-06    -3.224219e-07    -8.358538e-07    1.063625e-06    -2.200158e-06    -1.780145e-06    1.348081e-06    8.647273e-07    -5.233775e-07    5.915885e-07    1.59366e-06    9.304182e-08    -1.030706e-06
8.469875e-07    -1.00918e-06    7.205491e-08    1.587929e-06    -6.061426e-07    1.037564e-06    7.037613e-06    1.691766e-06    -2.041662e-06    -2.820863e-06    3.336553e-08    -4.712402e-06    -3.494572e-06    8.630839e-07    3.596929e-06    -8.303225e-07    3.513852e-06    2.969066e-06    -1.452624e-06    -1.702254e-06
1.079851e-06    -8.412721e-07    -1.169512e-06    1.116634e-06    4.010457e-07    -2.446976e-06    1.691766e-06    6.470306e-06    1.44606e-06    -4.993714e-06    1.181784e-07    -4.19815e-06    -3.396516e-06    7.018181e-07    3.277825e-06    -9.146068e-07    3.026293e-06    2.837679e-06    -1.082281e-06    -1.76508e-06
7.552895e-07    -3.845497e-07    -4.117774e-07    1.129717e-06    -2.85614e-07    -3.224219e-07    -2.041662e-06    1.44606e-06    6.593983e-06    -4.096146e-06    3.873492e-07    -3.218279e-06    -2.154613e-06    1.506259e-06    1.583625e-06    -6.000387e-07    1.990198e-06    2.030828e-06    -5.480062e-07    -1.342844e-06
-1.989285e-06    1.474827e-06    1.464625e-06    -2.244386e-06    5.92062e-07    -8.358538e-07    -2.820863e-06    -4.993714e-06    -4.096146e-06    1.26802e-05    -1.397235e-06    7.163059e-06    6.22619e-06    -1.598926e-06    -5.152263e-06    9.031442e-07    -4.740979e-06    -4.195961e-06    1.321484e-06    3.107328e-06
6.941342e-07    -2.03468e-07    -1.034048e-06    1.01947e-08    7.177669e-08    1.063625e-06    3.336553e-08    1.181784e-07    3.873492e-07    -1.397235e-06    7.237073e-06    -6.570187e-07    -6.570981e-06    -2.4095e-07    1.011372e-06    5.224371e-07    -3.159772e-07    2.381888e-07    1.082412e-06    -1.228945e-06
-2.680077e-06    1.90839e-06    1.914616e-07    -4.673579e-06    2.690744e-06    -2.200158e-06    -4.712402e-06    -4.19815e-06    -3.218279e-06    7.163059e-06    -6.570187e-07    1.787854e-05    5.888056e-06    -8.092161e-06    -6.093986e-06    1.985627e-06    -6.93696e-06    -7.677564e-06    1.793345e-06    5.272073e-06
-2.436826e-06    1.155292e-06    1.381209e-06    -2.259953e-06    1.249404e-06    -1.780145e-06    -3.494572e-06    -3.396516e-06    -2.154613e-06    6.22619e-06    -6.570981e-06    5.888056e-06    1.463422e-05    -1.604699e-06    -7.426766e-06    6.270791e-07    -4.637525e-06    -4.988686e-06    6.460586e-07    4.370918e-06
3.814565e-07    -9.612095e-07    -6.637374e-08    1.738614e-06    -5.349255e-07    1.348081e-06    8.630839e-07    7.018181e-07    1.506259e-06    -1.598926e-06    -2.4095e-07    -8.092161e-06    -1.604699e-06    8.025108e-06    3.30577e-07    -8.811488e-07    1.146257e-06    2.579357e-06    -1.108801e-07    -1.748646e-06
1.934501e-06    -9.439963e-07    -4.190117e-07    2.368098e-06    -1.527608e-06    8.647273e-07    3.596929e-06    3.277825e-06    1.583625e-06    -5.152263e-06    1.011372e-06    -6.093986e-06    -7.426766e-06    3.30577e-07    7.432968e-06    -9.84301e-07    5.040081e-06    4.665644e-06    -1.58633e-06    -3.271932e-06
5.152124e-07    2.37926e-07    -7.555296e-07    -1.377892e-06    5.943755e-07    -5.233775e-07    -8.303225e-07    -9.146068e-07    -6.000387e-07    9.031442e-07    5.224371e-07    1.985627e-06    6.270791e-07    -8.811488e-07    -9.84301e-07    5.810362e-06    -1.468422e-06    -5.550408e-06    9.777093e-07    9.237669e-07
1.916562e-06    1.563902e-07    1.205152e-06    2.500405e-06    -2.77351e-06    5.915885e-07    3.513852e-06    3.026293e-06    1.990198e-06    -4.740979e-06    -3.159772e-07    -6.93696e-06    -4.637525e-06    1.146257e-06    5.040081e-06    -1.468422e-06    1.138956e-05    3.532921e-06    -5.284722e-06    -2.000408e-06
1.026122e-06    -5.581362e-07    1.166701e-06    3.470733e-06    -2.713641e-06    1.59366e-06    2.969066e-06    2.837679e-06    2.030828e-06    -4.195961e-06    2.381888e-07    -7.677564e-06    -4.988686e-06    2.579357e-06    4.665644e-06    -5.550408e-06    3.532921e-06    1.166372e-05    -1.632237e-06    -5.319604e-06
-2.670852e-07    2.118783e-08    -7.002792e-07    -8.525479e-07    7.348714e-07    9.304182e-08    -1.452624e-06    -1.082281e-06    -5.480062e-07    1.321484e-06    1.082412e-06    1.793345e-06    6.460586e-07    -1.108801e-07    -1.58633e-06    9.777093e-07    -5.284722e-06    -1.632237e-06    5.708089e-06    -1.156352e-06
-1.458114e-06    9.427421e-09    -6.868607e-08    -1.536193e-06    1.885592e-06    -1.030706e-06    -1.702254e-06    -1.76508e-06    -1.342844e-06    3.107328e-06    -1.228945e-06    5.272073e-06    4.370918e-06    -1.748646e-06    -3.271932e-06    9.237669e-07    -2.000408e-06    -5.319604e-06    -1.156352e-06    5.848153e-06
