3.595145e-06    2.824355e-06    5.255563e-07    -1.665826e-06    -4.25713e-06    -1.464146e-06    -5.003546e-06    -2.895222e-06    -6.273105e-07    3.506659e-06    5.898714e-07    -5.889142e-06    -3.730086e-06    1.916325e-06    3.387624e-06
2.824355e-06    4.016311e-06    1.786867e-06    -2.101503e-06    -4.336606e-06    -1.822916e-06    -5.618109e-06    -2.219235e-06    3.781074e-07    2.920852e-06    -4.860404e-08    -5.696525e-06    -3.509868e-06    1.270182e-06    3.75733e-06
5.255563e-07    1.786867e-06    2.326633e-06    -1.254505e-07    -2.34425e-06    -1.116098e-06    -2.147092e-06    -2.781464e-07    9.915653e-07    7.541266e-07    6.172844e-07    -2.145947e-06    -2.596999e-06    5.201628e-07    1.967253e-06
-1.665826e-06    -2.101503e-06    -1.254505e-07    2.642525e-06    3.374383e-06    9.794511e-07    4.040596e-06    2.37486e-06    8.481361e-08    -2.633487e-06    5.90575e-07    3.366604e-06    1.123651e-06    -2.191666e-07    -2.105718e-06
-4.25713e-06    -4.336606e-06    -2.34425e-06    3.374383e-06    1.06694e-05    3.16562e-06    8.337544e-06    4.26871e-06    -1.46027e-06    -4.929568e-06    -1.169949e-06    9.259095e-06    6.442072e-06    -2.758049e-06    -5.767889e-06
-1.464146e-06    -1.822916e-06    -1.116098e-06    9.794511e-07    3.16562e-06    1.895892e-06    2.157595e-06    4.194005e-07    -4.144055e-07    -1.334651e-06    -2.96803e-07    3.034721e-06    1.895577e-06    -7.841241e-07    -1.933252e-06
-5.003546e-06    -5.618109e-06    -2.147092e-06    4.040596e-06    8.337544e-06    2.157595e-06    1.204235e-05    6.41291e-06    -7.662621e-07    -6.450913e-06    -2.373973e-07    1.013855e-05    7.236849e-06    -1.997622e-06    -7.126888e-06
-2.895222e-06    -2.219235e-06    -2.781464e-07    2.37486e-06    4.26871e-06    4.194005e-07    6.41291e-06    6.045488e-06    9.926894e-07    -4.932386e-06    -2.623857e-07    5.454662e-06    4.038688e-06    -1.030182e-06    -3.804808e-06
-6.273105e-07    3.781074e-07    9.915653e-07    8.481361e-08    -1.46027e-06    -4.144055e-07    -7.662621e-07    9.926894e-07    3.37897e-06    -1.880869e-06    8.358264e-08    -5.75104e-07    -1.025076e-06    6.247792e-07    5.045659e-07
3.506659e-06    2.920852e-06    7.541266e-07    -2.633487e-06    -4.929568e-06    -1.334651e-06    -6.450913e-06    -4.932386e-06    -1.880869e-06    7.032047e-06    1.442459e-07    -6.112496e-06    -3.434902e-06    1.130033e-06    3.760211e-06
5.898714e-07    -4.860404e-08    6.172844e-07    5.90575e-07    -1.169949e-06    -2.96803e-07    -2.373973e-07    -2.623857e-07    8.358264e-08    1.442459e-07    2.012641e-06    -1.084462e-06    -2.528048e-06    5.52929e-07    8.895366e-07
-5.889142e-06    -5.696525e-06    -2.145947e-06    3.366604e-06    9.259095e-06    3.034721e-06    1.013855e-05    5.454662e-06    -5.75104e-07    -6.112496e-06    -1.084462e-06    1.231489e-05    7.399215e-06    -4.367598e-06    -6.808388e-06
-3.730086e-06    -3.509868e-06    -2.596999e-06    1.123651e-06    6.442072e-06    1.895577e-06    7.236849e-06    4.038688e-06    -1.025076e-06    -3.434902e-06    -2.528048e-06    7.399215e-06    8.376002e-06    -2.191953e-06    -5.799055e-06
1.916325e-06    1.270182e-06    5.201628e-07    -2.191666e-07    -2.758049e-06    -7.841241e-07    -1.997622e-06    -1.030182e-06    6.247792e-07    1.130033e-06    5.52929e-07    -4.367598e-06    -2.191953e-06    2.952375e-06    1.537028e-06
3.387624e-06    3.75733e-06    1.967253e-06    -2.105718e-06    -5.767889e-06    -1.933252e-06    -7.126888e-06    -3.804808e-06    5.045659e-07    3.760211e-06    8.895366e-07    -6.808388e-06    -5.799055e-06    1.537028e-06    5.02213e-06
