3.595145e-06    2.824355e-06    5.255563e-07    -1.665826e-06    -4.25713e-06    -1.464146e-06    -5.003546e-06    -2.895222e-06    -6.273105e-07    3.506659e-06    -1.111998e-06    -4.750234e-06    -3.818167e-06    -9.987958e-08    4.517886e-06    -2.583983e-06    3.824927e-06    4.27892e-06    -1.410351e-06    -2.413055e-06    -5.304688e-07    1.701912e-06    -4.767598e-08    1.084569e-06    1.579153e-07
2.824355e-06    4.016311e-06    1.786867e-06    -2.101503e-06    -4.336606e-06    -1.822916e-06    -5.618109e-06    -2.219235e-06    3.781074e-07    2.920852e-06    -4.694562e-07    -4.429153e-06    -3.781093e-06    -4.833925e-07    3.455623e-06    -3.871275e-06    3.446014e-06    7.195429e-06    -2.29179e-06    -2.750233e-06    1.713549e-07    3.947517e-07    -5.743979e-07    1.458094e-06    3.381178e-07
5.255563e-07    1.786867e-06    2.326633e-06    -1.254505e-07    -2.34425e-06    -1.116098e-06    -2.147092e-06    -2.781464e-07    9.915653e-07    7.541266e-07    -5.040652e-07    -1.274548e-06    -1.133636e-06    -5.64638e-07    6.691127e-07    -2.126729e-06    5.433818e-07    5.189175e-06    -1.069848e-06    -1.556542e-06    4.88332e-07    -6.225994e-07    -5.996862e-07    5.923509e-07    3.072336e-07
-1.665826e-06    -2.101503e-06    -1.254505e-07    2.642525e-06    3.374383e-06    9.794511e-07    4.040596e-06    2.37486e-06    8.481361e-08    -2.633487e-06    -1.44628e-07    3.036536e-06    2.86632e-06    6.234176e-08    -2.75834e-06    1.534966e-06    -1.05026e-06    -4.014628e-06    1.708414e-06    1.840999e-06    5.550195e-07    -9.716415e-07    -3.594575e-07    -1.028522e-06    -3.114234e-09
-4.25713e-06    -4.336606e-06    -2.34425e-06    3.374383e-06    1.06694e-05    3.16562e-06    8.337544e-06    4.26871e-06    -1.46027e-06    -4.929568e-06    1.456662e-06    7.605055e-06    6.828289e-06    -5.809833e-07    -5.92067e-06    3.28997e-06    -3.717561e-06    -9.223354e-06    3.290627e-06    5.253151e-06    4.346069e-07    -2.363918e-06    1.253533e-07    -1.792672e-06    -1.97515e-07
-1.464146e-06    -1.822916e-06    -1.116098e-06    9.794511e-07    3.16562e-06    1.895892e-06    2.157595e-06    4.194005e-07    -4.144055e-07    -1.334651e-06    6.733109e-07    2.510383e-06    1.795792e-06    5.712957e-08    -1.847302e-06    1.571381e-06    -1.125152e-06    -3.402784e-06    7.993063e-07    1.610111e-06    1.003645e-07    -2.31243e-07    1.265517e-07    -8.839982e-07    -1.428729e-07
-5.003546e-06    -5.618109e-06    -2.147092e-06    4.040596e-06    8.337544e-06    2.157595e-06    1.204235e-05    6.41291e-06    -7.662621e-07    -6.450913e-06    1.119988e-06    8.419492e-06    7.753318e-06    1.726159e-07    -7.536254e-06    4.934384e-06    -5.06178e-06    -1.190711e-05    3.876e-06    5.783704e-06    8.170719e-07    -2.27124e-06    -7.905217e-08    -2.959835e-06    -1.931535e-07
-2.895222e-06    -2.219235e-06    -2.781464e-07    2.37486e-06    4.26871e-06    4.194005e-07    6.41291e-06    6.045488e-06    9.926894e-07    -4.932386e-06    9.19017e-07    5.028171e-06    4.557907e-06    1.858583e-07    -4.643314e-06    2.469324e-06    -1.837743e-06    -5.773476e-06    1.315818e-06    2.499989e-06    1.708825e-06    -2.788915e-06    -1.011623e-06    -1.145027e-06    4.273897e-08
-6.273105e-07    3.781074e-07    9.915653e-07    8.481361e-08    -1.46027e-06    -4.144055e-07    -7.662621e-07    9.926894e-07    3.37897e-06    -1.880869e-06    -1.412371e-07    -3.219228e-07    -9.382394e-08    1.719984e-06    -1.468115e-06    3.926596e-07    1.065504e-06    3.741754e-07    -9.67533e-07    -8.705387e-07    1.259876e-06    -1.594927e-06    -9.730812e-07    8.467758e-07    -2.711312e-08
3.506659e-06    2.920852e-06    7.541266e-07    -2.633487e-06    -4.929568e-06    -1.334651e-06    -6.450913e-06    -4.932386e-06    -1.880869e-06    7.032047e-06    -7.269085e-07    -5.587386e-06    -5.313499e-06    -1.483907e-06    7.282762e-06    -3.41315e-06    1.506411e-06    6.368884e-06    -5.84156e-07    -2.435245e-06    -2.170028e-06    3.401358e-06    1.639862e-06    3.363082e-07    1.033773e-07
-1.111998e-06    -4.694562e-07    -5.040652e-07    -1.44628e-07    1.456662e-06    6.733109e-07    1.119988e-06    9.19017e-07    -1.412371e-07    -7.269085e-07    2.938365e-06    5.52461e-07    -3.828623e-07    -3.597655e-07    -1.475985e-06    5.615707e-07    -4.739035e-07    -2.369842e-06    6.536059e-07    1.128322e-06    1.269727e-07    -7.152175e-07    1.013296e-06    -8.176373e-07    -2.397155e-07
-4.750234e-06    -4.429153e-06    -1.274548e-06    3.036536e-06    7.605055e-06    2.510383e-06    8.419492e-06    5.028171e-06    -3.219228e-07    -5.587386e-06    5.52461e-07    8.959781e-06    7.379887e-06    -3.554531e-07    -6.442373e-06    4.060874e-06    -5.132192e-06    -6.65389e-06    1.690366e-06    3.74038e-06    1.370852e-06    -2.655639e-06    -1.063748e-06    -1.67887e-06    -1.920347e-08
-3.818167e-06    -3.781093e-06    -1.133636e-06    2.86632e-06    6.828289e-06    1.795792e-06    7.753318e-06    4.557907e-06    -9.382394e-08    -5.313499e-06    -3.828623e-07    7.379887e-06    7.571474e-06    4.759414e-07    -6.435171e-06    3.232873e-06    -3.646659e-06    -6.036143e-06    1.447824e-06    3.485233e-06    1.255438e-06    -3.315892e-06    -1.199979e-06    -7.588327e-07    1.179058e-07
-9.987958e-08    -4.833925e-07    -5.64638e-07    6.234176e-08    -5.809833e-07    5.712957e-08    1.726159e-07    1.858583e-07    1.719984e-06    -1.483907e-06    -3.597655e-07    -3.554531e-07    4.759414e-07    2.226733e-06    -1.332381e-06    1.115128e-06    1.471124e-06    -2.118583e-06    -4.729695e-07    -4.45939e-08    6.319283e-07    -1.064915e-06    -4.858601e-07    7.150792e-07    -1.186963e-07
4.517886e-06    3.455623e-06    6.691127e-07    -2.75834e-06    -5.92067e-06    -1.847302e-06    -7.536254e-06    -4.643314e-06    -1.468115e-06    7.282762e-06    -1.475985e-06    -6.442373e-06    -6.435171e-06    -1.332381e-06    9.474392e-06    -3.302697e-06    2.79288e-06    6.082959e-06    -7.265729e-07    -3.182879e-06    -1.9952e-06    4.214863e-06    1.253758e-06    5.9794e-07    1.176472e-09
-2.583983e-06    -3.871275e-06    -2.126729e-06    1.534966e-06    3.28997e-06    1.571381e-06    4.934384e-06    2.469324e-06    3.926596e-07    -3.41315e-06    5.615707e-07    4.060874e-06    3.232873e-06    1.115128e-06    -3.302697e-06    4.849772e-06    -3.047043e-06    -7.490563e-06    1.542418e-06    1.861612e-06    4.749586e-08    -4.26823e-07    3.942875e-07    -9.643785e-07    -4.611437e-07
3.824927e-06    3.446014e-06    5.433818e-07    -1.05026e-06    -3.717561e-06    -1.125152e-06    -5.06178e-06    -1.837743e-06    1.065504e-06    1.506411e-06    -4.739035e-07    -5.132192e-06    -3.646659e-06    1.471124e-06    2.79288e-06    -3.047043e-06    7.856725e-06    1.943641e-06    -1.931082e-06    -1.853322e-06    1.094733e-06    -3.367498e-07    -1.008616e-06    1.435467e-06    1.672513e-07
4.27892e-06    7.195429e-06    5.189175e-06    -4.014628e-06    -9.223354e-06    -3.402784e-06    -1.190711e-05    -5.773476e-06    3.741754e-07    6.368884e-06    -2.369842e-06    -6.65389e-06    -6.036143e-06    -2.118583e-06    6.082959e-06    -7.490563e-06    1.943641e-06    2.079375e-05    -5.712522e-06    -7.156094e-06    -1.882823e-07    9.559051e-07    -1.581951e-06    3.526036e-06    9.758886e-07
-1.410351e-06    -2.29179e-06    -1.069848e-06    1.708414e-06    3.290627e-06    7.993063e-07    3.876e-06    1.315818e-06    -9.67533e-07    -5.84156e-07    6.536059e-07    1.690366e-06    1.447824e-06    -4.729695e-07    -7.265729e-07    1.542418e-06    -1.931082e-06    -5.712522e-06    3.202605e-06    2.5928e-06    -8.854028e-07    5.59719e-07    1.425575e-06    -1.639923e-06    -3.019148e-07
-2.413055e-06    -2.750233e-06    -1.556542e-06    1.840999e-06    5.253151e-06    1.610111e-06    5.783704e-06    2.499989e-06    -8.705387e-07    -2.435245e-06    1.128322e-06    3.74038e-06    3.485233e-06    -4.45939e-08    -3.182879e-06    1.861612e-06    -1.853322e-06    -7.156094e-06    2.5928e-06    3.888566e-06    4.958749e-08    -9.505501e-07    6.183987e-07    -1.846675e-06    -1.927225e-07
-5.304688e-07    1.713549e-07    4.88332e-07    5.550195e-07    4.346069e-07    1.003645e-07    8.170719e-07    1.708825e-06    1.259876e-06    -2.170028e-06    1.269727e-07    1.370852e-06    1.255438e-06    6.319283e-07    -1.9952e-06    4.749586e-08    1.094733e-06    -1.882823e-07    -8.854028e-07    4.958749e-08    1.62064e-06    -1.651653e-06    -1.458043e-06    1.938578e-07    1.489974e-07
1.701912e-06    3.947517e-07    -6.225994e-07    -9.716415e-07    -2.363918e-06    -2.31243e-07    -2.27124e-06    -2.788915e-06    -1.594927e-06    3.401358e-06    -7.152175e-07    -2.655639e-06    -3.315892e-06    -1.064915e-06    4.214863e-06    -4.26823e-07    -3.367498e-07    9.559051e-07    5.59719e-07    -9.505501e-07    -1.651653e-06    4.443923e-06    7.937537e-07    -8.431933e-07    -1.561265e-07
-4.767598e-08    -5.743979e-07    -5.996862e-07    -3.594575e-07    1.253533e-07    1.265517e-07    -7.905217e-08    -1.011623e-06    -9.730812e-07    1.639862e-06    1.013296e-06    -1.063748e-06    -1.199979e-06    -4.858601e-07    1.253758e-06    3.942875e-07    -1.008616e-06    -1.581951e-06    1.425575e-06    6.183987e-07    -1.458043e-06    7.937537e-07    2.179687e-06    -5.967358e-07    -3.02069e-07
1.084569e-06    1.458094e-06    5.923509e-07    -1.028522e-06    -1.792672e-06    -8.839982e-07    -2.959835e-06    -1.145027e-06    8.467758e-07    3.363082e-07    -8.176373e-07    -1.67887e-06    -7.588327e-07    7.150792e-07    5.9794e-07    -9.643785e-07    1.435467e-06    3.526036e-06    -1.639923e-06    -1.846675e-06    1.938578e-07    -8.431933e-07    -5.967358e-07    2.027902e-06    8.231542e-08
1.579153e-07    3.381178e-07    3.072336e-07    -3.114234e-09    -1.97515e-07    -1.428729e-07    -1.931535e-07    4.273897e-08    -2.711312e-08    1.033773e-07    -2.397155e-07    -1.920347e-08    1.179058e-07    -1.186963e-07    1.176472e-09    -4.611437e-07    1.672513e-07    9.758886e-07    -3.019148e-07    -1.927225e-07    1.489974e-07    -1.561265e-07    -3.02069e-07    8.231542e-08    1.394023e-07
