3.595145e-06    2.824355e-06    5.255563e-07    -1.665826e-06    -4.25713e-06    1.823892e-06    1.862519e-06    1.576832e-06    1.241135e-06    -2.833011e-06
2.824355e-06    4.016311e-06    1.786867e-06    -2.101503e-06    -4.336606e-06    1.537798e-06    3.383147e-06    2.514611e-06    2.798351e-07    -3.274986e-06
5.255563e-07    1.786867e-06    2.326633e-06    -1.254505e-07    -2.34425e-06    1.489593e-06    1.783884e-06    6.063148e-07    3.511592e-07    -2.274944e-06
-1.665826e-06    -2.101503e-06    -1.254505e-07    2.642525e-06    3.374383e-06    -2.674485e-07    -2.077471e-06    -1.73365e-06    5.047037e-07    7.965129e-07
-4.25713e-06    -4.336606e-06    -2.34425e-06    3.374383e-06    1.06694e-05    -3.096621e-06    -3.511336e-06    -1.698956e-06    -1.256331e-06    4.638318e-06
1.823892e-06    1.537798e-06    1.489593e-06    -2.674485e-07    -3.096621e-06    4.065874e-06    1.444463e-06    -1.30919e-06    1.393739e-06    -2.555243e-06
1.862519e-06    3.383147e-06    1.783884e-06    -2.077471e-06    -3.511336e-06    1.444463e-06    3.996512e-06    2.036594e-06    -2.94904e-07    -2.130989e-06
1.576832e-06    2.514611e-06    6.063148e-07    -1.73365e-06    -1.698956e-06    -1.30919e-06    2.036594e-06    4.786242e-06    -3.044692e-07    -2.243706e-06
1.241135e-06    2.798351e-07    3.511592e-07    5.047037e-07    -1.256331e-06    1.393739e-06    -2.94904e-07    -3.044692e-07    2.846093e-06    -3.047384e-06
-2.833011e-06    -3.274986e-06    -2.274944e-06    7.965129e-07    4.638318e-06    -2.555243e-06    -2.130989e-06    -2.243706e-06    -3.047384e-06    6.855159e-06
