3.595145e-06    2.824355e-06    5.255563e-07    -1.665826e-06    -4.25713e-06    6.730946e-06    -2.012875e-07    -6.885118e-06    -1.757186e-06    1.155115e-08
2.824355e-06    4.016311e-06    1.786867e-06    -2.101503e-06    -4.336606e-06    5.546e-06    5.360523e-07    -4.11364e-06    -1.565807e-06    -1.387096e-06
5.255563e-07    1.786867e-06    2.326633e-06    -1.254505e-07    -2.34425e-06    1.240217e-06    7.247615e-07    -1.578471e-07    -3.746693e-08    -1.635855e-06
-1.665826e-06    -2.101503e-06    -1.254505e-07    2.642525e-06    3.374383e-06    -3.984652e-06    3.590189e-07    3.991331e-06    8.796358e-07    -8.95397e-07
-4.25713e-06    -4.336606e-06    -2.34425e-06    3.374383e-06    1.06694e-05    -1.03879e-05    -4.836888e-07    1.041144e-05    1.433096e-06    -8.395735e-07
6.730946e-06    5.546e-06    1.240217e-06    -3.984652e-06    -1.03879e-05    1.954222e-05    -1.737348e-06    -1.898621e-05    -3.820782e-06    9.159736e-07
-2.012875e-07    5.360523e-07    7.247615e-07    3.590189e-07    -4.836888e-07    -1.737348e-06    2.328116e-06    2.061881e-06    -2.440185e-07    -3.453083e-07
-6.885118e-06    -4.11364e-06    -1.578471e-07    3.991331e-06    1.041144e-05    -1.898621e-05    2.061881e-06    2.370788e-05    3.645123e-06    -4.239654e-06
-1.757186e-06    -1.565807e-06    -3.746693e-08    8.796358e-07    1.433096e-06    -3.820782e-06    -2.440185e-07    3.645123e-06    3.125698e-06    -1.676828e-06
1.155115e-08    -1.387096e-06    -1.635855e-06    -8.95397e-07    -8.395735e-07    9.159736e-07    -3.453083e-07    -4.239654e-06    -1.676828e-06    6.966204e-06
