2.610806e-06    -6.932331e-07    -1.302551e-06    1.299365e-06    -8.407168e-07    -1.518963e-07    1.043626e-06    9.945525e-07    9.797689e-07    -2.257701e-06    -6.907621e-07    2.048096e-06    2.763947e-06    -1.568527e-06    -1.939179e-06
-6.932331e-07    1.820546e-06    1.15889e-06    -1.507002e-06    -4.918427e-07    8.234068e-08    -1.372182e-06    -8.184095e-07    -5.229396e-07    1.749262e-06    8.623573e-07    -2.411108e-06    -1.581355e-06    1.510902e-06    1.169199e-06
-1.302551e-06    1.15889e-06    4.416799e-06    1.066789e-09    -2.817883e-06    9.051316e-07    1.722664e-07    -1.390678e-06    -5.754908e-07    1.682469e-06    -1.320578e-07    -2.517135e-06    -4.486838e-07    1.799645e-06    6.720765e-07
1.299365e-06    -1.507002e-06    1.066789e-09    3.692722e-06    -1.906334e-06    6.647552e-07    1.865519e-06    9.718974e-07    1.359683e-06    -2.552038e-06    -1.424647e-06    3.355158e-06    2.501122e-06    -1.517283e-06    -2.293538e-06
-8.407168e-07    -4.918427e-07    -2.817883e-06    -1.906334e-06    4.014613e-06    -1.234842e-06    -7.927107e-07    6.122638e-07    -3.910735e-07    7.237401e-07    3.290871e-07    6.999047e-08    -1.038693e-06    -4.056426e-07    1.211147e-06
-1.518963e-07    8.234068e-08    9.051316e-07    6.647552e-07    -1.234842e-06    1.728296e-06    5.63794e-07    6.632652e-08    2.454159e-08    -8.461414e-07    -4.981498e-07    6.93196e-07    3.702011e-07    4.739665e-07    -5.537588e-07
1.043626e-06    -1.372182e-06    1.722664e-07    1.865519e-06    -7.927107e-07    5.63794e-07    3.379428e-06    1.695834e-06    7.760532e-07    -3.887484e-06    -3.018355e-06    1.936374e-06    7.158952e-06    -2.207974e-06    -2.705427e-06
9.945525e-07    -8.184095e-07    -1.390678e-06    9.718974e-07    6.122638e-07    6.632652e-08    1.695834e-06    2.808297e-06    1.282215e-06    -2.909534e-06    -2.790436e-06    2.494625e-06    5.207411e-06    -1.509462e-06    -1.938974e-06
9.797689e-07    -5.229396e-07    -5.754908e-07    1.359683e-06    -3.910735e-07    2.454159e-08    7.760532e-07    1.282215e-06    1.788368e-06    -1.941441e-06    -1.791525e-06    3.042202e-06    1.726881e-06    -6.893394e-07    -8.434512e-07
-2.257701e-06    1.749262e-06    1.682469e-06    -2.552038e-06    7.237401e-07    -8.461414e-07    -3.887484e-06    -2.909534e-06    -1.941441e-06    7.054571e-06    4.091511e-06    -4.339938e-06    -8.854463e-06    3.182684e-06    3.647348e-06
-6.907621e-07    8.623573e-07    -1.320578e-07    -1.424647e-06    3.290871e-07    -4.981498e-07    -3.018355e-06    -2.790436e-06    -1.791525e-06    4.091511e-06    4.849772e-06    -3.047043e-06    -7.490563e-06    1.542418e-06    1.861612e-06
2.048096e-06    -2.411108e-06    -2.517135e-06    3.355158e-06    6.999047e-08    6.93196e-07    1.936374e-06    2.494625e-06    3.042202e-06    -4.339938e-06    -3.047043e-06    7.856725e-06    1.943641e-06    -1.931082e-06    -1.853322e-06
2.763947e-06    -1.581355e-06    -4.486838e-07    2.501122e-06    -1.038693e-06    3.702011e-07    7.158952e-06    5.207411e-06    1.726881e-06    -8.854463e-06    -7.490563e-06    1.943641e-06    2.079375e-05    -5.712522e-06    -7.156094e-06
-1.568527e-06    1.510902e-06    1.799645e-06    -1.517283e-06    -4.056426e-07    4.739665e-07    -2.207974e-06    -1.509462e-06    -6.893394e-07    3.182684e-06    1.542418e-06    -1.931082e-06    -5.712522e-06    3.202605e-06    2.5928e-06
-1.939179e-06    1.169199e-06    6.720765e-07    -2.293538e-06    1.211147e-06    -5.537588e-07    -2.705427e-06    -1.938974e-06    -8.434512e-07    3.647348e-06    1.861612e-06    -1.853322e-06    -7.156094e-06    2.5928e-06    3.888566e-06
