3.490078e-06    1.213294e-06    1.097288e-06    2.060172e-07    -4.584124e-06    1.386294e-06    -5.701152e-07    -4.216225e-07    1.680811e-06    -1.322252e-06    -1.8055e-06    -3.477872e-06    -2.780262e-06    -5.107244e-07    5.150084e-06    -2.131228e-06    2.653212e-06    5.103729e-06    -1.439892e-06    -2.542415e-06
1.213294e-06    3.784766e-06    2.010427e-06    -1.633096e-06    -2.675437e-06    1.335244e-06    -9.42931e-07    -8.514696e-08    1.386805e-06    -4.685438e-07    -6.093963e-07    -3.180714e-06    -2.772726e-06    4.838898e-07    3.621334e-06    -3.535259e-06    2.941205e-06    5.574153e-06    -1.850047e-06    -1.596435e-06
1.097288e-06    2.010427e-06    2.951421e-06    -1.846875e-07    -3.412919e-06    8.797723e-07    -6.707995e-07    -1.296278e-06    4.741276e-07    6.690185e-07    -5.111906e-07    -1.549285e-06    -1.122397e-06    3.129305e-07    2.331768e-06    -2.282874e-06    1.290762e-06    5.919173e-06    -2.140356e-06    -1.814142e-06
2.060172e-07    -1.633096e-06    -1.846875e-07    2.647575e-06    9.443321e-07    -2.552144e-08    -3.676112e-07    -1.639144e-06    -7.822841e-07    1.391606e-06    3.344962e-07    1.829111e-06    1.182049e-06    -5.869652e-07    -1.414645e-06    8.417757e-07    2.605355e-07    -1.216161e-06    2.904874e-07    2.07687e-07
-4.584124e-06    -2.675437e-06    -3.412919e-06    9.443321e-07    1.169766e-05    -3.403236e-06    1.602881e-06    1.421841e-06    -3.721297e-06    2.160274e-06    2.405519e-06    6.729598e-06    5.175181e-06    -5.393065e-07    -8.801705e-06    3.191537e-06    -3.013047e-06    -1.156947e-05    4.638381e-06    5.833045e-06
1.386294e-06    1.335244e-06    8.797723e-07    -2.552144e-08    -3.403236e-06    2.610806e-06    -6.932331e-07    -1.302551e-06    1.299365e-06    -8.407168e-07    -3.245739e-07    -2.434716e-06    -2.295351e-06    5.914269e-07    2.337016e-06    -6.907621e-07    2.048096e-06    2.763947e-06    -1.568527e-06    -1.939179e-06
-5.701152e-07    -9.42931e-07    -6.707995e-07    -3.676112e-07    1.602881e-06    -6.932331e-07    1.820546e-06    1.15889e-06    -1.507002e-06    -4.918427e-07    -4.970096e-07    7.08502e-07    1.421406e-06    -3.943827e-07    -1.199777e-06    8.623573e-07    -2.411108e-06    -1.581355e-06    1.510902e-06    1.169199e-06
-4.216225e-07    -8.514696e-08    -1.296278e-06    -1.639144e-06    1.421841e-06    -1.302551e-06    1.15889e-06    4.416799e-06    1.066789e-09    -2.817883e-06    -7.979827e-07    -1.194971e-06    -4.967827e-09    -9.987768e-07    1.340916e-06    -1.320578e-07    -2.517135e-06    -4.486838e-07    1.799645e-06    6.720765e-07
1.680811e-06    1.386805e-06    4.741276e-07    -7.822841e-07    -3.721297e-06    1.299365e-06    -1.507002e-06    1.066789e-09    3.692722e-06    -1.906334e-06    -2.193987e-07    -4.346786e-06    -4.339703e-06    8.908011e-07    4.82367e-06    -1.424647e-06    3.355158e-06    2.501122e-06    -1.517283e-06    -2.293538e-06
-1.322252e-06    -4.685438e-07    6.690185e-07    1.391606e-06    2.160274e-06    -8.407168e-07    -4.918427e-07    -2.817883e-06    -1.906334e-06    4.014613e-06    1.23595e-06    3.669039e-06    2.579244e-06    4.875582e-07    -4.188876e-06    3.290871e-07    6.999047e-08    -1.038693e-06    -4.056426e-07    1.211147e-06
-1.8055e-06    -6.093963e-07    -5.111906e-07    3.344962e-07    2.405519e-06    -3.245739e-07    -4.970096e-07    -7.979827e-07    -2.193987e-07    1.23595e-06    2.001764e-06    1.686116e-06    5.904205e-07    8.1742e-07    -3.160535e-06    1.319525e-06    1.768882e-07    -3.723407e-06    4.060333e-07    1.292609e-06
-3.477872e-06    -3.180714e-06    -1.549285e-06    1.829111e-06    6.729598e-06    -2.434716e-06    7.08502e-07    -1.194971e-06    -4.346786e-06    3.669039e-06    1.686116e-06    8.997597e-06    7.171972e-06    -6.955095e-07    -9.452042e-06    3.956167e-06    -3.973859e-06    -7.78975e-06    1.745271e-06    4.14507e-06
-2.780262e-06    -2.772726e-06    -1.122397e-06    1.182049e-06    5.175181e-06    -2.295351e-06    1.421406e-06    -4.967827e-09    -4.339703e-06    2.579244e-06    5.904205e-07    7.171972e-06    6.910058e-06    -1.004171e-06    -7.518411e-06    3.276422e-06    -4.879929e-06    -5.049513e-06    1.717563e-06    3.154756e-06
-5.107244e-07    4.838898e-07    3.129305e-07    -5.869652e-07    -5.393065e-07    5.914269e-07    -3.943827e-07    -9.987768e-07    8.908011e-07    4.875582e-07    8.1742e-07    -6.955095e-07    -1.004171e-06    1.524391e-06    -5.479888e-07    1.740079e-07    9.843784e-07    -4.601283e-07    -5.872237e-07    -1.843659e-07
5.150084e-06    3.621334e-06    2.331768e-06    -1.414645e-06    -8.801705e-06    2.337016e-06    -1.199777e-06    1.340916e-06    4.82367e-06    -4.188876e-06    -3.160535e-06    -9.452042e-06    -7.518411e-06    -5.479888e-07    1.26785e-05    -5.368707e-06    4.403333e-06    1.147027e-05    -2.854164e-06    -5.322842e-06
-2.131228e-06    -3.535259e-06    -2.282874e-06    8.417757e-07    3.191537e-06    -6.907621e-07    8.623573e-07    -1.320578e-07    -1.424647e-06    3.290871e-07    1.319525e-06    3.956167e-06    3.276422e-06    1.740079e-07    -5.368707e-06    4.849772e-06    -3.047043e-06    -7.490563e-06    1.542418e-06    1.861612e-06
2.653212e-06    2.941205e-06    1.290762e-06    2.605355e-07    -3.013047e-06    2.048096e-06    -2.411108e-06    -2.517135e-06    3.355158e-06    6.999047e-08    1.768882e-07    -3.973859e-06    -4.879929e-06    9.843784e-07    4.403333e-06    -3.047043e-06    7.856725e-06    1.943641e-06    -1.931082e-06    -1.853322e-06
5.103729e-06    5.574153e-06    5.919173e-06    -1.216161e-06    -1.156947e-05    2.763947e-06    -1.581355e-06    -4.486838e-07    2.501122e-06    -1.038693e-06    -3.723407e-06    -7.78975e-06    -5.049513e-06    -4.601283e-07    1.147027e-05    -7.490563e-06    1.943641e-06    2.079375e-05    -5.712522e-06    -7.156094e-06
-1.439892e-06    -1.850047e-06    -2.140356e-06    2.904874e-07    4.638381e-06    -1.568527e-06    1.510902e-06    1.799645e-06    -1.517283e-06    -4.056426e-07    4.060333e-07    1.745271e-06    1.717563e-06    -5.872237e-07    -2.854164e-06    1.542418e-06    -1.931082e-06    -5.712522e-06    3.202605e-06    2.5928e-06
-2.542415e-06    -1.596435e-06    -1.814142e-06    2.07687e-07    5.833045e-06    -1.939179e-06    1.169199e-06    6.720765e-07    -2.293538e-06    1.211147e-06    1.292609e-06    4.14507e-06    3.154756e-06    -1.843659e-07    -5.322842e-06    1.861612e-06    -1.853322e-06    -7.156094e-06    2.5928e-06    3.888566e-06
