1.728296e-06    5.63794e-07    6.632652e-08    2.454159e-08    -8.461414e-07    -4.981498e-07    6.93196e-07    3.702011e-07    4.739665e-07    -5.537588e-07
5.63794e-07    3.379428e-06    1.695834e-06    7.760532e-07    -3.887484e-06    -3.018355e-06    1.936374e-06    7.158952e-06    -2.207974e-06    -2.705427e-06
6.632652e-08    1.695834e-06    2.808297e-06    1.282215e-06    -2.909534e-06    -2.790436e-06    2.494625e-06    5.207411e-06    -1.509462e-06    -1.938974e-06
2.454159e-08    7.760532e-07    1.282215e-06    1.788368e-06    -1.941441e-06    -1.791525e-06    3.042202e-06    1.726881e-06    -6.893394e-07    -8.434512e-07
-8.461414e-07    -3.887484e-06    -2.909534e-06    -1.941441e-06    7.054571e-06    4.091511e-06    -4.339938e-06    -8.854463e-06    3.182684e-06    3.647348e-06
-4.981498e-07    -3.018355e-06    -2.790436e-06    -1.791525e-06    4.091511e-06    4.849772e-06    -3.047043e-06    -7.490563e-06    1.542418e-06    1.861612e-06
6.93196e-07    1.936374e-06    2.494625e-06    3.042202e-06    -4.339938e-06    -3.047043e-06    7.856725e-06    1.943641e-06    -1.931082e-06    -1.853322e-06
3.702011e-07    7.158952e-06    5.207411e-06    1.726881e-06    -8.854463e-06    -7.490563e-06    1.943641e-06    2.079375e-05    -5.712522e-06    -7.156094e-06
4.739665e-07    -2.207974e-06    -1.509462e-06    -6.893394e-07    3.182684e-06    1.542418e-06    -1.931082e-06    -5.712522e-06    3.202605e-06    2.5928e-06
-5.537588e-07    -2.705427e-06    -1.938974e-06    -8.434512e-07    3.647348e-06    1.861612e-06    -1.853322e-06    -7.156094e-06    2.5928e-06    3.888566e-06
