3.490078e-06    1.213294e-06    1.097288e-06    2.060172e-07    -4.584124e-06    1.386294e-06    -5.701152e-07    -4.216225e-07    1.680811e-06    -1.322252e-06    -2.131228e-06    2.653212e-06    5.103729e-06    -1.439892e-06    -2.542415e-06    -4.957512e-07    2.828864e-06    4.752293e-06    2.211406e-08    -3.770402e-06
1.213294e-06    3.784766e-06    2.010427e-06    -1.633096e-06    -2.675437e-06    1.335244e-06    -9.42931e-07    -8.514696e-08    1.386805e-06    -4.685438e-07    -3.535259e-06    2.941205e-06    5.574153e-06    -1.850047e-06    -1.596435e-06    -1.72927e-06    5.205847e-06    3.838333e-06    -2.283466e-06    -1.863324e-06
1.097288e-06    2.010427e-06    2.951421e-06    -1.846875e-07    -3.412919e-06    8.797723e-07    -6.707995e-07    -1.296278e-06    4.741276e-07    6.690185e-07    -2.282874e-06    1.290762e-06    5.919173e-06    -2.140356e-06    -1.814142e-06    -9.881509e-07    2.14163e-06    3.228842e-06    -4.050697e-07    -1.915854e-06
2.060172e-07    -1.633096e-06    -1.846875e-07    2.647575e-06    9.443321e-07    -2.552144e-08    -3.676112e-07    -1.639144e-06    -7.822841e-07    1.391606e-06    8.417757e-07    2.605355e-07    -1.216161e-06    2.904874e-07    2.07687e-07    1.288759e-06    -3.7158e-06    -1.740456e-06    1.87019e-06    7.75778e-07
-4.584124e-06    -2.675437e-06    -3.412919e-06    9.443321e-07    1.169766e-05    -3.403236e-06    1.602881e-06    1.421841e-06    -3.721297e-06    2.160274e-06    3.191537e-06    -3.013047e-06    -1.156947e-05    4.638381e-06    5.833045e-06    1.15557e-06    -6.108772e-06    -8.737398e-06    5.405694e-07    6.355365e-06
1.386294e-06    1.335244e-06    8.797723e-07    -2.552144e-08    -3.403236e-06    2.610806e-06    -6.932331e-07    -1.302551e-06    1.299365e-06    -8.407168e-07    -6.907621e-07    2.048096e-06    2.763947e-06    -1.568527e-06    -1.939179e-06    -4.560931e-07    2.495448e-06    2.850893e-06    -6.805161e-07    -1.707733e-06
-5.701152e-07    -9.42931e-07    -6.707995e-07    -3.676112e-07    1.602881e-06    -6.932331e-07    1.820546e-06    1.15889e-06    -1.507002e-06    -4.918427e-07    8.623573e-07    -2.411108e-06    -1.581355e-06    1.510902e-06    1.169199e-06    1.033693e-07    5.953569e-07    -6.662789e-07    -4.408782e-07    -3.654465e-08
-4.216225e-07    -8.514696e-08    -1.296278e-06    -1.639144e-06    1.421841e-06    -1.302551e-06    1.15889e-06    4.416799e-06    1.066789e-09    -2.817883e-06    -1.320578e-07    -2.517135e-06    -4.486838e-07    1.799645e-06    6.720765e-07    -6.749045e-07    3.812987e-06    8.48149e-07    -2.338545e-06    -2.485102e-07
1.680811e-06    1.386805e-06    4.741276e-07    -7.822841e-07    -3.721297e-06    1.299365e-06    -1.507002e-06    1.066789e-09    3.692722e-06    -1.906334e-06    -1.424647e-06    3.355158e-06    2.501122e-06    -1.517283e-06    -2.293538e-06    -9.874116e-07    2.129238e-06    3.944123e-06    7.403408e-08    -2.323259e-06
-1.322252e-06    -4.685438e-07    6.690185e-07    1.391606e-06    2.160274e-06    -8.407168e-07    -4.918427e-07    -2.817883e-06    -1.906334e-06    4.014613e-06    3.290871e-07    6.999047e-08    -1.038693e-06    -4.056426e-07    1.211147e-06    7.54626e-07    -4.770335e-06    -3.705227e-06    1.698485e-06    2.452145e-06
-2.131228e-06    -3.535259e-06    -2.282874e-06    8.417757e-07    3.191537e-06    -6.907621e-07    8.623573e-07    -1.320578e-07    -1.424647e-06    3.290871e-07    4.849772e-06    -3.047043e-06    -7.490563e-06    1.542418e-06    1.861612e-06    1.445496e-06    -5.229968e-06    -4.480421e-06    1.771842e-06    2.879586e-06
2.653212e-06    2.941205e-06    1.290762e-06    2.605355e-07    -3.013047e-06    2.048096e-06    -2.411108e-06    -2.517135e-06    3.355158e-06    6.999047e-08    -3.047043e-06    7.856725e-06    1.943641e-06    -1.931082e-06    -1.853322e-06    -1.639453e-06    7.262567e-07    4.535072e-06    8.423702e-07    -2.393524e-06
5.103729e-06    5.574153e-06    5.919173e-06    -1.216161e-06    -1.156947e-05    2.763947e-06    -1.581355e-06    -4.486838e-07    2.501122e-06    -1.038693e-06    -7.490563e-06    1.943641e-06    2.079375e-05    -5.712522e-06    -7.156094e-06    -1.65281e-06    1.131018e-05    9.786136e-06    -3.681406e-06    -6.642458e-06
-1.439892e-06    -1.850047e-06    -2.140356e-06    2.904874e-07    4.638381e-06    -1.568527e-06    1.510902e-06    1.799645e-06    -1.517283e-06    -4.056426e-07    1.542418e-06    -1.931082e-06    -5.712522e-06    3.202605e-06    2.5928e-06    2.410945e-07    -1.76894e-06    -2.490338e-06    8.834236e-08    1.642081e-06
-2.542415e-06    -1.596435e-06    -1.814142e-06    2.07687e-07    5.833045e-06    -1.939179e-06    1.169199e-06    6.720765e-07    -2.293538e-06    1.211147e-06    1.861612e-06    -1.853322e-06    -7.156094e-06    2.5928e-06    3.888566e-06    6.599935e-07    -3.600673e-06    -4.711964e-06    8.063845e-07    2.867519e-06
-4.957512e-07    -1.72927e-06    -9.881509e-07    1.288759e-06    1.15557e-06    -4.560931e-07    1.033693e-07    -6.749045e-07    -9.874116e-07    7.54626e-07    1.445496e-06    -1.639453e-06    -1.65281e-06    2.410945e-07    6.599935e-07    2.042946e-06    -2.69479e-06    -3.387163e-06    1.215098e-06    1.34942e-06
2.828864e-06    5.205847e-06    2.14163e-06    -3.7158e-06    -6.108772e-06    2.495448e-06    5.953569e-07    3.812987e-06    2.129238e-06    -4.770335e-06    -5.229968e-06    7.262567e-07    1.131018e-05    -1.76894e-06    -3.600673e-06    -2.69479e-06    1.45984e-05    8.449231e-06    -6.309037e-06    -5.211504e-06
4.752293e-06    3.838333e-06    3.228842e-06    -1.740456e-06    -8.737398e-06    2.850893e-06    -6.662789e-07    8.48149e-07    3.944123e-06    -3.705227e-06    -4.480421e-06    4.535072e-06    9.786136e-06    -2.490338e-06    -4.711964e-06    -3.387163e-06    8.449231e-06    1.166077e-05    -1.988424e-06    -7.266528e-06
2.211406e-08    -2.283466e-06    -4.050697e-07    1.87019e-06    5.405694e-07    -6.805161e-07    -4.408782e-07    -2.338545e-06    7.403408e-08    1.698485e-06    1.771842e-06    8.423702e-07    -3.681406e-06    8.834236e-08    8.063845e-07    1.215098e-06    -6.309037e-06    -1.988424e-06    3.870671e-06    3.912732e-07
-3.770402e-06    -1.863324e-06    -1.915854e-06    7.75778e-07    6.355365e-06    -1.707733e-06    -3.654465e-08    -2.485102e-07    -2.323259e-06    2.452145e-06    2.879586e-06    -2.393524e-06    -6.642458e-06    1.642081e-06    2.867519e-06    1.34942e-06    -5.211504e-06    -7.266528e-06    3.912732e-07    5.803184e-06
