2.001764e-06    1.686116e-06    5.904205e-07    8.1742e-07    -3.160535e-06    1.319525e-06    1.768882e-07    -3.723407e-06    4.060333e-07    1.292609e-06
1.686116e-06    8.997597e-06    7.171972e-06    -6.955095e-07    -9.452042e-06    3.956167e-06    -3.973859e-06    -7.78975e-06    1.745271e-06    4.14507e-06
5.904205e-07    7.171972e-06    6.910058e-06    -1.004171e-06    -7.518411e-06    3.276422e-06    -4.879929e-06    -5.049513e-06    1.717563e-06    3.154756e-06
8.1742e-07    -6.955095e-07    -1.004171e-06    1.524391e-06    -5.479888e-07    1.740079e-07    9.843784e-07    -4.601283e-07    -5.872237e-07    -1.843659e-07
-3.160535e-06    -9.452042e-06    -7.518411e-06    -5.479888e-07    1.26785e-05    -5.368707e-06    4.403333e-06    1.147027e-05    -2.854164e-06    -5.322842e-06
1.319525e-06    3.956167e-06    3.276422e-06    1.740079e-07    -5.368707e-06    4.849772e-06    -3.047043e-06    -7.490563e-06    1.542418e-06    1.861612e-06
1.768882e-07    -3.973859e-06    -4.879929e-06    9.843784e-07    4.403333e-06    -3.047043e-06    7.856725e-06    1.943641e-06    -1.931082e-06    -1.853322e-06
-3.723407e-06    -7.78975e-06    -5.049513e-06    -4.601283e-07    1.147027e-05    -7.490563e-06    1.943641e-06    2.079375e-05    -5.712522e-06    -7.156094e-06
4.060333e-07    1.745271e-06    1.717563e-06    -5.872237e-07    -2.854164e-06    1.542418e-06    -1.931082e-06    -5.712522e-06    3.202605e-06    2.5928e-06
1.292609e-06    4.14507e-06    3.154756e-06    -1.843659e-07    -5.322842e-06    1.861612e-06    -1.853322e-06    -7.156094e-06    2.5928e-06    3.888566e-06
