3.490078e-06    1.213294e-06    1.097288e-06    2.060172e-07    -4.584124e-06    1.386294e-06    -5.701152e-07    -4.216225e-07    1.680811e-06    -1.322252e-06    -2.131228e-06    2.653212e-06    5.103729e-06    -1.439892e-06    -2.542415e-06    -3.375045e-07    1.440753e-06    -5.367068e-07    1.157519e-06    2.021589e-07
1.213294e-06    3.784766e-06    2.010427e-06    -1.633096e-06    -2.675437e-06    1.335244e-06    -9.42931e-07    -8.514696e-08    1.386805e-06    -4.685438e-07    -3.535259e-06    2.941205e-06    5.574153e-06    -1.850047e-06    -1.596435e-06    -1.136563e-07    -2.246769e-07    -1.241739e-07    1.334699e-06    3.177955e-07
1.097288e-06    2.010427e-06    2.951421e-06    -1.846875e-07    -3.412919e-06    8.797723e-07    -6.707995e-07    -1.296278e-06    4.741276e-07    6.690185e-07    -2.282874e-06    1.290762e-06    5.919173e-06    -2.140356e-06    -1.814142e-06    5.321536e-07    -5.911725e-07    -1.155038e-06    1.446341e-06    3.448161e-07
2.060172e-07    -1.633096e-06    -1.846875e-07    2.647575e-06    9.443321e-07    -2.552144e-08    -3.676112e-07    -1.639144e-06    -7.822841e-07    1.391606e-06    8.417757e-07    2.605355e-07    -1.216161e-06    2.904874e-07    2.07687e-07    9.311968e-07    -1.206007e-06    -8.066357e-07    1.325398e-07    -9.675833e-09
-4.584124e-06    -2.675437e-06    -3.412919e-06    9.443321e-07    1.169766e-05    -3.403236e-06    1.602881e-06    1.421841e-06    -3.721297e-06    2.160274e-06    3.191537e-06    -3.013047e-06    -1.156947e-05    4.638381e-06    5.833045e-06    1.33095e-07    -2.375374e-06    1.450254e-06    -2.750346e-06    -3.568076e-07
1.386294e-06    1.335244e-06    8.797723e-07    -2.552144e-08    -3.403236e-06    2.610806e-06    -6.932331e-07    -1.302551e-06    1.299365e-06    -8.407168e-07    -6.907621e-07    2.048096e-06    2.763947e-06    -1.568527e-06    -1.939179e-06    -2.885437e-07    -2.231245e-08    1.020056e-07    1.543314e-06    6.2891e-09
-5.701152e-07    -9.42931e-07    -6.707995e-07    -3.676112e-07    1.602881e-06    -6.932331e-07    1.820546e-06    1.15889e-06    -1.507002e-06    -4.918427e-07    8.623573e-07    -2.411108e-06    -1.581355e-06    1.510902e-06    1.169199e-06    -1.088593e-06    9.338849e-07    9.382297e-07    -1.04828e-06    -5.087263e-08
-4.216225e-07    -8.514696e-08    -1.296278e-06    -1.639144e-06    1.421841e-06    -1.302551e-06    1.15889e-06    4.416799e-06    1.066789e-09    -2.817883e-06    -1.320578e-07    -2.517135e-06    -4.486838e-07    1.799645e-06    6.720765e-07    -1.835882e-06    2.480621e-06    1.907953e-06    -1.051265e-06    -2.631963e-07
1.680811e-06    1.386805e-06    4.741276e-07    -7.822841e-07    -3.721297e-06    1.299365e-06    -1.507002e-06    1.066789e-09    3.692722e-06    -1.906334e-06    -1.424647e-06    3.355158e-06    2.501122e-06    -1.517283e-06    -2.293538e-06    -1.115993e-07    1.749989e-06    6.418434e-08    8.313036e-07    -1.097044e-07
-1.322252e-06    -4.685438e-07    6.690185e-07    1.391606e-06    2.160274e-06    -8.407168e-07    -4.918427e-07    -2.817883e-06    -1.906334e-06    4.014613e-06    3.290871e-07    6.999047e-08    -1.038693e-06    -4.056426e-07    1.211147e-06    2.022363e-06    -3.384689e-06    -1.505821e-06    -2.091527e-07    2.880214e-07
-2.131228e-06    -3.535259e-06    -2.282874e-06    8.417757e-07    3.191537e-06    -6.907621e-07    8.623573e-07    -1.320578e-07    -1.424647e-06    3.290871e-07    4.849772e-06    -3.047043e-06    -7.490563e-06    1.542418e-06    1.861612e-06    4.749586e-08    -4.26823e-07    3.942875e-07    -9.643785e-07    -4.611437e-07
2.653212e-06    2.941205e-06    1.290762e-06    2.605355e-07    -3.013047e-06    2.048096e-06    -2.411108e-06    -2.517135e-06    3.355158e-06    6.999047e-08    -3.047043e-06    7.856725e-06    1.943641e-06    -1.931082e-06    -1.853322e-06    1.094733e-06    -3.367498e-07    -1.008616e-06    1.435467e-06    1.672513e-07
5.103729e-06    5.574153e-06    5.919173e-06    -1.216161e-06    -1.156947e-05    2.763947e-06    -1.581355e-06    -4.486838e-07    2.501122e-06    -1.038693e-06    -7.490563e-06    1.943641e-06    2.079375e-05    -5.712522e-06    -7.156094e-06    -1.882823e-07    9.559051e-07    -1.581951e-06    3.526036e-06    9.758886e-07
-1.439892e-06    -1.850047e-06    -2.140356e-06    2.904874e-07    4.638381e-06    -1.568527e-06    1.510902e-06    1.799645e-06    -1.517283e-06    -4.056426e-07    1.542418e-06    -1.931082e-06    -5.712522e-06    3.202605e-06    2.5928e-06    -8.854028e-07    5.59719e-07    1.425575e-06    -1.639923e-06    -3.019148e-07
-2.542415e-06    -1.596435e-06    -1.814142e-06    2.07687e-07    5.833045e-06    -1.939179e-06    1.169199e-06    6.720765e-07    -2.293538e-06    1.211147e-06    1.861612e-06    -1.853322e-06    -7.156094e-06    2.5928e-06    3.888566e-06    4.958749e-08    -9.505501e-07    6.183987e-07    -1.846675e-06    -1.927225e-07
-3.375045e-07    -1.136563e-07    5.321536e-07    9.311968e-07    1.33095e-07    -2.885437e-07    -1.088593e-06    -1.835882e-06    -1.115993e-07    2.022363e-06    4.749586e-08    1.094733e-06    -1.882823e-07    -8.854028e-07    4.958749e-08    1.62064e-06    -1.651653e-06    -1.458043e-06    1.938578e-07    1.489974e-07
1.440753e-06    -2.246769e-07    -5.911725e-07    -1.206007e-06    -2.375374e-06    -2.231245e-08    9.338849e-07    2.480621e-06    1.749989e-06    -3.384689e-06    -4.26823e-07    -3.367498e-07    9.559051e-07    5.59719e-07    -9.505501e-07    -1.651653e-06    4.443923e-06    7.937537e-07    -8.431933e-07    -1.561265e-07
-5.367068e-07    -1.241739e-07    -1.155038e-06    -8.066357e-07    1.450254e-06    1.020056e-07    9.382297e-07    1.907953e-06    6.418434e-08    -1.505821e-06    3.942875e-07    -1.008616e-06    -1.581951e-06    1.425575e-06    6.183987e-07    -1.458043e-06    7.937537e-07    2.179687e-06    -5.967358e-07    -3.02069e-07
1.157519e-06    1.334699e-06    1.446341e-06    1.325398e-07    -2.750346e-06    1.543314e-06    -1.04828e-06    -1.051265e-06    8.313036e-07    -2.091527e-07    -9.643785e-07    1.435467e-06    3.526036e-06    -1.639923e-06    -1.846675e-06    1.938578e-07    -8.431933e-07    -5.967358e-07    2.027902e-06    8.231542e-08
2.021589e-07    3.177955e-07    3.448161e-07    -9.675833e-09    -3.568076e-07    6.2891e-09    -5.087263e-08    -2.631963e-07    -1.097044e-07    2.880214e-07    -4.611437e-07    1.672513e-07    9.758886e-07    -3.019148e-07    -1.927225e-07    1.489974e-07    -1.561265e-07    -3.02069e-07    8.231542e-08    1.394023e-07
