3.490078e-06    1.213294e-06    1.097288e-06    2.060172e-07    -4.584124e-06    1.386294e-06    -5.701152e-07    -4.216225e-07    1.680811e-06    -1.322252e-06    -2.131228e-06    2.653212e-06    5.103729e-06    -1.439892e-06    -2.542415e-06    1.887491e-06    -2.848226e-06    -2.276593e-06    1.469881e-06    7.69247e-07    -6.813405e-07    2.027526e-06    2.41079e-06    -1.426582e-06    -3.064026e-06
1.213294e-06    3.784766e-06    2.010427e-06    -1.633096e-06    -2.675437e-06    1.335244e-06    -9.42931e-07    -8.514696e-08    1.386805e-06    -4.685438e-07    -3.535259e-06    2.941205e-06    5.574153e-06    -1.850047e-06    -1.596435e-06    1.440777e-07    -2.809026e-06    -8.647823e-07    1.385912e-06    7.773765e-07    1.318445e-06    9.569007e-07    6.910358e-07    -1.788311e-06    -1.74119e-06
1.097288e-06    2.010427e-06    2.951421e-06    -1.846875e-07    -3.412919e-06    8.797723e-07    -6.707995e-07    -1.296278e-06    4.741276e-07    6.690185e-07    -2.282874e-06    1.290762e-06    5.919173e-06    -2.140356e-06    -1.814142e-06    2.951836e-07    -7.987581e-07    -1.027339e-06    6.305748e-07    2.827254e-07    2.555523e-07    1.550876e-06    1.46608e-06    -1.499852e-06    -2.007369e-06
2.060172e-07    -1.633096e-06    -1.846875e-07    2.647575e-06    9.443321e-07    -2.552144e-08    -3.676112e-07    -1.639144e-06    -7.822841e-07    1.391606e-06    8.417757e-07    2.605355e-07    -1.216161e-06    2.904874e-07    2.07687e-07    -5.405504e-07    2.715718e-06    1.389476e-06    -1.606944e-06    -8.123048e-07    -9.191858e-07    1.612516e-07    -2.326019e-07    4.162629e-07    8.260441e-07
-4.584124e-06    -2.675437e-06    -3.412919e-06    9.443321e-07    1.169766e-05    -3.403236e-06    1.602881e-06    1.421841e-06    -3.721297e-06    2.160274e-06    3.191537e-06    -3.013047e-06    -1.156947e-05    4.638381e-06    5.833045e-06    -3.46364e-06    6.090746e-06    4.440466e-06    -3.606221e-06    -1.071878e-06    7.672583e-07    -3.449169e-06    -5.056085e-06    1.952706e-06    6.387133e-06
1.386294e-06    1.335244e-06    8.797723e-07    -2.552144e-08    -3.403236e-06    2.610806e-06    -6.932331e-07    -1.302551e-06    1.299365e-06    -8.407168e-07    -6.907621e-07    2.048096e-06    2.763947e-06    -1.568527e-06    -1.939179e-06    5.673226e-07    -2.321578e-06    -7.051509e-07    8.6406e-07    7.535675e-07    1.341099e-07    1.208688e-06    9.721633e-07    -8.234021e-07    -1.638761e-06
-5.701152e-07    -9.42931e-07    -6.707995e-07    -3.676112e-07    1.602881e-06    -6.932331e-07    1.820546e-06    1.15889e-06    -1.507002e-06    -4.918427e-07    8.623573e-07    -2.411108e-06    -1.581355e-06    1.510902e-06    1.169199e-06    -1.950789e-07    9.364641e-08    -5.447929e-07    -1.935975e-07    6.317815e-07    2.986712e-07    -4.55979e-07    -6.234384e-07    1.118785e-07    2.655503e-07
-4.216225e-07    -8.514696e-08    -1.296278e-06    -1.639144e-06    1.421841e-06    -1.302551e-06    1.15889e-06    4.416799e-06    1.066789e-09    -2.817883e-06    -1.320578e-07    -2.517135e-06    -4.486838e-07    1.799645e-06    6.720765e-07    6.695324e-07    -3.862405e-06    -1.434532e-06    1.883113e-06    6.140289e-07    1.737599e-06    -1.22143e-06    -1.659121e-07    9.722876e-07    -1.639571e-06
1.680811e-06    1.386805e-06    4.741276e-07    -7.822841e-07    -3.721297e-06    1.299365e-06    -1.507002e-06    1.066789e-09    3.692722e-06    -1.906334e-06    -1.424647e-06    3.355158e-06    2.501122e-06    -1.517283e-06    -2.293538e-06    2.434243e-06    -4.150309e-06    -2.813014e-06    2.123912e-06    8.726218e-07    -3.285687e-07    1.790881e-06    2.521894e-06    -1.084975e-06    -2.715901e-06
-1.322252e-06    -4.685438e-07    6.690185e-07    1.391606e-06    2.160274e-06    -8.407168e-07    -4.918427e-07    -2.817883e-06    -1.906334e-06    4.014613e-06    3.290871e-07    6.999047e-08    -1.038693e-06    -4.056426e-07    1.211147e-06    -2.408518e-06    5.872451e-06    3.275905e-06    -2.757112e-06    -1.468323e-06    -7.516915e-07    -7.607812e-07    -1.680672e-06    8.783584e-08    3.465832e-06
-2.131228e-06    -3.535259e-06    -2.282874e-06    8.417757e-07    3.191537e-06    -6.907621e-07    8.623573e-07    -1.320578e-07    -1.424647e-06    3.290871e-07    4.849772e-06    -3.047043e-06    -7.490563e-06    1.542418e-06    1.861612e-06    -8.158395e-07    2.910662e-06    1.745415e-06    -1.515083e-06    -8.349355e-07    -1.057441e-06    -1.622859e-06    -1.386782e-06    2.339968e-06    2.729931e-06
2.653212e-06    2.941205e-06    1.290762e-06    2.605355e-07    -3.013047e-06    2.048096e-06    -2.411108e-06    -2.517135e-06    3.355158e-06    6.999047e-08    -3.047043e-06    7.856725e-06    1.943641e-06    -1.931082e-06    -1.853322e-06    1.241838e-06    -1.335136e-06    -1.146682e-06    3.249424e-07    7.964715e-07    -6.575269e-07    2.467319e-06    1.696451e-06    -2.55745e-06    -1.068503e-06
5.103729e-06    5.574153e-06    5.919173e-06    -1.216161e-06    -1.156947e-05    2.763947e-06    -1.581355e-06    -4.486838e-07    2.501122e-06    -1.038693e-06    -7.490563e-06    1.943641e-06    2.079375e-05    -5.712522e-06    -7.156094e-06    2.336e-06    -7.062268e-06    -3.955277e-06    4.086231e-06    7.519175e-07    1.423924e-06    3.100005e-06    4.781952e-06    -2.95909e-06    -7.814114e-06
-1.439892e-06    -1.850047e-06    -2.140356e-06    2.904874e-07    4.638381e-06    -1.568527e-06    1.510902e-06    1.799645e-06    -1.517283e-06    -4.056426e-07    1.542418e-06    -1.931082e-06    -5.712522e-06    3.202605e-06    2.5928e-06    -4.551883e-07    1.005438e-06    5.138281e-07    -8.305852e-07    1.841352e-07    5.604884e-07    -1.221763e-06    -1.762904e-06    7.988359e-07    1.479012e-06
-2.542415e-06    -1.596435e-06    -1.814142e-06    2.07687e-07    5.833045e-06    -1.939179e-06    1.169199e-06    6.720765e-07    -2.293538e-06    1.211147e-06    1.861612e-06    -1.853322e-06    -7.156094e-06    2.5928e-06    3.888566e-06    -2.114256e-06    3.73205e-06    2.282252e-06    -1.959185e-06    -2.802366e-07    -5.991074e-08    -1.522212e-06    -2.800307e-06    8.219047e-07    3.710287e-06
1.887491e-06    1.440777e-07    2.951836e-07    -5.405504e-07    -3.46364e-06    5.673226e-07    -1.950789e-07    6.695324e-07    2.434243e-06    -2.408518e-06    -8.158395e-07    1.241838e-06    2.336e-06    -4.551883e-07    -2.114256e-06    3.754343e-06    -3.832111e-06    -4.291812e-06    2.138215e-06    9.871281e-07    -5.567399e-07    1.977893e-06    2.879858e-06    -9.798193e-07    -3.498761e-06
-2.848226e-06    -2.809026e-06    -7.987581e-07    2.715718e-06    6.090746e-06    -2.321578e-06    9.364641e-08    -3.862405e-06    -4.150309e-06    5.872451e-06    2.910662e-06    -1.335136e-06    -7.062268e-06    1.005438e-06    3.73205e-06    -3.832111e-06    1.135959e-05    5.702841e-06    -5.382542e-06    -2.633526e-06    -2.073666e-06    -2.030622e-06    -3.524029e-06    1.323243e-06    7.093958e-06
-2.276593e-06    -8.647823e-07    -1.027339e-06    1.389476e-06    4.440466e-06    -7.051509e-07    -5.447929e-07    -1.434532e-06    -2.813014e-06    3.275905e-06    1.745415e-06    -1.146682e-06    -3.955277e-06    5.138281e-07    2.282252e-06    -4.291812e-06    5.702841e-06    6.4487e-06    -3.053533e-06    -2.333134e-06    2.989835e-07    -2.948689e-06    -3.842131e-06    2.003815e-06    4.990796e-06
1.469881e-06    1.385912e-06    6.305748e-07    -1.606944e-06    -3.606221e-06    8.6406e-07    -1.935975e-07    1.883113e-06    2.123912e-06    -2.757112e-06    -1.515083e-06    3.249424e-07    4.086231e-06    -8.305852e-07    -1.959185e-06    2.138215e-06    -5.382542e-06    -3.053533e-06    3.048471e-06    1.052605e-06    6.409327e-07    1.11317e-06    2.086512e-06    -5.211306e-07    -3.698215e-06
7.69247e-07    7.773765e-07    2.827254e-07    -8.123048e-07    -1.071878e-06    7.535675e-07    6.317815e-07    6.140289e-07    8.726218e-07    -1.468323e-06    -8.349355e-07    7.964715e-07    7.519175e-07    1.841352e-07    -2.802366e-07    9.871281e-07    -2.633526e-06    -2.333134e-06    1.052605e-06    1.67151e-06    1.867862e-07    1.320564e-06    9.319917e-07    -1.271805e-06    -1.602917e-06
-6.813405e-07    1.318445e-06    2.555523e-07    -9.191858e-07    7.672583e-07    1.341099e-07    2.986712e-07    1.737599e-06    -3.285687e-07    -7.516915e-07    -1.057441e-06    -6.575269e-07    1.423924e-06    5.604884e-07    -5.991074e-08    -5.567399e-07    -2.073666e-06    2.989835e-07    6.409327e-07    1.867862e-07    2.558072e-06    -1.030405e-06    -9.521974e-07    7.201107e-08    -8.596367e-07
2.027526e-06    9.569007e-07    1.550876e-06    1.612516e-07    -3.449169e-06    1.208688e-06    -4.55979e-07    -1.22143e-06    1.790881e-06    -7.607812e-07    -1.622859e-06    2.467319e-06    3.100005e-06    -1.221763e-06    -1.522212e-06    1.977893e-06    -2.030622e-06    -2.948689e-06    1.11317e-06    1.320564e-06    -1.030405e-06    3.057108e-06    2.216349e-06    -2.152236e-06    -2.453138e-06
2.41079e-06    6.910358e-07    1.46608e-06    -2.326019e-07    -5.056085e-06    9.721633e-07    -6.234384e-07    -1.659121e-07    2.521894e-06    -1.680672e-06    -1.386782e-06    1.696451e-06    4.781952e-06    -1.762904e-06    -2.800307e-06    2.879858e-06    -3.524029e-06    -3.842131e-06    2.086512e-06    9.319917e-07    -9.521974e-07    2.216349e-06    3.62826e-06    -1.11566e-06    -3.904295e-06
-1.426582e-06    -1.788311e-06    -1.499852e-06    4.162629e-07    1.952706e-06    -8.234021e-07    1.118785e-07    9.722876e-07    -1.084975e-06    8.783584e-08    2.339968e-06    -2.55745e-06    -2.95909e-06    7.988359e-07    8.219047e-07    -9.798193e-07    1.323243e-06    2.003815e-06    -5.211306e-07    -1.271805e-06    7.201107e-08    -2.152236e-06    -1.11566e-06    2.469577e-06    1.343457e-06
-3.064026e-06    -1.74119e-06    -2.007369e-06    8.260441e-07    6.387133e-06    -1.638761e-06    2.655503e-07    -1.639571e-06    -2.715901e-06    3.465832e-06    2.729931e-06    -1.068503e-06    -7.814114e-06    1.479012e-06    3.710287e-06    -3.498761e-06    7.093958e-06    4.990796e-06    -3.698215e-06    -1.602917e-06    -8.596367e-07    -2.453138e-06    -3.904295e-06    1.343457e-06    6.550864e-06
