3.490078e-06    1.213294e-06    1.097288e-06    2.060172e-07    -4.584124e-06    -1.930703e-06    -3.578349e-06    -2.807408e-06    -5.496124e-08    3.61892e-06    1.386294e-06    -5.701152e-07    -4.216225e-07    1.680811e-06    -1.322252e-06    -2.131228e-06    2.653212e-06    5.103729e-06    -1.439892e-06    -2.542415e-06    -6.813405e-07    2.027526e-06    2.41079e-06    -1.426582e-06    -3.064026e-06
1.213294e-06    3.784766e-06    2.010427e-06    -1.633096e-06    -2.675437e-06    -5.427059e-08    -3.491356e-06    -2.401386e-06    -3.532692e-07    2.03202e-06    1.335244e-06    -9.42931e-07    -8.514696e-08    1.386805e-06    -4.685438e-07    -3.535259e-06    2.941205e-06    5.574153e-06    -1.850047e-06    -1.596435e-06    1.318445e-06    9.569007e-07    6.910358e-07    -1.788311e-06    -1.74119e-06
1.097288e-06    2.010427e-06    2.951421e-06    -1.846875e-07    -3.412919e-06    -5.811072e-07    -1.286625e-06    -1.039606e-06    1.089234e-08    4.628874e-07    8.797723e-07    -6.707995e-07    -1.296278e-06    4.741276e-07    6.690185e-07    -2.282874e-06    1.290762e-06    5.919173e-06    -2.140356e-06    -1.814142e-06    2.555523e-07    1.550876e-06    1.46608e-06    -1.499852e-06    -2.007369e-06
2.060172e-07    -1.633096e-06    -1.846875e-07    2.647575e-06    9.443321e-07    -7.493293e-07    1.645763e-06    1.452379e-06    5.376836e-07    -9.670718e-07    -2.552144e-08    -3.676112e-07    -1.639144e-06    -7.822841e-07    1.391606e-06    8.417757e-07    2.605355e-07    -1.216161e-06    2.904874e-07    2.07687e-07    -9.191858e-07    1.612516e-07    -2.326019e-07    4.162629e-07    8.260441e-07
-4.584124e-06    -2.675437e-06    -3.412919e-06    9.443321e-07    1.169766e-05    2.651192e-06    6.020713e-06    5.529672e-06    -8.046373e-07    -5.420464e-06    -3.403236e-06    1.602881e-06    1.421841e-06    -3.721297e-06    2.160274e-06    3.191537e-06    -3.013047e-06    -1.156947e-05    4.638381e-06    5.833045e-06    7.672583e-07    -3.449169e-06    -5.056085e-06    1.952706e-06    6.387133e-06
-1.930703e-06    -5.427059e-08    -5.811072e-07    -7.493293e-07    2.651192e-06    2.938365e-06    5.52461e-07    -3.828623e-07    -3.597655e-07    -1.475985e-06    -9.160287e-07    -7.30308e-08    8.02715e-07    2.528218e-07    5.732635e-07    5.615707e-07    -4.739035e-07    -2.369842e-06    6.536059e-07    1.128322e-06    8.156165e-07    -9.37441e-07    -1.104145e-06    3.477591e-07    1.462151e-06
-3.578349e-06    -3.491356e-06    -1.286625e-06    1.645763e-06    6.020713e-06    5.52461e-07    8.959781e-06    7.379887e-06    -3.554531e-07    -6.442373e-06    -2.801766e-06    1.199845e-06    -3.981526e-07    -4.412838e-06    3.203005e-06    4.060874e-06    -5.132192e-06    -6.65389e-06    1.690366e-06    3.74038e-06    -8.277891e-07    -3.252182e-06    -3.115597e-06    3.011837e-06    5.081598e-06
-2.807408e-06    -2.401386e-06    -1.039606e-06    1.452379e-06    5.529672e-06    -3.828623e-07    7.379887e-06    7.571474e-06    4.759414e-07    -6.435171e-06    -1.82315e-06    9.08105e-07    -1.232135e-06    -4.325556e-06    3.220024e-06    3.232873e-06    -3.646659e-06    -6.036143e-06    1.447824e-06    3.485233e-06    -6.637674e-07    -2.729671e-06    -3.498863e-06    2.21215e-06    5.130238e-06
-5.496124e-08    -3.532692e-07    1.089234e-08    5.376836e-07    -8.046373e-07    -3.597655e-07    -3.554531e-07    4.759414e-07    2.226733e-06    -1.332381e-06    1.179777e-06    -6.966439e-07    -2.101077e-06    4.391582e-07    6.833318e-07    1.115128e-06    1.471124e-06    -2.118583e-06    -4.729695e-07    -4.45939e-08    -9.217924e-07    7.407638e-07    -1.717255e-07    -2.065513e-07    8.782321e-07
3.61892e-06    2.03202e-06    4.628874e-07    -9.670718e-07    -5.420464e-06    -1.475985e-06    -6.442373e-06    -6.435171e-06    -1.332381e-06    9.474392e-06    1.52364e-06    -3.030994e-07    2.731494e-06    3.448213e-06    -4.592908e-06    -3.302697e-06    2.79288e-06    6.082959e-06    -7.265729e-07    -3.182879e-06    1.105365e-06    2.131989e-06    3.176089e-06    -1.625002e-06    -5.747465e-06
1.386294e-06    1.335244e-06    8.797723e-07    -2.552144e-08    -3.403236e-06    -9.160287e-07    -2.801766e-06    -1.82315e-06    1.179777e-06    1.52364e-06    2.610806e-06    -6.932331e-07    -1.302551e-06    1.299365e-06    -8.407168e-07    -6.907621e-07    2.048096e-06    2.763947e-06    -1.568527e-06    -1.939179e-06    1.341099e-07    1.208688e-06    9.721633e-07    -8.234021e-07    -1.638761e-06
-5.701152e-07    -9.42931e-07    -6.707995e-07    -3.676112e-07    1.602881e-06    -7.30308e-08    1.199845e-06    9.08105e-07    -6.966439e-07    -3.030994e-07    -6.932331e-07    1.820546e-06    1.15889e-06    -1.507002e-06    -4.918427e-07    8.623573e-07    -2.411108e-06    -1.581355e-06    1.510902e-06    1.169199e-06    2.986712e-07    -4.55979e-07    -6.234384e-07    1.118785e-07    2.655503e-07
-4.216225e-07    -8.514696e-08    -1.296278e-06    -1.639144e-06    1.421841e-06    8.02715e-07    -3.981526e-07    -1.232135e-06    -2.101077e-06    2.731494e-06    -1.302551e-06    1.15889e-06    4.416799e-06    1.066789e-09    -2.817883e-06    -1.320578e-07    -2.517135e-06    -4.486838e-07    1.799645e-06    6.720765e-07    1.737599e-06    -1.22143e-06    -1.659121e-07    9.722876e-07    -1.639571e-06
1.680811e-06    1.386805e-06    4.741276e-07    -7.822841e-07    -3.721297e-06    2.528218e-07    -4.412838e-06    -4.325556e-06    4.391582e-07    3.448213e-06    1.299365e-06    -1.507002e-06    1.066789e-09    3.692722e-06    -1.906334e-06    -1.424647e-06    3.355158e-06    2.501122e-06    -1.517283e-06    -2.293538e-06    -3.285687e-07    1.790881e-06    2.521894e-06    -1.084975e-06    -2.715901e-06
-1.322252e-06    -4.685438e-07    6.690185e-07    1.391606e-06    2.160274e-06    5.732635e-07    3.203005e-06    3.220024e-06    6.833318e-07    -4.592908e-06    -8.407168e-07    -4.918427e-07    -2.817883e-06    -1.906334e-06    4.014613e-06    3.290871e-07    6.999047e-08    -1.038693e-06    -4.056426e-07    1.211147e-06    -7.516915e-07    -7.607812e-07    -1.680672e-06    8.783584e-08    3.465832e-06
-2.131228e-06    -3.535259e-06    -2.282874e-06    8.417757e-07    3.191537e-06    5.615707e-07    4.060874e-06    3.232873e-06    1.115128e-06    -3.302697e-06    -6.907621e-07    8.623573e-07    -1.320578e-07    -1.424647e-06    3.290871e-07    4.849772e-06    -3.047043e-06    -7.490563e-06    1.542418e-06    1.861612e-06    -1.057441e-06    -1.622859e-06    -1.386782e-06    2.339968e-06    2.729931e-06
2.653212e-06    2.941205e-06    1.290762e-06    2.605355e-07    -3.013047e-06    -4.739035e-07    -5.132192e-06    -3.646659e-06    1.471124e-06    2.79288e-06    2.048096e-06    -2.411108e-06    -2.517135e-06    3.355158e-06    6.999047e-08    -3.047043e-06    7.856725e-06    1.943641e-06    -1.931082e-06    -1.853322e-06    -6.575269e-07    2.467319e-06    1.696451e-06    -2.55745e-06    -1.068503e-06
5.103729e-06    5.574153e-06    5.919173e-06    -1.216161e-06    -1.156947e-05    -2.369842e-06    -6.65389e-06    -6.036143e-06    -2.118583e-06    6.082959e-06    2.763947e-06    -1.581355e-06    -4.486838e-07    2.501122e-06    -1.038693e-06    -7.490563e-06    1.943641e-06    2.079375e-05    -5.712522e-06    -7.156094e-06    1.423924e-06    3.100005e-06    4.781952e-06    -2.95909e-06    -7.814114e-06
-1.439892e-06    -1.850047e-06    -2.140356e-06    2.904874e-07    4.638381e-06    6.536059e-07    1.690366e-06    1.447824e-06    -4.729695e-07    -7.265729e-07    -1.568527e-06    1.510902e-06    1.799645e-06    -1.517283e-06    -4.056426e-07    1.542418e-06    -1.931082e-06    -5.712522e-06    3.202605e-06    2.5928e-06    5.604884e-07    -1.221763e-06    -1.762904e-06    7.988359e-07    1.479012e-06
-2.542415e-06    -1.596435e-06    -1.814142e-06    2.07687e-07    5.833045e-06    1.128322e-06    3.74038e-06    3.485233e-06    -4.45939e-08    -3.182879e-06    -1.939179e-06    1.169199e-06    6.720765e-07    -2.293538e-06    1.211147e-06    1.861612e-06    -1.853322e-06    -7.156094e-06    2.5928e-06    3.888566e-06    -5.991074e-08    -1.522212e-06    -2.800307e-06    8.219047e-07    3.710287e-06
-6.813405e-07    1.318445e-06    2.555523e-07    -9.191858e-07    7.672583e-07    8.156165e-07    -8.277891e-07    -6.637674e-07    -9.217924e-07    1.105365e-06    1.341099e-07    2.986712e-07    1.737599e-06    -3.285687e-07    -7.516915e-07    -1.057441e-06    -6.575269e-07    1.423924e-06    5.604884e-07    -5.991074e-08    2.558072e-06    -1.030405e-06    -9.521974e-07    7.201107e-08    -8.596367e-07
2.027526e-06    9.569007e-07    1.550876e-06    1.612516e-07    -3.449169e-06    -9.37441e-07    -3.252182e-06    -2.729671e-06    7.407638e-07    2.131989e-06    1.208688e-06    -4.55979e-07    -1.22143e-06    1.790881e-06    -7.607812e-07    -1.622859e-06    2.467319e-06    3.100005e-06    -1.221763e-06    -1.522212e-06    -1.030405e-06    3.057108e-06    2.216349e-06    -2.152236e-06    -2.453138e-06
2.41079e-06    6.910358e-07    1.46608e-06    -2.326019e-07    -5.056085e-06    -1.104145e-06    -3.115597e-06    -3.498863e-06    -1.717255e-07    3.176089e-06    9.721633e-07    -6.234384e-07    -1.659121e-07    2.521894e-06    -1.680672e-06    -1.386782e-06    1.696451e-06    4.781952e-06    -1.762904e-06    -2.800307e-06    -9.521974e-07    2.216349e-06    3.62826e-06    -1.11566e-06    -3.904295e-06
-1.426582e-06    -1.788311e-06    -1.499852e-06    4.162629e-07    1.952706e-06    3.477591e-07    3.011837e-06    2.21215e-06    -2.065513e-07    -1.625002e-06    -8.234021e-07    1.118785e-07    9.722876e-07    -1.084975e-06    8.783584e-08    2.339968e-06    -2.55745e-06    -2.95909e-06    7.988359e-07    8.219047e-07    7.201107e-08    -2.152236e-06    -1.11566e-06    2.469577e-06    1.343457e-06
-3.064026e-06    -1.74119e-06    -2.007369e-06    8.260441e-07    6.387133e-06    1.462151e-06    5.081598e-06    5.130238e-06    8.782321e-07    -5.747465e-06    -1.638761e-06    2.655503e-07    -1.639571e-06    -2.715901e-06    3.465832e-06    2.729931e-06    -1.068503e-06    -7.814114e-06    1.479012e-06    3.710287e-06    -8.596367e-07    -2.453138e-06    -3.904295e-06    1.343457e-06    6.550864e-06
