1.472261e-06    -2.771836e-08    -8.060405e-07    -1.670963e-07    5.869345e-09    1.436691e-07    -1.36267e-07    -1.832197e-07    1.262935e-07    4.716173e-08
-2.771836e-08    1.40532e-06    -1.165064e-07    -8.28338e-07    8.458467e-08    -1.875632e-07    -6.118044e-09    -7.604699e-09    -1.754235e-07    1.820037e-07
-8.060405e-07    -1.165064e-07    1.404402e-06    -2.098517e-08    -5.475253e-07    -1.852476e-07    -3.001265e-08    -2.358339e-09    -1.930739e-07    1.712079e-07
-1.670963e-07    -8.28338e-07    -2.098517e-08    1.487765e-06    -4.545773e-07    1.534938e-07    -1.710515e-07    -1.580989e-07    1.043708e-07    3.24532e-08
5.869345e-09    8.458467e-08    -5.475253e-07    -4.545773e-07    1.395502e-06    5.345078e-08    1.876184e-07    1.447817e-07    6.362265e-08    -2.09813e-07
1.436691e-07    -1.875632e-07    -1.852476e-07    1.534938e-07    5.345078e-08    1.540072e-06    4.203011e-08    -9.845987e-07    -8.415882e-08    1.218942e-07
-1.36267e-07    -6.118044e-09    -3.001265e-08    -1.710515e-07    1.876184e-07    4.203011e-08    1.409758e-06    -2.469949e-07    -9.085959e-07    2.757342e-07
-1.832197e-07    -7.604699e-09    -2.358339e-09    -1.580989e-07    1.447817e-07    -9.845987e-07    -2.469949e-07    1.424396e-06    9.399913e-08    -5.746941e-07
1.262935e-07    -1.754235e-07    -1.930739e-07    1.043708e-07    6.362265e-08    -8.415882e-08    -9.085959e-07    9.399913e-08    1.510507e-06    -6.59625e-07
4.716173e-08    1.820037e-07    1.712079e-07    3.24532e-08    -2.09813e-07    1.218942e-07    2.757342e-07    -5.746941e-07    -6.59625e-07    1.366875e-06
