1.508915e-06    -4.163723e-09    -1.015196e-06    -1.498986e-07    3.214666e-08    2.327809e-08    6.575961e-10    2.074181e-09    5.548453e-08    -5.554495e-08    1.659965e-07    -1.583314e-07    -1.91846e-07    1.387482e-07    2.279332e-08    1.71419e-08    1.789161e-09    -1.677691e-08    -1.994182e-09    2.035193e-08
-4.163723e-09    1.44204e-06    -7.630112e-08    -8.281394e-07    1.405873e-07    1.813707e-08    2.159813e-08    -1.446618e-08    1.601725e-08    -2.019995e-08    -1.59518e-07    -6.209789e-08    -5.452482e-08    -1.233258e-07    1.912183e-07    3.139963e-08    1.04267e-09    -6.113891e-10    5.324777e-09    7.550287e-09
-1.015196e-06    -7.630112e-08    1.461503e-06    4.31616e-08    -4.556048e-07    -1.940585e-08    -1.127094e-08    1.922632e-08    -2.834174e-08    1.004164e-09    -1.676974e-07    7.792666e-09    4.132e-08    -1.636044e-07    1.572673e-07    -2.052709e-08    -9.498297e-09    1.659015e-08    1.174947e-08    -2.471924e-08
-1.498986e-07    -8.281394e-07    4.31616e-08    1.479273e-06    -5.360425e-07    -9.995562e-10    -2.194318e-08    2.497445e-09    -3.350087e-08    3.37341e-08    8.92433e-08    -8.590063e-08    -5.827519e-08    9.143621e-08    -2.332709e-08    -4.797743e-09    -7.34575e-09    3.142557e-08    -1.084923e-09    -2.699756e-08
3.214666e-08    1.405873e-07    -4.556048e-07    -5.360425e-07    1.271812e-06    -1.805927e-08    1.345918e-08    -2.03135e-09    1.478801e-09    3.58665e-08    2.400709e-08    1.337823e-07    1.233849e-07    3.626678e-08    -1.749951e-07    -2.37575e-09    1.086751e-08    -1.132347e-08    -2.586131e-09    8.194579e-09
2.327809e-08    1.813707e-08    -1.940585e-08    -9.995562e-10    -1.805927e-08    1.540072e-06    4.203011e-08    -9.845987e-07    -8.415882e-08    1.218942e-07    -3.749639e-08    -2.061162e-08    -1.315577e-08    2.257428e-08    6.28871e-08    1.173895e-07    -1.20285e-07    -1.961733e-07    1.125952e-07    7.259949e-08
6.575961e-10    2.159813e-08    -1.127094e-08    -2.194318e-08    1.345918e-08    4.203011e-08    1.409758e-06    -2.469949e-07    -9.085959e-07    2.757342e-07    -3.995631e-08    -2.048867e-08    1.155789e-08    1.887359e-08    1.941868e-08    -1.550962e-07    -3.527424e-08    -3.750556e-09    -9.83903e-08    1.139473e-07
2.074181e-09    -1.446618e-08    1.922632e-08    2.497445e-09    -2.03135e-09    -9.845987e-07    -2.469949e-07    1.424396e-06    9.399913e-08    -5.746941e-07    4.003881e-08    -1.290631e-08    -2.187667e-08    5.543081e-09    -2.76858e-08    -6.851272e-08    -1.390461e-08    -8.136277e-09    -1.414368e-07    1.028561e-07
5.548453e-08    1.601725e-08    -2.834174e-08    -3.350087e-08    1.478801e-09    -8.415882e-08    -9.085959e-07    9.399913e-08    1.510507e-06    -6.59625e-07    6.003308e-08    2.087379e-08    -2.533295e-08    -4.925901e-08    -1.404696e-08    1.281991e-07    -1.411775e-07    -1.485478e-07    8.720668e-08    5.062234e-08
-5.554495e-08    -2.019995e-08    1.004164e-09    3.37341e-08    3.58665e-08    1.218942e-07    2.757342e-07    -5.746941e-07    -6.59625e-07    1.366875e-06    1.587904e-09    2.072681e-08    2.704318e-08    -1.494102e-08    -7.804026e-08    -4.979239e-09    1.677534e-07    1.711976e-07    -1.104511e-08    -1.692401e-07
1.659965e-07    -1.59518e-07    -1.676974e-07    8.92433e-08    2.400709e-08    -3.749639e-08    -3.995631e-08    4.003881e-08    6.003308e-08    1.587904e-09    1.50224e-06    8.840528e-08    -8.956167e-07    -7.148572e-08    1.182897e-09    1.639156e-08    1.912041e-09    -6.433842e-09    -1.180359e-08    -2.83095e-08
-1.583314e-07    -6.209789e-08    7.792666e-09    -8.590063e-08    1.337823e-07    -2.061162e-08    -2.048867e-08    -1.290631e-08    2.087379e-08    2.072681e-08    8.840528e-08    1.435959e-06    -2.204547e-07    -9.522975e-07    2.322514e-07    1.920209e-08    1.794587e-08    1.12622e-08    -1.063513e-08    -5.681913e-08
-1.91846e-07    -5.452482e-08    4.132e-08    -5.827519e-08    1.233849e-07    -1.315577e-08    1.155789e-08    -2.187667e-08    -2.533295e-08    2.704318e-08    -8.956167e-07    -2.204547e-07    1.417768e-06    -1.869782e-09    -5.391077e-07    -9.632135e-09    3.614805e-08    -2.822599e-09    -2.484402e-08    4.335204e-08
1.387482e-07    -1.233258e-07    -1.636044e-07    9.143621e-08    3.626678e-08    2.257428e-08    1.887359e-08    5.543081e-09    -4.925901e-08    -1.494102e-08    -7.148572e-08    -9.522975e-07    -1.869782e-09    1.52686e-06    -6.059923e-07    -1.104576e-08    -8.766069e-09    -1.621352e-08    2.828188e-08    2.97108e-08
2.279332e-08    1.912183e-07    1.572673e-07    -2.332709e-08    -1.749951e-07    6.28871e-08    1.941868e-08    -2.76858e-08    -1.404696e-08    -7.804026e-08    1.182897e-09    2.322514e-07    -5.391077e-07    -6.059923e-07    1.410909e-06    -3.874423e-08    -5.017495e-08    8.676214e-09    5.891813e-08    4.762461e-09
1.71419e-08    3.139963e-08    -2.052709e-08    -4.797743e-09    -2.37575e-09    1.173895e-07    -1.550962e-07    -6.851272e-08    1.281991e-07    -4.979239e-09    1.639156e-08    1.920209e-08    -9.632135e-09    -1.104576e-08    -3.874423e-08    1.500904e-06    -6.792759e-08    -9.316614e-07    -1.044795e-07    6.552873e-08
1.789161e-09    1.04267e-09    -9.498297e-09    -7.34575e-09    1.086751e-08    -1.20285e-07    -3.527424e-08    -1.390461e-08    -1.411775e-07    1.677534e-07    1.912041e-09    1.794587e-08    3.614805e-08    -8.766069e-09    -5.017495e-08    -6.792759e-08    1.449781e-06    -8.824959e-08    -8.700961e-07    1.157145e-07
-1.677691e-08    -6.113891e-10    1.659015e-08    3.142557e-08    -1.132347e-08    -1.961733e-07    -3.750556e-09    -8.136277e-09    -1.485478e-07    1.711976e-07    -6.433842e-09    1.12622e-08    -2.822599e-09    -1.621352e-08    8.676214e-09    -9.316614e-07    -8.824959e-08    1.473615e-06    1.564405e-08    -5.819284e-07
-1.994182e-09    5.324777e-09    1.174947e-08    -1.084923e-09    -2.586131e-09    1.125952e-07    -9.83903e-08    -1.414368e-07    8.720668e-08    -1.104511e-08    -1.180359e-08    -1.063513e-08    -2.484402e-08    2.828188e-08    5.891813e-08    -1.044795e-07    -8.700961e-07    1.564405e-08    1.490392e-06    -5.003959e-07
2.035193e-08    7.550287e-09    -2.471924e-08    -2.699756e-08    8.194579e-09    7.259949e-08    1.139473e-07    1.028561e-07    5.062234e-08    -1.692401e-07    -2.83095e-08    -5.681913e-08    4.335204e-08    2.97108e-08    4.762461e-09    6.552873e-08    1.157145e-07    -5.819284e-07    -5.003959e-07    1.359764e-06
