1.540072e-06    4.203011e-08    -9.845987e-07    -8.415882e-08    1.218942e-07    2.056731e-07    6.670294e-08    -1.257927e-07    2.799351e-07    -1.5522e-07
4.203011e-08    1.409758e-06    -2.469949e-07    -9.085959e-07    2.757342e-07    -3.248481e-07    2.74714e-07    3.896857e-07    -3.423789e-07    -1.99455e-08
-9.845987e-07    -2.469949e-07    1.424396e-06    9.399913e-08    -5.746941e-07    -3.192463e-07    2.228827e-07    3.907204e-07    -3.394997e-07    -5.987538e-09
-8.415882e-08    -9.085959e-07    9.399913e-08    1.510507e-06    -6.59625e-07    1.642071e-07    6.812044e-08    -4.330299e-08    2.511275e-07    -1.906031e-07
1.218942e-07    2.757342e-07    -5.746941e-07    -6.59625e-07    1.366875e-06    1.121787e-07    -2.549695e-07    -3.027598e-07    6.755059e-08    1.939518e-07
2.056731e-07    -3.248481e-07    -3.192463e-07    1.642071e-07    1.121787e-07    1.234127e-06    -4.804401e-07    -3.595327e-07    2.420844e-08    -2.228069e-07
6.670294e-08    2.74714e-07    2.228827e-07    6.812044e-08    -2.549695e-07    -4.804401e-07    2.059324e-06    -3.350662e-07    -5.089342e-07    1.258872e-07
-1.257927e-07    3.896857e-07    3.907204e-07    -4.330299e-08    -3.027598e-07    -3.595327e-07    -3.350662e-07    2.003166e-06    -3.070425e-07    -9.751981e-07
2.799351e-07    -3.423789e-07    -3.394997e-07    2.511275e-07    6.755059e-08    2.420844e-08    -5.089342e-07    -3.070425e-07    1.35192e-06    -3.081432e-07
-1.5522e-07    -1.99455e-08    -5.987538e-09    -1.906031e-07    1.939518e-07    -2.228069e-07    1.258872e-07    -9.751981e-07    -3.081432e-07    1.448944e-06
