1.540072e-06    4.203011e-08    -9.845987e-07    -8.415882e-08    1.218942e-07    -3.749639e-08    -2.061162e-08    -1.315577e-08    2.257428e-08    6.28871e-08    1.173895e-07    -1.20285e-07    -1.961733e-07    1.125952e-07    7.259949e-08    2.402228e-08    -5.469867e-10    1.994275e-09    -3.472183e-09    -1.561402e-08    6.988927e-08    7.073925e-09    -4.424063e-09    5.333399e-08    -3.814346e-08
4.203011e-08    1.409758e-06    -2.469949e-07    -9.085959e-07    2.757342e-07    -3.995631e-08    -2.048867e-08    1.155789e-08    1.887359e-08    1.941868e-08    -1.550962e-07    -3.527424e-08    -3.750556e-09    -9.83903e-08    1.139473e-07    -2.183501e-08    -1.720243e-08    2.687699e-08    -2.895336e-10    -2.608264e-08    -5.000897e-08    7.557886e-08    7.604413e-08    -5.226292e-08    -3.682635e-08
-9.845987e-07    -2.469949e-07    1.424396e-06    9.399913e-08    -5.746941e-07    4.003881e-08    -1.290631e-08    -2.187667e-08    5.543081e-09    -2.76858e-08    -6.851272e-08    -1.390461e-08    -8.136277e-09    -1.414368e-07    1.028561e-07    -6.74583e-09    -4.902534e-09    1.061319e-08    1.325501e-08    1.072591e-08    -3.687047e-08    7.353783e-08    5.483931e-08    -4.455396e-08    -2.34191e-08
-8.415882e-08    -9.085959e-07    9.399913e-08    1.510507e-06    -6.59625e-07    6.003308e-08    2.087379e-08    -2.533295e-08    -4.925901e-08    -1.404696e-08    1.281991e-07    -1.411775e-07    -1.485478e-07    8.720668e-08    5.062234e-08    -9.546249e-09    -8.689577e-10    2.624736e-09    2.588154e-08    9.869811e-09    5.664741e-08    4.477647e-09    -2.129889e-09    4.963905e-08    -6.439794e-08
1.218942e-07    2.757342e-07    -5.746941e-07    -6.59625e-07    1.366875e-06    1.587904e-09    2.072681e-08    2.704318e-08    -1.494102e-08    -7.804026e-08    -4.979239e-09    1.677534e-07    1.711976e-07    -1.104511e-08    -1.692401e-07    -3.636265e-08    -2.272879e-08    -5.894915e-09    1.668766e-08    4.480865e-08    -1.898472e-08    -7.797875e-08    -5.090597e-08    -1.012305e-09    6.150054e-08
-3.749639e-08    -3.995631e-08    4.003881e-08    6.003308e-08    1.587904e-09    1.50224e-06    8.840528e-08    -8.956167e-07    -7.148572e-08    1.182897e-09    1.639156e-08    1.912041e-09    -6.433842e-09    -1.180359e-08    -2.83095e-08    8.871103e-08    -1.839315e-07    -1.327402e-07    1.613722e-07    3.328668e-08    2.037962e-08    -1.906607e-08    1.531364e-08    8.879281e-08    -6.143219e-08
-2.061162e-08    -2.048867e-08    -1.290631e-08    2.087379e-08    2.072681e-08    8.840528e-08    1.435959e-06    -2.204547e-07    -9.522975e-07    2.322514e-07    1.920209e-08    1.794587e-08    1.12622e-08    -1.063513e-08    -5.681913e-08    -1.169738e-07    -2.387308e-08    -3.82189e-08    -1.22691e-07    1.691727e-07    -4.66005e-08    6.505646e-08    6.375244e-08    -2.069439e-08    -3.350954e-08
-1.315577e-08    1.155789e-08    -2.187667e-08    -2.533295e-08    2.704318e-08    -8.956167e-07    -2.204547e-07    1.417768e-06    -1.869782e-09    -5.391077e-07    -9.632135e-09    3.614805e-08    -2.822599e-09    -2.484402e-08    4.335204e-08    -9.578659e-08    -2.842143e-09    -2.796104e-08    -1.434028e-07    1.617501e-07    -6.088863e-08    1.214407e-07    6.866871e-08    -8.347929e-08    -1.265858e-08
2.257428e-08    1.887359e-08    5.543081e-09    -4.925901e-08    -1.494102e-08    -7.148572e-08    -9.522975e-07    -1.869782e-09    1.52686e-06    -6.059923e-07    -1.104576e-08    -8.766069e-09    -1.621352e-08    2.828188e-08    2.97108e-08    7.766186e-08    -1.739836e-07    -1.096378e-07    1.477808e-07    2.381711e-08    4.822847e-08    -1.161364e-08    2.118944e-08    4.362436e-08    -5.868992e-08
6.28871e-08    1.941868e-08    -2.76858e-08    -1.404696e-08    -7.804026e-08    1.182897e-09    2.322514e-07    -5.391077e-07    -6.059923e-07    1.410909e-06    -3.874423e-08    -5.017495e-08    8.676214e-09    5.891813e-08    4.762461e-09    5.245786e-08    2.334474e-07    1.218519e-07    -5.272468e-08    -1.686586e-07    -1.372855e-08    -7.342675e-08    -6.795674e-08    -5.995892e-09    9.84222e-08
1.173895e-07    -1.550962e-07    -6.851272e-08    1.281991e-07    -4.979239e-09    1.639156e-08    1.920209e-08    -9.632135e-09    -1.104576e-08    -3.874423e-08    1.500904e-06    -6.792759e-08    -9.316614e-07    -1.044795e-07    6.552873e-08    -1.375774e-08    -8.330242e-09    2.435101e-08    2.154657e-08    -1.146489e-08    1.774624e-07    -1.317964e-07    -1.087316e-07    1.766251e-07    -6.421826e-08
-1.20285e-07    -3.527424e-08    -1.390461e-08    -1.411775e-07    1.677534e-07    1.912041e-09    1.794587e-08    3.614805e-08    -8.766069e-09    -5.017495e-08    -6.792759e-08    1.449781e-06    -8.824959e-08    -8.700961e-07    1.157145e-07    3.458758e-08    2.263874e-08    -3.034415e-08    -3.778267e-08    2.039535e-08    -1.221793e-07    -4.201228e-08    -4.399444e-08    -1.15222e-07    1.585526e-07
-1.961733e-07    -3.750556e-09    -8.136277e-09    -1.485478e-07    1.711976e-07    -6.433842e-09    1.12622e-08    -2.822599e-09    -1.621352e-08    8.676214e-09    -9.316614e-07    -8.824959e-08    1.473615e-06    1.564405e-08    -5.819284e-07    3.61132e-10    1.043012e-08    4.953116e-10    1.571142e-08    -1.021924e-08    -1.090725e-07    -6.562961e-08    -6.917834e-08    -1.238693e-07    1.899089e-07
1.125952e-07    -9.83903e-08    -1.414368e-07    8.720668e-08    -1.104511e-08    -1.180359e-08    -1.063513e-08    -2.484402e-08    2.828188e-08    5.891813e-08    -1.044795e-07    -8.700961e-07    1.564405e-08    1.490392e-06    -5.003959e-07    -7.817479e-09    9.012371e-09    6.240369e-09    2.871126e-09    -2.331862e-08    1.341369e-07    -1.466408e-07    -1.183267e-07    1.538485e-07    -1.994226e-08
7.259949e-08    1.139473e-07    1.028561e-07    5.062234e-08    -1.692401e-07    -2.83095e-08    -5.681913e-08    4.335204e-08    2.97108e-08    4.762461e-09    6.552873e-08    1.157145e-07    -5.819284e-07    -5.003959e-07    1.359764e-06    3.019051e-08    -2.663166e-09    -1.215724e-08    -3.615318e-08    8.231307e-10    -1.912044e-08    1.80104e-07    1.499433e-07    -3.703138e-08    -1.380576e-07
2.402228e-08    -2.183501e-08    -6.74583e-09    -9.546249e-09    -3.636265e-08    8.871103e-08    -1.169738e-07    -9.578659e-08    7.766186e-08    5.245786e-08    -1.375774e-08    3.458758e-08    3.61132e-10    -7.817479e-09    3.019051e-08    1.500574e-06    4.060326e-09    -8.85666e-07    -1.309846e-07    -8.964745e-09    1.477366e-07    -1.271498e-07    -9.921826e-08    1.281072e-07    -2.709336e-08
-5.469867e-10    -1.720243e-08    -4.902534e-09    -8.689577e-10    -2.272879e-08    -1.839315e-07    -2.387308e-08    -2.842143e-09    -1.739836e-07    2.334474e-07    -8.330242e-09    2.263874e-08    1.043012e-08    9.012371e-09    -2.663166e-09    4.060326e-09    1.464712e-06    -7.617568e-08    -9.30747e-07    1.01137e-07    -1.158834e-07    -8.013315e-08    -6.993229e-08    -9.760001e-08    1.839e-07
1.994275e-09    2.687699e-08    1.061319e-08    2.624736e-09    -5.894915e-09    -1.327402e-07    -3.82189e-08    -2.796104e-08    -1.096378e-07    1.218519e-07    2.435101e-08    -3.034415e-08    4.953116e-10    6.240369e-09    -1.215724e-08    -8.85666e-07    -7.617568e-08    1.446102e-06    -1.553817e-08    -5.505019e-07    -8.751393e-08    -5.43272e-08    -8.294427e-08    -9.461449e-08    1.685616e-07
-3.472183e-09    -2.895336e-10    1.325501e-08    2.588154e-08    1.668766e-08    1.613722e-07    -1.22691e-07    -1.434028e-07    1.477808e-07    -5.272468e-08    2.154657e-08    -3.778267e-08    1.571142e-08    2.871126e-09    -3.615318e-08    -1.309846e-07    -9.30747e-07    -1.553817e-08    1.496615e-06    -4.839208e-07    1.489086e-07    -9.86924e-08    -9.93973e-08    1.452966e-07    -4.813217e-08
-1.561402e-08    -2.608264e-08    1.072591e-08    9.869811e-09    4.480865e-08    3.328668e-08    1.691727e-07    1.617501e-07    2.381711e-08    -1.686586e-07    -1.146489e-08    2.039535e-08    -1.021924e-08    -2.331862e-08    8.231307e-10    -8.964745e-09    1.01137e-07    -5.505019e-07    -4.839208e-07    1.388061e-06    -5.1699e-08    1.955679e-07    1.974852e-07    -4.796924e-08    -1.617189e-07
6.988927e-08    -5.000897e-08    -3.687047e-08    5.664741e-08    -1.898472e-08    2.037962e-08    -4.66005e-08    -6.088863e-08    4.822847e-08    -1.372855e-08    1.774624e-07    -1.221793e-07    -1.090725e-07    1.341369e-07    -1.912044e-08    1.477366e-07    -1.158834e-07    -8.751393e-08    1.489086e-07    -5.1699e-08    1.4927e-06    1.011661e-07    -9.729293e-07    5.491024e-08    -1.085604e-08
7.073925e-09    7.557886e-08    7.353783e-08    4.477647e-09    -7.797875e-08    -1.906607e-08    6.505646e-08    1.214407e-07    -1.161364e-08    -7.342675e-08    -1.317964e-07    -4.201228e-08    -6.562961e-08    -1.466408e-07    1.80104e-07    -1.271498e-07    -8.013315e-08    -5.43272e-08    -9.86924e-08    1.955679e-07    1.011661e-07    1.476813e-06    -2.318646e-07    -9.495468e-07    2.910746e-07
-4.424063e-09    7.604413e-08    5.483931e-08    -2.129889e-09    -5.090597e-08    1.531364e-08    6.375244e-08    6.866871e-08    2.118944e-08    -6.795674e-08    -1.087316e-07    -4.399444e-08    -6.917834e-08    -1.183267e-07    1.499433e-07    -9.921826e-08    -6.993229e-08    -8.294427e-08    -9.93973e-08    1.974852e-07    -9.729293e-07    -2.318646e-07    1.505898e-06    6.52095e-08    -6.835474e-07
5.333399e-08    -5.226292e-08    -4.455396e-08    4.963905e-08    -1.012305e-09    8.879281e-08    -2.069439e-08    -8.347929e-08    4.362436e-08    -5.995892e-09    1.766251e-07    -1.15222e-07    -1.238693e-07    1.538485e-07    -3.703138e-08    1.281072e-07    -9.760001e-08    -9.461449e-08    1.452966e-07    -4.796924e-08    5.491024e-08    -9.495468e-07    6.52095e-08    1.505401e-06    -6.461711e-07
-3.814346e-08    -3.682635e-08    -2.34191e-08    -6.439794e-08    6.150054e-08    -6.143219e-08    -3.350954e-08    -1.265858e-08    -5.868992e-08    9.84222e-08    -6.421826e-08    1.585526e-07    1.899089e-07    -1.994226e-08    -1.380576e-07    -2.709336e-08    1.839e-07    1.685616e-07    -4.813217e-08    -1.617189e-07    -1.085604e-08    2.910746e-07    -6.835474e-07    -6.461711e-07    1.414867e-06
