1.540072e-06    4.203011e-08    -9.845987e-07    -8.415882e-08    1.218942e-07    -3.749639e-08    -2.061162e-08    -1.315577e-08    2.257428e-08    6.28871e-08    5.177482e-08    -1.791817e-08    -2.719869e-08    3.057191e-08    -1.140194e-08
4.203011e-08    1.409758e-06    -2.469949e-07    -9.085959e-07    2.757342e-07    -3.995631e-08    -2.048867e-08    1.155789e-08    1.887359e-08    1.941868e-08    -3.77197e-08    1.114237e-07    4.9911e-08    -8.103102e-08    -2.497419e-08
-9.845987e-07    -2.469949e-07    1.424396e-06    9.399913e-08    -5.746941e-07    4.003881e-08    -1.290631e-08    -2.187667e-08    5.543081e-09    -2.76858e-08    -5.244703e-08    8.000492e-08    1.070952e-07    -5.491162e-08    -4.31134e-08
-8.415882e-08    -9.085959e-07    9.399913e-08    1.510507e-06    -6.59625e-07    6.003308e-08    2.087379e-08    -2.533295e-08    -4.925901e-08    -1.404696e-08    6.713315e-08    -1.96114e-08    -2.855639e-09    7.179063e-08    -5.211596e-08
1.218942e-07    2.757342e-07    -5.746941e-07    -6.59625e-07    1.366875e-06    1.587904e-09    2.072681e-08    2.704318e-08    -1.494102e-08    -7.804026e-08    -1.036127e-08    -8.425129e-08    -5.673172e-08    2.387353e-08    6.394842e-08
-3.749639e-08    -3.995631e-08    4.003881e-08    6.003308e-08    1.587904e-09    1.50224e-06    8.840528e-08    -8.956167e-07    -7.148572e-08    1.182897e-09    6.751139e-08    -9.875703e-09    -1.431498e-08    4.585552e-08    -4.581805e-08
-2.061162e-08    -2.048867e-08    -1.290631e-08    2.087379e-08    2.072681e-08    8.840528e-08    1.435959e-06    -2.204547e-07    -9.522975e-07    2.322514e-07    -7.735331e-08    6.732776e-08    1.304924e-07    -4.535499e-08    -6.564077e-08
-1.315577e-08    1.155789e-08    -2.187667e-08    -2.533295e-08    2.704318e-08    -8.956167e-07    -2.204547e-07    1.417768e-06    -1.869782e-09    -5.391077e-07    -7.340474e-08    1.221382e-07    9.314264e-08    -9.67282e-08    -9.735077e-09
2.257428e-08    1.887359e-08    5.543081e-09    -4.925901e-08    -1.494102e-08    -7.148572e-08    -9.522975e-07    -1.869782e-09    1.52686e-06    -6.059923e-07    8.902175e-08    -1.066153e-08    -5.942806e-08    4.921869e-08    -2.276736e-08
6.28871e-08    1.941868e-08    -2.76858e-08    -1.404696e-08    -7.804026e-08    1.182897e-09    2.322514e-07    -5.391077e-07    -6.059923e-07    1.410909e-06    -4.450392e-09    -1.007735e-07    -6.890697e-08    1.837513e-08    6.154594e-08
5.177482e-08    -3.77197e-08    -5.244703e-08    6.713315e-08    -1.036127e-08    6.751139e-08    -7.735331e-08    -7.340474e-08    8.902175e-08    -4.450392e-09    1.457257e-06    1.743115e-07    -9.820345e-07    -2.900465e-08    -9.333046e-09
-1.791817e-08    1.114237e-07    8.000492e-08    -1.96114e-08    -8.425129e-08    -9.875703e-09    6.732776e-08    1.221382e-07    -1.066153e-08    -1.007735e-07    1.743115e-07    1.616657e-06    -3.358758e-07    -9.808844e-07    3.401568e-07
-2.719869e-08    4.9911e-08    1.070952e-07    -2.855639e-09    -5.673172e-08    -1.431498e-08    1.304924e-07    9.314264e-08    -5.942806e-08    -6.890697e-08    -9.820345e-07    -3.358758e-07    1.598062e-06    1.488089e-07    -7.693114e-07
3.057191e-08    -8.103102e-08    -5.491162e-08    7.179063e-08    2.387353e-08    4.585552e-08    -4.535499e-08    -9.67282e-08    4.921869e-08    1.837513e-08    -2.900465e-08    -9.808844e-07    1.488089e-07    1.454786e-06    -6.167025e-07
-1.140194e-08    -2.497419e-08    -4.31134e-08    -5.211596e-08    6.394842e-08    -4.581805e-08    -6.564077e-08    -9.735077e-09    -2.276736e-08    6.154594e-08    -9.333046e-09    3.401568e-07    -7.693114e-07    -6.167025e-07    1.398793e-06
