1.540072e-06    4.203011e-08    -9.845987e-07    -8.415882e-08    1.218942e-07    1.173895e-07    -1.20285e-07    -1.961733e-07    1.125952e-07    7.259949e-08
4.203011e-08    1.409758e-06    -2.469949e-07    -9.085959e-07    2.757342e-07    -1.550962e-07    -3.527424e-08    -3.750556e-09    -9.83903e-08    1.139473e-07
-9.845987e-07    -2.469949e-07    1.424396e-06    9.399913e-08    -5.746941e-07    -6.851272e-08    -1.390461e-08    -8.136277e-09    -1.414368e-07    1.028561e-07
-8.415882e-08    -9.085959e-07    9.399913e-08    1.510507e-06    -6.59625e-07    1.281991e-07    -1.411775e-07    -1.485478e-07    8.720668e-08    5.062234e-08
1.218942e-07    2.757342e-07    -5.746941e-07    -6.59625e-07    1.366875e-06    -4.979239e-09    1.677534e-07    1.711976e-07    -1.104511e-08    -1.692401e-07
1.173895e-07    -1.550962e-07    -6.851272e-08    1.281991e-07    -4.979239e-09    1.500904e-06    -6.792759e-08    -9.316614e-07    -1.044795e-07    6.552873e-08
-1.20285e-07    -3.527424e-08    -1.390461e-08    -1.411775e-07    1.677534e-07    -6.792759e-08    1.449781e-06    -8.824959e-08    -8.700961e-07    1.157145e-07
-1.961733e-07    -3.750556e-09    -8.136277e-09    -1.485478e-07    1.711976e-07    -9.316614e-07    -8.824959e-08    1.473615e-06    1.564405e-08    -5.819284e-07
1.125952e-07    -9.83903e-08    -1.414368e-07    8.720668e-08    -1.104511e-08    -1.044795e-07    -8.700961e-07    1.564405e-08    1.490392e-06    -5.003959e-07
7.259949e-08    1.139473e-07    1.028561e-07    5.062234e-08    -1.692401e-07    6.552873e-08    1.157145e-07    -5.819284e-07    -5.003959e-07    1.359764e-06
