1.540072e-06    4.203011e-08    -9.845987e-07    -8.415882e-08    1.218942e-07    -3.749639e-08    -2.061162e-08    -1.315577e-08    2.257428e-08    6.28871e-08    1.680402e-07    -1.238796e-07    -1.511846e-07    1.412813e-07    6.17869e-09
4.203011e-08    1.409758e-06    -2.469949e-07    -9.085959e-07    2.757342e-07    -3.995631e-08    -2.048867e-08    1.155789e-08    1.887359e-08    1.941868e-08    -1.144923e-07    -5.153287e-08    -4.119011e-08    -8.164171e-08    1.435627e-07
-9.845987e-07    -2.469949e-07    1.424396e-06    9.399913e-08    -5.746941e-07    4.003881e-08    -1.290631e-08    -2.187667e-08    5.543081e-09    -2.76858e-08    -9.747069e-08    -7.931856e-08    -4.01239e-08    -5.706632e-08    1.228522e-07
-8.415882e-08    -9.085959e-07    9.399913e-08    1.510507e-06    -6.59625e-07    6.003308e-08    2.087379e-08    -2.533295e-08    -4.925901e-08    -1.404696e-08    1.595101e-07    -1.632799e-07    -1.544117e-07    1.195294e-07    1.852981e-08
1.218942e-07    2.757342e-07    -5.746941e-07    -6.59625e-07    1.366875e-06    1.587904e-09    2.072681e-08    2.704318e-08    -1.494102e-08    -7.804026e-08    -5.486266e-08    1.994638e-07    1.796626e-07    -4.184756e-08    -1.506561e-07
-3.749639e-08    -3.995631e-08    4.003881e-08    6.003308e-08    1.587904e-09    1.50224e-06    8.840528e-08    -8.956167e-07    -7.148572e-08    1.182897e-09    1.453274e-07    -1.785595e-07    -1.547656e-07    1.593354e-07    1.050873e-08
-2.061162e-08    -2.048867e-08    -1.290631e-08    2.087379e-08    2.072681e-08    8.840528e-08    1.435959e-06    -2.204547e-07    -9.522975e-07    2.322514e-07    -6.701383e-08    -7.45791e-08    -7.964312e-08    -6.763613e-08    1.36001e-07
-1.315577e-08    1.155789e-08    -2.187667e-08    -2.533295e-08    2.704318e-08    -8.956167e-07    -2.204547e-07    1.417768e-06    -1.869782e-09    -5.391077e-07    -1.101603e-07    -3.804501e-08    -4.320632e-08    -1.011032e-07    1.411551e-07
2.257428e-08    1.887359e-08    5.543081e-09    -4.925901e-08    -1.494102e-08    -7.148572e-08    -9.522975e-07    -1.869782e-09    1.52686e-06    -6.059923e-07    1.353426e-07    -1.316904e-07    -1.148748e-07    1.233153e-07    -5.806338e-09
6.28871e-08    1.941868e-08    -2.76858e-08    -1.404696e-08    -7.804026e-08    1.182897e-09    2.322514e-07    -5.391077e-07    -6.059923e-07    1.410909e-06    -4.648625e-08    2.289154e-07    1.70639e-07    -6.244591e-08    -1.322297e-07
1.680402e-07    -1.144923e-07    -9.747069e-08    1.595101e-07    -5.486266e-08    1.453274e-07    -6.701383e-08    -1.101603e-07    1.353426e-07    -4.648625e-08    1.524268e-06    4.071538e-08    -9.663342e-07    1.71821e-08    -4.28011e-08
-1.238796e-07    -5.153287e-08    -7.931856e-08    -1.632799e-07    1.994638e-07    -1.785595e-07    -7.45791e-08    -3.804501e-08    -1.316904e-07    2.289154e-07    4.071538e-08    1.535696e-06    -4.457601e-09    -9.856275e-07    1.236277e-07
-1.511846e-07    -4.119011e-08    -4.01239e-08    -1.544117e-07    1.796626e-07    -1.547656e-07    -7.964312e-08    -4.320632e-08    -1.148748e-07    1.70639e-07    -9.663342e-07    -4.457601e-09    1.49287e-06    2.70754e-08    -6.639486e-07
1.412813e-07    -8.164171e-08    -5.706632e-08    1.195294e-07    -4.184756e-08    1.593354e-07    -6.763613e-08    -1.011032e-07    1.233153e-07    -6.244591e-08    1.71821e-08    -9.856275e-07    2.70754e-08    1.505614e-06    -5.797934e-07
6.17869e-09    1.435627e-07    1.228522e-07    1.852981e-08    -1.506561e-07    1.050873e-08    1.36001e-07    1.411551e-07    -5.806338e-09    -1.322297e-07    -4.28011e-08    1.236277e-07    -6.639486e-07    -5.797934e-07    1.400004e-06
