4.886195e-06    9.459127e-07    3.215987e-07    4.051512e-07    -4.583852e-06    2.912852e-06    2.161669e-06    1.182204e-06    -9.026575e-07    -3.927983e-06    3.03091e-06    -6.155715e-06    -5.525352e-06    2.320614e-06    3.329983e-06    -4.645842e-07    2.816605e-06    4.764353e-06    7.603472e-08    -3.80456e-06
9.459127e-07    5.149284e-06    1.932172e-06    -2.591136e-06    -2.388246e-06    2.21521e-06    3.147941e-06    9.07303e-07    -1.918094e-06    -2.569139e-06    -4.162225e-08    -3.191702e-06    -3.689877e-06    -3.476713e-07    3.465609e-06    -1.800711e-06    5.281485e-06    3.924547e-06    -2.365569e-06    -1.871213e-06
3.215987e-07    1.932172e-06    4.41267e-06    -5.483117e-08    -4.145482e-06    7.948587e-07    2.049048e-06    1.375878e-06    -8.598612e-07    -1.400372e-06    -8.089581e-07    -2.942689e-06    -2.249096e-06    3.521447e-07    3.070041e-06    -9.919357e-07    2.234427e-06    3.281324e-06    -4.211572e-07    -1.986328e-06
4.051512e-07    -2.591136e-06    -5.483117e-08    4.212585e-06    1.396828e-07    -7.172295e-07    -6.707989e-07    5.470615e-07    1.438092e-06    1.311939e-06    5.895714e-07    -2.704849e-07    3.994468e-07    1.604429e-06    -1.026481e-06    1.402775e-06    -3.698212e-06    -1.77027e-06    1.934838e-06    7.038055e-07
-4.583852e-06    -2.388246e-06    -4.145482e-06    1.396828e-07    1.312032e-05    -3.942335e-06    -4.12282e-06    -2.045055e-06    3.547591e-06    9.22645e-06    -3.218531e-06    9.006149e-06    8.958684e-06    -1.495023e-06    -7.171086e-06    1.109454e-06    -6.228594e-06    -8.808449e-06    5.198746e-07    6.491143e-06
2.912852e-06    2.21521e-06    7.948587e-07    -7.172295e-07    -3.942335e-06    4.979792e-06    2.512916e-06    -2.175512e-07    -1.460202e-06    -4.258484e-06    3.070433e-06    -5.549246e-06    -5.702917e-06    1.110892e-06    3.435664e-06    -1.133947e-06    4.201511e-06    4.956836e-06    -8.57654e-07    -3.29448e-06
2.161669e-06    3.147941e-06    2.049048e-06    -6.707989e-07    -4.12282e-06    2.512916e-06    5.399385e-06    1.74499e-06    -3.076662e-06    -4.050674e-06    1.585601e-06    -4.746148e-06    -5.642469e-06    2.502941e-07    4.465266e-06    -1.204015e-06    4.571682e-06    4.459853e-06    -1.488077e-06    -2.537316e-06
1.182204e-06    9.07303e-07    1.375878e-06    5.470615e-07    -2.045055e-06    -2.175512e-07    1.74499e-06    3.794063e-06    8.61164e-09    -3.11176e-06    7.036223e-07    -2.390315e-06    -2.870371e-06    7.657542e-07    2.402884e-06    -7.426507e-08    1.258792e-06    1.471581e-06    -3.203949e-07    -1.065778e-06
-9.026575e-07    -1.918094e-06    -8.598612e-07    1.438092e-06    3.547591e-06    -1.460202e-06    -3.076662e-06    8.61164e-09    4.199323e-06    2.58675e-06    -5.503477e-07    1.966961e-06    2.969113e-06    9.207176e-07    -2.71566e-06    8.469613e-07    -4.196684e-06    -2.987183e-06    1.732642e-06    1.571759e-06
-3.927983e-06    -2.569139e-06    -1.400372e-06    1.311939e-06    9.22645e-06    -4.258484e-06    -4.050674e-06    -3.11176e-06    2.58675e-06    1.21106e-05    -4.603078e-06    7.507775e-06    9.631384e-06    -5.689425e-07    -6.392493e-06    1.062653e-06    -6.112092e-06    -7.16633e-06    1.183007e-06    4.896849e-06
3.03091e-06    -4.162225e-08    -8.089581e-07    5.895714e-07    -3.218531e-06    3.070433e-06    1.585601e-06    7.036223e-07    -5.503477e-07    -4.603078e-06    6.867902e-06    -4.759725e-06    -7.350703e-06    1.113934e-06    2.777515e-06    2.836013e-07    3.068159e-06    3.23045e-06    -5.995036e-07    -2.462802e-06
-6.155715e-06    -3.191702e-06    -2.942689e-06    -2.704849e-07    9.006149e-06    -5.549246e-06    -4.746148e-06    -2.390315e-06    1.966961e-06    7.507775e-06    -4.759725e-06    1.306539e-05    1.000034e-05    -4.688718e-06    -6.59452e-06    1.362851e-06    -6.505165e-06    -9.599963e-06    4.871419e-07    7.397651e-06
-5.525352e-06    -3.689877e-06    -2.249096e-06    3.994468e-07    8.958684e-06    -5.702917e-06    -5.642469e-06    -2.870371e-06    2.969113e-06    9.631384e-06    -7.350703e-06    1.000034e-05    1.445614e-05    -1.675097e-06    -8.651078e-06    9.809189e-07    -9.088076e-06    -8.789817e-06    2.49873e-06    6.022614e-06
2.320614e-06    -3.476713e-07    3.521447e-07    1.604429e-06    -1.495023e-06    1.110892e-06    2.502941e-07    7.657542e-07    9.207176e-07    -5.689425e-07    1.113934e-06    -4.688718e-06    -1.675097e-06    4.719441e-06    -2.889734e-07    7.939945e-07    -6.679513e-07    1.082412e-06    1.450654e-06    -2.215497e-06
3.329983e-06    3.465609e-06    3.070041e-06    -1.026481e-06    -7.171086e-06    3.435664e-06    4.465266e-06    2.402884e-06    -2.71566e-06    -6.392493e-06    2.777515e-06    -6.59452e-06    -8.651078e-06    -2.889734e-07    8.011456e-06    -1.734249e-06    6.88239e-06    7.467234e-06    -2.219646e-06    -4.379439e-06
-4.645842e-07    -1.800711e-06    -9.919357e-07    1.402775e-06    1.109454e-06    -1.133947e-06    -1.204015e-06    -7.426507e-08    8.469613e-07    1.062653e-06    2.836013e-07    1.362851e-06    9.809189e-07    7.939945e-07    -1.734249e-06    3.535645e-06    -2.593624e-06    -4.360092e-06    1.270009e-06    1.338564e-06
2.816605e-06    5.281485e-06    2.234427e-06    -3.698212e-06    -6.228594e-06    4.201511e-06    4.571682e-06    1.258792e-06    -4.196684e-06    -6.112092e-06    3.068159e-06    -6.505165e-06    -9.088076e-06    -6.679513e-07    6.88239e-06    -2.593624e-06    1.607521e-05    8.217366e-06    -7.258583e-06    -4.920429e-06
4.764353e-06    3.924547e-06    3.281324e-06    -1.77027e-06    -8.808449e-06    4.956836e-06    4.459853e-06    1.471581e-06    -2.987183e-06    -7.16633e-06    3.23045e-06    -9.599963e-06    -8.789817e-06    1.082412e-06    7.467234e-06    -4.360092e-06    8.217366e-06    1.316667e-05    -1.923214e-06    -7.950075e-06
7.603472e-08    -2.365569e-06    -4.211572e-07    1.934838e-06    5.198746e-07    -8.57654e-07    -1.488077e-06    -3.203949e-07    1.732642e-06    1.183007e-06    -5.995036e-07    4.871419e-07    2.49873e-06    1.450654e-06    -2.219646e-06    1.270009e-06    -7.258583e-06    -1.923214e-06    5.376072e-06    -2.548979e-07
-3.80456e-06    -1.871213e-06    -1.986328e-06    7.038055e-07    6.491143e-06    -3.29448e-06    -2.537316e-06    -1.065778e-06    1.571759e-06    4.896849e-06    -2.462802e-06    7.397651e-06    6.022614e-06    -2.215497e-06    -4.379439e-06    1.338564e-06    -4.920429e-06    -7.950075e-06    -2.548979e-07    7.218052e-06
