4.886195e-06    9.459127e-07    3.215987e-07    4.051512e-07    -4.583852e-06    2.912852e-06    2.161669e-06    1.182204e-06    -9.026575e-07    -3.927983e-06    -1.781822e-06    -3.487424e-06    -2.782117e-06    -5.129506e-07    5.174129e-06    3.03091e-06    -6.155715e-06    -5.525352e-06    2.320614e-06    3.329983e-06
9.459127e-07    5.149284e-06    1.932172e-06    -2.591136e-06    -2.388246e-06    2.21521e-06    3.147941e-06    9.07303e-07    -1.918094e-06    -2.569139e-06    -6.128412e-07    -3.203871e-06    -2.74268e-06    4.770549e-07    3.623869e-06    -4.162225e-08    -3.191702e-06    -3.689877e-06    -3.476713e-07    3.465609e-06
3.215987e-07    1.932172e-06    4.41267e-06    -5.483117e-08    -4.145482e-06    7.948587e-07    2.049048e-06    1.375878e-06    -8.598612e-07    -1.400372e-06    -5.435669e-07    -1.54658e-06    -1.111037e-06    3.403574e-07    2.306471e-06    -8.089581e-07    -2.942689e-06    -2.249096e-06    3.521447e-07    3.070041e-06
4.051512e-07    -2.591136e-06    -5.483117e-08    4.212585e-06    1.396828e-07    -7.172295e-07    -6.707989e-07    5.470615e-07    1.438092e-06    1.311939e-06    3.315533e-07    1.833331e-06    1.18357e-06    -5.586773e-07    -1.438661e-06    5.895714e-07    -2.704849e-07    3.994468e-07    1.604429e-06    -1.026481e-06
-4.583852e-06    -2.388246e-06    -4.145482e-06    1.396828e-07    1.312032e-05    -3.942335e-06    -4.12282e-06    -2.045055e-06    3.547591e-06    9.22645e-06    2.439543e-06    6.734159e-06    5.143274e-06    -5.718878e-07    -8.764665e-06    -3.218531e-06    9.006149e-06    8.958684e-06    -1.495023e-06    -7.171086e-06
2.912852e-06    2.21521e-06    7.948587e-07    -7.172295e-07    -3.942335e-06    4.979792e-06    2.512916e-06    -2.175512e-07    -1.460202e-06    -4.258484e-06    -1.196609e-06    -4.729429e-06    -4.086691e-06    7.153255e-08    5.81987e-06    3.070433e-06    -5.549246e-06    -5.702917e-06    1.110892e-06    3.435664e-06
2.161669e-06    3.147941e-06    2.049048e-06    -6.707989e-07    -4.12282e-06    2.512916e-06    5.399385e-06    1.74499e-06    -3.076662e-06    -4.050674e-06    -9.781708e-07    -4.347229e-06    -3.937928e-06    4.471071e-09    5.863813e-06    1.585601e-06    -4.746148e-06    -5.642469e-06    2.502941e-07    4.465266e-06
1.182204e-06    9.07303e-07    1.375878e-06    5.470615e-07    -2.045055e-06    -2.175512e-07    1.74499e-06    3.794063e-06    8.61164e-09    -3.11176e-06    -8.90819e-07    -1.44964e-06    -9.537356e-07    -3.369875e-07    2.328136e-06    7.036223e-07    -2.390315e-06    -2.870371e-06    7.657542e-07    2.402884e-06
-9.026575e-07    -1.918094e-06    -8.598612e-07    1.438092e-06    3.547591e-06    -1.460202e-06    -3.076662e-06    8.61164e-09    4.199323e-06    2.58675e-06    3.732789e-07    2.985687e-06    2.648848e-06    -2.904393e-07    -3.508162e-06    -5.503477e-07    1.966961e-06    2.969113e-06    9.207176e-07    -2.71566e-06
-3.927983e-06    -2.569139e-06    -1.400372e-06    1.311939e-06    9.22645e-06    -4.258484e-06    -4.050674e-06    -3.11176e-06    2.58675e-06    1.21106e-05    1.903905e-06    8.021889e-06    6.651721e-06    -8.700277e-07    -9.056177e-06    -4.603078e-06    7.507775e-06    9.631384e-06    -5.689425e-07    -6.392493e-06
-1.781822e-06    -6.128412e-07    -5.435669e-07    3.315533e-07    2.439543e-06    -1.196609e-06    -9.781708e-07    -8.90819e-07    3.732789e-07    1.903905e-06    3.502338e-06    1.690176e-06    -2.952455e-07    6.864354e-07    -3.169499e-06    -1.783947e-06    3.246361e-06    3.012743e-06    -1.194144e-06    -1.91882e-06
-3.487424e-06    -3.203871e-06    -1.54658e-06    1.833331e-06    6.734159e-06    -4.729429e-06    -4.347229e-06    -1.44964e-06    2.985687e-06    8.021889e-06    1.690176e-06    1.046231e-05    7.095796e-06    -1.626257e-06    -9.350905e-06    -4.13071e-06    7.080928e-06    8.913586e-06    3.312156e-08    -6.195296e-06
-2.782117e-06    -2.74268e-06    -1.111037e-06    1.18357e-06    5.143274e-06    -4.086691e-06    -3.937928e-06    -9.537356e-07    2.648848e-06    6.651721e-06    -2.952455e-07    7.095796e-06    8.35616e-06    -1.019709e-06    -8.068913e-06    -3.144693e-06    5.876125e-06    7.04281e-06    -5.428667e-08    -4.698111e-06
-5.129506e-07    4.770549e-07    3.403574e-07    -5.586773e-07    -5.718878e-07    7.153255e-08    4.471071e-09    -3.369875e-07    -2.904393e-07    -8.700277e-07    6.864354e-07    -1.626257e-06    -1.019709e-06    3.021005e-06    -1.03191e-06    -9.045427e-07    7.053749e-07    6.720079e-07    -7.127377e-07    -2.249712e-07
5.174129e-06    3.623869e-06    2.306471e-06    -1.438661e-06    -8.764665e-06    5.81987e-06    5.863813e-06    2.328136e-06    -3.508162e-06    -9.056177e-06    -3.169499e-06    -9.350905e-06    -8.068913e-06    -1.03191e-06    1.406656e-05    5.528309e-06    -1.028101e-05    -1.139919e-05    1.426237e-06    7.846111e-06
3.03091e-06    -4.162225e-08    -8.089581e-07    5.895714e-07    -3.218531e-06    3.070433e-06    1.585601e-06    7.036223e-07    -5.503477e-07    -4.603078e-06    -1.783947e-06    -4.13071e-06    -3.144693e-06    -9.045427e-07    5.528309e-06    6.867902e-06    -4.759725e-06    -7.350703e-06    1.113934e-06    2.777515e-06
-6.155715e-06    -3.191702e-06    -2.942689e-06    -2.704849e-07    9.006149e-06    -5.549246e-06    -4.746148e-06    -2.390315e-06    1.966961e-06    7.507775e-06    3.246361e-06    7.080928e-06    5.876125e-06    7.053749e-07    -1.028101e-05    -4.759725e-06    1.306539e-05    1.000034e-05    -4.688718e-06    -6.59452e-06
-5.525352e-06    -3.689877e-06    -2.249096e-06    3.994468e-07    8.958684e-06    -5.702917e-06    -5.642469e-06    -2.870371e-06    2.969113e-06    9.631384e-06    3.012743e-06    8.913586e-06    7.04281e-06    6.720079e-07    -1.139919e-05    -7.350703e-06    1.000034e-05    1.445614e-05    -1.675097e-06    -8.651078e-06
2.320614e-06    -3.476713e-07    3.521447e-07    1.604429e-06    -1.495023e-06    1.110892e-06    2.502941e-07    7.657542e-07    9.207176e-07    -5.689425e-07    -1.194144e-06    3.312156e-08    -5.428667e-08    -7.127377e-07    1.426237e-06    1.113934e-06    -4.688718e-06    -1.675097e-06    4.719441e-06    -2.889734e-07
3.329983e-06    3.465609e-06    3.070041e-06    -1.026481e-06    -7.171086e-06    3.435664e-06    4.465266e-06    2.402884e-06    -2.71566e-06    -6.392493e-06    -1.91882e-06    -6.195296e-06    -4.698111e-06    -2.249712e-07    7.846111e-06    2.777515e-06    -6.59452e-06    -8.651078e-06    -2.889734e-07    8.011456e-06
