4.886195e-06    9.459127e-07    3.215987e-07    4.051512e-07    -4.583852e-06    2.912852e-06    2.161669e-06    1.182204e-06    -9.026575e-07    -3.927983e-06    -1.856831e-06    -3.569749e-06    -2.848674e-06    -9.860156e-08    3.596478e-06    1.504272e-06    -7.314425e-07    -5.679556e-07    1.777807e-06    -1.261226e-06    3.000981e-06    -6.466741e-06    -3.298111e-06    3.791712e-06    1.608883e-06    3.03091e-06    -6.155715e-06    -5.525352e-06    2.320614e-06    3.329983e-06    -7.469196e-07    2.881742e-06    3.504763e-06    -4.371428e-07    -2.967616e-06
9.459127e-07    5.149284e-06    1.932172e-06    -2.591136e-06    -2.388246e-06    2.21521e-06    3.147941e-06    9.07303e-07    -1.918094e-06    -2.569139e-06    -5.422946e-08    -3.494087e-06    -2.394077e-06    -3.631899e-07    2.02544e-06    1.125305e-06    -9.11562e-07    -3.515042e-08    1.169833e-06    -2.989796e-07    3.131516e-06    -5.731469e-06    -4.681134e-06    4.59128e-06    1.28965e-06    -4.162225e-08    -3.191702e-06    -3.689877e-06    -3.476713e-07    3.465609e-06    -9.179527e-07    3.968158e-06    2.535773e-06    -1.700422e-06    -1.158702e-06
3.215987e-07    1.932172e-06    4.41267e-06    -5.483117e-08    -4.145482e-06    7.948587e-07    2.049048e-06    1.375878e-06    -8.598612e-07    -1.400372e-06    -5.898649e-07    -1.272545e-06    -1.033122e-06    1.110417e-08    4.87809e-07    7.554698e-07    -7.506426e-07    -1.423954e-06    3.493356e-07    8.805653e-07    1.451901e-06    -3.183147e-06    -2.324883e-06    3.342443e-06    5.231279e-07    -8.089581e-07    -2.942689e-06    -2.249096e-06    3.521447e-07    3.070041e-06    2.072976e-08    2.317011e-06    1.037682e-06    -1.052196e-06    -8.740395e-07
4.051512e-07    -2.591136e-06    -5.483117e-08    4.212585e-06    1.396828e-07    -7.172295e-07    -6.707989e-07    5.470615e-07    1.438092e-06    1.311939e-06    -7.304577e-07    1.668153e-06    1.43692e-06    5.440003e-07    -9.528284e-07    1.7799e-07    -6.009912e-07    -1.914543e-06    -5.821123e-07    1.44308e-06    -1.87217e-06    2.786781e-06    2.298173e-06    -1.520719e-06    -2.460101e-07    5.895714e-07    -2.704849e-07    3.994468e-07    1.604429e-06    -1.026481e-06    7.676059e-07    -2.116253e-06    -1.317975e-06    1.164203e-06    9.798627e-08
-4.583852e-06    -2.388246e-06    -4.145482e-06    1.396828e-07    1.312032e-05    -3.942335e-06    -4.12282e-06    -2.045055e-06    3.547591e-06    9.22645e-06    2.600539e-06    5.975888e-06    5.557527e-06    -7.578132e-07    -5.412471e-06    -3.438502e-06    1.906855e-06    1.761039e-06    -3.760452e-06    1.88221e-06    -6.65826e-06    1.211046e-05    6.517431e-06    -7.29747e-06    -2.023909e-06    -3.218531e-06    9.006149e-06    8.958684e-06    -1.495023e-06    -7.171086e-06    5.827555e-07    -5.947816e-06    -5.178773e-06    1.526499e-06    4.310748e-06
2.912852e-06    2.21521e-06    7.948587e-07    -7.172295e-07    -3.942335e-06    4.979792e-06    2.512916e-06    -2.175512e-07    -1.460202e-06    -4.258484e-06    -9.55729e-07    -4.897495e-06    -3.989216e-06    -7.860815e-09    4.547718e-06    1.587981e-06    -9.597586e-07    1.888005e-07    2.634549e-06    -2.010924e-06    4.088913e-06    -7.99716e-06    -4.331309e-06    4.763872e-06    1.644704e-06    3.070433e-06    -5.549246e-06    -5.702917e-06    1.110892e-06    3.435664e-06    -1.262569e-06    3.699816e-06    4.179913e-06    -1.047109e-06    -2.63709e-06
2.161669e-06    3.147941e-06    2.049048e-06    -6.707989e-07    -4.12282e-06    2.512916e-06    5.399385e-06    1.74499e-06    -3.076662e-06    -4.050674e-06    -6.991826e-07    -4.479739e-06    -3.723175e-06    -5.500845e-07    3.587785e-06    1.362071e-06    -1.427572e-06    -4.280543e-07    2.269259e-06    -6.208923e-07    3.813427e-06    -7.586244e-06    -4.826281e-06    5.266467e-06    1.762035e-06    1.585601e-06    -4.746148e-06    -5.642469e-06    2.502941e-07    4.465266e-06    -1.268346e-06    4.24363e-06    3.810198e-06    -1.806164e-06    -1.94113e-06
1.182204e-06    9.07303e-07    1.375878e-06    5.470615e-07    -2.045055e-06    -2.175512e-07    1.74499e-06    3.794063e-06    8.61164e-09    -3.11176e-06    -6.385506e-07    -1.360398e-06    -1.168457e-06    -6.584079e-07    8.305154e-07    1.61673e-07    -4.749369e-07    -7.330671e-07    4.763608e-08    9.849071e-07    8.815047e-07    -2.14287e-06    -1.868089e-06    1.830704e-06    1.157613e-06    7.036223e-07    -2.390315e-06    -2.870371e-06    7.657542e-07    2.402884e-06    -4.029974e-07    1.513466e-06    1.357736e-06    -7.382012e-07    -8.477904e-07
-9.026575e-07    -1.918094e-06    -8.598612e-07    1.438092e-06    3.547591e-06    -1.460202e-06    -3.076662e-06    8.61164e-09    4.199323e-06    2.58675e-06    6.481708e-08    2.869421e-06    2.664988e-06    1.827496e-07    -2.739874e-06    -1.423103e-06    7.775309e-07    -6.581647e-07    -1.954569e-06    1.639675e-06    -3.354417e-06    5.824356e-06    3.450239e-06    -3.490743e-06    -5.945248e-07    -5.503477e-07    1.966961e-06    2.969113e-06    9.207176e-07    -2.71566e-06    4.294996e-07    -3.214959e-06    -1.961829e-06    1.319379e-06    9.849596e-07
-3.927983e-06    -2.569139e-06    -1.400372e-06    1.311939e-06    9.22645e-06    -4.258484e-06    -4.050674e-06    -3.11176e-06    2.58675e-06    1.21106e-05    1.471029e-06    7.893153e-06    7.002852e-06    -6.388209e-07    -6.113369e-06    -3.00299e-06    1.689549e-06    5.429621e-07    -4.235503e-06    2.329626e-06    -7.353012e-06    1.182176e-05    7.585329e-06    -6.439961e-06    -2.798866e-06    -4.603078e-06    7.507775e-06    9.631384e-06    -5.689425e-07    -6.392493e-06    1.681457e-06    -5.866194e-06    -6.370475e-06    1.8181e-06    3.980321e-06
-1.856831e-06    -5.422946e-08    -5.898649e-07    -7.304577e-07    2.600539e-06    -9.55729e-07    -6.991826e-07    -6.385506e-07    6.481708e-08    1.471029e-06    4.44728e-06    5.482973e-07    -1.398058e-06    -5.09664e-07    -1.443838e-06    -8.999982e-07    -8.828537e-08    7.720373e-07    2.133854e-07    6.125064e-07    1.493777e-07    1.679578e-06    -2.380376e-08    -6.747842e-07    -6.676451e-07    -1.640506e-06    3.146519e-06    2.977366e-06    -1.634071e-06    -1.511681e-06    -2.509259e-07    -6.318371e-07    -8.469515e-07    -6.950976e-07    1.667918e-06
-3.569749e-06    -3.494087e-06    -1.272545e-06    1.668153e-06    5.975888e-06    -4.897495e-06    -4.479739e-06    -1.360398e-06    2.869421e-06    7.893153e-06    5.482973e-07    1.040182e-05    7.303586e-06    -1.183592e-06    -6.301785e-06    -2.8091e-06    1.184807e-06    -4.376674e-07    -4.41668e-06    3.232419e-06    -7.977576e-06    1.255336e-05    9.297763e-06    -8.049021e-06    -2.938739e-06    -4.08077e-06    7.215422e-06    8.978828e-06    -2.525587e-07    -5.849391e-06    2.290543e-06    -6.519169e-06    -7.05797e-06    2.232758e-06    3.912209e-06
-2.848674e-06    -2.394077e-06    -1.033122e-06    1.43692e-06    5.557527e-06    -3.989216e-06    -3.723175e-06    -1.168457e-06    2.664988e-06    7.002852e-06    -1.398058e-06    7.303586e-06    9.032977e-06    5.19103e-07    -6.890776e-06    -1.817381e-06    9.158851e-07    -1.235526e-06    -4.288558e-06    3.196431e-06    -7.48458e-06    1.202063e-05    7.823726e-06    -7.095473e-06    -2.343643e-06    -3.564478e-06    5.922893e-06    7.203261e-06    1.229028e-07    -5.05866e-06    2.13301e-06    -5.740165e-06    -6.339017e-06    2.259169e-06    3.253025e-06
-9.860156e-08    -3.631899e-07    1.110417e-08    5.440003e-07    -7.578132e-07    -7.860815e-09    -5.500845e-07    -6.584079e-07    1.827496e-07    -6.388209e-07    -5.09664e-07    -1.183592e-06    5.19103e-07    3.706006e-06    -1.868423e-06    1.168421e-06    -6.757249e-07    -2.082077e-06    4.377481e-07    6.733199e-07    3.336977e-07    1.851515e-06    1.794075e-07    -7.044052e-07    -4.682198e-07    -4.195586e-07    3.029763e-07    3.915893e-07    1.407025e-08    -5.962939e-07    6.081536e-07    -9.324207e-07    -6.150598e-07    8.124836e-07    -9.848778e-08
3.596478e-06    2.02544e-06    4.87809e-07    -9.528284e-07    -5.412471e-06    4.547718e-06    3.587785e-06    8.305154e-07    -2.739874e-06    -6.113369e-06    -1.443838e-06    -6.301785e-06    -6.890776e-06    -1.868423e-06    1.07462e-05    1.516879e-06    -3.046631e-07    2.743746e-06    3.445434e-06    -4.608335e-06    6.345017e-06    -1.386894e-05    -5.959593e-06    7.162613e-06    2.165801e-06    4.964124e-06    -7.135846e-06    -8.16757e-06    9.465056e-07    4.953945e-06    -1.641095e-06    5.85802e-06    5.930426e-06    -1.63806e-06    -3.799886e-06
1.504272e-06    1.125305e-06    7.554698e-07    1.7799e-07    -3.438502e-06    1.587981e-06    1.362071e-06    1.61673e-07    -1.423103e-06    -3.00299e-06    -8.999982e-07    -2.8091e-06    -1.817381e-06    1.168421e-06    1.516879e-06    4.083067e-06    -7.209514e-07    -2.108591e-06    1.132269e-06    -8.348474e-07    2.840175e-06    -3.597327e-06    -3.303034e-06    2.815874e-06    7.436144e-07    1.149138e-06    -2.695503e-06    -3.470297e-06    3.516962e-07    2.111919e-06    3.989158e-07    2.079932e-06    1.134973e-06    -1.880515e-07    -1.482194e-06
-7.314425e-07    -9.11562e-07    -7.506426e-07    -6.009912e-07    1.906855e-06    -9.597586e-07    -1.427572e-06    -4.749369e-07    7.775309e-07    1.689549e-06    -8.828537e-08    1.184807e-06    9.158851e-07    -6.757249e-07    -3.046631e-07    -7.209514e-07    3.225865e-06    1.042384e-06    -2.33534e-06    -4.072581e-07    -9.38493e-07    1.487121e-06    4.977301e-07    -1.097942e-06    -1.446921e-07    -4.991481e-07    1.3868e-06    1.383361e-06    4.514623e-09    -1.232407e-06    2.669429e-07    -4.908744e-07    -8.196691e-07    4.248384e-07    9.217587e-08
-5.679556e-07    -3.515042e-08    -1.423954e-06    -1.914543e-06    1.761039e-06    1.888005e-07    -4.280543e-07    -7.330671e-07    -6.581647e-07    5.429621e-07    7.720373e-07    -4.376674e-07    -1.235526e-06    -2.082077e-06    2.743746e-06    -2.108591e-06    1.042384e-06    5.821202e-06    -1.991838e-08    -3.365409e-06    8.905141e-07    -3.199186e-06    -7.683166e-07    7.65041e-07    1.22051e-07    1.096694e-06    6.419533e-07    -1.339548e-07    -1.117543e-06    2.242403e-07    -6.493725e-07    1.28175e-06    8.500238e-07    -8.688429e-07    2.063513e-07
1.777807e-06    1.169833e-06    3.493356e-07    -5.821123e-07    -3.760452e-06    2.634549e-06    2.269259e-06    4.763608e-08    -1.954569e-06    -4.235503e-06    2.133854e-07    -4.41668e-06    -4.288558e-06    4.377481e-07    3.445434e-06    1.132269e-06    -2.33534e-06    -1.991838e-08    5.180488e-06    -2.360911e-06    4.251251e-06    -7.016555e-06    -3.634311e-06    3.735659e-06    1.119161e-06    2.198857e-06    -3.491431e-06    -3.728724e-06    -1.779689e-07    2.53642e-06    -1.496635e-06    2.830372e-06    3.86963e-06    -1.259048e-06    -1.623778e-06
-1.261226e-06    -2.989796e-07    8.805653e-07    1.44308e-06    1.88221e-06    -2.010924e-06    -6.208923e-07    9.849071e-07    1.639675e-06    2.329626e-06    6.125064e-07    3.232419e-06    3.196431e-06    6.733199e-07    -4.608335e-06    -8.348474e-07    -4.072581e-07    -3.365409e-06    -2.360911e-06    5.410115e-06    -3.400489e-06    6.850523e-06    3.047364e-06    -3.095198e-06    -7.913964e-07    -2.835884e-06    2.543676e-06    3.50531e-06    3.248362e-07    -1.892647e-06    6.390754e-07    -2.772524e-06    -2.658945e-06    7.232111e-07    1.726133e-06
3.000981e-06    3.131516e-06    1.451901e-06    -1.87217e-06    -6.65826e-06    4.088913e-06    3.813427e-06    8.815047e-07    -3.354417e-06    -7.353012e-06    1.493777e-07    -7.977576e-06    -7.48458e-06    3.336977e-07    6.345017e-06    2.840175e-06    -9.38493e-07    8.905141e-07    4.251251e-06    -3.400489e-06    9.058368e-06    -1.225435e-05    -8.840395e-06    7.09576e-06    2.036562e-06    2.858822e-06    -6.086533e-06    -7.51734e-06    -3.239266e-07    5.555583e-06    -1.649994e-06    6.387669e-06    5.946465e-06    -2.192533e-06    -3.454384e-06
-6.466741e-06    -5.731469e-06    -3.183147e-06    2.786781e-06    1.211046e-05    -7.99716e-06    -7.586244e-06    -2.14287e-06    5.824356e-06    1.182176e-05    1.679578e-06    1.255336e-05    1.202063e-05    1.851515e-06    -1.386894e-05    -3.597327e-06    1.487121e-06    -3.199186e-06    -7.016555e-06    6.850523e-06    -1.225435e-05    2.640138e-05    1.169717e-05    -1.438958e-05    -3.910931e-06    -6.548385e-06    1.315337e-05    1.435361e-05    -1.288426e-06    -1.019433e-05    3.186505e-06    -1.175994e-05    -1.079126e-05    4.156334e-06    6.441898e-06
-3.298111e-06    -4.681134e-06    -2.324883e-06    2.298173e-06    6.517431e-06    -4.331309e-06    -4.826281e-06    -1.868089e-06    3.450239e-06    7.585329e-06    -2.380376e-08    9.297763e-06    7.823726e-06    1.794075e-07    -5.959593e-06    -3.303034e-06    4.977301e-07    -7.683166e-07    -3.634311e-06    3.047364e-06    -8.840395e-06    1.169717e-05    1.287541e-05    -8.982866e-06    -3.87357e-06    -2.740554e-06    7.037526e-06    8.771531e-06    2.309752e-07    -6.749893e-06    2.133183e-06    -7.727202e-06    -6.732541e-06    2.928564e-06    3.738657e-06
3.791712e-06    4.59128e-06    3.342443e-06    -1.520719e-06    -7.29747e-06    4.763872e-06    5.266467e-06    1.830704e-06    -3.490743e-06    -6.439961e-06    -6.747842e-07    -8.049021e-06    -7.095473e-06    -7.044052e-07    7.162613e-06    2.815874e-06    -1.097942e-06    7.65041e-07    3.735659e-06    -3.095198e-06    7.09576e-06    -1.438958e-05    -8.982866e-06    1.120152e-05    2.183827e-06    2.949429e-06    -8.266515e-06    -9.071979e-06    4.23897e-07    7.3172e-06    -1.473805e-06    7.601263e-06    6.02331e-06    -2.844971e-06    -3.647641e-06
1.608883e-06    1.28965e-06    5.231279e-07    -2.460101e-07    -2.023909e-06    1.644704e-06    1.762035e-06    1.157613e-06    -5.945248e-07    -2.798866e-06    -6.676451e-07    -2.938739e-06    -2.343643e-06    -4.682198e-07    2.165801e-06    7.436144e-07    -1.446921e-07    1.22051e-07    1.119161e-06    -7.913964e-07    2.036562e-06    -3.910931e-06    -3.87357e-06    2.183827e-06    2.902669e-06    1.825687e-06    -3.010539e-06    -3.333115e-06    7.065867e-07    2.017956e-06    -1.185628e-06    2.207349e-06    2.789509e-06    -8.706166e-07    -1.49712e-06
3.03091e-06    -4.162225e-08    -8.089581e-07    5.895714e-07    -3.218531e-06    3.070433e-06    1.585601e-06    7.036223e-07    -5.503477e-07    -4.603078e-06    -1.640506e-06    -4.08077e-06    -3.564478e-06    -4.195586e-07    4.964124e-06    1.149138e-06    -4.991481e-07    1.096694e-06    2.198857e-06    -2.835884e-06    2.858822e-06    -6.548385e-06    -2.740554e-06    2.949429e-06    1.825687e-06    6.867902e-06    -4.759725e-06    -7.350703e-06    1.113934e-06    2.777515e-06    -8.809254e-07    2.110832e-06    3.569318e-06    -1.790889e-07    -2.420448e-06
-6.155715e-06    -3.191702e-06    -2.942689e-06    -2.704849e-07    9.006149e-06    -5.549246e-06    -4.746148e-06    -2.390315e-06    1.966961e-06    7.507775e-06    3.146519e-06    7.215422e-06    5.922893e-06    3.029763e-07    -7.135846e-06    -2.695503e-06    1.3868e-06    6.419533e-07    -3.491431e-06    2.543676e-06    -6.086533e-06    1.315337e-05    7.037526e-06    -8.266515e-06    -3.010539e-06    -4.759725e-06    1.306539e-05    1.000034e-05    -4.688718e-06    -6.59452e-06    1.581185e-06    -6.213082e-06    -6.793756e-06    1.392333e-06    5.334222e-06
-5.525352e-06    -3.689877e-06    -2.249096e-06    3.994468e-07    8.958684e-06    -5.702917e-06    -5.642469e-06    -2.870371e-06    2.969113e-06    9.631384e-06    2.977366e-06    8.978828e-06    7.203261e-06    3.915893e-07    -8.16757e-06    -3.470297e-06    1.383361e-06    -1.339548e-07    -3.728724e-06    3.50531e-06    -7.51734e-06    1.435361e-05    8.771531e-06    -9.071979e-06    -3.333115e-06    -7.350703e-06    1.000034e-05    1.445614e-05    -1.675097e-06    -8.651078e-06    1.338883e-06    -7.236991e-06    -6.857906e-06    1.701138e-06    5.003635e-06
2.320614e-06    -3.476713e-07    3.521447e-07    1.604429e-06    -1.495023e-06    1.110892e-06    2.502941e-07    7.657542e-07    9.207176e-07    -5.689425e-07    -1.634071e-06    -2.525587e-07    1.229028e-07    1.407025e-08    9.465056e-07    3.516962e-07    4.514623e-09    -1.117543e-06    -1.779689e-07    3.248362e-07    -3.239266e-07    -1.288426e-06    2.309752e-07    4.23897e-07    7.065867e-07    1.113934e-06    -4.688718e-06    -1.675097e-06    4.719441e-06    -2.889734e-07    2.579487e-08    7.795691e-08    8.307154e-07    8.901559e-07    -1.80132e-06
3.329983e-06    3.465609e-06    3.070041e-06    -1.026481e-06    -7.171086e-06    3.435664e-06    4.465266e-06    2.402884e-06    -2.71566e-06    -6.392493e-06    -1.511681e-06    -5.849391e-06    -5.05866e-06    -5.962939e-07    4.953945e-06    2.111919e-06    -1.232407e-06    2.242403e-07    2.53642e-06    -1.892647e-06    5.555583e-06    -1.019433e-05    -6.749893e-06    7.3172e-06    2.017956e-06    2.777515e-06    -6.59452e-06    -8.651078e-06    -2.889734e-07    8.011456e-06    -9.482844e-07    5.780308e-06    4.677018e-06    -2.156242e-06    -2.990725e-06
-7.469196e-07    -9.179527e-07    2.072976e-08    7.676059e-07    5.827555e-07    -1.262569e-06    -1.268346e-06    -4.029974e-07    4.294996e-07    1.681457e-06    -2.509259e-07    2.290543e-06    2.13301e-06    6.081536e-07    -1.641095e-06    3.989158e-07    2.669429e-07    -6.493725e-07    -1.496635e-06    6.390754e-07    -1.649994e-06    3.186505e-06    2.133183e-06    -1.473805e-06    -1.185628e-06    -8.809254e-07    1.581185e-06    1.338883e-06    2.579487e-08    -9.482844e-07    3.084688e-06    -1.453245e-06    -3.664578e-06    1.030621e-06    8.550283e-07
2.881742e-06    3.968158e-06    2.317011e-06    -2.116253e-06    -5.947816e-06    3.699816e-06    4.24363e-06    1.513466e-06    -3.214959e-06    -5.866194e-06    -6.318371e-07    -6.519169e-06    -5.740165e-06    -9.324207e-07    5.85802e-06    2.079932e-06    -4.908744e-07    1.28175e-06    2.830372e-06    -2.772524e-06    6.387669e-06    -1.175994e-05    -7.727202e-06    7.601263e-06    2.207349e-06    2.110832e-06    -6.213082e-06    -7.236991e-06    7.795691e-08    5.780308e-06    -1.453245e-06    7.948872e-06    4.720644e-06    -3.334925e-06    -2.589876e-06
3.504763e-06    2.535773e-06    1.037682e-06    -1.317975e-06    -5.178773e-06    4.179913e-06    3.810198e-06    1.357736e-06    -1.961829e-06    -6.370475e-06    -8.469515e-07    -7.05797e-06    -6.339017e-06    -6.150598e-07    5.930426e-06    1.134973e-06    -8.196691e-07    8.500238e-07    3.86963e-06    -2.658945e-06    5.946465e-06    -1.079126e-05    -6.732541e-06    6.02331e-06    2.789509e-06    3.569318e-06    -6.793756e-06    -6.857906e-06    8.307154e-07    4.677018e-06    -3.664578e-06    4.720644e-06    8.373818e-06    -1.932707e-06    -4.201023e-06
-4.371428e-07    -1.700422e-06    -1.052196e-06    1.164203e-06    1.526499e-06    -1.047109e-06    -1.806164e-06    -7.382012e-07    1.319379e-06    1.8181e-06    -6.950976e-07    2.232758e-06    2.259169e-06    8.124836e-07    -1.63806e-06    -1.880515e-07    4.248384e-07    -8.688429e-07    -1.259048e-06    7.232111e-07    -2.192533e-06    4.156334e-06    2.928564e-06    -2.844971e-06    -8.706166e-07    -1.790889e-07    1.392333e-06    1.701138e-06    8.901559e-07    -2.156242e-06    1.030621e-06    -3.334925e-06    -1.932707e-06    3.151918e-06    -3.574882e-07
-2.967616e-06    -1.158702e-06    -8.740395e-07    9.798627e-08    4.310748e-06    -2.63709e-06    -1.94113e-06    -8.477904e-07    9.849596e-07    3.980321e-06    1.667918e-06    3.912209e-06    3.253025e-06    -9.848778e-08    -3.799886e-06    -1.482194e-06    9.217587e-08    2.063513e-07    -1.623778e-06    1.726133e-06    -3.454384e-06    6.441898e-06    3.738657e-06    -3.647641e-06    -1.49712e-06    -2.420448e-06    5.334222e-06    5.003635e-06    -1.80132e-06    -2.990725e-06    8.550283e-07    -2.589876e-06    -4.201023e-06    -3.574882e-07    4.389343e-06
