4.886195e-06    9.459127e-07    3.215987e-07    4.051512e-07    -4.583852e-06    1.504272e-06    -7.314425e-07    -5.679556e-07    1.777807e-06    -1.261226e-06
9.459127e-07    5.149284e-06    1.932172e-06    -2.591136e-06    -2.388246e-06    1.125305e-06    -9.11562e-07    -3.515042e-08    1.169833e-06    -2.989796e-07
3.215987e-07    1.932172e-06    4.41267e-06    -5.483117e-08    -4.145482e-06    7.554698e-07    -7.506426e-07    -1.423954e-06    3.493356e-07    8.805653e-07
4.051512e-07    -2.591136e-06    -5.483117e-08    4.212585e-06    1.396828e-07    1.7799e-07    -6.009912e-07    -1.914543e-06    -5.821123e-07    1.44308e-06
-4.583852e-06    -2.388246e-06    -4.145482e-06    1.396828e-07    1.312032e-05    -3.438502e-06    1.906855e-06    1.761039e-06    -3.760452e-06    1.88221e-06
1.504272e-06    1.125305e-06    7.554698e-07    1.7799e-07    -3.438502e-06    4.083067e-06    -7.209514e-07    -2.108591e-06    1.132269e-06    -8.348474e-07
-7.314425e-07    -9.11562e-07    -7.506426e-07    -6.009912e-07    1.906855e-06    -7.209514e-07    3.225865e-06    1.042384e-06    -2.33534e-06    -4.072581e-07
-5.679556e-07    -3.515042e-08    -1.423954e-06    -1.914543e-06    1.761039e-06    -2.108591e-06    1.042384e-06    5.821202e-06    -1.991838e-08    -3.365409e-06
1.777807e-06    1.169833e-06    3.493356e-07    -5.821123e-07    -3.760452e-06    1.132269e-06    -2.33534e-06    -1.991838e-08    5.180488e-06    -2.360911e-06
-1.261226e-06    -2.989796e-07    8.805653e-07    1.44308e-06    1.88221e-06    -8.348474e-07    -4.072581e-07    -3.365409e-06    -2.360911e-06    5.410115e-06
