4.886195e-06    9.459127e-07    3.215987e-07    4.051512e-07    -4.583852e-06    1.369822e-06    2.171997e-06    1.518604e-06    1.163494e-06    -3.605879e-06    3.03091e-06    -6.155715e-06    -5.525352e-06    2.320614e-06    3.329983e-06
9.459127e-07    5.149284e-06    1.932172e-06    -2.591136e-06    -2.388246e-06    -1.735674e-07    2.251364e-06    1.976723e-06    1.788512e-06    -3.304692e-06    -4.162225e-08    -3.191702e-06    -3.689877e-06    -3.476713e-07    3.465609e-06
3.215987e-07    1.932172e-06    4.41267e-06    -5.483117e-08    -4.145482e-06    -8.204703e-07    1.745287e-06    1.741668e-06    9.943943e-07    -2.841119e-06    -8.089581e-07    -2.942689e-06    -2.249096e-06    3.521447e-07    3.070041e-06
4.051512e-07    -2.591136e-06    -5.483117e-08    4.212585e-06    1.396828e-07    3.01357e-08    -3.759527e-07    2.923878e-08    -5.915695e-07    1.597144e-07    5.895714e-07    -2.704849e-07    3.994468e-07    1.604429e-06    -1.026481e-06
-4.583852e-06    -2.388246e-06    -4.145482e-06    1.396828e-07    1.312032e-05    -5.370038e-07    -4.149239e-06    -2.946687e-06    -1.69204e-06    5.904869e-06    -3.218531e-06    9.006149e-06    8.958684e-06    -1.495023e-06    -7.171086e-06
1.369822e-06    -1.735674e-07    -8.204703e-07    3.01357e-08    -5.370038e-07    3.230536e-06    6.521993e-07    -8.292902e-07    -4.694414e-08    -8.449585e-07    2.666793e-06    -2.210002e-06    -2.471928e-06    9.787717e-07    6.108148e-07
2.171997e-06    2.251364e-06    1.745287e-06    -3.759527e-07    -4.149239e-06    6.521993e-07    4.815387e-06    1.475379e-06    -1.762443e-07    -3.655233e-06    1.725785e-06    -4.504103e-06    -4.972728e-06    6.064716e-07    3.983493e-06
1.518604e-06    1.976723e-06    1.741668e-06    2.923878e-08    -2.946687e-06    -8.292902e-07    1.475379e-06    4.226065e-06    1.280345e-06    -3.448641e-06    7.719902e-07    -3.215991e-06    -3.951926e-06    4.017234e-07    3.215824e-06
1.163494e-06    1.788512e-06    9.943943e-07    -5.915695e-07    -1.69204e-06    -4.694414e-08    -1.762443e-07    1.280345e-06    3.315228e-06    -2.547434e-06    4.689814e-07    -2.685784e-06    -2.339767e-06    4.256662e-07    1.730157e-06
-3.605879e-06    -3.304692e-06    -2.841119e-06    1.597144e-07    5.904869e-06    -8.449585e-07    -3.655233e-06    -3.448641e-06    -2.547434e-06    8.46548e-06    -2.667499e-06    7.468105e-06    7.765093e-06    -1.902658e-06    -5.213788e-06
3.03091e-06    -4.162225e-08    -8.089581e-07    5.895714e-07    -3.218531e-06    2.666793e-06    1.725785e-06    7.719902e-07    4.689814e-07    -2.667499e-06    6.867902e-06    -4.759725e-06    -7.350703e-06    1.113934e-06    2.777515e-06
-6.155715e-06    -3.191702e-06    -2.942689e-06    -2.704849e-07    9.006149e-06    -2.210002e-06    -4.504103e-06    -3.215991e-06    -2.685784e-06    7.468105e-06    -4.759725e-06    1.306539e-05    1.000034e-05    -4.688718e-06    -6.59452e-06
-5.525352e-06    -3.689877e-06    -2.249096e-06    3.994468e-07    8.958684e-06    -2.471928e-06    -4.972728e-06    -3.951926e-06    -2.339767e-06    7.765093e-06    -7.350703e-06    1.000034e-05    1.445614e-05    -1.675097e-06    -8.651078e-06
2.320614e-06    -3.476713e-07    3.521447e-07    1.604429e-06    -1.495023e-06    9.787717e-07    6.064716e-07    4.017234e-07    4.256662e-07    -1.902658e-06    1.113934e-06    -4.688718e-06    -1.675097e-06    4.719441e-06    -2.889734e-07
3.329983e-06    3.465609e-06    3.070041e-06    -1.026481e-06    -7.171086e-06    6.108148e-07    3.983493e-06    3.215824e-06    1.730157e-06    -5.213788e-06    2.777515e-06    -6.59452e-06    -8.651078e-06    -2.889734e-07    8.011456e-06
