4.886195e-06    9.459127e-07    3.215987e-07    4.051512e-07    -4.583852e-06    5.361244e-07    -2.983434e-06    -4.417333e-06    -1.71202e-06    3.313715e-06
9.459127e-07    5.149284e-06    1.932172e-06    -2.591136e-06    -2.388246e-06    -1.005064e-06    -2.999145e-06    -3.780297e-06    -7.430651e-07    3.512747e-06
3.215987e-07    1.932172e-06    4.41267e-06    -5.483117e-08    -4.145482e-06    2.213668e-07    -2.193761e-06    -3.208861e-06    -1.057925e-07    1.541288e-06
4.051512e-07    -2.591136e-06    -5.483117e-08    4.212585e-06    1.396828e-07    1.119024e-06    1.267462e-06    1.171164e-06    5.912866e-07    -2.077984e-06
-4.583852e-06    -2.388246e-06    -4.145482e-06    1.396828e-07    1.312032e-05    -1.367776e-06    6.444307e-06    9.099748e-06    2.180306e-06    -5.851577e-06
5.361244e-07    -1.005064e-06    2.213668e-07    1.119024e-06    -1.367776e-06    2.805165e-06    -5.455384e-09    -1.239492e-06    4.724729e-08    -9.601109e-07
-2.983434e-06    -2.999145e-06    -2.193761e-06    1.267462e-06    6.444307e-06    -5.455384e-09    7.250746e-06    7.002445e-06    4.867289e-07    -5.820875e-06
-4.417333e-06    -3.780297e-06    -3.208861e-06    1.171164e-06    9.099748e-06    -1.239492e-06    7.002445e-06    1.13454e-05    2.124082e-06    -8.043069e-06
-1.71202e-06    -7.430651e-07    -1.057925e-07    5.912866e-07    2.180306e-06    4.724729e-08    4.867289e-07    2.124082e-06    3.764095e-06    -3.030688e-06
3.313715e-06    3.512747e-06    1.541288e-06    -2.077984e-06    -5.851577e-06    -9.601109e-07    -5.820875e-06    -8.043069e-06    -3.030688e-06    9.261147e-06
