4.886195e-06    9.459127e-07    3.215987e-07    4.051512e-07    -4.583852e-06    -4.645842e-07    2.816605e-06    4.764353e-06    7.603472e-08    -3.80456e-06
9.459127e-07    5.149284e-06    1.932172e-06    -2.591136e-06    -2.388246e-06    -1.800711e-06    5.281485e-06    3.924547e-06    -2.365569e-06    -1.871213e-06
3.215987e-07    1.932172e-06    4.41267e-06    -5.483117e-08    -4.145482e-06    -9.919357e-07    2.234427e-06    3.281324e-06    -4.211572e-07    -1.986328e-06
4.051512e-07    -2.591136e-06    -5.483117e-08    4.212585e-06    1.396828e-07    1.402775e-06    -3.698212e-06    -1.77027e-06    1.934838e-06    7.038055e-07
-4.583852e-06    -2.388246e-06    -4.145482e-06    1.396828e-07    1.312032e-05    1.109454e-06    -6.228594e-06    -8.808449e-06    5.198746e-07    6.491143e-06
-4.645842e-07    -1.800711e-06    -9.919357e-07    1.402775e-06    1.109454e-06    3.535645e-06    -2.593624e-06    -4.360092e-06    1.270009e-06    1.338564e-06
2.816605e-06    5.281485e-06    2.234427e-06    -3.698212e-06    -6.228594e-06    -2.593624e-06    1.607521e-05    8.217366e-06    -7.258583e-06    -4.920429e-06
4.764353e-06    3.924547e-06    3.281324e-06    -1.77027e-06    -8.808449e-06    -4.360092e-06    8.217366e-06    1.316667e-05    -1.923214e-06    -7.950075e-06
7.603472e-08    -2.365569e-06    -4.211572e-07    1.934838e-06    5.198746e-07    1.270009e-06    -7.258583e-06    -1.923214e-06    5.376072e-06    -2.548979e-07
-3.80456e-06    -1.871213e-06    -1.986328e-06    7.038055e-07    6.491143e-06    1.338564e-06    -4.920429e-06    -7.950075e-06    -2.548979e-07    7.218052e-06
