1    -0.09296697    -0.5872855    0.1205512    -0.008874198    -0.005303463    0.03586342    0.02341528    0.0162719    -0.01294772
-0.09296697    1    -0.2674181    -0.5953015    0.2580198    0.002553311    -0.02078851    0.01601615    0.0001710993    -0.01667433
-0.5872855    -0.2674181    1    -0.09069658    -0.3813491    -0.03140881    -0.01462852    0.02127022    0.01519333    -0.0343766
0.1205512    -0.5953015    -0.09069658    1    -0.4833    0.001390956    0.02920639    0.01321162    0.02770152    -0.000693453
-0.008874198    0.2580198    -0.3813491    -0.4833    1    0.02596057    -0.0326868    -0.04390219    -0.03538663    0.01377583
-0.005303463    0.002553311    -0.03140881    0.001390956    0.02596057    1    0.2292549    -0.7925327    -0.3398313    0.2443113
0.03586342    -0.02078851    -0.01462852    0.02920639    -0.0326868    0.2292549    1    0.0582692    -0.7753216    0.1000554
0.02341528    0.01601615    0.02127022    0.01321162    -0.04390219    -0.7925327    0.0582692    1    0.2852451    -0.6086443
0.0162719    0.0001710993    0.01519333    0.02770152    -0.03538663    -0.3398313    -0.7753216    0.2852451    1    -0.503745
-0.01294772    -0.01667433    -0.0343766    -0.000693453    0.01377583    0.2443113    0.1000554    -0.6086443    -0.503745    1
