1    -0.09296697    -0.5872855    0.1205512    -0.008874198    0.09144331    -0.1395352    -0.06685502    0.1552404    -0.05712691
-0.09296697    1    -0.2674181    -0.5953015    0.2580198    -0.07295513    0.02234999    -0.0474914    -0.163158    0.188544
-0.5872855    -0.2674181    1    -0.09069658    -0.3813491    -0.07749114    -0.00311394    -0.04002052    -0.07562346    0.1360881
0.1205512    -0.5953015    -0.09069658    1    -0.4833    0.07003529    -0.1504289    0.001679907    0.2007968    -0.1302686
-0.008874198    0.2580198    -0.3813491    -0.4833    1    0.002615327    0.1696826    0.05225146    -0.07208402    -0.05749886
0.09144331    -0.07295513    -0.07749114    0.07003529    0.002615327    1    -0.07100112    -0.728322    -0.04729772    0.1596486
-0.1395352    0.02234999    -0.00311394    -0.1504289    0.1696826    -0.07100112    1    0.0881019    -0.7726396    0.1730508
-0.06685502    -0.0474914    -0.04002052    0.001679907    0.05225146    -0.728322    0.0881019    1    0.04617607    -0.5515985
0.1552404    -0.163158    -0.07562346    0.2007968    -0.07208402    -0.04729772    -0.7726396    0.04617607    1    -0.5459898
-0.05712691    0.188544    0.1360881    -0.1302686    -0.05749886    0.1596486    0.1730508    -0.5515985    -0.5459898    1
