1    0.009148284    -0.5227716    -0.02662411    -0.09164891    0.02034355    -0.09586615    -0.05725513    -0.0001474403    0.1087332    0.07606735    0.05775162    0.07622361    0.09475273    -0.2334871
0.009148284    1    -0.6390093    -0.4031495    0.1813855    0.03727827    0.01729067    0.03099974    0.03153167    -0.08674941    0.05433498    -0.1205679    -0.08634408    0.08182868    0.06181782
-0.5227716    -0.6390093    1    -0.06712646    -0.3321347    -0.0348708    0.05084712    0.01880581    -0.005262894    -0.03888836    -0.02587836    -0.08292315    -0.05816828    -0.04026337    0.1293349
-0.02662411    -0.4031495    -0.06712646    1    -0.130076    -0.009991644    -0.06300713    -0.06579267    -0.02954723    0.151162    0.03352394    0.1109262    0.04259428    0.0134009    -0.1259633
-0.09164891    0.1813855    -0.3321347    -0.130076    1    -0.0437171    0.05538218    0.07017089    -0.04162291    -0.03214117    -0.1402156    0.1246299    0.149821    -0.1416016    0.01889611
0.02034355    0.03727827    -0.0348708    -0.009991644    -0.0437171    1    -0.02954475    -0.6886428    -0.02435365    0.001571975    0.06443082    -0.07015391    -0.05780759    0.1339086    -0.02215292
-0.09586615    0.01729067    0.05084712    -0.06300713    0.05538218    -0.02954475    1    -0.230843    -0.6910545    0.2013255    -0.05546732    -0.002827555    0.02384357    -0.06292279    0.07814099
-0.05725513    0.03099974    0.01880581    -0.06579267    0.07017089    -0.6886428    -0.230843    1    -0.006458427    -0.3909671    -0.02648205    0.01348771    -0.001865565    -0.1240855    0.09211669
-0.0001474403    0.03153167    -0.005262894    -0.02954723    -0.04162291    -0.02435365    -0.6910545    -0.006458427    1    -0.3307153    0.05139153    -0.03882252    -0.07138099    0.06367587    -0.02674284
0.1087332    -0.08674941    -0.03888836    0.151162    -0.03214117    0.001571975    0.2013255    -0.3909671    -0.3307153    1    -0.02051223    0.04563923    0.1137046    0.03057345    -0.1325142
0.07606735    0.05433498    -0.02587836    0.03352394    -0.1402156    0.06443082    -0.05546732    -0.02648205    0.05139153    -0.02051223    1    -0.09296697    -0.5872855    0.1205512    -0.008874198
0.05775162    -0.1205679    -0.08292315    0.1109262    0.1246299    -0.07015391    -0.002827555    0.01348771    -0.03882252    0.04563923    -0.09296697    1    -0.2674181    -0.5953015    0.2580198
0.07622361    -0.08634408    -0.05816828    0.04259428    0.149821    -0.05780759    0.02384357    -0.001865565    -0.07138099    0.1137046    -0.5872855    -0.2674181    1    -0.09069658    -0.3813491
0.09475273    0.08182868    -0.04026337    0.0134009    -0.1416016    0.1339086    -0.06292279    -0.1240855    0.06367587    0.03057345    0.1205512    -0.5953015    -0.09069658    1    -0.4833
-0.2334871    0.06181782    0.1293349    -0.1259633    0.01889611    -0.02215292    0.07814099    0.09211669    -0.02674284    -0.1325142    -0.008874198    0.2580198    -0.3813491    -0.4833    1
