1    -0.06179415    -0.5939001    -0.1180336    0.02355674    0.06777358    -0.03256545    -0.01853442    0.04042199    -0.02486809    0.05167966    -0.1152897    0.02066657    0.09069551    -0.05447833    0.1060747    -0.02626833    -0.08276362    0.01211681    0.009421968
-0.06179415    1    -0.1008464    -0.6099681    0.04573424    -0.02951339    0.06014817    -0.02418068    -0.01952682    0.03791219    -0.09588906    0.06631092    0.06696303    -0.05048789    0.03211869    0.02149667    0.01418499    -0.0290766    -0.01621258    -0.02431367
-0.5939001    -0.1008464    1    -0.06423964    -0.3811407    -0.05889854    0.0487907    0.07776806    -0.07632229    -0.03763317    -0.03325535    0.1240084    -0.02484923    -0.04320801    -0.007768238    -0.06213153    0.007087577    0.0578896    0.007889381    -0.01036099
-0.1180336    -0.6099681    -0.06423964    1    -0.2719001    0.02962524    -0.01393313    0.02187897    -0.004943796    -0.04511865    0.05996405    0.01692201    -0.01928402    -0.02647303    -0.03397779    -0.02213641    0.01209078    0.01265232    0.00995439    0.02421431
0.02355674    0.04573424    -0.3811407    -0.2719001    1    -0.02088288    -0.08405107    -0.03049155    0.05859478    0.08546537    0.05134978    -0.07520341    -0.03895309    -0.0006839066    0.001843406    -0.04528354    -0.03258053    0.001015344    0.01467392    0.05891425
0.06777358    -0.02951339    -0.05889854    0.02962524    -0.02088288    1    -0.02954475    -0.6886428    -0.02435365    0.001571975    0.06443082    -0.07015391    -0.05780759    0.1339086    -0.02215292    0.002441896    -0.02419697    0.0301268    0.01496668    -0.04018266
-0.03256545    0.06014817    0.0487907    -0.01393313    -0.08405107    -0.02954475    1    -0.230843    -0.6910545    0.2013255    -0.05546732    -0.002827555    0.02384357    -0.06292279    0.07814099    -0.04686053    -0.001171372    0.01298223    0.01444384    -0.03086101
-0.01853442    -0.02418068    0.07776806    0.02187897    -0.03049155    -0.6886428    -0.230843    1    -0.006458427    -0.3909671    -0.02648205    0.01348771    -0.001865565    -0.1240855    0.09211669    -0.02167811    -0.01926784    -0.04874781    -0.01805607    0.08730085
0.04042199    -0.01952682    -0.07632229    -0.004943796    0.05859478    -0.02435365    -0.6910545    -0.006458427    1    -0.3307153    0.05139153    -0.03882252    -0.07138099    0.06367587    -0.02674284    0.04628176    -0.05213211    -0.06164212    -0.01098869    0.09718906
-0.02486809    0.03791219    -0.03763317    -0.04511865    0.08546537    0.001571975    0.2013255    -0.3909671    -0.3307153    1    -0.02051223    0.04563923    0.1137046    0.03057345    -0.1325142    0.0163327    0.08368623    0.06951794    0.003541737    -0.1179821
0.05167966    -0.09588906    -0.03325535    0.05996405    0.05134978    0.06443082    -0.05546732    -0.02648205    0.05139153    -0.02051223    1    -0.09296697    -0.5872855    0.1205512    -0.008874198    -0.1179656    -0.2980671    0.06641426    0.4483354    -0.1221541
-0.1152897    0.06631092    0.1240084    0.01692201    -0.07520341    -0.07015391    -0.002827555    0.01348771    -0.03882252    0.04563923    -0.09296697    1    -0.2674181    -0.5953015    0.2580198    -0.2510339    0.02346951    0.3400784    0.1013593    -0.1992053
0.02066657    0.06696303    -0.02484923    -0.01928402    -0.03895309    -0.05780759    0.02384357    -0.001865565    -0.07138099    0.1137046    -0.5872855    -0.2674181    1    -0.09069658    -0.3813491    0.07215081    0.3303277    0.05506116    -0.2063156    -0.1128322
0.09069551    -0.05048789    -0.04320801    -0.02647303    -0.0006839066    0.1339086    -0.06292279    -0.1240855    0.06367587    0.03057345    0.1205512    -0.5953015    -0.09069658    1    -0.4833    0.5098434    0.07291783    -0.3542301    -0.1281001    0.02787081
-0.05447833    0.03211869    -0.007768238    -0.03397779    0.001843406    -0.02215292    0.07814099    0.09211669    -0.02674284    -0.1325142    -0.008874198    0.2580198    -0.3813491    -0.4833    1    -0.3181835    -0.2759907    0.09980855    0.04931708    -0.08786729
0.1060747    0.02149667    -0.06213153    -0.02213641    -0.04528354    0.002441896    -0.04686053    -0.02167811    0.04628176    0.0163327    -0.1179656    -0.2510339    0.07215081    0.5098434    -0.3181835    1    0.101416    -0.7969551    -0.2103847    0.2428828
-0.02626833    0.01418499    0.007087577    0.01209078    -0.03258053    -0.02419697    -0.001171372    -0.01926784    -0.05213211    0.08368623    -0.2980671    0.02346951    0.3303277    0.07291783    -0.2759907    0.101416    1    0.04487903    -0.7812895    0.1599303
-0.08276362    -0.0290766    0.0578896    0.01265232    0.001015344    0.0301268    0.01298223    -0.04874781    -0.06164212    0.06951794    0.06641426    0.3400784    0.05506116    -0.3542301    0.09980855    -0.7969551    0.04487903    1    0.1790457    -0.582267
0.01211681    -0.01621258    0.007889381    0.00995439    0.01467392    0.01496668    0.01444384    -0.01805607    -0.01098869    0.003541737    0.4483354    0.1013593    -0.2063156    -0.1281001    0.04931708    -0.2103847    -0.7812895    0.1790457    1    -0.5209955
0.009421968    -0.02431367    -0.01036099    0.02421431    0.05891425    -0.04018266    -0.03086101    0.08730085    0.09718906    -0.1179821    -0.1221541    -0.1992053    -0.1128322    0.02787081    -0.08786729    0.2428828    0.1599303    -0.582267    -0.5209955    1
