1    -0.06409369    -0.6033327    -0.117936    0.005767962    0.07832183    -0.001543651    -0.04515409    0.01661505    -0.08180572
-0.06409369    1    -0.09900662    -0.5676348    0.03544622    -0.03149223    0.07929445    0.0214283    -0.0427591    0.01179005
-0.6033327    -0.09900662    1    -0.06336199    -0.3576137    0.0299431    0.01729769    0.03479909    -0.0405237    0.009483895
-0.117936    -0.5676348    -0.06336199    1    -0.2964738    -0.03964216    -0.007947096    0.01918804    0.02502245    -0.001094818
0.005767962    0.03544622    -0.3576137    -0.2964738    1    -0.04002131    -0.09305515    -0.02538079    0.07569078    0.1250716
0.07832183    -0.03149223    0.0299431    -0.03964216    -0.04002131    1    -0.09296697    -0.5872855    0.1205512    -0.008874198
-0.001543651    0.07929445    0.01729769    -0.007947096    -0.09305515    -0.09296697    1    -0.2674181    -0.5953015    0.2580198
-0.04515409    0.0214283    0.03479909    0.01918804    -0.02538079    -0.5872855    -0.2674181    1    -0.09069658    -0.3813491
0.01661505    -0.0427591    -0.0405237    0.02502245    0.07569078    0.1205512    -0.5953015    -0.09069658    1    -0.4833
-0.08180572    0.01179005    0.009483895    -0.001094818    0.1250716    -0.008874198    0.2580198    -0.3813491    -0.4833    1
