1    0.002486199    -0.6084731    0.05587275    -0.03522792    0.1149426    -0.0589456    -0.09550394    0.07625471    0.001662376    0.118534    -0.06763387    -0.1165317    0.06329067    0.02329751    0.03534902    0.01676522    0.02021526    0.06600987    -0.1337464    0.02409484    -0.01830849    -0.05322952    -0.002105005    0.05289565
0.002486199    1    -0.2610428    -0.5998652    0.2709889    -0.07644966    0.01126107    0.07024319    -0.0426883    -0.02098678    -0.04068063    0.0385303    -0.03882541    -0.09661622    0.1084896    -0.05733499    -0.0393164    -0.0003313001    -0.0107314    0.07604469    -0.04131536    -0.06840524    -0.01439085    0.04523161    0.02502021
-0.6084731    -0.2610428    1    0.02869043    -0.4800809    -0.04870022    0.001686748    -0.007503488    -0.03716285    0.07579419    -0.1027279    -0.0139711    0.04670473    -0.03906479    0.06852279    0.008492611    -0.04825428    -0.08621679    -0.02133824    0.1572372    -0.07804434    0.009368639    0.06020526    -0.0459649    0.01118076
0.05587275    -0.5998652    0.02869043    1    -0.3962035    0.09349131    -0.05260123    -0.104891    0.05230453    0.04410629    0.07971616    -0.08075808    -0.06775    0.09827519    -0.05132883    0.02591286    0.05311727    0.02940488    0.01813724    -0.09963854    0.0459218    -0.01361547    -0.05746281    -0.01479267    0.06289179
-0.03522792    0.2709889    -0.4800809    -0.3962035    1    -0.05443419    0.07590883    0.09468889    -0.04219496    -0.09250409    -0.01176067    0.08430235    0.0765952    -0.03306862    -0.07544567    -0.03486565    0.00494263    0.06208796    -0.04524369    -0.004726599    0.02962603    -0.01431951    0.008205228    0.05515158    -0.06020576
0.1149426    -0.07644966    -0.04870022    0.09349131    -0.05443419    1    -0.02954475    -0.6886428    -0.02435365    0.001571975    0.06443082    -0.07015391    -0.05780759    0.1339086    -0.02215292    0.1348329    -0.1027551    -0.09106725    0.149632    -0.0641545    0.002441896    -0.02419697    0.0301268    0.01496668    -0.04018266
-0.0589456    0.01126107    0.001686748    -0.05260123    0.07590883    -0.02954475    1    -0.230843    -0.6910545    0.2013255    -0.05546732    -0.002827555    0.02384357    -0.06292279    0.07814099    -0.1088338    -0.03317463    -0.0156299    -0.05154363    0.1274984    -0.04686053    -0.001171372    0.01298223    0.01444384    -0.03086101
-0.09550394    0.07024319    -0.007503488    -0.104891    0.09468889    -0.6886428    -0.230843    1    -0.006458427    -0.3909671    -0.02648205    0.01348771    -0.001865565    -0.1240855    0.09211669    -0.09750841    0.02030822    0.008943187    -0.1243313    0.1263049    -0.02167811    -0.01926784    -0.04874781    -0.01805607    0.08730085
0.07625471    -0.0426883    -0.03716285    0.05230453    -0.04219496    -0.02435365    -0.6910545    -0.006458427    1    -0.3307153    0.05139153    -0.03882252    -0.07138099    0.06367587    -0.02674284    0.08028699    -0.07731322    -0.05019253    0.09218421    -0.0281656    0.04628176    -0.05213211    -0.06164212    -0.01098869    0.09718906
0.001662376    -0.02098678    0.07579419    0.04410629    -0.09250409    0.001571975    0.2013255    -0.3909671    -0.3307153    1    -0.02051223    0.04563923    0.1137046    0.03057345    -0.1325142    -0.01604173    0.1286633    0.1188782    -0.01096831    -0.1376726    0.0163327    0.08368623    0.06951794    0.003541737    -0.1179821
0.118534    -0.04068063    -0.1027279    0.07971616    -0.01176067    0.06443082    -0.05546732    -0.02648205    0.05139153    -0.02051223    1    -0.09296697    -0.5872855    0.1205512    -0.008874198    0.04710214    0.01754277    -0.03626073    -0.004614688    0.001635322    -0.1179656    -0.2980671    0.06641426    0.4483354    -0.1221541
-0.06763387    0.0385303    -0.0139711    -0.08075808    0.08430235    -0.07015391    -0.002827555    0.01348771    -0.03882252    0.04563923    -0.09296697    1    -0.2674181    -0.5953015    0.2580198    -0.06038926    -0.02245117    -0.001589754    -0.04749324    0.06409999    -0.2510339    0.02346951    0.3400784    0.1013593    -0.1992053
-0.1165317    -0.03882541    0.04670473    -0.06775    0.0765952    -0.05780759    0.02384357    -0.001865565    -0.07138099    0.1137046    -0.5872855    -0.2674181    1    -0.09069658    -0.3813491    -0.0387741    -0.0405285    -0.01432079    -0.002247628    0.06114651    0.07215081    0.3303277    0.05506116    -0.2063156    -0.1128322
0.06329067    -0.09661622    -0.03906479    0.09827519    -0.03306862    0.1339086    -0.06292279    -0.1240855    0.06367587    0.03057345    0.1205512    -0.5953015    -0.09069658    1    -0.4833    0.0815159    -0.03339855    -0.008632428    0.08038157    -0.04880244    0.5098434    0.07291783    -0.3542301    -0.1281001    0.02787081
0.02329751    0.1084896    0.06852279    -0.05132883    -0.07544567    -0.02215292    0.07814099    0.09211669    -0.02674284    -0.1325142    -0.008874198    0.2580198    -0.3813491    -0.4833    1    -0.0008092788    0.06068607    1.043309e-05    -0.04013991    -0.01363167    -0.3181835    -0.2759907    0.09980855    0.04931708    -0.08786729
0.03534902    -0.05733499    0.008492611    0.02591286    -0.03486565    0.1348329    -0.1088338    -0.09750841    0.08028699    -0.01604173    0.04710214    -0.06038926    -0.0387741    0.0815159    -0.0008092788    1    -0.07105915    -0.7590877    -0.01713896    0.1621592    0.03507668    -0.04771279    -0.02701914    0.02601578    -0.04159734
0.01676522    -0.0393164    -0.04825428    0.05311727    0.00494263    -0.1027551    -0.03317463    0.02030822    -0.07731322    0.1286633    0.01754277    -0.02245117    -0.0405285    -0.03339855    0.06068607    -0.07105915    1    0.1470227    -0.7767391    0.1245049    -0.0768866    0.04919458    0.03727594    -0.03476111    0.01209644
0.02021526    -0.0003313001    -0.08621679    0.02940488    0.06208796    -0.09106725    -0.0156299    0.008943187    -0.05019253    0.1188782    -0.03626073    -0.001589754    -0.01432079    -0.008632428    1.043309e-05    -0.7590877    0.1470227    1    0.002426858    -0.537623    0.01708326    0.04755401    -0.01100449    -0.07308969    0.08129135
0.06600987    -0.0107314    -0.02133824    0.01813724    -0.04524369    0.149632    -0.05154363    -0.1243313    0.09218421    -0.01096831    -0.004614688    -0.04749324    -0.002247628    0.08038157    -0.04013991    -0.01713896    -0.7767391    0.002426858    1    -0.5020596    0.1000654    -0.03559738    -0.07661812    0.01090283    0.03953012
-0.1337464    0.07604469    0.1572372    -0.09963854    -0.004726599    -0.0641545    0.1274984    0.1263049    -0.0281656    -0.1376726    0.001635322    0.06409999    0.06114651    -0.04880244    -0.01363167    0.1621592    0.1245049    -0.537623    -0.5020596    1    -0.09364499    0.007081986    0.08966868    0.06320062    -0.05815377
0.02409484    -0.04131536    -0.07804434    0.0459218    0.02962603    0.002441896    -0.04686053    -0.02167811    0.04628176    0.0163327    -0.1179656    -0.2510339    0.07215081    0.5098434    -0.3181835    0.03507668    -0.0768866    0.01708326    0.1000654    -0.09364499    1    0.101416    -0.7969551    -0.2103847    0.2428828
-0.01830849    -0.06840524    0.009368639    -0.01361547    -0.01431951    -0.02419697    -0.001171372    -0.01926784    -0.05213211    0.08368623    -0.2980671    0.02346951    0.3303277    0.07291783    -0.2759907    -0.04771279    0.04919458    0.04755401    -0.03559738    0.007081986    0.101416    1    0.04487903    -0.7812895    0.1599303
-0.05322952    -0.01439085    0.06020526    -0.05746281    0.008205228    0.0301268    0.01298223    -0.04874781    -0.06164212    0.06951794    0.06641426    0.3400784    0.05506116    -0.3542301    0.09980855    -0.02701914    0.03727594    -0.01100449    -0.07661812    0.08966868    -0.7969551    0.04487903    1    0.1790457    -0.582267
-0.002105005    0.04523161    -0.0459649    -0.01479267    0.05515158    0.01496668    0.01444384    -0.01805607    -0.01098869    0.003541737    0.4483354    0.1013593    -0.2063156    -0.1281001    0.04931708    0.02601578    -0.03476111    -0.07308969    0.01090283    0.06320062    -0.2103847    -0.7812895    0.1790457    1    -0.5209955
0.05289565    0.02502021    0.01118076    0.06289179    -0.06020576    -0.04018266    -0.03086101    0.08730085    0.09718906    -0.1179821    -0.1221541    -0.1992053    -0.1128322    0.02787081    -0.08786729    -0.04159734    0.01209644    0.08129135    0.03953012    -0.05815377    0.2428828    0.1599303    -0.582267    -0.5209955    1
