1    -0.218888    -0.3308694    0.08306893    -0.09162578    0.002477644    0.1592832    0.09834576    -0.04144671    -0.1770793    -0.004397635    -0.1131841    -0.02060707    0.004131331    0.05838671    0.5035325    -0.2788426    -0.2593579    0.4949087    0.001793733    -0.1258383    -0.02320729    0.07522568    0.05545163    0.08974795    -0.1774762    -0.05454356    0.1140151    0.1297647    0.04706916    0.009796836    -0.06792474    -0.06129423    0.005916519    0.09203752    -0.02763372    0.003731231    -0.004507477    -0.001367936    -0.03024577    -0.1474211    -0.08227219    0.09777679    0.1472287    0.05329248    0.007512427    -0.01396385    -0.06302653    -0.02300916    0.06138823    -0.1409734    0.02028686    0.05504397    0.07824208    0.04217838
-0.218888    1    -0.5246829    -0.383431    0.2626359    0.05265547    -0.1381343    -0.09816013    0.08690509    0.08077235    0.01169668    0.03095176    0.01432378    0.0103874    -0.04591229    -0.1822032    0.1732976    0.1677206    -0.1535409    -0.1354052    -0.01455692    0.06198104    0.03869588    -0.02254292    0.01435585    0.06696661    0.04712166    -0.06605885    -0.04572048    0.09029175    -0.05494909    0.067426    0.0981491    -0.03450045    -0.05413071    0.02696711    0.02448833    0.06271054    0.0009227633    -0.05402121    0.004967711    0.02969183    0.01231778    0.03118342    0.01452793    -0.01080346    0.04999443    0.02144625    -0.04634339    0.02713919    -0.02336418    -0.01071071    0.02764055    -0.01490469    0.08265093
-0.3308694    -0.5246829    1    -0.1363358    -0.5814342    0.02485102    -0.1155978    -0.09335984    0.03375198    0.1267012    -0.02737978    0.03966452    0.0493839    0.03603937    -0.07871571    -0.2988133    0.2615214    0.2293227    -0.331566    -0.1656374    0.06273874    -0.02058693    0.001870807    0.05382585    -0.1476819    -0.05267561    -0.0229053    0.1202755    0.05595525    -0.1647853    -0.02121872    -0.001285437    -0.01091699    0.01727647    0.01105655    0.05762286    0.01398606    -0.03042438    0.03002537    -0.01119595    0.01981567    0.06864346    0.04034993    -0.06020207    -0.08385468    0.01829701    -0.05638318    0.0144135    0.05494431    -0.0503018    0.03751466    0.006400481    0.04040486    0.02129473    -0.1184249
0.08306893    -0.383431    -0.1363358    1    -0.08966739    0.03924015    0.03536271    0.08319613    0.04957174    -0.149328    -0.07060252    -0.03822031    -0.06024291    -0.05271219    0.1546576    0.4620363    -0.1745428    -0.1890843    0.4485801    -0.1506394    0.04279115    0.0654401    -0.000152359    -0.07644511    -0.0834524    0.1065619    0.1623699    -0.0170199    -0.1619242    -0.09662589    0.09387347    -0.05755857    -0.1220859    -0.0112372    0.08018466    -0.0257225    0.0651725    0.03756354    -0.04981331    -0.0179946    0.151718    0.07743676    -0.05142707    -0.09720205    -0.1301053    -0.01955028    -0.001595971    -0.04334324    -0.05989851    0.08101696    0.1388728    0.1385646    -0.05229533    -0.1499688    -0.07583151
-0.09162578    0.2626359    -0.5814342    -0.08966739    1    -0.1110342    0.09870528    0.1047374    -0.09683152    -0.04197342    0.04524291    0.03674806    -0.004856884    -0.04562482    0.008447231    -0.01192533    -0.1461354    -0.1967792    -0.0160198    0.3925701    -0.009388509    -0.06429029    -0.03563237    -0.02437464    0.01308207    0.04281121    -0.08357275    -0.1140839    -0.002553311    0.02594094    -0.007819489    0.03018529    0.05272711    0.001838476    -0.08409954    -0.0266619    -0.08929827    -0.05663605    -0.01776358    0.1246047    -0.04377175    -0.1420666    -0.04482054    0.02911844    -0.01144442    0.005372566    0.02492296    0.03545503    0.02923637    -0.05555489    -0.009999257    -0.1220648    -0.04896083    0.01803577    -0.004669578
0.002477644    0.05265547    0.02485102    0.03924015    -0.1110342    1    -0.02954475    -0.6886428    -0.02435365    0.001571975    0.06443082    -0.07015391    -0.05780759    0.1339086    -0.02215292    -0.00115061    0.04618252    0.02695653    0.03478215    -0.08354777    0.01563207    0.03944733    -0.04878728    0.01403903    0.008049107    -0.09162924    0.03798744    0.1165212    -0.007314125    -0.06510241    0.1096161    -0.03679114    -0.09023539    0.1049995    -0.01560174    0.1348329    -0.1027551    -0.09106725    0.149632    -0.0641545    0.05017895    0.04223643    -0.01489325    -0.02165809    0.02387072    0.002441896    -0.02419697    0.0301268    0.01496668    -0.04018266    0.1248173    -0.1155325    -0.1105805    0.1767402    -0.05914807
0.1592832    -0.1381343    -0.1155978    0.03536271    0.09870528    -0.02954475    1    -0.230843    -0.6910545    0.2013255    -0.05546732    -0.002827555    0.02384357    -0.06292279    0.07814099    0.09437929    -0.1324697    -0.09793039    0.08105257    0.135179    -0.05954499    0.03417341    0.0154458    -0.03931256    0.03904448    -0.04920301    -0.05762246    0.02099966    0.04462724    0.03819855    -0.08031891    -0.03798509    0.05166643    -0.03317085    0.01942614    -0.1088338    -0.03317463    -0.0156299    -0.05154363    0.1274984    0.00561323    0.01501671    -0.02800665    -0.01735379    0.05638861    -0.04686053    -0.001171372    0.01298223    0.01444384    -0.03086101    -0.102223    -0.01980947    -0.01923039    -0.07527398    0.1578336
0.09834576    -0.09816013    -0.09335984    0.08319613    0.1047374    -0.6886428    -0.230843    1    -0.006458427    -0.3909671    -0.02648205    0.01348771    -0.001865565    -0.1240855    0.09211669    0.0575962    -0.1205885    -0.04888089    0.1090982    0.06119841    -0.03895372    0.00825929    0.0700736    -0.02627683    -0.0203351    0.09372042    -0.006732673    -0.09861772    0.0295    0.01024666    -0.1165714    -0.004719445    0.06854383    -0.08891676    0.06255886    -0.09750841    0.02030822    0.008943187    -0.1243313    0.1263049    -0.04187479    -0.02229556    0.03699213    0.02125674    -0.04397248    -0.02167811    -0.01926784    -0.04874781    -0.01805607    0.08730085    -0.09236206    0.009773263    0.02511242    -0.1310994    0.1178758
-0.04144671    0.08690509    0.03375198    0.04957174    -0.09683152    -0.02435365    -0.6910545    -0.006458427    1    -0.3307153    0.05139153    -0.03882252    -0.07138099    0.06367587    -0.02674284    0.02361104    0.08941838    0.02291733    -0.01312803    -0.09653067    0.07530365    -0.03014948    -0.01112012    0.05435111    -0.06637589    0.01519089    0.08854756    0.03698186    -0.04423118    -0.05474142    0.1007805    0.02156738    -0.103534    0.03191942    -0.002677041    0.08028699    -0.07731322    -0.05019253    0.09218421    -0.0281656    -0.02494118    0.02615057    0.05452815    0.004904026    -0.0597561    0.04628176    -0.05213211    -0.06164212    -0.01098869    0.09718906    0.06959323    -0.06669911    -0.02460443    0.11518    -0.08923101
-0.1770793    0.08077235    0.1267012    -0.149328    -0.04197342    0.001571975    0.2013255    -0.3909671    -0.3307153    1    -0.02051223    0.04563923    0.1137046    0.03057345    -0.1325142    -0.1065874    0.1154676    0.0681405    -0.1928973    -0.03969898    -0.01274756    -0.03079329    0.005564181    -0.01992162    0.03004776    -0.01244836    -0.04533453    -0.0184135    -0.01921662    0.05064297    0.0213995    0.03685069    0.01935239    0.02303167    -0.03243195    -0.01604173    0.1286633    0.1188782    -0.01096831    -0.1376726    0.0726668    -0.03342488    -0.08796458    -0.006911603    0.05374018    0.0163327    0.08368623    0.06951794    0.003541737    -0.1179821    0.01616435    0.1203652    0.0702878    -0.007335686    -0.1173098
-0.004397635    0.01169668    -0.02737978    -0.07060252    0.04524291    0.06443082    -0.05546732    -0.02648205    0.05139153    -0.02051223    1    -0.09296697    -0.5872855    0.1205512    -0.008874198    -0.05986906    -0.03557438    0.01385454    -0.006368595    0.05900022    -0.0230327    0.04382166    0.007039563    -0.01722156    0.02898905    0.04926505    -0.1176351    -0.03088224    0.1632472    -0.09398396    0.1030662    -0.07605895    -0.06870183    0.09936693    0.01169829    0.04710214    0.01754277    -0.03626073    -0.004614688    0.001635322    -0.05614705    -0.03965656    0.02556047    0.04547907    -0.0001584828    -0.1179656    -0.2980671    0.06641426    0.4483354    -0.1221541    0.05763775    -0.1311562    -0.03322864    0.1651721    -0.07828577
-0.1131841    0.03095176    0.03966452    -0.03822031    0.03674806    -0.07015391    -0.002827555    0.01348771    -0.03882252    0.04563923    -0.09296697    1    -0.2674181    -0.5953015    0.2580198    -0.0935748    0.08469843    -0.02022624    -0.0450756    0.0638189    0.0002750232    -0.0293273    0.006297461    0.03043274    -0.03518806    -0.05184876    0.07176172    -0.03781501    -0.1925416    0.1628168    -0.0996536    0.01994633    0.004172335    -0.05106776    0.08591229    -0.06038926    -0.02245117    -0.001589754    -0.04749324    0.06409999    0.02789463    0.01180216    -0.04517602    -0.05660356    0.04698143    -0.2510339    0.02346951    0.3400784    0.1013593    -0.1992053    -0.07122164    -0.01854234    -0.03378469    -0.1252391    0.1431448
-0.02060707    0.01432378    0.0493839    -0.06024291    -0.004856884    -0.05780759    0.02384357    -0.001865565    -0.07138099    0.1137046    -0.5872855    -0.2674181    1    -0.09069658    -0.3813491    -0.01116847    0.02349779    0.03049585    -0.06177808    -0.02088897    0.003161911    -0.009085525    0.06250807    0.01240716    -0.0775968    -0.0417618    -0.05885779    -0.1049232    -0.07321295    0.1991867    -0.06550003    0.01167621    -0.00244369    -0.1233466    0.05034909    -0.0387741    -0.0405285    -0.01432079    -0.002247628    0.06114651    0.00432015    0.005100982    -0.02295805    -0.02390855    0.03868112    0.07215081    0.3303277    0.05506116    -0.2063156    -0.1128322    -0.06970353    -0.01089588    -0.05592175    -0.1040838    0.1684001
0.004131331    0.0103874    0.03603937    -0.05271219    -0.04562482    0.1339086    -0.06292279    -0.1240855    0.06367587    0.03057345    0.1205512    -0.5953015    -0.09069658    1    -0.4833    -0.01105784    -0.01309842    0.05024548    -0.03154062    -0.05945728    0.0254669    0.08001129    0.01650687    -0.05122752    0.00526952    0.05928642    -0.1474505    -0.009321575    0.195102    -0.1106225    0.08055422    -0.09252682    -0.04217377    0.08228877    -0.0396797    0.0815159    -0.03339855    -0.008632428    0.08038157    -0.04880244    -0.04403976    -0.07216046    0.006837407    0.07808713    9.347354e-05    0.5098434    0.07291783    -0.3542301    -0.1281001    0.02787081    0.07113511    -0.1224206    -0.005190791    0.1784945    -0.09433865
0.05838671    -0.04591229    -0.07871571    0.1546576    0.008447231    -0.02215292    0.07814099    0.09211669    -0.02674284    -0.1325142    -0.008874198    0.2580198    -0.3813491    -0.4833    1    0.08071587    -0.0472729    -0.05392933    0.1129901    -0.0001739217    -0.01701656    -0.05960014    -0.06681116    0.02994303    0.03462136    -0.007809671    0.1851792    0.1013714    -0.04979448    -0.1077125    -0.04017966    0.08678713    0.08857573    0.01464415    -0.05682052    -0.0008092788    0.06068607    1.043309e-05    -0.04013991    -0.01363167    0.06295784    0.08232487    0.008313983    -0.06665525    -0.04340985    -0.3181835    -0.2759907    0.09980855    0.04931708    -0.08786729    -0.005105011    0.1899199    0.08406861    -0.07565051    -0.09136203
0.5035325    -0.1822032    -0.2988133    0.4620363    -0.01192533    -0.00115061    0.09437929    0.0575962    0.02361104    -0.1065874    -0.05986906    -0.0935748    -0.01116847    -0.01105784    0.08071587    1    -0.04959194    -0.3653458    -0.1231477    -0.235414    -0.07609696    0.04274194    0.06904819    -0.01090389    -0.006615913    0.01666408    0.05693432    -0.0006484418    -0.04199493    0.005914286    0.06025899    -0.02602132    -0.1258989    -0.004949148    0.1129217    -0.1702429    -0.04803171    0.1042559    0.1313189    0.04431684    -0.0386185    -0.02456899    0.05435782    0.06393363    -0.05267846    -0.01668924    -0.002891489    -0.03500614    -0.04070688    0.06917452    -0.01040112    0.06133382    0.01911049    0.01675741    -0.06221591
-0.2788426    0.1732976    0.2615214    -0.1745428    -0.1461354    0.04618252    -0.1324697    -0.1205885    0.08941838    0.1154676    -0.03557438    0.08469843    0.02349779    -0.01309842    -0.0472729    -0.04959194    1    -0.6263962    -0.3809867    0.2643759    0.04309873    0.01662048    0.03427506    0.008170651    -0.08576838    0.01350773    0.02125024    0.0173065    -0.02122322    -0.04818402    -0.02363241    0.0614403    -0.005020797    -0.02322085    -0.0009948882    0.01241622    0.005161624    0.004143594    -0.002545312    0.08730928    -0.01204158    0.04613441    0.05445148    0.0124764    -0.09674374    -0.004167716    0.008231056    0.02961447    0.001007124    -0.004703964    -0.01894117    0.006198445    0.07756309    -0.008251203    -0.05519194
-0.2593579    0.1677206    0.2293227    -0.1890843    -0.1967792    0.02695653    -0.09793039    -0.04888089    0.02291733    0.0681405    0.01385454    -0.02022624    0.03049585    0.05024548    -0.05392933    -0.3653458    -0.6263962    1    -0.04479658    -0.5652813    0.01207084    0.02685769    -0.003714227    0.01201341    -0.04788217    0.01486091    0.01783109    0.03012459    0.01105537    -0.03527674    -0.03434051    -0.006571728    0.07054304    0.00714604    -0.03083346    0.06084653    0.03725464    0.02849516    0.0268375    -0.1481293    0.05774499    0.05941115    -0.01713382    -0.06213837    0.02194811    0.009370171    -0.01594508    0.0003053287    0.004164497    -0.01270747    0.05545266    0.005284587    -0.02549082    -0.004592954    0.01060062
0.4949087    -0.1535409    -0.331566    0.4485801    -0.0160198    0.03478215    0.08105257    0.1090982    -0.01312803    -0.1928973    -0.006368595    -0.0450756    -0.06177808    -0.03154062    0.1129901    -0.1231477    -0.3809867    -0.04479658    1    0.1156272    -0.005529019    -0.004494737    -0.002386608    -0.01225539    0.04012324    -0.05895    0.0442306    0.05582072    0.002050091    -0.008719888    0.02299299    -0.08070662    -0.01417867    -0.001594978    0.02402173    0.1274267    0.1005081    -0.07189103    -0.1742055    -0.08907045    0.0431415    0.003580469    -0.0187542    0.003870131    -0.001458975    0.0001621146    0.003150285    -0.05496362    -0.04524158    0.06318502    -0.000464846    0.07262736    -0.02296771    -0.08316854    0.07031703
0.001793733    -0.1354052    -0.1656374    -0.1506394    0.3925701    -0.08354777    0.135179    0.06119841    -0.09653067    -0.03969898    0.05900022    0.0638189    -0.02088897    -0.05945728    -0.0001739217    -0.235414    0.2643759    -0.5652813    0.1156272    1    0.03143573    -0.07626808    -0.08257175    -0.04190356    0.1517097    -0.05329875    -0.1104846    -0.04987427    0.04384095    0.08359652    -0.02042693    0.0007901071    0.04009528    0.01340778    -0.05876657    -0.06301014    -0.09773162    -0.02872966    -0.02997979    0.01195671    -0.09149699    -0.08860264    -0.01009968    0.03724986    0.05418487    -0.008423912    0.009603424    0.03008136    0.0522146    -0.05296474    -0.05747459    -0.1235436    -0.007489111    0.04218325    0.04934349
-0.1258383    -0.01455692    0.06273874    0.04279115    -0.009388509    0.01563207    -0.05954499    -0.03895372    0.07530365    -0.01274756    -0.0230327    0.0002750232    0.003161911    0.0254669    -0.01701656    -0.07609696    0.04309873    0.01207084    -0.005529019    0.03143573    1    -0.2296069    -0.743259    0.1712309    0.09838464    -0.09466229    -0.0715232    0.1254426    0.1020719    -0.09814372    0.1476686    -0.08627475    -0.1013105    0.1764044    -0.08245222    0.0481732    -0.05759369    0.006334459    0.1013575    -0.09593473    -0.009180177    -0.1698095    -0.009686335    0.1510241    -0.08802743    0.1390282    0.02702123    -0.1017102    -0.0605977    0.04019535    0.0856522    -0.04523471    -0.01801394    0.04003625    -0.04664262
-0.02320729    0.06198104    -0.02058693    0.0654401    -0.06429029    0.03944733    0.03417341    0.00825929    -0.03014948    -0.03079329    0.04382166    -0.0293273    -0.009085525    0.08001129    -0.05960014    0.04274194    0.01662048    0.02685769    -0.004494737    -0.07626808    -0.2296069    1    0.1247282    -0.7481843    0.2853823    -0.1264362    0.005904659    0.1259589    0.04967899    -0.06030593    -0.0478897    0.009875494    -0.05373106    -0.1053522    0.1262151    -0.1066664    0.06868387    0.0981271    -0.04456582    -0.001622945    -0.06056771    -0.03716937    0.01489501    0.02721638    -0.004992201    0.0725092    0.109443    -0.001203625    -0.05838122    -0.04321453    -0.005273077    0.02508515    0.01570861    -0.03861038    0.02998282
0.07522568    0.03869588    0.001870807    -0.000152359    -0.03563237    -0.04878728    0.0154458    0.0700736    -0.01112012    0.005564181    0.007039563    0.006297461    0.06250807    0.01650687    -0.06681116    0.06904819    0.03427506    -0.003714227    -0.002386608    -0.08257175    -0.743259    0.1247282    1    -0.1546872    -0.4145793    0.07838862    0.07185313    -0.08737956    -0.05895017    0.04098928    -0.08638965    -0.02616639    -0.02200518    -0.08680329    0.1566834    -0.008487147    0.04734346    0.00155034    -0.04632383    0.02612781    -0.01512877    0.1054725    -0.01454969    -0.1442846    0.1031981    -0.08916959    0.01612964    0.1352413    0.04771463    -0.1187544    -0.04089768    0.01373279    0.02227346    -0.03342417    0.01561103
0.05545163    -0.02254292    0.05382585    -0.07644511    -0.02437464    0.01403903    -0.03931256    -0.02627683    0.05435111    -0.01992162    -0.01722156    0.03043274    0.01240716    -0.05122752    0.02994303    -0.01090389    0.008170651    0.01201341    -0.01225539    -0.04190356    0.1712309    -0.7481843    -0.1546872    1    -0.613247    0.1565662    0.04850491    -0.0843628    -0.09004409    0.01908044    0.07114374    -0.1041394    -0.04959351    0.1357013    -0.02389684    0.1227589    -0.05891985    -0.07159971    0.07183451    -0.04335708    0.07450985    -0.0003542924    -0.0938763    -0.04349999    0.1094776    -0.0637756    -0.09026763    0.02109242    0.09666505    -0.01243428    0.02113682    -0.02903033    0.01013477    0.07918532    -0.08067909
0.08974795    0.01435585    -0.1476819    -0.0834524    0.01308207    0.008049107    0.03904448    -0.0203351    -0.06637589    0.03004776    0.02898905    -0.03518806    -0.0775968    0.00526952    0.03462136    -0.006615913    -0.08576838    -0.04788217    0.04012324    0.1517097    0.09838464    0.2853823    -0.4145793    -0.613247    1    -0.1061007    -0.07601201    0.05149282    0.0668769    -0.05802803    -0.0316358    0.1272315    0.1218356    -0.05882172    -0.1335473    -0.09838621    0.02128721    0.04866148    -0.0577782    -0.006142153    -0.06812031    -0.03146359    0.0998366    0.1314101    -0.08824611    0.02807244    0.01460294    -0.09963817    -0.07310022    0.18661    -0.03872268    0.03142138    -0.01628364    -0.03578866    0.07470589
-0.1774762    0.06696661    -0.05267561    0.1065619    0.04281121    -0.09162924    -0.04920301    0.09372042    0.01519089    -0.01244836    0.04926505    -0.05184876    -0.0417618    0.05928642    -0.007809671    0.01666408    0.01350773    0.01486091    -0.05895    -0.05329875    -0.09466229    -0.1264362    0.07838862    0.1565662    -0.1061007    1    0.05016715    -0.7652618    -0.2164396    0.2527462    -0.0228036    -0.02411838    0.03606677    0.03828862    -0.04145693    0.09293558    -0.04479658    -0.06658394    0.008783134    0.03758904    -0.0604444    -0.09458534    0.04861639    0.1047501    -0.1034578    0.05632841    0.06317599    -0.05417921    -0.08111974    0.09834939    0.1757093    -0.01902461    -0.08365833    -0.06035079    0.02954738
-0.05454356    0.04712166    -0.0229053    0.1623699    -0.08357275    0.03798744    -0.05762246    -0.006732673    0.08854756    -0.04533453    -0.1176351    0.07176172    -0.05885779    -0.1474505    0.1851792    0.05693432    0.02125024    0.01783109    0.0442306    -0.1104846    -0.0715232    0.005904659    0.07185313    0.04850491    -0.07601201    0.05016715    1    0.07725506    -0.7808682    0.1179414    0.1262761    0.008030148    -0.05894042    0.0340227    0.00316198    0.008163831    0.05353282    0.05082531    -0.01102475    -0.07750115    -0.04215013    -0.0006157541    -0.005732798    -0.05944968    0.03219827    -0.0565378    0.00996876    -0.0005498985    -0.1221495    0.146665    0.04511379    0.1572304    -0.01627114    -0.09815471    -0.01748515
0.1140151    -0.06605885    0.1202755    -0.0170199    -0.1140839    0.1165212    0.02099966    -0.09861772    0.03698186    -0.0184135    -0.03088224    -0.03781501    -0.1049232    -0.009321575    0.1013714    -0.0006484418    0.0173065    0.03012459    0.05582072    -0.04987427    0.1254426    0.1259589    -0.08737956    -0.0843628    0.05149282    -0.7652618    0.07725506    1    0.210168    -0.6410685    0.06820211    -0.008719703    -0.03070719    0.04692835    -0.01839709    -0.0330146    0.0576957    0.07353514    0.03507434    -0.1227615    0.08493011    -0.03365002    -0.1289423    -0.07523716    0.1425433    -0.07655645    -0.1181726    -0.003767898    0.04811523    0.05396438    -0.1032741    0.05570676    0.1396427    0.0561913    -0.1408994
0.1297647    -0.04572048    0.05595525    -0.1619242    -0.002553311    -0.007314125    0.04462724    0.0295    -0.04423118    -0.01921662    0.1632472    -0.1925416    -0.07321295    0.195102    -0.04979448    -0.04199493    -0.02122322    0.01105537    0.002050091    0.04384095    0.1020719    0.04967899    -0.05895017    -0.09004409    0.0668769    -0.2164396    -0.7808682    0.210168    1    -0.5415401    -0.08877299    -0.008013395    0.0358176    0.003555783    -0.009995167    0.00979504    0.01938877    -0.01888935    -0.00858777    0.01606729    0.09548739    -0.01307185    -0.1055645    -0.003940756    0.07893978    0.02504878    -0.1223118    -0.04271107    0.1239873    -0.07852063    -0.02245147    -0.0877916    0.04534361    0.128129    -0.06091721
0.04706916    0.09029175    -0.1647853    -0.09662589    0.02594094    -0.06510241    0.03819855    0.01024666    -0.05474142    0.05064297    -0.09398396    0.1628168    0.1991867    -0.1106225    -0.1077125    0.005914286    -0.04818402    -0.03527674    -0.008719888    0.08359652    -0.09814372    -0.06030593    0.04098928    0.01908044    -0.05802803    0.2527462    0.1179414    -0.6410685    -0.5415401    1    -0.03913438    0.04666721    0.03043407    -0.09457234    0.05019027    -0.0401096    -0.08124945    -0.04597078    0.002510157    0.1348547    -0.1539944    0.06879338    0.2115829    0.08648639    -0.1152816    0.06896784    0.1893821    0.05204842    -0.09221801    -0.1305449    -0.06040446    -0.04292855    -0.09685357    -0.04914318    0.253015
0.009796836    -0.05494909    -0.02121872    0.09387347    -0.007819489    0.1096161    -0.08031891    -0.1165714    0.1007805    0.0213995    0.1030662    -0.0996536    -0.06550003    0.08055422    -0.04017966    0.06025899    -0.02363241    -0.03434051    0.02299299    -0.02042693    0.1476686    -0.0478897    -0.08638965    0.07114374    -0.0316358    -0.0228036    0.1262761    0.06820211    -0.08877299    -0.03913438    1    -0.006012193    -0.5898456    0.08617625    -0.07295721    0.05054278    0.0443616    -0.0008872456    0.02809182    -0.1028516    -0.02775011    -0.05494955    -0.02064888    0.03114295    0.02859553    0.04511923    0.001767592    -0.06445633    -0.01372151    0.0554438    0.1076101    -0.03764536    -0.04524536    0.1007491    -0.131228
-0.06792474    0.067426    -0.001285437    -0.05755857    0.03018529    -0.03679114    -0.03798509    -0.004719445    0.02156738    0.03685069    -0.07605895    0.01994633    0.01167621    -0.09252682    0.08678713    -0.02602132    0.0614403    -0.006571728    -0.08070662    0.0007901071    -0.08627475    0.009875494    -0.02616639    -0.1041394    0.1272315    -0.02411838    0.008030148    -0.008719703    -0.008013395    0.04666721    -0.006012193    1    -0.2592951    -0.5895032    0.2392751    0.01691734    -0.06745725    -0.08832753    0.01826965    0.1257391    0.04248935    0.0211465    -0.06811916    -0.07284611    0.07896178    -0.03678603    -0.05916866    -0.01012221    0.01556901    0.03874026    -0.07796276    -0.01470101    -0.05955463    -0.07328333    0.1700516
-0.06129423    0.0981491    -0.01091699    -0.1220859    0.05272711    -0.09023539    0.05166643    0.06854383    -0.103534    0.01935239    -0.06870183    0.004172335    -0.00244369    -0.04217377    0.08857573    -0.1258989    -0.005020797    0.07054304    -0.01417867    0.04009528    -0.1013105    -0.05373106    -0.02200518    -0.04959351    0.1218356    0.03606677    -0.05894042    -0.03070719    0.0358176    0.03043407    -0.5898456    -0.2592951    1    -0.006376612    -0.4396046    -0.06673594    -0.01887899    0.002860253    -0.05155244    0.1073449    -0.01302346    0.0202182    0.01543734    0.0005098141    -0.03007292    -0.08244826    0.001399142    0.05637271    -0.01702433    -0.002799511    -0.08738423    -0.02926552    -0.05541142    -0.0939214    0.2184909
0.005916519    -0.03450045    0.01727647    -0.0112372    0.001838476    0.1049995    -0.03317085    -0.08891676    0.03191942    0.02303167    0.09936693    -0.05106776    -0.1233466    0.08228877    0.01464415    -0.004949148    -0.02322085    0.00714604    -0.001594978    0.01340778    0.1764044    -0.1053522    -0.08680329    0.1357013    -0.05882172    0.03828862    0.0340227    0.04692835    0.003555783    -0.09457234    0.08617625    -0.5895032    -0.006376612    1    -0.4237378    0.01332751    0.02325242    0.04952414    0.06031715    -0.1341519    -0.05859104    -0.05734246    0.03695705    0.05217565    -0.004260054    0.02498155    -0.03454853    -0.04760403    -0.003469083    0.06224026    0.05396363    -0.07534543    -0.006880194    0.1585259    -0.1463556
0.09203752    -0.05413071    0.01105655    0.08018466    -0.08409954    -0.01560174    0.01942614    0.06255886    -0.002677041    -0.03243195    0.01169829    0.08591229    0.05034909    -0.0396797    -0.05682052    0.1129217    -0.0009948882    -0.03083346    0.02402173    -0.05876657    -0.08245222    0.1262151    0.1566834    -0.02389684    -0.1335473    -0.04145693    0.00316198    -0.01839709    -0.009995167    0.05019027    -0.07295721    0.2392751    -0.4396046    -0.4237378    1    0.01291464    0.02713083    -0.004907002    -0.0422126    0.02320187    0.02634056    0.05534996    0.01425586    -0.03453507    -0.006943275    -0.001902545    -0.02018574    0.04504953    0.05990323    -0.08773082    0.03271876    0.08872767    0.09144405    -0.03583204    -0.08763128
-0.02763372    0.02696711    0.05762286    -0.0257225    -0.0266619    0.1348329    -0.1088338    -0.09750841    0.08028699    -0.01604173    0.04710214    -0.06038926    -0.0387741    0.0815159    -0.0008092788    -0.1702429    0.01241622    0.06084653    0.1274267    -0.06301014    0.0481732    -0.1066664    -0.008487147    0.1227589    -0.09838621    0.09293558    0.008163831    -0.0330146    0.00979504    -0.0401096    0.05054278    0.01691734    -0.06673594    0.01332751    0.01291464    1    -0.07105915    -0.7590877    -0.01713896    0.1621592    0.07582334    -0.0626445    -0.0537058    0.03563209    -0.01249668    0.03507668    -0.04771279    -0.02701914    0.02601578    -0.04159734    0.5651818    -0.07591573    -0.3791486    0.02046658    0.05912382
0.003731231    0.02448833    0.01398606    0.0651725    -0.08929827    -0.1027551    -0.03317463    0.02030822    -0.07731322    0.1286633    0.01754277    -0.02245117    -0.0405285    -0.03339855    0.06068607    -0.04803171    0.005161624    0.03725464    0.1005081    -0.09773162    -0.05759369    0.06868387    0.04734346    -0.05891985    0.02128721    -0.04479658    0.05353282    0.0576957    0.01938877    -0.08124945    0.0443616    -0.06745725    -0.01887899    0.02325242    0.02713083    -0.07105915    1    0.1470227    -0.7767391    0.1245049    -0.02554787    0.1590868    0.07278418    -0.1139177    -0.02026957    -0.0768866    0.04919458    0.03727594    -0.03476111    0.01209644    -0.01595864    0.567215    -0.01557446    -0.3836528    0.1134179
-0.004507477    0.06271054    -0.03042438    0.03756354    -0.05663605    -0.09106725    -0.0156299    0.008943187    -0.05019253    0.1188782    -0.03626073    -0.001589754    -0.01432079    -0.008632428    1.043309e-05    0.1042559    0.004143594    0.02849516    -0.07189103    -0.02872966    0.006334459    0.0981271    0.00155034    -0.07159971    0.04866148    -0.06658394    0.05082531    0.07353514    -0.01888935    -0.04597078    -0.0008872456    -0.08832753    0.002860253    0.04952414    -0.004907002    -0.7590877    0.1470227    1    0.002426858    -0.537623    -0.03811086    0.08203518    0.09530843    -0.01180967    -0.07535263    0.01708326    0.04755401    -0.01100449    -0.07308969    0.08129135    -0.4268955    0.1098905    0.5484164    -0.0421708    -0.2612182
-0.001367936    0.0009227633    0.03002537    -0.04981331    -0.01776358    0.149632    -0.05154363    -0.1243313    0.09218421    -0.01096831    -0.004614688    -0.04749324    -0.002247628    0.08038157    -0.04013991    0.1313189    -0.002545312    0.0268375    -0.1742055    -0.02997979    0.1013575    -0.04456582    -0.04632383    0.07183451    -0.0577782    0.008783134    -0.01102475    0.03507434    -0.00858777    0.002510157    0.02809182    0.01826965    -0.05155244    0.06031715    -0.0422126    -0.01713896    -0.7767391    0.002426858    1    -0.5020596    0.03282337    -0.1450519    -0.03784417    0.1254562    -0.01909785    0.1000654    -0.03559738    -0.07661812    0.01090283    0.03953012    0.0005135338    -0.4349766    0.05602662    0.548529    -0.3259449
-0.03024577    -0.05402121    -0.01119595    -0.0179946    0.1246047    -0.0641545    0.1274984    0.1263049    -0.0281656    -0.1376726    0.001635322    0.06409999    0.06114651    -0.04880244    -0.01363167    0.04431684    0.08730928    -0.1481293    -0.08907045    0.01195671    -0.09593473    -0.001622945    0.02612781    -0.04335708    -0.006142153    0.03758904    -0.07750115    -0.1227615    0.01606729    0.1348547    -0.1028516    0.1257391    0.1073449    -0.1341519    0.02320187    0.1621592    0.1245049    -0.537623    -0.5020596    1    -0.01621058    0.002960112    -0.05807951    -0.05012907    0.08602037    -0.09364499    0.007081986    0.08966868    0.06320062    -0.05815377    0.02246198    0.0491411    -0.3031119    -0.2666663    0.5751196
-0.1474211    0.004967711    0.01981567    0.151718    -0.04377175    0.05017895    0.00561323    -0.04187479    -0.02494118    0.0726668    -0.05614705    0.02789463    0.00432015    -0.04403976    0.06295784    -0.0386185    -0.01204158    0.05774499    0.0431415    -0.09149699    -0.009180177    -0.06056771    -0.01512877    0.07450985    -0.06812031    -0.0604444    -0.04215013    0.08493011    0.09548739    -0.1539944    -0.02775011    0.04248935    -0.01302346    -0.05859104    0.02634056    0.07582334    -0.02554787    -0.03811086    0.03282337    -0.01621058    1    0.1113    -0.7716235    -0.2948739    0.2616917    -0.09000905    -0.08623439    0.04585691    0.08562982    -0.04436764    0.1896235    0.05061179    -0.1184294    -0.0748676    0.04929889
-0.08227219    0.02969183    0.06864346    0.07743676    -0.1420666    0.04223643    0.01501671    -0.02229556    0.02615057    -0.03342488    -0.03965656    0.01180216    0.005100982    -0.07216046    0.08232487    -0.02456899    0.04613441    0.05941115    0.003580469    -0.08860264    -0.1698095    -0.03716937    0.1054725    -0.0003542924    -0.03146359    -0.09458534    -0.0006157541    -0.03365002    -0.01307185    0.06879338    -0.05494955    0.0211465    0.0202182    -0.05734246    0.05534996    -0.0626445    0.1590868    0.08203518    -0.1450519    0.002960112    0.1113    1    0.1167179    -0.7951628    0.1122501    -0.108549    -0.09386476    0.04726087    0.09556325    -0.05915275    0.02308711    0.1659117    -0.0458403    -0.1726403    0.0949835
0.09777679    0.01231778    0.04034993    -0.05142707    -0.04482054    -0.01489325    -0.02800665    0.03699213    0.05452815    -0.08796458    0.02556047    -0.04517602    -0.02295805    0.006837407    0.008313983    0.05435782    0.05445148    -0.01713382    -0.0187542    -0.01009968    -0.009686335    0.01489501    -0.01454969    -0.0938763    0.0998366    0.04861639    -0.005732798    -0.1289423    -0.1055645    0.2115829    -0.02064888    -0.06811916    0.01543734    0.03695705    0.01425586    -0.0537058    0.07278418    0.09530843    -0.03784417    -0.05807951    -0.7716235    0.1167179    1    0.2636114    -0.66048    0.0679052    0.02700192    -0.06939656    -0.07549118    0.07909645    -0.1397133    0.01043808    0.1574417    0.02809964    -0.09859233
0.1472287    0.03118342    -0.06020207    -0.09720205    0.02911844    -0.02165809    -0.01735379    0.02125674    0.004904026    -0.006911603    0.04547907    -0.05660356    -0.02390855    0.07808713    -0.06665525    0.06393363    0.0124764    -0.06213837    0.003870131    0.03724986    0.1510241    0.02721638    -0.1442846    -0.04349999    0.1314101    0.1047501    -0.05944968    -0.07523716    -0.003940756    0.08648639    0.03114295    -0.07284611    0.0005098141    0.05217565    -0.03453507    0.03563209    -0.1139177    -0.01180967    0.1254562    -0.05012907    -0.2948739    -0.7951628    0.2636114    1    -0.5298588    0.1355106    0.08655783    -0.1163263    -0.131181    0.1387586    -0.0778675    -0.1371504    0.114669    0.2094833    -0.1530774
0.05329248    0.01452793    -0.08385468    -0.1301053    -0.01144442    0.02387072    0.05638861    -0.04397248    -0.0597561    0.05374018    -0.0001584828    0.04698143    0.03868112    9.347354e-05    -0.04340985    -0.05267846    -0.09674374    0.02194811    -0.001458975    0.05418487    -0.08802743    -0.004992201    0.1031981    0.1094776    -0.08824611    -0.1034578    0.03219827    0.1425433    0.07893978    -0.1152816    0.02859553    0.07896178    -0.03007292    -0.004260054    -0.006943275    -0.01249668    -0.02026957    -0.07535263    -0.01909785    0.08602037    0.2616917    0.1122501    -0.66048    -0.5298588    1    -0.0824511    -0.006194334    0.1121668    0.09321974    -0.1323294    0.02978344    0.02352367    -0.1501051    -0.07216762    0.2179818
0.007512427    -0.01080346    0.01829701    -0.01955028    0.005372566    0.002441896    -0.04686053    -0.02167811    0.04628176    0.0163327    -0.1179656    -0.2510339    0.07215081    0.5098434    -0.3181835    -0.01668924    -0.004167716    0.009370171    0.0001621146    -0.008423912    0.1390282    0.0725092    -0.08916959    -0.0637756    0.02807244    0.05632841    -0.0565378    -0.07655645    0.02504878    0.06896784    0.04511923    -0.03678603    -0.08244826    0.02498155    -0.001902545    0.03507668    -0.0768866    0.01708326    0.1000654    -0.09364499    -0.09000905    -0.108549    0.0679052    0.1355106    -0.0824511    1    0.101416    -0.7969551    -0.2103847    0.2428828    -0.07872464    -0.1188107    0.1006625    0.1829834    -0.1825225
-0.01396385    0.04999443    -0.05638318    -0.001595971    0.02492296    -0.02419697    -0.001171372    -0.01926784    -0.05213211    0.08368623    -0.2980671    0.02346951    0.3303277    0.07291783    -0.2759907    -0.002891489    0.008231056    -0.01594508    0.003150285    0.009603424    0.02702123    0.109443    0.01612964    -0.09026763    0.01460294    0.06317599    0.00996876    -0.1181726    -0.1223118    0.1893821    0.001767592    -0.05916866    0.001399142    -0.03454853    -0.02018574    -0.04771279    0.04919458    0.04755401    -0.03559738    0.007081986    -0.08623439    -0.09386476    0.02700192    0.08655783    -0.006194334    0.101416    1    0.04487903    -0.7812895    0.1599303    -0.08152411    0.007224185    0.01345359    -0.05086353    0.07941754
-0.06302653    0.02144625    0.0144135    -0.04334324    0.03545503    0.0301268    0.01298223    -0.04874781    -0.06164212    0.06951794    0.06641426    0.3400784    0.05506116    -0.3542301    0.09980855    -0.03500614    0.02961447    0.0003053287    -0.05496362    0.03008136    -0.1017102    -0.001203625    0.1352413    0.02109242    -0.09963817    -0.05417921    -0.0005498985    -0.003767898    -0.04271107    0.05204842    -0.06445633    -0.01012221    0.05637271    -0.04760403    0.04504953    -0.02701914    0.03727594    -0.01100449    -0.07661812    0.08966868    0.04585691    0.04726087    -0.06939656    -0.1163263    0.1121668    -0.7969551    0.04487903    1    0.1790457    -0.582267    0.06310119    0.01405584    -0.1375716    -0.1572487    0.2293941
-0.02300916    -0.04634339    0.05494431    -0.05989851    0.02923637    0.01496668    0.01444384    -0.01805607    -0.01098869    0.003541737    0.4483354    0.1013593    -0.2063156    -0.1281001    0.04931708    -0.04070688    0.001007124    0.004164497    -0.04524158    0.0522146    -0.0605977    -0.05838122    0.04771463    0.09666505    -0.07310022    -0.08111974    -0.1221495    0.04811523    0.1239873    -0.09221801    -0.01372151    0.01556901    -0.01702433    -0.003469083    0.05990323    0.02601578    -0.03476111    -0.07308969    0.01090283    0.06320062    0.08562982    0.09556325    -0.07549118    -0.131181    0.09321974    -0.2103847    -0.7812895    0.1790457    1    -0.5209955    0.07621367    -0.08677693    -0.1100798    0.02056022    0.07940677
0.06138823    0.02713919    -0.0503018    0.08101696    -0.05555489    -0.04018266    -0.03086101    0.08730085    0.09718906    -0.1179821    -0.1221541    -0.1992053    -0.1128322    0.02787081    -0.08786729    0.06917452    -0.004703964    -0.01270747    0.06318502    -0.05296474    0.04019535    -0.04321453    -0.1187544    -0.01243428    0.18661    0.09834939    0.146665    0.05396438    -0.07852063    -0.1305449    0.0554438    0.03874026    -0.002799511    0.06224026    -0.08773082    -0.04159734    0.01209644    0.08129135    0.03953012    -0.05815377    -0.04436764    -0.05915275    0.07909645    0.1387586    -0.1323294    0.2428828    0.1599303    -0.582267    -0.5209955    1    -0.07536504    0.08858282    0.1673075    0.07619244    -0.1694783
-0.1409734    -0.02336418    0.03751466    0.1388728    -0.009999257    0.1248173    -0.102223    -0.09236206    0.06959323    0.01616435    0.05763775    -0.07122164    -0.06970353    0.07113511    -0.005105011    -0.01040112    -0.01894117    0.05545266    -0.000464846    -0.05747459    0.0856522    -0.005273077    -0.04089768    0.02113682    -0.03872268    0.1757093    0.04511379    -0.1032741    -0.02245147    -0.06040446    0.1076101    -0.07796276    -0.08738423    0.05396363    0.03271876    0.5651818    -0.01595864    -0.4268955    0.0005135338    0.02246198    0.1896235    0.02308711    -0.1397133    -0.0778675    0.02978344    -0.07872464    -0.08152411    0.06310119    0.07621367    -0.07536504    1    -0.1376514    -0.6676179    0.09997202    0.0203232
