1    0.1175183    -0.6888881    -0.007499106    0.04592695    0.01320145    -0.0683779    -0.02759256    0.09401442    -0.02440882
0.1175183    1    -0.2907878    -0.6958708    0.2802592    -0.06545003    0.01269332    0.05536218    -0.08915411    0.05215381
-0.6888881    -0.2907878    1    0.09759804    -0.538035    -0.04430823    -0.01967199    -0.009121514    -0.06257924    0.1070096
-0.007499106    -0.6958708    0.09759804    1    -0.4298296    0.1020118    -0.1085737    -0.1068883    0.1191929    -0.009081046
0.04592695    0.2802592    -0.538035    -0.4298296    1    -0.02018995    0.142373    0.06536231    -0.04589821    -0.09901867
0.01320145    -0.06545003    -0.04430823    0.1020118    -0.02018995    1    -0.09296697    -0.5872855    0.1205512    -0.008874198
-0.0683779    0.01269332    -0.01967199    -0.1085737    0.142373    -0.09296697    1    -0.2674181    -0.5953015    0.2580198
-0.02759256    0.05536218    -0.009121514    -0.1068883    0.06536231    -0.5872855    -0.2674181    1    -0.09069658    -0.3813491
0.09401442    -0.08915411    -0.06257924    0.1191929    -0.04589821    0.1205512    -0.5953015    -0.09069658    1    -0.4833
-0.02440882    0.05215381    0.1070096    -0.009081046    -0.09901867    -0.008874198    0.2580198    -0.3813491    -0.4833    1
