1    -0.001034051    -0.579239    -0.05867098    -0.04234761    0.07354539    -0.008575781    -0.05902127    0.08323714    0.01459316    0.05757449    -0.04268726    -0.0180722    0.0889704    -0.03966699    0.1670293    -0.1051443    -0.145578    0.09727463    0.008522908    -0.01851948    -0.01934781    0.04737624    0.03829547    -0.048897    -0.007373971    -0.03492779    0.003335409    0.07879883    -0.03912897    -0.03090544    0.01078848    0.01556397    0.0037801    0.001732621    0.006205996    -0.04536    -0.04454224    0.05416779    0.02253377    -0.01823968    0.02058904    0.04376419    -0.01302688    -0.01683618
-0.001034051    1    -0.09055389    -0.6628608    0.215994    0.02378905    -0.0221861    -0.1024    0.05054563    0.08444961    -0.08311372    0.07569721    0.1085696    -0.03483069    -0.06891825    -0.07186956    0.03370058    -0.03549441    -0.143073    0.1908255    0.07440439    -0.04038257    -0.09509261    0.00215162    0.06618737    -0.1001008    0.08336838    0.09657601    -0.0684663    0.004151035    0.01209004    -0.06345213    -0.04215801    0.02782702    0.01933569    -0.05024673    -0.06945978    0.009381559    0.01061502    0.01837359    0.01433906    -0.02425017    -0.009726631    -0.0009839155    0.01028365
-0.579239    -0.09055389    1    -0.07619338    -0.3353676    0.04728267    -0.03767908    -0.07335286    0.02165834    0.04995297    -0.1008543    0.1055262    0.09257895    -0.06215974    -0.04718874    -0.1111975    -0.06032263    0.04133    -0.06385503    0.1095042    0.01143923    0.006044124    -0.04063967    0.008111742    0.0557146    -0.01918069    0.1104303    0.07209405    -0.07473172    -0.03790823    0.008178936    -0.003639946    -0.03945109    -0.0263114    0.07992425    -0.0330276    -0.001933388    0.0310004    -0.0564712    0.02378692    0.003970722    -0.01708219    -0.04912191    0.0106584    0.06532427
-0.05867098    -0.6628608    -0.07619338    1    -0.4102918    0.03129561    0.02281272    -0.01043238    0.005845264    -0.03977381    0.09450982    -0.07421989    -0.06537391    0.05415065    -0.0005488509    0.1287695    -0.1302077    -0.03923505    0.1749582    -0.1391606    -0.03696203    0.006850431    0.009958083    -0.002861585    0.01298676    0.1474601    0.002629019    -0.07414066    0.01676899    -0.03048036    -0.003251857    0.04794948    0.0512718    -0.006151776    -0.03728553    0.02326669    0.06403814    0.007936171    -0.01270575    -0.00454762    0.005283524    0.005098237    -0.02368206    0.00837236    0.02465908
-0.04234761    0.215994    -0.3353676    -0.4102918    1    -0.1178277    0.02025104    0.1232354    -0.1176118    0.01634134    -0.007765056    -0.01799834    -0.0616752    -0.01026454    0.07557238    -0.06536638    0.1582602    0.08579088    -0.07276751    -0.00433312    -0.04289265    -0.009325183    0.05805759    0.004180092    -0.0614781    -0.041862    -0.09636674    0.0001811092    0.03390575    -0.03706911    0.03054511    -0.05032893    -0.03023763    0.02803424    -0.02243331    0.02148646    -0.01187482    -0.007712549    0.02312026    -0.04965794    -0.004897566    0.0112552    0.02133209    -0.01363519    -0.02280288
0.07354539    0.02378905    0.04728267    0.03129561    -0.1178277    1    -0.218888    -0.3308694    0.08306893    -0.09162578    0.002477644    0.1592832    0.09834576    -0.04144671    -0.1770793    -0.004397635    -0.1131841    -0.02060707    0.004131331    0.05838671    -0.1774762    -0.05454356    0.1140151    0.1297647    0.04706916    0.009796836    -0.06792474    -0.06129423    0.005916519    0.09203752    -0.02763372    0.003731231    -0.004507477    -0.001367936    -0.03024577    0.007512427    -0.01396385    -0.06302653    -0.02300916    0.06138823    -0.1409734    0.02028686    0.05504397    0.07824208    0.04217838
-0.008575781    -0.0221861    -0.03767908    0.02281272    0.02025104    -0.218888    1    -0.5246829    -0.383431    0.2626359    0.05265547    -0.1381343    -0.09816013    0.08690509    0.08077235    0.01169668    0.03095176    0.01432378    0.0103874    -0.04591229    0.06696661    0.04712166    -0.06605885    -0.04572048    0.09029175    -0.05494909    0.067426    0.0981491    -0.03450045    -0.05413071    0.02696711    0.02448833    0.06271054    0.0009227633    -0.05402121    -0.01080346    0.04999443    0.02144625    -0.04634339    0.02713919    -0.02336418    -0.01071071    0.02764055    -0.01490469    0.08265093
-0.05902127    -0.1024    -0.07335286    -0.01043238    0.1232354    -0.3308694    -0.5246829    1    -0.1363358    -0.5814342    0.02485102    -0.1155978    -0.09335984    0.03375198    0.1267012    -0.02737978    0.03966452    0.0493839    0.03603937    -0.07871571    -0.05267561    -0.0229053    0.1202755    0.05595525    -0.1647853    -0.02121872    -0.001285437    -0.01091699    0.01727647    0.01105655    0.05762286    0.01398606    -0.03042438    0.03002537    -0.01119595    0.01829701    -0.05638318    0.0144135    0.05494431    -0.0503018    0.03751466    0.006400481    0.04040486    0.02129473    -0.1184249
0.08323714    0.05054563    0.02165834    0.005845264    -0.1176118    0.08306893    -0.383431    -0.1363358    1    -0.08966739    0.03924015    0.03536271    0.08319613    0.04957174    -0.149328    -0.07060252    -0.03822031    -0.06024291    -0.05271219    0.1546576    0.1065619    0.1623699    -0.0170199    -0.1619242    -0.09662589    0.09387347    -0.05755857    -0.1220859    -0.0112372    0.08018466    -0.0257225    0.0651725    0.03756354    -0.04981331    -0.0179946    -0.01955028    -0.001595971    -0.04334324    -0.05989851    0.08101696    0.1388728    0.1385646    -0.05229533    -0.1499688    -0.07583151
0.01459316    0.08444961    0.04995297    -0.03977381    0.01634134    -0.09162578    0.2626359    -0.5814342    -0.08966739    1    -0.1110342    0.09870528    0.1047374    -0.09683152    -0.04197342    0.04524291    0.03674806    -0.004856884    -0.04562482    0.008447231    0.04281121    -0.08357275    -0.1140839    -0.002553311    0.02594094    -0.007819489    0.03018529    0.05272711    0.001838476    -0.08409954    -0.0266619    -0.08929827    -0.05663605    -0.01776358    0.1246047    0.005372566    0.02492296    0.03545503    0.02923637    -0.05555489    -0.009999257    -0.1220648    -0.04896083    0.01803577    -0.004669578
0.05757449    -0.08311372    -0.1008543    0.09450982    -0.007765056    0.002477644    0.05265547    0.02485102    0.03924015    -0.1110342    1    -0.02954475    -0.6886428    -0.02435365    0.001571975    0.06443082    -0.07015391    -0.05780759    0.1339086    -0.02215292    -0.09162924    0.03798744    0.1165212    -0.007314125    -0.06510241    0.1096161    -0.03679114    -0.09023539    0.1049995    -0.01560174    0.1348329    -0.1027551    -0.09106725    0.149632    -0.0641545    0.002441896    -0.02419697    0.0301268    0.01496668    -0.04018266    0.1248173    -0.1155325    -0.1105805    0.1767402    -0.05914807
-0.04268726    0.07569721    0.1055262    -0.07421989    -0.01799834    0.1592832    -0.1381343    -0.1155978    0.03536271    0.09870528    -0.02954475    1    -0.230843    -0.6910545    0.2013255    -0.05546732    -0.002827555    0.02384357    -0.06292279    0.07814099    -0.04920301    -0.05762246    0.02099966    0.04462724    0.03819855    -0.08031891    -0.03798509    0.05166643    -0.03317085    0.01942614    -0.1088338    -0.03317463    -0.0156299    -0.05154363    0.1274984    -0.04686053    -0.001171372    0.01298223    0.01444384    -0.03086101    -0.102223    -0.01980947    -0.01923039    -0.07527398    0.1578336
-0.0180722    0.1085696    0.09257895    -0.06537391    -0.0616752    0.09834576    -0.09816013    -0.09335984    0.08319613    0.1047374    -0.6886428    -0.230843    1    -0.006458427    -0.3909671    -0.02648205    0.01348771    -0.001865565    -0.1240855    0.09211669    0.09372042    -0.006732673    -0.09861772    0.0295    0.01024666    -0.1165714    -0.004719445    0.06854383    -0.08891676    0.06255886    -0.09750841    0.02030822    0.008943187    -0.1243313    0.1263049    -0.02167811    -0.01926784    -0.04874781    -0.01805607    0.08730085    -0.09236206    0.009773263    0.02511242    -0.1310994    0.1178758
0.0889704    -0.03483069    -0.06215974    0.05415065    -0.01026454    -0.04144671    0.08690509    0.03375198    0.04957174    -0.09683152    -0.02435365    -0.6910545    -0.006458427    1    -0.3307153    0.05139153    -0.03882252    -0.07138099    0.06367587    -0.02674284    0.01519089    0.08854756    0.03698186    -0.04423118    -0.05474142    0.1007805    0.02156738    -0.103534    0.03191942    -0.002677041    0.08028699    -0.07731322    -0.05019253    0.09218421    -0.0281656    0.04628176    -0.05213211    -0.06164212    -0.01098869    0.09718906    0.06959323    -0.06669911    -0.02460443    0.11518    -0.08923101
-0.03966699    -0.06891825    -0.04718874    -0.0005488509    0.07557238    -0.1770793    0.08077235    0.1267012    -0.149328    -0.04197342    0.001571975    0.2013255    -0.3909671    -0.3307153    1    -0.02051223    0.04563923    0.1137046    0.03057345    -0.1325142    -0.01244836    -0.04533453    -0.0184135    -0.01921662    0.05064297    0.0213995    0.03685069    0.01935239    0.02303167    -0.03243195    -0.01604173    0.1286633    0.1188782    -0.01096831    -0.1376726    0.0163327    0.08368623    0.06951794    0.003541737    -0.1179821    0.01616435    0.1203652    0.0702878    -0.007335686    -0.1173098
0.1670293    -0.07186956    -0.1111975    0.1287695    -0.06536638    -0.004397635    0.01169668    -0.02737978    -0.07060252    0.04524291    0.06443082    -0.05546732    -0.02648205    0.05139153    -0.02051223    1    -0.09296697    -0.5872855    0.1205512    -0.008874198    0.04926505    -0.1176351    -0.03088224    0.1632472    -0.09398396    0.1030662    -0.07605895    -0.06870183    0.09936693    0.01169829    0.04710214    0.01754277    -0.03626073    -0.004614688    0.001635322    -0.1179656    -0.2980671    0.06641426    0.4483354    -0.1221541    0.05763775    -0.1311562    -0.03322864    0.1651721    -0.07828577
-0.1051443    0.03370058    -0.06032263    -0.1302077    0.1582602    -0.1131841    0.03095176    0.03966452    -0.03822031    0.03674806    -0.07015391    -0.002827555    0.01348771    -0.03882252    0.04563923    -0.09296697    1    -0.2674181    -0.5953015    0.2580198    -0.05184876    0.07176172    -0.03781501    -0.1925416    0.1628168    -0.0996536    0.01994633    0.004172335    -0.05106776    0.08591229    -0.06038926    -0.02245117    -0.001589754    -0.04749324    0.06409999    -0.2510339    0.02346951    0.3400784    0.1013593    -0.1992053    -0.07122164    -0.01854234    -0.03378469    -0.1252391    0.1431448
-0.145578    -0.03549441    0.04133    -0.03923505    0.08579088    -0.02060707    0.01432378    0.0493839    -0.06024291    -0.004856884    -0.05780759    0.02384357    -0.001865565    -0.07138099    0.1137046    -0.5872855    -0.2674181    1    -0.09069658    -0.3813491    -0.0417618    -0.05885779    -0.1049232    -0.07321295    0.1991867    -0.06550003    0.01167621    -0.00244369    -0.1233466    0.05034909    -0.0387741    -0.0405285    -0.01432079    -0.002247628    0.06114651    0.07215081    0.3303277    0.05506116    -0.2063156    -0.1128322    -0.06970353    -0.01089588    -0.05592175    -0.1040838    0.1684001
0.09727463    -0.143073    -0.06385503    0.1749582    -0.07276751    0.004131331    0.0103874    0.03603937    -0.05271219    -0.04562482    0.1339086    -0.06292279    -0.1240855    0.06367587    0.03057345    0.1205512    -0.5953015    -0.09069658    1    -0.4833    0.05928642    -0.1474505    -0.009321575    0.195102    -0.1106225    0.08055422    -0.09252682    -0.04217377    0.08228877    -0.0396797    0.0815159    -0.03339855    -0.008632428    0.08038157    -0.04880244    0.5098434    0.07291783    -0.3542301    -0.1281001    0.02787081    0.07113511    -0.1224206    -0.005190791    0.1784945    -0.09433865
0.008522908    0.1908255    0.1095042    -0.1391606    -0.00433312    0.05838671    -0.04591229    -0.07871571    0.1546576    0.008447231    -0.02215292    0.07814099    0.09211669    -0.02674284    -0.1325142    -0.008874198    0.2580198    -0.3813491    -0.4833    1    -0.007809671    0.1851792    0.1013714    -0.04979448    -0.1077125    -0.04017966    0.08678713    0.08857573    0.01464415    -0.05682052    -0.0008092788    0.06068607    1.043309e-05    -0.04013991    -0.01363167    -0.3181835    -0.2759907    0.09980855    0.04931708    -0.08786729    -0.005105011    0.1899199    0.08406861    -0.07565051    -0.09136203
-0.01851948    0.07440439    0.01143923    -0.03696203    -0.04289265    -0.1774762    0.06696661    -0.05267561    0.1065619    0.04281121    -0.09162924    -0.04920301    0.09372042    0.01519089    -0.01244836    0.04926505    -0.05184876    -0.0417618    0.05928642    -0.007809671    1    0.05016715    -0.7652618    -0.2164396    0.2527462    -0.0228036    -0.02411838    0.03606677    0.03828862    -0.04145693    0.09293558    -0.04479658    -0.06658394    0.008783134    0.03758904    0.05632841    0.06317599    -0.05417921    -0.08111974    0.09834939    0.1757093    -0.01902461    -0.08365833    -0.06035079    0.02954738
-0.01934781    -0.04038257    0.006044124    0.006850431    -0.009325183    -0.05454356    0.04712166    -0.0229053    0.1623699    -0.08357275    0.03798744    -0.05762246    -0.006732673    0.08854756    -0.04533453    -0.1176351    0.07176172    -0.05885779    -0.1474505    0.1851792    0.05016715    1    0.07725506    -0.7808682    0.1179414    0.1262761    0.008030148    -0.05894042    0.0340227    0.00316198    0.008163831    0.05353282    0.05082531    -0.01102475    -0.07750115    -0.0565378    0.00996876    -0.0005498985    -0.1221495    0.146665    0.04511379    0.1572304    -0.01627114    -0.09815471    -0.01748515
0.04737624    -0.09509261    -0.04063967    0.009958083    0.05805759    0.1140151    -0.06605885    0.1202755    -0.0170199    -0.1140839    0.1165212    0.02099966    -0.09861772    0.03698186    -0.0184135    -0.03088224    -0.03781501    -0.1049232    -0.009321575    0.1013714    -0.7652618    0.07725506    1    0.210168    -0.6410685    0.06820211    -0.008719703    -0.03070719    0.04692835    -0.01839709    -0.0330146    0.0576957    0.07353514    0.03507434    -0.1227615    -0.07655645    -0.1181726    -0.003767898    0.04811523    0.05396438    -0.1032741    0.05570676    0.1396427    0.0561913    -0.1408994
0.03829547    0.00215162    0.008111742    -0.002861585    0.004180092    0.1297647    -0.04572048    0.05595525    -0.1619242    -0.002553311    -0.007314125    0.04462724    0.0295    -0.04423118    -0.01921662    0.1632472    -0.1925416    -0.07321295    0.195102    -0.04979448    -0.2164396    -0.7808682    0.210168    1    -0.5415401    -0.08877299    -0.008013395    0.0358176    0.003555783    -0.009995167    0.00979504    0.01938877    -0.01888935    -0.00858777    0.01606729    0.02504878    -0.1223118    -0.04271107    0.1239873    -0.07852063    -0.02245147    -0.0877916    0.04534361    0.128129    -0.06091721
-0.048897    0.06618737    0.0557146    0.01298676    -0.0614781    0.04706916    0.09029175    -0.1647853    -0.09662589    0.02594094    -0.06510241    0.03819855    0.01024666    -0.05474142    0.05064297    -0.09398396    0.1628168    0.1991867    -0.1106225    -0.1077125    0.2527462    0.1179414    -0.6410685    -0.5415401    1    -0.03913438    0.04666721    0.03043407    -0.09457234    0.05019027    -0.0401096    -0.08124945    -0.04597078    0.002510157    0.1348547    0.06896784    0.1893821    0.05204842    -0.09221801    -0.1305449    -0.06040446    -0.04292855    -0.09685357    -0.04914318    0.253015
-0.007373971    -0.1001008    -0.01918069    0.1474601    -0.041862    0.009796836    -0.05494909    -0.02121872    0.09387347    -0.007819489    0.1096161    -0.08031891    -0.1165714    0.1007805    0.0213995    0.1030662    -0.0996536    -0.06550003    0.08055422    -0.04017966    -0.0228036    0.1262761    0.06820211    -0.08877299    -0.03913438    1    -0.006012193    -0.5898456    0.08617625    -0.07295721    0.05054278    0.0443616    -0.0008872456    0.02809182    -0.1028516    0.04511923    0.001767592    -0.06445633    -0.01372151    0.0554438    0.1076101    -0.03764536    -0.04524536    0.1007491    -0.131228
-0.03492779    0.08336838    0.1104303    0.002629019    -0.09636674    -0.06792474    0.067426    -0.001285437    -0.05755857    0.03018529    -0.03679114    -0.03798509    -0.004719445    0.02156738    0.03685069    -0.07605895    0.01994633    0.01167621    -0.09252682    0.08678713    -0.02411838    0.008030148    -0.008719703    -0.008013395    0.04666721    -0.006012193    1    -0.2592951    -0.5895032    0.2392751    0.01691734    -0.06745725    -0.08832753    0.01826965    0.1257391    -0.03678603    -0.05916866    -0.01012221    0.01556901    0.03874026    -0.07796276    -0.01470101    -0.05955463    -0.07328333    0.1700516
0.003335409    0.09657601    0.07209405    -0.07414066    0.0001811092    -0.06129423    0.0981491    -0.01091699    -0.1220859    0.05272711    -0.09023539    0.05166643    0.06854383    -0.103534    0.01935239    -0.06870183    0.004172335    -0.00244369    -0.04217377    0.08857573    0.03606677    -0.05894042    -0.03070719    0.0358176    0.03043407    -0.5898456    -0.2592951    1    -0.006376612    -0.4396046    -0.06673594    -0.01887899    0.002860253    -0.05155244    0.1073449    -0.08244826    0.001399142    0.05637271    -0.01702433    -0.002799511    -0.08738423    -0.02926552    -0.05541142    -0.0939214    0.2184909
0.07879883    -0.0684663    -0.07473172    0.01676899    0.03390575    0.005916519    -0.03450045    0.01727647    -0.0112372    0.001838476    0.1049995    -0.03317085    -0.08891676    0.03191942    0.02303167    0.09936693    -0.05106776    -0.1233466    0.08228877    0.01464415    0.03828862    0.0340227    0.04692835    0.003555783    -0.09457234    0.08617625    -0.5895032    -0.006376612    1    -0.4237378    0.01332751    0.02325242    0.04952414    0.06031715    -0.1341519    0.02498155    -0.03454853    -0.04760403    -0.003469083    0.06224026    0.05396363    -0.07534543    -0.006880194    0.1585259    -0.1463556
-0.03912897    0.004151035    -0.03790823    -0.03048036    -0.03706911    0.09203752    -0.05413071    0.01105655    0.08018466    -0.08409954    -0.01560174    0.01942614    0.06255886    -0.002677041    -0.03243195    0.01169829    0.08591229    0.05034909    -0.0396797    -0.05682052    -0.04145693    0.00316198    -0.01839709    -0.009995167    0.05019027    -0.07295721    0.2392751    -0.4396046    -0.4237378    1    0.01291464    0.02713083    -0.004907002    -0.0422126    0.02320187    -0.001902545    -0.02018574    0.04504953    0.05990323    -0.08773082    0.03271876    0.08872767    0.09144405    -0.03583204    -0.08763128
-0.03090544    0.01209004    0.008178936    -0.003251857    0.03054511    -0.02763372    0.02696711    0.05762286    -0.0257225    -0.0266619    0.1348329    -0.1088338    -0.09750841    0.08028699    -0.01604173    0.04710214    -0.06038926    -0.0387741    0.0815159    -0.0008092788    0.09293558    0.008163831    -0.0330146    0.00979504    -0.0401096    0.05054278    0.01691734    -0.06673594    0.01332751    0.01291464    1    -0.07105915    -0.7590877    -0.01713896    0.1621592    0.03507668    -0.04771279    -0.02701914    0.02601578    -0.04159734    0.5651818    -0.07591573    -0.3791486    0.02046658    0.05912382
0.01078848    -0.06345213    -0.003639946    0.04794948    -0.05032893    0.003731231    0.02448833    0.01398606    0.0651725    -0.08929827    -0.1027551    -0.03317463    0.02030822    -0.07731322    0.1286633    0.01754277    -0.02245117    -0.0405285    -0.03339855    0.06068607    -0.04479658    0.05353282    0.0576957    0.01938877    -0.08124945    0.0443616    -0.06745725    -0.01887899    0.02325242    0.02713083    -0.07105915    1    0.1470227    -0.7767391    0.1245049    -0.0768866    0.04919458    0.03727594    -0.03476111    0.01209644    -0.01595864    0.567215    -0.01557446    -0.3836528    0.1134179
0.01556397    -0.04215801    -0.03945109    0.0512718    -0.03023763    -0.004507477    0.06271054    -0.03042438    0.03756354    -0.05663605    -0.09106725    -0.0156299    0.008943187    -0.05019253    0.1188782    -0.03626073    -0.001589754    -0.01432079    -0.008632428    1.043309e-05    -0.06658394    0.05082531    0.07353514    -0.01888935    -0.04597078    -0.0008872456    -0.08832753    0.002860253    0.04952414    -0.004907002    -0.7590877    0.1470227    1    0.002426858    -0.537623    0.01708326    0.04755401    -0.01100449    -0.07308969    0.08129135    -0.4268955    0.1098905    0.5484164    -0.0421708    -0.2612182
0.0037801    0.02782702    -0.0263114    -0.006151776    0.02803424    -0.001367936    0.0009227633    0.03002537    -0.04981331    -0.01776358    0.149632    -0.05154363    -0.1243313    0.09218421    -0.01096831    -0.004614688    -0.04749324    -0.002247628    0.08038157    -0.04013991    0.008783134    -0.01102475    0.03507434    -0.00858777    0.002510157    0.02809182    0.01826965    -0.05155244    0.06031715    -0.0422126    -0.01713896    -0.7767391    0.002426858    1    -0.5020596    0.1000654    -0.03559738    -0.07661812    0.01090283    0.03953012    0.0005135338    -0.4349766    0.05602662    0.548529    -0.3259449
0.001732621    0.01933569    0.07992425    -0.03728553    -0.02243331    -0.03024577    -0.05402121    -0.01119595    -0.0179946    0.1246047    -0.0641545    0.1274984    0.1263049    -0.0281656    -0.1376726    0.001635322    0.06409999    0.06114651    -0.04880244    -0.01363167    0.03758904    -0.07750115    -0.1227615    0.01606729    0.1348547    -0.1028516    0.1257391    0.1073449    -0.1341519    0.02320187    0.1621592    0.1245049    -0.537623    -0.5020596    1    -0.09364499    0.007081986    0.08966868    0.06320062    -0.05815377    0.02246198    0.0491411    -0.3031119    -0.2666663    0.5751196
0.006205996    -0.05024673    -0.0330276    0.02326669    0.02148646    0.007512427    -0.01080346    0.01829701    -0.01955028    0.005372566    0.002441896    -0.04686053    -0.02167811    0.04628176    0.0163327    -0.1179656    -0.2510339    0.07215081    0.5098434    -0.3181835    0.05632841    -0.0565378    -0.07655645    0.02504878    0.06896784    0.04511923    -0.03678603    -0.08244826    0.02498155    -0.001902545    0.03507668    -0.0768866    0.01708326    0.1000654    -0.09364499    1    0.101416    -0.7969551    -0.2103847    0.2428828    -0.07872464    -0.1188107    0.1006625    0.1829834    -0.1825225
-0.04536    -0.06945978    -0.001933388    0.06403814    -0.01187482    -0.01396385    0.04999443    -0.05638318    -0.001595971    0.02492296    -0.02419697    -0.001171372    -0.01926784    -0.05213211    0.08368623    -0.2980671    0.02346951    0.3303277    0.07291783    -0.2759907    0.06317599    0.00996876    -0.1181726    -0.1223118    0.1893821    0.001767592    -0.05916866    0.001399142    -0.03454853    -0.02018574    -0.04771279    0.04919458    0.04755401    -0.03559738    0.007081986    0.101416    1    0.04487903    -0.7812895    0.1599303    -0.08152411    0.007224185    0.01345359    -0.05086353    0.07941754
-0.04454224    0.009381559    0.0310004    0.007936171    -0.007712549    -0.06302653    0.02144625    0.0144135    -0.04334324    0.03545503    0.0301268    0.01298223    -0.04874781    -0.06164212    0.06951794    0.06641426    0.3400784    0.05506116    -0.3542301    0.09980855    -0.05417921    -0.0005498985    -0.003767898    -0.04271107    0.05204842    -0.06445633    -0.01012221    0.05637271    -0.04760403    0.04504953    -0.02701914    0.03727594    -0.01100449    -0.07661812    0.08966868    -0.7969551    0.04487903    1    0.1790457    -0.582267    0.06310119    0.01405584    -0.1375716    -0.1572487    0.2293941
0.05416779    0.01061502    -0.0564712    -0.01270575    0.02312026    -0.02300916    -0.04634339    0.05494431    -0.05989851    0.02923637    0.01496668    0.01444384    -0.01805607    -0.01098869    0.003541737    0.4483354    0.1013593    -0.2063156    -0.1281001    0.04931708    -0.08111974    -0.1221495    0.04811523    0.1239873    -0.09221801    -0.01372151    0.01556901    -0.01702433    -0.003469083    0.05990323    0.02601578    -0.03476111    -0.07308969    0.01090283    0.06320062    -0.2103847    -0.7812895    0.1790457    1    -0.5209955    0.07621367    -0.08677693    -0.1100798    0.02056022    0.07940677
0.02253377    0.01837359    0.02378692    -0.00454762    -0.04965794    0.06138823    0.02713919    -0.0503018    0.08101696    -0.05555489    -0.04018266    -0.03086101    0.08730085    0.09718906    -0.1179821    -0.1221541    -0.1992053    -0.1128322    0.02787081    -0.08786729    0.09834939    0.146665    0.05396438    -0.07852063    -0.1305449    0.0554438    0.03874026    -0.002799511    0.06224026    -0.08773082    -0.04159734    0.01209644    0.08129135    0.03953012    -0.05815377    0.2428828    0.1599303    -0.582267    -0.5209955    1    -0.07536504    0.08858282    0.1673075    0.07619244    -0.1694783
-0.01823968    0.01433906    0.003970722    0.005283524    -0.004897566    -0.1409734    -0.02336418    0.03751466    0.1388728    -0.009999257    0.1248173    -0.102223    -0.09236206    0.06959323    0.01616435    0.05763775    -0.07122164    -0.06970353    0.07113511    -0.005105011    0.1757093    0.04511379    -0.1032741    -0.02245147    -0.06040446    0.1076101    -0.07796276    -0.08738423    0.05396363    0.03271876    0.5651818    -0.01595864    -0.4268955    0.0005135338    0.02246198    -0.07872464    -0.08152411    0.06310119    0.07621367    -0.07536504    1    -0.1376514    -0.6676179    0.09997202    0.0203232
0.02058904    -0.02425017    -0.01708219    0.005098237    0.0112552    0.02028686    -0.01071071    0.006400481    0.1385646    -0.1220648    -0.1155325    -0.01980947    0.009773263    -0.06669911    0.1203652    -0.1311562    -0.01854234    -0.01089588    -0.1224206    0.1899199    -0.01902461    0.1572304    0.05570676    -0.0877916    -0.04292855    -0.03764536    -0.01470101    -0.02926552    -0.07534543    0.08872767    -0.07591573    0.567215    0.1098905    -0.4349766    0.0491411    -0.1188107    0.007224185    0.01405584    -0.08677693    0.08858282    -0.1376514    1    0.03542279    -0.676552    0.1943159
0.04376419    -0.009726631    -0.04912191    -0.02368206    0.02133209    0.05504397    0.02764055    0.04040486    -0.05229533    -0.04896083    -0.1105805    -0.01923039    0.02511242    -0.02460443    0.0702878    -0.03322864    -0.03378469    -0.05592175    -0.005190791    0.08406861    -0.08365833    -0.01627114    0.1396427    0.04534361    -0.09685357    -0.04524536    -0.05955463    -0.05541142    -0.006880194    0.09144405    -0.3791486    -0.01557446    0.5484164    0.05602662    -0.3031119    0.1006625    0.01345359    -0.1375716    -0.1100798    0.1673075    -0.6676179    0.03542279    1    -0.05155417    -0.452103
-0.01302688    -0.0009839155    0.0106584    0.00837236    -0.01363519    0.07824208    -0.01490469    0.02129473    -0.1499688    0.01803577    0.1767402    -0.07527398    -0.1310994    0.11518    -0.007335686    0.1651721    -0.1252391    -0.1040838    0.1784945    -0.07565051    -0.06035079    -0.09815471    0.0561913    0.128129    -0.04914318    0.1007491    -0.07328333    -0.0939214    0.1585259    -0.03583204    0.02046658    -0.3836528    -0.0421708    0.548529    -0.2666663    0.1829834    -0.05086353    -0.1572487    0.02056022    0.07619244    0.09997202    -0.676552    -0.05155417    1    -0.5967933
-0.01683618    0.01028365    0.06532427    0.02465908    -0.02280288    0.04217838    0.08265093    -0.1184249    -0.07583151    -0.004669578    -0.05914807    0.1578336    0.1178758    -0.08923101    -0.1173098    -0.07828577    0.1431448    0.1684001    -0.09433865    -0.09136203    0.02954738    -0.01748515    -0.1408994    -0.06091721    0.253015    -0.131228    0.1700516    0.2184909    -0.1463556    -0.08763128    0.05912382    0.1134179    -0.2612182    -0.3259449    0.5751196    -0.1825225    0.07941754    0.2293941    0.07940677    -0.1694783    0.0203232    0.1943159    -0.452103    -0.5967933    1
