1    0.02409479    -0.5540134    0.007876378    0.0002197257    0.09223839    -0.0749872    -0.09748827    0.09212505    0.01502237    -0.01113027    0.0008637091    0.0003805406    0.04875292    -0.04330749    0.0238724    0.02400255    -0.02687525    -0.04384609    0.06307505    0.05921848    0.01414393    -0.04947846    -0.0246598    0.01057642
0.02409479    1    -0.07524301    -0.5866202    0.1660791    -0.04309033    -0.07521886    -0.03200411    -0.02040733    0.1615699    -0.04823535    0.1570087    0.03428094    -0.06150957    -0.05852754    0.0122587    0.005385906    0.001786893    0.04796759    -0.002728517    -0.02083397    0.04691674    0.06587988    0.009624566    -0.04011155
-0.5540134    -0.07524301    1    -0.01726578    -0.3431392    -0.05778087    0.01272993    -0.04333777    -0.06154409    0.1138932    -0.03060982    0.02493071    0.07034718    -0.006239736    -0.03744547    -0.03837133    -0.02845604    0.02485127    0.0247089    0.0008186338    -0.0450615    -0.006352415    0.05668764    0.005686295    -0.01975255
0.007876378    -0.5866202    -0.01726578    1    -0.4829047    0.1081992    -0.06039219    -0.08604067    0.07268645    -0.04241645    0.04912726    -0.06755592    0.0195679    0.06048212    -0.02541053    0.01741165    -0.03563576    -0.03499742    -0.01095169    0.02207887    0.06284753    0.002123593    -0.07635359    -0.002323064    -0.00334839
0.0002197257    0.1660791    -0.3431392    -0.4829047    1    -0.06273026    0.08880749    0.1267319    -0.05553011    -0.07344258    0.010169    0.004498679    -0.09107153    -0.02929514    0.05005591    -0.02277236    0.0383402    0.05464904    -0.009030885    -0.06015856    -0.03840543    -0.02585106    0.01168117    0.009636057    0.04594063
0.09223839    -0.04309033    -0.05778087    0.1081992    -0.06273026    1    -0.02954475    -0.6886428    -0.02435365    0.001571975    0.06443082    -0.07015391    -0.05780759    0.1339086    -0.02215292    0.129013    -0.09717097    -0.1010725    0.1329546    -0.03790849    0.002441896    -0.02419697    0.0301268    0.01496668    -0.04018266
-0.0749872    -0.07521886    0.01272993    -0.06039219    0.08880749    -0.02954475    1    -0.230843    -0.6910545    0.2013255    -0.05546732    -0.002827555    0.02384357    -0.06292279    0.07814099    -0.0795902    -0.07417952    -0.04979702    -0.04693624    0.1221495    -0.04686053    -0.001171372    0.01298223    0.01444384    -0.03086101
-0.09748827    -0.03200411    -0.04333777    -0.08604067    0.1267319    -0.6886428    -0.230843    1    -0.006458427    -0.3909671    -0.02648205    0.01348771    -0.001865565    -0.1240855    0.09211669    -0.1138796    0.02542688    0.04070464    -0.1237264    0.1084495    -0.02167811    -0.01926784    -0.04874781    -0.01805607    0.08730085
0.09212505    -0.02040733    -0.06154409    0.07268645    -0.05553011    -0.02435365    -0.6910545    -0.006458427    1    -0.3307153    0.05139153    -0.03882252    -0.07138099    0.06367587    -0.02674284    0.09201155    -0.04323759    -0.06118843    0.06830712    -0.006206045    0.04628176    -0.05213211    -0.06164212    -0.01098869    0.09718906
0.01502237    0.1615699    0.1138932    -0.04241645    -0.07344258    0.001571975    0.2013255    -0.3909671    -0.3307153    1    -0.02051223    0.04563923    0.1137046    0.03057345    -0.1325142    -0.01783899    0.1125672    0.106284    0.02292883    -0.1522478    0.0163327    0.08368623    0.06951794    0.003541737    -0.1179821
-0.01113027    -0.04823535    -0.03060982    0.04912726    0.010169    0.06443082    -0.05546732    -0.02648205    0.05139153    -0.02051223    1    -0.09296697    -0.5872855    0.1205512    -0.008874198    0.001992299    0.09945712    0.025819    -0.09688465    0.01627947    -0.1179656    -0.2980671    0.06641426    0.4483354    -0.1221541
0.0008637091    0.1570087    0.02493071    -0.06755592    0.004498679    -0.07015391    -0.002827555    0.01348771    -0.03882252    0.04563923    -0.09296697    1    -0.2674181    -0.5953015    0.2580198    -0.006798269    0.02534167    0.0434684    0.01031114    -0.04191442    -0.2510339    0.02346951    0.3400784    0.1013593    -0.1992053
0.0003805406    0.03428094    0.07034718    0.0195679    -0.09107153    -0.05780759    0.02384357    -0.001865565    -0.07138099    0.1137046    -0.5872855    -0.2674181    1    -0.09069658    -0.3813491    -0.002274498    -0.01752827    0.007871394    0.02823818    -0.01737396    0.07215081    0.3303277    0.05506116    -0.2063156    -0.1128322
0.04875292    -0.06150957    -0.006239736    0.06048212    -0.02929514    0.1339086    -0.06292279    -0.1240855    0.06367587    0.03057345    0.1205512    -0.5953015    -0.09069658    1    -0.4833    0.01707834    0.03382911    0.008611835    0.01683356    -0.02428471    0.5098434    0.07291783    -0.3542301    -0.1281001    0.02787081
-0.04330749    -0.05852754    -0.03744547    -0.02541053    0.05005591    -0.02215292    0.07814099    0.09211669    -0.02674284    -0.1325142    -0.008874198    0.2580198    -0.3813491    -0.4833    1    0.02303469    -0.08729548    -0.08848766    0.007542348    0.08171927    -0.3181835    -0.2759907    0.09980855    0.04931708    -0.08786729
0.0238724    0.0122587    -0.03837133    0.01741165    -0.02277236    0.129013    -0.0795902    -0.1138796    0.09201155    -0.01783899    0.001992299    -0.006798269    -0.002274498    0.01707834    0.02303469    1    0.1400241    -0.8017412    -0.2016428    0.2533022    0.1350537    0.03057538    -0.1069014    -0.05569905    0.02513814
0.02400255    0.005385906    -0.02845604    -0.03563576    0.0383402    -0.09717097    -0.07417952    0.02542688    -0.04323759    0.1125672    0.09945712    0.02534167    -0.01752827    0.03382911    -0.08729548    0.1400241    1    0.1472722    -0.7823827    0.08175681    0.0321311    0.1326485    0.03824408    -0.03543596    -0.05315757
-0.02687525    0.001786893    0.02485127    -0.03499742    0.05464904    -0.1010725    -0.04979702    0.04070464    -0.06118843    0.106284    0.025819    0.0434684    0.007871394    0.008611835    -0.08848766    -0.8017412    0.1472722    1    0.08810614    -0.5706687    -0.09861796    0.04228673    0.1419564    0.02478938    -0.07312496
-0.04384609    0.04796759    0.0247089    -0.01095169    -0.009030885    0.1329546    -0.04693624    -0.1237264    0.06830712    0.02292883    -0.09688465    0.01031114    0.02823818    0.01683356    0.007542348    -0.2016428    -0.7823827    0.08810614    1    -0.4619127    -0.03303566    -0.07541068    0.03126857    0.05694555    -0.01685463
0.06307505    -0.002728517    0.0008186338    0.02207887    -0.06015856    -0.03790849    0.1221495    0.1084495    -0.006206045    -0.1522478    0.01627947    -0.04191442    -0.01737396    -0.02428471    0.08171927    0.2533022    0.08175681    -0.5706687    -0.4619127    1    0.02872024    -0.0243747    -0.09090849    -0.01770255    0.1169376
0.05921848    -0.02083397    -0.0450615    0.06284753    -0.03840543    0.002441896    -0.04686053    -0.02167811    0.04628176    0.0163327    -0.1179656    -0.2510339    0.07215081    0.5098434    -0.3181835    0.1350537    0.0321311    -0.09861796    -0.03303566    0.02872024    1    0.101416    -0.7969551    -0.2103847    0.2428828
0.01414393    0.04691674    -0.006352415    0.002123593    -0.02585106    -0.02419697    -0.001171372    -0.01926784    -0.05213211    0.08368623    -0.2980671    0.02346951    0.3303277    0.07291783    -0.2759907    0.03057538    0.1326485    0.04228673    -0.07541068    -0.0243747    0.101416    1    0.04487903    -0.7812895    0.1599303
-0.04947846    0.06587988    0.05668764    -0.07635359    0.01168117    0.0301268    0.01298223    -0.04874781    -0.06164212    0.06951794    0.06641426    0.3400784    0.05506116    -0.3542301    0.09980855    -0.1069014    0.03824408    0.1419564    0.03126857    -0.09090849    -0.7969551    0.04487903    1    0.1790457    -0.582267
-0.0246598    0.009624566    0.005686295    -0.002323064    0.009636057    0.01496668    0.01444384    -0.01805607    -0.01098869    0.003541737    0.4483354    0.1013593    -0.2063156    -0.1281001    0.04931708    -0.05569905    -0.03543596    0.02478938    0.05694555    -0.01770255    -0.2103847    -0.7812895    0.1790457    1    -0.5209955
0.01057642    -0.04011155    -0.01975255    -0.00334839    0.04594063    -0.04018266    -0.03086101    0.08730085    0.09718906    -0.1179821    -0.1221541    -0.1992053    -0.1128322    0.02787081    -0.08786729    0.02513814    -0.05315757    -0.07312496    -0.01685463    0.1169376    0.2428828    0.1599303    -0.582267    -0.5209955    1
