1    -0.02954475    -0.6886428    -0.02435365    0.001571975    0.06443082    -0.07015391    -0.05780759    0.1339086    -0.02215292    0.129013    -0.09717097    -0.1010725    0.1329546    -0.03790849    -0.006324184    -0.003025217    0.0002312568    0.0275608    -0.002782145    0.002441896    -0.02419697    0.0301268    0.01496668    -0.04018266
-0.02954475    1    -0.230843    -0.6910545    0.2013255    -0.05546732    -0.002827555    0.02384357    -0.06292279    0.07814099    -0.0795902    -0.07417952    -0.04979702    -0.04693624    0.1221495    -0.002488634    -0.04091684    -0.008947251    0.01088409    -0.008096523    -0.04686053    -0.001171372    0.01298223    0.01444384    -0.03086101
-0.6886428    -0.230843    1    -0.006458427    -0.3909671    -0.02648205    0.01348771    -0.001865565    -0.1240855    0.09211669    -0.1138796    0.02542688    0.04070464    -0.1237264    0.1084495    -0.005340941    -0.04194383    -0.03784456    -0.03117283    0.05570123    -0.02167811    -0.01926784    -0.04874781    -0.01805607    0.08730085
-0.02435365    -0.6910545    -0.006458427    1    -0.3307153    0.05139153    -0.03882252    -0.07138099    0.06367587    -0.02674284    0.09201155    -0.04323759    -0.06118843    0.06830712    -0.006206045    0.03629479    0.02441282    -0.0470697    -0.009796862    0.05305026    0.04628176    -0.05213211    -0.06164212    -0.01098869    0.09718906
0.001571975    0.2013255    -0.3909671    -0.3307153    1    -0.02051223    0.04563923    0.1137046    0.03057345    -0.1325142    -0.01783899    0.1125672    0.106284    0.02292883    -0.1522478    -0.003575355    0.07434816    0.08048503    -0.001377743    -0.09855602    0.0163327    0.08368623    0.06951794    0.003541737    -0.1179821
0.06443082    -0.05546732    -0.02648205    0.05139153    -0.02051223    1    -0.09296697    -0.5872855    0.1205512    -0.008874198    0.001992299    0.09945712    0.025819    -0.09688465    0.01627947    -0.005303463    0.03586342    0.02341528    0.0162719    -0.01294772    -0.1179656    -0.2980671    0.06641426    0.4483354    -0.1221541
-0.07015391    -0.002827555    0.01348771    -0.03882252    0.04563923    -0.09296697    1    -0.2674181    -0.5953015    0.2580198    -0.006798269    0.02534167    0.0434684    0.01031114    -0.04191442    0.002553311    -0.02078851    0.01601615    0.0001710993    -0.01667433    -0.2510339    0.02346951    0.3400784    0.1013593    -0.1992053
-0.05780759    0.02384357    -0.001865565    -0.07138099    0.1137046    -0.5872855    -0.2674181    1    -0.09069658    -0.3813491    -0.002274498    -0.01752827    0.007871394    0.02823818    -0.01737396    -0.03140881    -0.01462852    0.02127022    0.01519333    -0.0343766    0.07215081    0.3303277    0.05506116    -0.2063156    -0.1128322
0.1339086    -0.06292279    -0.1240855    0.06367587    0.03057345    0.1205512    -0.5953015    -0.09069658    1    -0.4833    0.01707834    0.03382911    0.008611835    0.01683356    -0.02428471    0.001390956    0.02920639    0.01321162    0.02770152    -0.000693453    0.5098434    0.07291783    -0.3542301    -0.1281001    0.02787081
-0.02215292    0.07814099    0.09211669    -0.02674284    -0.1325142    -0.008874198    0.2580198    -0.3813491    -0.4833    1    0.02303469    -0.08729548    -0.08848766    0.007542348    0.08171927    0.02596057    -0.0326868    -0.04390219    -0.03538663    0.01377583    -0.3181835    -0.2759907    0.09980855    0.04931708    -0.08786729
0.129013    -0.0795902    -0.1138796    0.09201155    -0.01783899    0.001992299    -0.006798269    -0.002274498    0.01707834    0.02303469    1    0.1400241    -0.8017412    -0.2016428    0.2533022    -0.02951203    -0.1061556    0.03275861    0.110862    -0.1080572    0.1350537    0.03057538    -0.1069014    -0.05569905    0.02513814
-0.09717097    -0.07417952    0.02542688    -0.04323759    0.1125672    0.09945712    0.02534167    -0.01752827    0.03382911    -0.08729548    0.1400241    1    0.1472722    -0.7823827    0.08175681    -0.1722605    -0.08533373    0.082304    0.06348401    -0.02668085    0.0321311    0.1326485    0.03824408    -0.03543596    -0.05315757
-0.1010725    -0.04979702    0.04070464    -0.06118843    0.106284    0.025819    0.0434684    0.007871394    0.008611835    -0.08848766    -0.8017412    0.1472722    1    0.08810614    -0.5706687    0.002358554    0.01680095    -0.07696458    -0.1113426    0.1753437    -0.09861796    0.04228673    0.1419564    0.02478938    -0.07312496
0.1329546    -0.04693624    -0.1237264    0.06830712    0.02292883    -0.09688465    0.01031114    0.02823818    0.01683356    0.007542348    -0.2016428    -0.7823827    0.08810614    1    -0.4619127    0.1713267    0.002320508    -0.1789622    -0.07509562    0.1588806    -0.03303566    -0.07541068    0.03126857    0.05694555    -0.01685463
-0.03790849    0.1221495    0.1084495    -0.006206045    -0.1522478    0.01627947    -0.04191442    -0.01737396    -0.02428471    0.08171927    0.2533022    0.08175681    -0.5706687    -0.4619127    1    -0.1324731    0.06011638    0.2314834    0.1288521    -0.2117327    0.02872024    -0.0243747    -0.09090849    -0.01770255    0.1169376
-0.006324184    -0.002488634    -0.005340941    0.03629479    -0.003575355    -0.005303463    0.002553311    -0.03140881    0.001390956    0.02596057    -0.02951203    -0.1722605    0.002358554    0.1713267    -0.1324731    1    0.2292549    -0.7925327    -0.3398313    0.2443113    0.04370754    0.0730883    -0.03317543    -0.07272771    -0.01025452
-0.003025217    -0.04091684    -0.04194383    0.02441282    0.07434816    0.03586342    -0.02078851    -0.01462852    0.02920639    -0.0326868    -0.1061556    -0.08533373    0.01680095    0.002320508    0.06011638    0.2292549    1    0.0582692    -0.7753216    0.1000554    -0.01050226    0.05656296    0.007746277    -0.0487247    0.01763585
0.0002312568    -0.008947251    -0.03784456    -0.0470697    0.08048503    0.02341528    0.01601615    0.02127022    0.01321162    -0.04390219    0.03275861    0.082304    -0.07696458    -0.1789622    0.2314834    -0.7925327    0.0582692    1    0.2852451    -0.6086443    -0.02698123    -0.04292241    0.0729985    0.06144104    -0.05173093
0.0275608    0.01088409    -0.03117283    -0.009796862    -0.001377743    0.0162719    0.0001710993    0.01519333    0.02770152    -0.03538663    0.110862    0.06348401    -0.1113426    -0.07509562    0.1288521    -0.3398313    -0.7753216    0.2852451    1    -0.503745    0.01530494    -0.02892346    0.02348915    0.07615226    -0.05346893
-0.002782145    -0.008096523    0.05570123    0.05305026    -0.09855602    -0.01294772    -0.01667433    -0.0343766    -0.000693453    0.01377583    -0.1080572    -0.02668085    0.1753437    0.1588806    -0.2117327    0.2443113    0.1000554    -0.6086443    -0.503745    1    -0.02787621    -0.005805489    -0.05059946    -0.03444646    0.1567751
0.002441896    -0.04686053    -0.02167811    0.04628176    0.0163327    -0.1179656    -0.2510339    0.07215081    0.5098434    -0.3181835    0.1350537    0.0321311    -0.09861796    -0.03303566    0.02872024    0.04370754    -0.01050226    -0.02698123    0.01530494    -0.02787621    1    0.101416    -0.7969551    -0.2103847    0.2428828
-0.02419697    -0.001171372    -0.01926784    -0.05213211    0.08368623    -0.2980671    0.02346951    0.3303277    0.07291783    -0.2759907    0.03057538    0.1326485    0.04228673    -0.07541068    -0.0243747    0.0730883    0.05656296    -0.04292241    -0.02892346    -0.005805489    0.101416    1    0.04487903    -0.7812895    0.1599303
0.0301268    0.01298223    -0.04874781    -0.06164212    0.06951794    0.06641426    0.3400784    0.05506116    -0.3542301    0.09980855    -0.1069014    0.03824408    0.1419564    0.03126857    -0.09090849    -0.03317543    0.007746277    0.0729985    0.02348915    -0.05059946    -0.7969551    0.04487903    1    0.1790457    -0.582267
0.01496668    0.01444384    -0.01805607    -0.01098869    0.003541737    0.4483354    0.1013593    -0.2063156    -0.1281001    0.04931708    -0.05569905    -0.03543596    0.02478938    0.05694555    -0.01770255    -0.07272771    -0.0487247    0.06144104    0.07615226    -0.03444646    -0.2103847    -0.7812895    0.1790457    1    -0.5209955
-0.04018266    -0.03086101    0.08730085    0.09718906    -0.1179821    -0.1221541    -0.1992053    -0.1128322    0.02787081    -0.08786729    0.02513814    -0.05315757    -0.07312496    -0.01685463    0.1169376    -0.01025452    0.01763585    -0.05173093    -0.05346893    0.1567751    0.2428828    0.1599303    -0.582267    -0.5209955    1
