1    -0.001034051    -0.579239    -0.05867098    -0.04234761    0.05757449    -0.04268726    -0.0180722    0.0889704    -0.03966699    0.1670293    -0.1051443    -0.145578    0.09727463    0.008522908    0.006205996    -0.04536    -0.04454224    0.05416779    0.02253377
-0.001034051    1    -0.09055389    -0.6628608    0.215994    -0.08311372    0.07569721    0.1085696    -0.03483069    -0.06891825    -0.07186956    0.03370058    -0.03549441    -0.143073    0.1908255    -0.05024673    -0.06945978    0.009381559    0.01061502    0.01837359
-0.579239    -0.09055389    1    -0.07619338    -0.3353676    -0.1008543    0.1055262    0.09257895    -0.06215974    -0.04718874    -0.1111975    -0.06032263    0.04133    -0.06385503    0.1095042    -0.0330276    -0.001933388    0.0310004    -0.0564712    0.02378692
-0.05867098    -0.6628608    -0.07619338    1    -0.4102918    0.09450982    -0.07421989    -0.06537391    0.05415065    -0.0005488509    0.1287695    -0.1302077    -0.03923505    0.1749582    -0.1391606    0.02326669    0.06403814    0.007936171    -0.01270575    -0.00454762
-0.04234761    0.215994    -0.3353676    -0.4102918    1    -0.007765056    -0.01799834    -0.0616752    -0.01026454    0.07557238    -0.06536638    0.1582602    0.08579088    -0.07276751    -0.00433312    0.02148646    -0.01187482    -0.007712549    0.02312026    -0.04965794
0.05757449    -0.08311372    -0.1008543    0.09450982    -0.007765056    1    -0.02954475    -0.6886428    -0.02435365    0.001571975    0.06443082    -0.07015391    -0.05780759    0.1339086    -0.02215292    0.002441896    -0.02419697    0.0301268    0.01496668    -0.04018266
-0.04268726    0.07569721    0.1055262    -0.07421989    -0.01799834    -0.02954475    1    -0.230843    -0.6910545    0.2013255    -0.05546732    -0.002827555    0.02384357    -0.06292279    0.07814099    -0.04686053    -0.001171372    0.01298223    0.01444384    -0.03086101
-0.0180722    0.1085696    0.09257895    -0.06537391    -0.0616752    -0.6886428    -0.230843    1    -0.006458427    -0.3909671    -0.02648205    0.01348771    -0.001865565    -0.1240855    0.09211669    -0.02167811    -0.01926784    -0.04874781    -0.01805607    0.08730085
0.0889704    -0.03483069    -0.06215974    0.05415065    -0.01026454    -0.02435365    -0.6910545    -0.006458427    1    -0.3307153    0.05139153    -0.03882252    -0.07138099    0.06367587    -0.02674284    0.04628176    -0.05213211    -0.06164212    -0.01098869    0.09718906
-0.03966699    -0.06891825    -0.04718874    -0.0005488509    0.07557238    0.001571975    0.2013255    -0.3909671    -0.3307153    1    -0.02051223    0.04563923    0.1137046    0.03057345    -0.1325142    0.0163327    0.08368623    0.06951794    0.003541737    -0.1179821
0.1670293    -0.07186956    -0.1111975    0.1287695    -0.06536638    0.06443082    -0.05546732    -0.02648205    0.05139153    -0.02051223    1    -0.09296697    -0.5872855    0.1205512    -0.008874198    -0.1179656    -0.2980671    0.06641426    0.4483354    -0.1221541
-0.1051443    0.03370058    -0.06032263    -0.1302077    0.1582602    -0.07015391    -0.002827555    0.01348771    -0.03882252    0.04563923    -0.09296697    1    -0.2674181    -0.5953015    0.2580198    -0.2510339    0.02346951    0.3400784    0.1013593    -0.1992053
-0.145578    -0.03549441    0.04133    -0.03923505    0.08579088    -0.05780759    0.02384357    -0.001865565    -0.07138099    0.1137046    -0.5872855    -0.2674181    1    -0.09069658    -0.3813491    0.07215081    0.3303277    0.05506116    -0.2063156    -0.1128322
0.09727463    -0.143073    -0.06385503    0.1749582    -0.07276751    0.1339086    -0.06292279    -0.1240855    0.06367587    0.03057345    0.1205512    -0.5953015    -0.09069658    1    -0.4833    0.5098434    0.07291783    -0.3542301    -0.1281001    0.02787081
0.008522908    0.1908255    0.1095042    -0.1391606    -0.00433312    -0.02215292    0.07814099    0.09211669    -0.02674284    -0.1325142    -0.008874198    0.2580198    -0.3813491    -0.4833    1    -0.3181835    -0.2759907    0.09980855    0.04931708    -0.08786729
0.006205996    -0.05024673    -0.0330276    0.02326669    0.02148646    0.002441896    -0.04686053    -0.02167811    0.04628176    0.0163327    -0.1179656    -0.2510339    0.07215081    0.5098434    -0.3181835    1    0.101416    -0.7969551    -0.2103847    0.2428828
-0.04536    -0.06945978    -0.001933388    0.06403814    -0.01187482    -0.02419697    -0.001171372    -0.01926784    -0.05213211    0.08368623    -0.2980671    0.02346951    0.3303277    0.07291783    -0.2759907    0.101416    1    0.04487903    -0.7812895    0.1599303
-0.04454224    0.009381559    0.0310004    0.007936171    -0.007712549    0.0301268    0.01298223    -0.04874781    -0.06164212    0.06951794    0.06641426    0.3400784    0.05506116    -0.3542301    0.09980855    -0.7969551    0.04487903    1    0.1790457    -0.582267
0.05416779    0.01061502    -0.0564712    -0.01270575    0.02312026    0.01496668    0.01444384    -0.01805607    -0.01098869    0.003541737    0.4483354    0.1013593    -0.2063156    -0.1281001    0.04931708    -0.2103847    -0.7812895    0.1790457    1    -0.5209955
0.02253377    0.01837359    0.02378692    -0.00454762    -0.04965794    -0.04018266    -0.03086101    0.08730085    0.09718906    -0.1179821    -0.1221541    -0.1992053    -0.1128322    0.02787081    -0.08786729    0.2428828    0.1599303    -0.582267    -0.5209955    1
