1    -0.1750601    -0.4248295    0.2174913    0.002515153    0.06621934    -0.1088972    -0.07793142    0.09708115    0.06477236    0.007737359    -0.0496647    0.03343609    0.1082092    -0.09720418    -0.03868388    0.02683497    0.02435256    -0.03779789    0.01498125    -0.02241952    0.02945679    0.008760102    -0.02560259    0.02023621    0.01143045    0.03571542    0.007562312    -0.01871933    -0.0147369
-0.1750601    1    -0.01491714    -0.6222392    0.2333305    -0.08912375    -0.07692517    0.02483626    0.006941856    0.1031524    -0.04952563    0.07152838    0.0610728    -0.02311315    -0.08404258    0.02570057    0.005629873    -0.02206836    0.0267326    -0.01257761    0.05364091    -0.01631893    -0.03769026    0.0274596    -0.001477796    0.01222076    0.01145902    0.03418631    0.0009239955    -0.02531505
-0.4248295    -0.01491714    1    0.05952327    -0.5232977    -0.008892919    -0.07442783    -0.04799066    -0.01705087    0.08121752    -0.01840606    0.05351053    0.06291157    -0.03478856    -0.01951604    0.05941823    -0.02345454    -0.03673244    -0.0009793452    0.0164058    0.02445593    -0.02934515    -0.0160448    0.03610256    0.01897256    0.01725315    -0.03016273    0.02256089    0.05296424    -0.07297914
0.2174913    -0.6222392    0.05952327    1    -0.5990358    0.141704    -0.05806259    -0.1313163    0.05721546    0.0411066    -0.00589075    0.02116704    0.02304788    -0.01029791    0.003824369    0.01295194    -0.007756155    -0.01507274    -0.04536799    0.0123655    -0.02507977    -0.005862087    -0.00900583    -0.01177597    0.05591542    -0.04820604    0.01419888    0.03635762    -0.0002405232    -0.006649769
0.002515153    0.2333305    -0.5232977    -0.5990358    1    -0.09934181    0.1484838    0.1417193    -0.04974588    -0.1247196    0.03597718    -0.07128305    -0.07965728    0.02026767    0.06539621    0.01103227    0.02341695    -0.00105645    0.003877634    -0.02687516    -0.01221327    -0.01065451    0.02797767    0.007083841    -0.0721387    0.05026147    -0.009815147    -0.07936827    -0.01687809    0.05447497
0.06621934    -0.08912375    -0.008892919    0.141704    -0.09934181    1    -0.02954475    -0.6886428    -0.02435365    0.001571975    0.06443082    -0.07015391    -0.05780759    0.1339086    -0.02215292    -0.09162924    0.03798744    0.1165212    -0.007314125    -0.06510241    0.1348329    -0.1027551    -0.09106725    0.149632    -0.0641545    0.002441896    -0.02419697    0.0301268    0.01496668    -0.04018266
-0.1088972    -0.07692517    -0.07442783    -0.05806259    0.1484838    -0.02954475    1    -0.230843    -0.6910545    0.2013255    -0.05546732    -0.002827555    0.02384357    -0.06292279    0.07814099    -0.04920301    -0.05762246    0.02099966    0.04462724    0.03819855    -0.1088338    -0.03317463    -0.0156299    -0.05154363    0.1274984    -0.04686053    -0.001171372    0.01298223    0.01444384    -0.03086101
-0.07793142    0.02483626    -0.04799066    -0.1313163    0.1417193    -0.6886428    -0.230843    1    -0.006458427    -0.3909671    -0.02648205    0.01348771    -0.001865565    -0.1240855    0.09211669    0.09372042    -0.006732673    -0.09861772    0.0295    0.01024666    -0.09750841    0.02030822    0.008943187    -0.1243313    0.1263049    -0.02167811    -0.01926784    -0.04874781    -0.01805607    0.08730085
0.09708115    0.006941856    -0.01705087    0.05721546    -0.04974588    -0.02435365    -0.6910545    -0.006458427    1    -0.3307153    0.05139153    -0.03882252    -0.07138099    0.06367587    -0.02674284    0.01519089    0.08854756    0.03698186    -0.04423118    -0.05474142    0.08028699    -0.07731322    -0.05019253    0.09218421    -0.0281656    0.04628176    -0.05213211    -0.06164212    -0.01098869    0.09718906
0.06477236    0.1031524    0.08121752    0.0411066    -0.1247196    0.001571975    0.2013255    -0.3909671    -0.3307153    1    -0.02051223    0.04563923    0.1137046    0.03057345    -0.1325142    -0.01244836    -0.04533453    -0.0184135    -0.01921662    0.05064297    -0.01604173    0.1286633    0.1188782    -0.01096831    -0.1376726    0.0163327    0.08368623    0.06951794    0.003541737    -0.1179821
0.007737359    -0.04952563    -0.01840606    -0.00589075    0.03597718    0.06443082    -0.05546732    -0.02648205    0.05139153    -0.02051223    1    -0.09296697    -0.5872855    0.1205512    -0.008874198    0.04926505    -0.1176351    -0.03088224    0.1632472    -0.09398396    0.04710214    0.01754277    -0.03626073    -0.004614688    0.001635322    -0.1179656    -0.2980671    0.06641426    0.4483354    -0.1221541
-0.0496647    0.07152838    0.05351053    0.02116704    -0.07128305    -0.07015391    -0.002827555    0.01348771    -0.03882252    0.04563923    -0.09296697    1    -0.2674181    -0.5953015    0.2580198    -0.05184876    0.07176172    -0.03781501    -0.1925416    0.1628168    -0.06038926    -0.02245117    -0.001589754    -0.04749324    0.06409999    -0.2510339    0.02346951    0.3400784    0.1013593    -0.1992053
0.03343609    0.0610728    0.06291157    0.02304788    -0.07965728    -0.05780759    0.02384357    -0.001865565    -0.07138099    0.1137046    -0.5872855    -0.2674181    1    -0.09069658    -0.3813491    -0.0417618    -0.05885779    -0.1049232    -0.07321295    0.1991867    -0.0387741    -0.0405285    -0.01432079    -0.002247628    0.06114651    0.07215081    0.3303277    0.05506116    -0.2063156    -0.1128322
0.1082092    -0.02311315    -0.03478856    -0.01029791    0.02026767    0.1339086    -0.06292279    -0.1240855    0.06367587    0.03057345    0.1205512    -0.5953015    -0.09069658    1    -0.4833    0.05928642    -0.1474505    -0.009321575    0.195102    -0.1106225    0.0815159    -0.03339855    -0.008632428    0.08038157    -0.04880244    0.5098434    0.07291783    -0.3542301    -0.1281001    0.02787081
-0.09720418    -0.08404258    -0.01951604    0.003824369    0.06539621    -0.02215292    0.07814099    0.09211669    -0.02674284    -0.1325142    -0.008874198    0.2580198    -0.3813491    -0.4833    1    -0.007809671    0.1851792    0.1013714    -0.04979448    -0.1077125    -0.0008092788    0.06068607    1.043309e-05    -0.04013991    -0.01363167    -0.3181835    -0.2759907    0.09980855    0.04931708    -0.08786729
-0.03868388    0.02570057    0.05941823    0.01295194    0.01103227    -0.09162924    -0.04920301    0.09372042    0.01519089    -0.01244836    0.04926505    -0.05184876    -0.0417618    0.05928642    -0.007809671    1    0.05016715    -0.7652618    -0.2164396    0.2527462    0.09293558    -0.04479658    -0.06658394    0.008783134    0.03758904    0.05632841    0.06317599    -0.05417921    -0.08111974    0.09834939
0.02683497    0.005629873    -0.02345454    -0.007756155    0.02341695    0.03798744    -0.05762246    -0.006732673    0.08854756    -0.04533453    -0.1176351    0.07176172    -0.05885779    -0.1474505    0.1851792    0.05016715    1    0.07725506    -0.7808682    0.1179414    0.008163831    0.05353282    0.05082531    -0.01102475    -0.07750115    -0.0565378    0.00996876    -0.0005498985    -0.1221495    0.146665
0.02435256    -0.02206836    -0.03673244    -0.01507274    -0.00105645    0.1165212    0.02099966    -0.09861772    0.03698186    -0.0184135    -0.03088224    -0.03781501    -0.1049232    -0.009321575    0.1013714    -0.7652618    0.07725506    1    0.210168    -0.6410685    -0.0330146    0.0576957    0.07353514    0.03507434    -0.1227615    -0.07655645    -0.1181726    -0.003767898    0.04811523    0.05396438
-0.03779789    0.0267326    -0.0009793452    -0.04536799    0.003877634    -0.007314125    0.04462724    0.0295    -0.04423118    -0.01921662    0.1632472    -0.1925416    -0.07321295    0.195102    -0.04979448    -0.2164396    -0.7808682    0.210168    1    -0.5415401    0.00979504    0.01938877    -0.01888935    -0.00858777    0.01606729    0.02504878    -0.1223118    -0.04271107    0.1239873    -0.07852063
0.01498125    -0.01257761    0.0164058    0.0123655    -0.02687516    -0.06510241    0.03819855    0.01024666    -0.05474142    0.05064297    -0.09398396    0.1628168    0.1991867    -0.1106225    -0.1077125    0.2527462    0.1179414    -0.6410685    -0.5415401    1    -0.0401096    -0.08124945    -0.04597078    0.002510157    0.1348547    0.06896784    0.1893821    0.05204842    -0.09221801    -0.1305449
-0.02241952    0.05364091    0.02445593    -0.02507977    -0.01221327    0.1348329    -0.1088338    -0.09750841    0.08028699    -0.01604173    0.04710214    -0.06038926    -0.0387741    0.0815159    -0.0008092788    0.09293558    0.008163831    -0.0330146    0.00979504    -0.0401096    1    -0.07105915    -0.7590877    -0.01713896    0.1621592    0.03507668    -0.04771279    -0.02701914    0.02601578    -0.04159734
0.02945679    -0.01631893    -0.02934515    -0.005862087    -0.01065451    -0.1027551    -0.03317463    0.02030822    -0.07731322    0.1286633    0.01754277    -0.02245117    -0.0405285    -0.03339855    0.06068607    -0.04479658    0.05353282    0.0576957    0.01938877    -0.08124945    -0.07105915    1    0.1470227    -0.7767391    0.1245049    -0.0768866    0.04919458    0.03727594    -0.03476111    0.01209644
0.008760102    -0.03769026    -0.0160448    -0.00900583    0.02797767    -0.09106725    -0.0156299    0.008943187    -0.05019253    0.1188782    -0.03626073    -0.001589754    -0.01432079    -0.008632428    1.043309e-05    -0.06658394    0.05082531    0.07353514    -0.01888935    -0.04597078    -0.7590877    0.1470227    1    0.002426858    -0.537623    0.01708326    0.04755401    -0.01100449    -0.07308969    0.08129135
-0.02560259    0.0274596    0.03610256    -0.01177597    0.007083841    0.149632    -0.05154363    -0.1243313    0.09218421    -0.01096831    -0.004614688    -0.04749324    -0.002247628    0.08038157    -0.04013991    0.008783134    -0.01102475    0.03507434    -0.00858777    0.002510157    -0.01713896    -0.7767391    0.002426858    1    -0.5020596    0.1000654    -0.03559738    -0.07661812    0.01090283    0.03953012
0.02023621    -0.001477796    0.01897256    0.05591542    -0.0721387    -0.0641545    0.1274984    0.1263049    -0.0281656    -0.1376726    0.001635322    0.06409999    0.06114651    -0.04880244    -0.01363167    0.03758904    -0.07750115    -0.1227615    0.01606729    0.1348547    0.1621592    0.1245049    -0.537623    -0.5020596    1    -0.09364499    0.007081986    0.08966868    0.06320062    -0.05815377
0.01143045    0.01222076    0.01725315    -0.04820604    0.05026147    0.002441896    -0.04686053    -0.02167811    0.04628176    0.0163327    -0.1179656    -0.2510339    0.07215081    0.5098434    -0.3181835    0.05632841    -0.0565378    -0.07655645    0.02504878    0.06896784    0.03507668    -0.0768866    0.01708326    0.1000654    -0.09364499    1    0.101416    -0.7969551    -0.2103847    0.2428828
0.03571542    0.01145902    -0.03016273    0.01419888    -0.009815147    -0.02419697    -0.001171372    -0.01926784    -0.05213211    0.08368623    -0.2980671    0.02346951    0.3303277    0.07291783    -0.2759907    0.06317599    0.00996876    -0.1181726    -0.1223118    0.1893821    -0.04771279    0.04919458    0.04755401    -0.03559738    0.007081986    0.101416    1    0.04487903    -0.7812895    0.1599303
0.007562312    0.03418631    0.02256089    0.03635762    -0.07936827    0.0301268    0.01298223    -0.04874781    -0.06164212    0.06951794    0.06641426    0.3400784    0.05506116    -0.3542301    0.09980855    -0.05417921    -0.0005498985    -0.003767898    -0.04271107    0.05204842    -0.02701914    0.03727594    -0.01100449    -0.07661812    0.08966868    -0.7969551    0.04487903    1    0.1790457    -0.582267
-0.01871933    0.0009239955    0.05296424    -0.0002405232    -0.01687809    0.01496668    0.01444384    -0.01805607    -0.01098869    0.003541737    0.4483354    0.1013593    -0.2063156    -0.1281001    0.04931708    -0.08111974    -0.1221495    0.04811523    0.1239873    -0.09221801    0.02601578    -0.03476111    -0.07308969    0.01090283    0.06320062    -0.2103847    -0.7812895    0.1790457    1    -0.5209955
-0.0147369    -0.02531505    -0.07297914    -0.006649769    0.05447497    -0.04018266    -0.03086101    0.08730085    0.09718906    -0.1179821    -0.1221541    -0.1992053    -0.1128322    0.02787081    -0.08786729    0.09834939    0.146665    0.05396438    -0.07852063    -0.1305449    -0.04159734    0.01209644    0.08129135    0.03953012    -0.05815377    0.2428828    0.1599303    -0.582267    -0.5209955    1
