1    0.04906791    -0.5733122    -0.04768158    0.0270085    0.06379655    -0.06196713    -0.08947666    0.08013803    0.05082678    -0.02105965    -0.004156863    0.05208166    0.002402747    -0.00143381
0.04906791    1    -0.08481752    -0.5860951    0.1151126    -0.05225773    -0.06635504    -0.01235689    0.001670142    0.08652289    -0.05811343    0.07349051    0.0611095    -0.07660199    0.00522037
-0.5733122    -0.08481752    1    0.06538671    -0.4271286    -0.04930799    -0.07952641    0.005051699    -0.01884132    0.08923109    -0.008519345    0.04078466    0.05921484    0.02319411    -0.117575
-0.04768158    -0.5860951    0.06538671    1    -0.4462675    0.1204726    -0.07735256    -0.1032847    0.04674694    0.04843898    0.0154048    0.002612635    -0.01077922    0.07542816    -0.06778205
0.0270085    0.1151126    -0.4271286    -0.4462675    1    -0.02978072    0.08754706    0.08705844    -0.007375384    -0.1280794    -0.009093854    -0.05209158    -0.0405054    -0.02115296    0.08463952
0.06379655    -0.05225773    -0.04930799    0.1204726    -0.02978072    1    -0.02954475    -0.6886428    -0.02435365    0.001571975    0.06443082    -0.07015391    -0.05780759    0.1339086    -0.02215292
-0.06196713    -0.06635504    -0.07952641    -0.07735256    0.08754706    -0.02954475    1    -0.230843    -0.6910545    0.2013255    -0.05546732    -0.002827555    0.02384357    -0.06292279    0.07814099
-0.08947666    -0.01235689    0.005051699    -0.1032847    0.08705844    -0.6886428    -0.230843    1    -0.006458427    -0.3909671    -0.02648205    0.01348771    -0.001865565    -0.1240855    0.09211669
0.08013803    0.001670142    -0.01884132    0.04674694    -0.007375384    -0.02435365    -0.6910545    -0.006458427    1    -0.3307153    0.05139153    -0.03882252    -0.07138099    0.06367587    -0.02674284
0.05082678    0.08652289    0.08923109    0.04843898    -0.1280794    0.001571975    0.2013255    -0.3909671    -0.3307153    1    -0.02051223    0.04563923    0.1137046    0.03057345    -0.1325142
-0.02105965    -0.05811343    -0.008519345    0.0154048    -0.009093854    0.06443082    -0.05546732    -0.02648205    0.05139153    -0.02051223    1    -0.09296697    -0.5872855    0.1205512    -0.008874198
-0.004156863    0.07349051    0.04078466    0.002612635    -0.05209158    -0.07015391    -0.002827555    0.01348771    -0.03882252    0.04563923    -0.09296697    1    -0.2674181    -0.5953015    0.2580198
0.05208166    0.0611095    0.05921484    -0.01077922    -0.0405054    -0.05780759    0.02384357    -0.001865565    -0.07138099    0.1137046    -0.5872855    -0.2674181    1    -0.09069658    -0.3813491
0.002402747    -0.07660199    0.02319411    0.07542816    -0.02115296    0.1339086    -0.06292279    -0.1240855    0.06367587    0.03057345    0.1205512    -0.5953015    -0.09069658    1    -0.4833
-0.00143381    0.00522037    -0.117575    -0.06778205    0.08463952    -0.02215292    0.07814099    0.09211669    -0.02674284    -0.1325142    -0.008874198    0.2580198    -0.3813491    -0.4833    1
