1    -0.02954475    -0.6886428    -0.02435365    0.001571975    0.06443082    -0.07015391    -0.05780759    0.1339086    -0.02215292    -0.00115061    0.04618252    0.02695653    0.03478215    -0.08354777    0.1348329    -0.1027551    -0.09106725    0.149632    -0.0641545    0.002441896    -0.02419697    0.0301268    0.01496668    -0.04018266
-0.02954475    1    -0.230843    -0.6910545    0.2013255    -0.05546732    -0.002827555    0.02384357    -0.06292279    0.07814099    0.09437929    -0.1324697    -0.09793039    0.08105257    0.135179    -0.1088338    -0.03317463    -0.0156299    -0.05154363    0.1274984    -0.04686053    -0.001171372    0.01298223    0.01444384    -0.03086101
-0.6886428    -0.230843    1    -0.006458427    -0.3909671    -0.02648205    0.01348771    -0.001865565    -0.1240855    0.09211669    0.0575962    -0.1205885    -0.04888089    0.1090982    0.06119841    -0.09750841    0.02030822    0.008943187    -0.1243313    0.1263049    -0.02167811    -0.01926784    -0.04874781    -0.01805607    0.08730085
-0.02435365    -0.6910545    -0.006458427    1    -0.3307153    0.05139153    -0.03882252    -0.07138099    0.06367587    -0.02674284    0.02361104    0.08941838    0.02291733    -0.01312803    -0.09653067    0.08028699    -0.07731322    -0.05019253    0.09218421    -0.0281656    0.04628176    -0.05213211    -0.06164212    -0.01098869    0.09718906
0.001571975    0.2013255    -0.3909671    -0.3307153    1    -0.02051223    0.04563923    0.1137046    0.03057345    -0.1325142    -0.1065874    0.1154676    0.0681405    -0.1928973    -0.03969898    -0.01604173    0.1286633    0.1188782    -0.01096831    -0.1376726    0.0163327    0.08368623    0.06951794    0.003541737    -0.1179821
0.06443082    -0.05546732    -0.02648205    0.05139153    -0.02051223    1    -0.09296697    -0.5872855    0.1205512    -0.008874198    -0.05986906    -0.03557438    0.01385454    -0.006368595    0.05900022    0.04710214    0.01754277    -0.03626073    -0.004614688    0.001635322    -0.1179656    -0.2980671    0.06641426    0.4483354    -0.1221541
-0.07015391    -0.002827555    0.01348771    -0.03882252    0.04563923    -0.09296697    1    -0.2674181    -0.5953015    0.2580198    -0.0935748    0.08469843    -0.02022624    -0.0450756    0.0638189    -0.06038926    -0.02245117    -0.001589754    -0.04749324    0.06409999    -0.2510339    0.02346951    0.3400784    0.1013593    -0.1992053
-0.05780759    0.02384357    -0.001865565    -0.07138099    0.1137046    -0.5872855    -0.2674181    1    -0.09069658    -0.3813491    -0.01116847    0.02349779    0.03049585    -0.06177808    -0.02088897    -0.0387741    -0.0405285    -0.01432079    -0.002247628    0.06114651    0.07215081    0.3303277    0.05506116    -0.2063156    -0.1128322
0.1339086    -0.06292279    -0.1240855    0.06367587    0.03057345    0.1205512    -0.5953015    -0.09069658    1    -0.4833    -0.01105784    -0.01309842    0.05024548    -0.03154062    -0.05945728    0.0815159    -0.03339855    -0.008632428    0.08038157    -0.04880244    0.5098434    0.07291783    -0.3542301    -0.1281001    0.02787081
-0.02215292    0.07814099    0.09211669    -0.02674284    -0.1325142    -0.008874198    0.2580198    -0.3813491    -0.4833    1    0.08071587    -0.0472729    -0.05392933    0.1129901    -0.0001739217    -0.0008092788    0.06068607    1.043309e-05    -0.04013991    -0.01363167    -0.3181835    -0.2759907    0.09980855    0.04931708    -0.08786729
-0.00115061    0.09437929    0.0575962    0.02361104    -0.1065874    -0.05986906    -0.0935748    -0.01116847    -0.01105784    0.08071587    1    -0.04959194    -0.3653458    -0.1231477    -0.235414    -0.1702429    -0.04803171    0.1042559    0.1313189    0.04431684    -0.01668924    -0.002891489    -0.03500614    -0.04070688    0.06917452
0.04618252    -0.1324697    -0.1205885    0.08941838    0.1154676    -0.03557438    0.08469843    0.02349779    -0.01309842    -0.0472729    -0.04959194    1    -0.6263962    -0.3809867    0.2643759    0.01241622    0.005161624    0.004143594    -0.002545312    0.08730928    -0.004167716    0.008231056    0.02961447    0.001007124    -0.004703964
0.02695653    -0.09793039    -0.04888089    0.02291733    0.0681405    0.01385454    -0.02022624    0.03049585    0.05024548    -0.05392933    -0.3653458    -0.6263962    1    -0.04479658    -0.5652813    0.06084653    0.03725464    0.02849516    0.0268375    -0.1481293    0.009370171    -0.01594508    0.0003053287    0.004164497    -0.01270747
0.03478215    0.08105257    0.1090982    -0.01312803    -0.1928973    -0.006368595    -0.0450756    -0.06177808    -0.03154062    0.1129901    -0.1231477    -0.3809867    -0.04479658    1    0.1156272    0.1274267    0.1005081    -0.07189103    -0.1742055    -0.08907045    0.0001621146    0.003150285    -0.05496362    -0.04524158    0.06318502
-0.08354777    0.135179    0.06119841    -0.09653067    -0.03969898    0.05900022    0.0638189    -0.02088897    -0.05945728    -0.0001739217    -0.235414    0.2643759    -0.5652813    0.1156272    1    -0.06301014    -0.09773162    -0.02872966    -0.02997979    0.01195671    -0.008423912    0.009603424    0.03008136    0.0522146    -0.05296474
0.1348329    -0.1088338    -0.09750841    0.08028699    -0.01604173    0.04710214    -0.06038926    -0.0387741    0.0815159    -0.0008092788    -0.1702429    0.01241622    0.06084653    0.1274267    -0.06301014    1    -0.07105915    -0.7590877    -0.01713896    0.1621592    0.03507668    -0.04771279    -0.02701914    0.02601578    -0.04159734
-0.1027551    -0.03317463    0.02030822    -0.07731322    0.1286633    0.01754277    -0.02245117    -0.0405285    -0.03339855    0.06068607    -0.04803171    0.005161624    0.03725464    0.1005081    -0.09773162    -0.07105915    1    0.1470227    -0.7767391    0.1245049    -0.0768866    0.04919458    0.03727594    -0.03476111    0.01209644
-0.09106725    -0.0156299    0.008943187    -0.05019253    0.1188782    -0.03626073    -0.001589754    -0.01432079    -0.008632428    1.043309e-05    0.1042559    0.004143594    0.02849516    -0.07189103    -0.02872966    -0.7590877    0.1470227    1    0.002426858    -0.537623    0.01708326    0.04755401    -0.01100449    -0.07308969    0.08129135
0.149632    -0.05154363    -0.1243313    0.09218421    -0.01096831    -0.004614688    -0.04749324    -0.002247628    0.08038157    -0.04013991    0.1313189    -0.002545312    0.0268375    -0.1742055    -0.02997979    -0.01713896    -0.7767391    0.002426858    1    -0.5020596    0.1000654    -0.03559738    -0.07661812    0.01090283    0.03953012
-0.0641545    0.1274984    0.1263049    -0.0281656    -0.1376726    0.001635322    0.06409999    0.06114651    -0.04880244    -0.01363167    0.04431684    0.08730928    -0.1481293    -0.08907045    0.01195671    0.1621592    0.1245049    -0.537623    -0.5020596    1    -0.09364499    0.007081986    0.08966868    0.06320062    -0.05815377
0.002441896    -0.04686053    -0.02167811    0.04628176    0.0163327    -0.1179656    -0.2510339    0.07215081    0.5098434    -0.3181835    -0.01668924    -0.004167716    0.009370171    0.0001621146    -0.008423912    0.03507668    -0.0768866    0.01708326    0.1000654    -0.09364499    1    0.101416    -0.7969551    -0.2103847    0.2428828
-0.02419697    -0.001171372    -0.01926784    -0.05213211    0.08368623    -0.2980671    0.02346951    0.3303277    0.07291783    -0.2759907    -0.002891489    0.008231056    -0.01594508    0.003150285    0.009603424    -0.04771279    0.04919458    0.04755401    -0.03559738    0.007081986    0.101416    1    0.04487903    -0.7812895    0.1599303
0.0301268    0.01298223    -0.04874781    -0.06164212    0.06951794    0.06641426    0.3400784    0.05506116    -0.3542301    0.09980855    -0.03500614    0.02961447    0.0003053287    -0.05496362    0.03008136    -0.02701914    0.03727594    -0.01100449    -0.07661812    0.08966868    -0.7969551    0.04487903    1    0.1790457    -0.582267
0.01496668    0.01444384    -0.01805607    -0.01098869    0.003541737    0.4483354    0.1013593    -0.2063156    -0.1281001    0.04931708    -0.04070688    0.001007124    0.004164497    -0.04524158    0.0522146    0.02601578    -0.03476111    -0.07308969    0.01090283    0.06320062    -0.2103847    -0.7812895    0.1790457    1    -0.5209955
-0.04018266    -0.03086101    0.08730085    0.09718906    -0.1179821    -0.1221541    -0.1992053    -0.1128322    0.02787081    -0.08786729    0.06917452    -0.004703964    -0.01270747    0.06318502    -0.05296474    -0.04159734    0.01209644    0.08129135    0.03953012    -0.05815377    0.2428828    0.1599303    -0.582267    -0.5209955    1
