1    -0.218888    -0.3308694    0.08306893    -0.09162578    0.002477644    0.1592832    0.09834576    -0.04144671    -0.1770793    -0.004397635    -0.1131841    -0.02060707    0.004131331    0.05838671    0.5035325    -0.2788426    -0.2593579    0.4949087    0.001793733    -0.1774762    -0.05454356    0.1140151    0.1297647    0.04706916    0.009796836    -0.06792474    -0.06129423    0.005916519    0.09203752    -0.02763372    0.003731231    -0.004507477    -0.001367936    -0.03024577    -0.0139257    0.07659465    0.06809344    -0.06066953    -0.06088495    0.007512427    -0.01396385    -0.06302653    -0.02300916    0.06138823    -0.1409734    0.02028686    0.05504397    0.07824208    0.04217838
-0.218888    1    -0.5246829    -0.383431    0.2626359    0.05265547    -0.1381343    -0.09816013    0.08690509    0.08077235    0.01169668    0.03095176    0.01432378    0.0103874    -0.04591229    -0.1822032    0.1732976    0.1677206    -0.1535409    -0.1354052    0.06696661    0.04712166    -0.06605885    -0.04572048    0.09029175    -0.05494909    0.067426    0.0981491    -0.03450045    -0.05413071    0.02696711    0.02448833    0.06271054    0.0009227633    -0.05402121    0.01460239    0.004252653    -0.03222128    -0.03056547    0.06349673    -0.01080346    0.04999443    0.02144625    -0.04634339    0.02713919    -0.02336418    -0.01071071    0.02764055    -0.01490469    0.08265093
-0.3308694    -0.5246829    1    -0.1363358    -0.5814342    0.02485102    -0.1155978    -0.09335984    0.03375198    0.1267012    -0.02737978    0.03966452    0.0493839    0.03603937    -0.07871571    -0.2988133    0.2615214    0.2293227    -0.331566    -0.1656374    -0.05267561    -0.0229053    0.1202755    0.05595525    -0.1647853    -0.02121872    -0.001285437    -0.01091699    0.01727647    0.01105655    0.05762286    0.01398606    -0.03042438    0.03002537    -0.01119595    -0.04183772    -0.09273361    -0.0274204    0.05620217    0.05764332    0.01829701    -0.05638318    0.0144135    0.05494431    -0.0503018    0.03751466    0.006400481    0.04040486    0.02129473    -0.1184249
0.08306893    -0.383431    -0.1363358    1    -0.08966739    0.03924015    0.03536271    0.08319613    0.04957174    -0.149328    -0.07060252    -0.03822031    -0.06024291    -0.05271219    0.1546576    0.4620363    -0.1745428    -0.1890843    0.4485801    -0.1506394    0.1065619    0.1623699    -0.0170199    -0.1619242    -0.09662589    0.09387347    -0.05755857    -0.1220859    -0.0112372    0.08018466    -0.0257225    0.0651725    0.03756354    -0.04981331    -0.0179946    0.0109756    0.002509773    0.01024413    0.01306389    -0.06040209    -0.01955028    -0.001595971    -0.04334324    -0.05989851    0.08101696    0.1388728    0.1385646    -0.05229533    -0.1499688    -0.07583151
-0.09162578    0.2626359    -0.5814342    -0.08966739    1    -0.1110342    0.09870528    0.1047374    -0.09683152    -0.04197342    0.04524291    0.03674806    -0.004856884    -0.04562482    0.008447231    -0.01192533    -0.1461354    -0.1967792    -0.0160198    0.3925701    0.04281121    -0.08357275    -0.1140839    -0.002553311    0.02594094    -0.007819489    0.03018529    0.05272711    0.001838476    -0.08409954    -0.0266619    -0.08929827    -0.05663605    -0.01776358    0.1246047    0.02303773    0.07362351    0.01845056    -0.01573626    -0.03090848    0.005372566    0.02492296    0.03545503    0.02923637    -0.05555489    -0.009999257    -0.1220648    -0.04896083    0.01803577    -0.004669578
0.002477644    0.05265547    0.02485102    0.03924015    -0.1110342    1    -0.02954475    -0.6886428    -0.02435365    0.001571975    0.06443082    -0.07015391    -0.05780759    0.1339086    -0.02215292    -0.00115061    0.04618252    0.02695653    0.03478215    -0.08354777    -0.09162924    0.03798744    0.1165212    -0.007314125    -0.06510241    0.1096161    -0.03679114    -0.09023539    0.1049995    -0.01560174    0.1348329    -0.1027551    -0.09106725    0.149632    -0.0641545    -0.01974928    -0.0450938    -0.0111496    0.05431569    0.004275106    0.002441896    -0.02419697    0.0301268    0.01496668    -0.04018266    0.1248173    -0.1155325    -0.1105805    0.1767402    -0.05914807
0.1592832    -0.1381343    -0.1155978    0.03536271    0.09870528    -0.02954475    1    -0.230843    -0.6910545    0.2013255    -0.05546732    -0.002827555    0.02384357    -0.06292279    0.07814099    0.09437929    -0.1324697    -0.09793039    0.08105257    0.135179    -0.04920301    -0.05762246    0.02099966    0.04462724    0.03819855    -0.08031891    -0.03798509    0.05166643    -0.03317085    0.01942614    -0.1088338    -0.03317463    -0.0156299    -0.05154363    0.1274984    -0.01488605    -0.02772038    0.009062081    -0.003238605    0.01676849    -0.04686053    -0.001171372    0.01298223    0.01444384    -0.03086101    -0.102223    -0.01980947    -0.01923039    -0.07527398    0.1578336
0.09834576    -0.09816013    -0.09335984    0.08319613    0.1047374    -0.6886428    -0.230843    1    -0.006458427    -0.3909671    -0.02648205    0.01348771    -0.001865565    -0.1240855    0.09211669    0.0575962    -0.1205885    -0.04888089    0.1090982    0.06119841    0.09372042    -0.006732673    -0.09861772    0.0295    0.01024666    -0.1165714    -0.004719445    0.06854383    -0.08891676    0.06255886    -0.09750841    0.02030822    0.008943187    -0.1243313    0.1263049    -0.008943889    0.02905328    0.00760434    -0.04076948    0.009084699    -0.02167811    -0.01926784    -0.04874781    -0.01805607    0.08730085    -0.09236206    0.009773263    0.02511242    -0.1310994    0.1178758
-0.04144671    0.08690509    0.03375198    0.04957174    -0.09683152    -0.02435365    -0.6910545    -0.006458427    1    -0.3307153    0.05139153    -0.03882252    -0.07138099    0.06367587    -0.02674284    0.02361104    0.08941838    0.02291733    -0.01312803    -0.09653067    0.01519089    0.08854756    0.03698186    -0.04423118    -0.05474142    0.1007805    0.02156738    -0.103534    0.03191942    -0.002677041    0.08028699    -0.07731322    -0.05019253    0.09218421    -0.0281656    0.01236187    -0.01212275    -0.02643032    0.01071135    0.02681798    0.04628176    -0.05213211    -0.06164212    -0.01098869    0.09718906    0.06959323    -0.06669911    -0.02460443    0.11518    -0.08923101
-0.1770793    0.08077235    0.1267012    -0.149328    -0.04197342    0.001571975    0.2013255    -0.3909671    -0.3307153    1    -0.02051223    0.04563923    0.1137046    0.03057345    -0.1325142    -0.1065874    0.1154676    0.0681405    -0.1928973    -0.03969898    -0.01244836    -0.04533453    -0.0184135    -0.01921662    0.05064297    0.0213995    0.03685069    0.01935239    0.02303167    -0.03243195    -0.01604173    0.1286633    0.1188782    -0.01096831    -0.1376726    0.02912173    0.03996227    -0.002435103    -0.005665167    -0.02650488    0.0163327    0.08368623    0.06951794    0.003541737    -0.1179821    0.01616435    0.1203652    0.0702878    -0.007335686    -0.1173098
-0.004397635    0.01169668    -0.02737978    -0.07060252    0.04524291    0.06443082    -0.05546732    -0.02648205    0.05139153    -0.02051223    1    -0.09296697    -0.5872855    0.1205512    -0.008874198    -0.05986906    -0.03557438    0.01385454    -0.006368595    0.05900022    0.04926505    -0.1176351    -0.03088224    0.1632472    -0.09398396    0.1030662    -0.07605895    -0.06870183    0.09936693    0.01169829    0.04710214    0.01754277    -0.03626073    -0.004614688    0.001635322    0.0004210706    -0.0316081    -0.02481247    0.01447521    0.02371828    -0.1179656    -0.2980671    0.06641426    0.4483354    -0.1221541    0.05763775    -0.1311562    -0.03322864    0.1651721    -0.07828577
-0.1131841    0.03095176    0.03966452    -0.03822031    0.03674806    -0.07015391    -0.002827555    0.01348771    -0.03882252    0.04563923    -0.09296697    1    -0.2674181    -0.5953015    0.2580198    -0.0935748    0.08469843    -0.02022624    -0.0450756    0.0638189    -0.05184876    0.07176172    -0.03781501    -0.1925416    0.1628168    -0.0996536    0.01994633    0.004172335    -0.05106776    0.08591229    -0.06038926    -0.02245117    -0.001589754    -0.04749324    0.06409999    0.0004624759    0.01620884    -0.001890446    -0.03129001    0.007181377    -0.2510339    0.02346951    0.3400784    0.1013593    -0.1992053    -0.07122164    -0.01854234    -0.03378469    -0.1252391    0.1431448
-0.02060707    0.01432378    0.0493839    -0.06024291    -0.004856884    -0.05780759    0.02384357    -0.001865565    -0.07138099    0.1137046    -0.5872855    -0.2674181    1    -0.09069658    -0.3813491    -0.01116847    0.02349779    0.03049585    -0.06177808    -0.02088897    -0.0417618    -0.05885779    -0.1049232    -0.07321295    0.1991867    -0.06550003    0.01167621    -0.00244369    -0.1233466    0.05034909    -0.0387741    -0.0405285    -0.01432079    -0.002247628    0.06114651    -0.0183472    -0.04880209    -0.02835648    -0.02339707    0.073176    0.07215081    0.3303277    0.05506116    -0.2063156    -0.1128322    -0.06970353    -0.01089588    -0.05592175    -0.1040838    0.1684001
0.004131331    0.0103874    0.03603937    -0.05271219    -0.04562482    0.1339086    -0.06292279    -0.1240855    0.06367587    0.03057345    0.1205512    -0.5953015    -0.09069658    1    -0.4833    -0.01105784    -0.01309842    0.05024548    -0.03154062    -0.05945728    0.05928642    -0.1474505    -0.009321575    0.195102    -0.1106225    0.08055422    -0.09252682    -0.04217377    0.08228877    -0.0396797    0.0815159    -0.03339855    -0.008632428    0.08038157    -0.04880244    0.0350196    0.01336944    -0.06862458    -0.02903631    0.07838037    0.5098434    0.07291783    -0.3542301    -0.1281001    0.02787081    0.07113511    -0.1224206    -0.005190791    0.1784945    -0.09433865
0.05838671    -0.04591229    -0.07871571    0.1546576    0.008447231    -0.02215292    0.07814099    0.09211669    -0.02674284    -0.1325142    -0.008874198    0.2580198    -0.3813491    -0.4833    1    0.08071587    -0.0472729    -0.05392933    0.1129901    -0.0001739217    -0.007809671    0.1851792    0.1013714    -0.04979448    -0.1077125    -0.04017966    0.08678713    0.08857573    0.01464415    -0.05682052    -0.0008092788    0.06068607    1.043309e-05    -0.04013991    -0.01363167    -0.0517112    0.09033886    0.1191054    0.02105516    -0.1208245    -0.3181835    -0.2759907    0.09980855    0.04931708    -0.08786729    -0.005105011    0.1899199    0.08406861    -0.07565051    -0.09136203
0.5035325    -0.1822032    -0.2988133    0.4620363    -0.01192533    -0.00115061    0.09437929    0.0575962    0.02361104    -0.1065874    -0.05986906    -0.0935748    -0.01116847    -0.01105784    0.08071587    1    -0.04959194    -0.3653458    -0.1231477    -0.235414    0.01666408    0.05693432    -0.0006484418    -0.04199493    0.005914286    0.06025899    -0.02602132    -0.1258989    -0.004949148    0.1129217    -0.1702429    -0.04803171    0.1042559    0.1313189    0.04431684    0.01803946    0.0443715    0.03622732    0.001623412    -0.104916    -0.01668924    -0.002891489    -0.03500614    -0.04070688    0.06917452    -0.01040112    0.06133382    0.01911049    0.01675741    -0.06221591
-0.2788426    0.1732976    0.2615214    -0.1745428    -0.1461354    0.04618252    -0.1324697    -0.1205885    0.08941838    0.1154676    -0.03557438    0.08469843    0.02349779    -0.01309842    -0.0472729    -0.04959194    1    -0.6263962    -0.3809867    0.2643759    0.01350773    0.02125024    0.0173065    -0.02122322    -0.04818402    -0.02363241    0.0614403    -0.005020797    -0.02322085    -0.0009948882    0.01241622    0.005161624    0.004143594    -0.002545312    0.08730928    -0.02141528    -0.03291795    -0.008714547    0.03062247    0.01750618    -0.004167716    0.008231056    0.02961447    0.001007124    -0.004703964    -0.01894117    0.006198445    0.07756309    -0.008251203    -0.05519194
-0.2593579    0.1677206    0.2293227    -0.1890843    -0.1967792    0.02695653    -0.09793039    -0.04888089    0.02291733    0.0681405    0.01385454    -0.02022624    0.03049585    0.05024548    -0.05392933    -0.3653458    -0.6263962    1    -0.04479658    -0.5652813    0.01486091    0.01783109    0.03012459    0.01105537    -0.03527674    -0.03434051    -0.006571728    0.07054304    0.00714604    -0.03083346    0.06084653    0.03725464    0.02849516    0.0268375    -0.1481293    -0.002440788    -0.05378245    -0.04698322    -0.00103619    0.08695868    0.009370171    -0.01594508    0.0003053287    0.004164497    -0.01270747    0.05545266    0.005284587    -0.02549082    -0.004592954    0.01060062
0.4949087    -0.1535409    -0.331566    0.4485801    -0.0160198    0.03478215    0.08105257    0.1090982    -0.01312803    -0.1928973    -0.006368595    -0.0450756    -0.06177808    -0.03154062    0.1129901    -0.1231477    -0.3809867    -0.04479658    1    0.1156272    -0.05895    0.0442306    0.05582072    0.002050091    -0.008719888    0.02299299    -0.08070662    -0.01417867    -0.001594978    0.02402173    0.1274267    0.1005081    -0.07189103    -0.1742055    -0.08907045    -0.01560304    0.03904957    0.03298194    -0.05271846    -3.205157e-05    0.0001621146    0.003150285    -0.05496362    -0.04524158    0.06318502    -0.000464846    0.07262736    -0.02296771    -0.08316854    0.07031703
0.001793733    -0.1354052    -0.1656374    -0.1506394    0.3925701    -0.08354777    0.135179    0.06119841    -0.09653067    -0.03969898    0.05900022    0.0638189    -0.02088897    -0.05945728    -0.0001739217    -0.235414    0.2643759    -0.5652813    0.1156272    1    -0.05329875    -0.1104846    -0.04987427    0.04384095    0.08359652    -0.02042693    0.0007901071    0.04009528    0.01340778    -0.05876657    -0.06301014    -0.09773162    -0.02872966    -0.02997979    0.01195671    0.02081958    0.04659569    0.03116463    -0.002528027    -0.05056088    -0.008423912    0.009603424    0.03008136    0.0522146    -0.05296474    -0.05747459    -0.1235436    -0.007489111    0.04218325    0.04934349
-0.1774762    0.06696661    -0.05267561    0.1065619    0.04281121    -0.09162924    -0.04920301    0.09372042    0.01519089    -0.01244836    0.04926505    -0.05184876    -0.0417618    0.05928642    -0.007809671    0.01666408    0.01350773    0.01486091    -0.05895    -0.05329875    1    0.05016715    -0.7652618    -0.2164396    0.2527462    -0.0228036    -0.02411838    0.03606677    0.03828862    -0.04145693    0.09293558    -0.04479658    -0.06658394    0.008783134    0.03758904    0.1495125    0.08707635    -0.1434157    -0.08240074    0.04450037    0.05632841    0.06317599    -0.05417921    -0.08111974    0.09834939    0.1757093    -0.01902461    -0.08365833    -0.06035079    0.02954738
-0.05454356    0.04712166    -0.0229053    0.1623699    -0.08357275    0.03798744    -0.05762246    -0.006732673    0.08854756    -0.04533453    -0.1176351    0.07176172    -0.05885779    -0.1474505    0.1851792    0.05693432    0.02125024    0.01783109    0.0442306    -0.1104846    0.05016715    1    0.07725506    -0.7808682    0.1179414    0.1262761    0.008030148    -0.05894042    0.0340227    0.00316198    0.008163831    0.05353282    0.05082531    -0.01102475    -0.07750115    -0.03005893    0.08024812    0.07208694    -0.02074152    -0.07479444    -0.0565378    0.00996876    -0.0005498985    -0.1221495    0.146665    0.04511379    0.1572304    -0.01627114    -0.09815471    -0.01748515
0.1140151    -0.06605885    0.1202755    -0.0170199    -0.1140839    0.1165212    0.02099966    -0.09861772    0.03698186    -0.0184135    -0.03088224    -0.03781501    -0.1049232    -0.009321575    0.1013714    -0.0006484418    0.0173065    0.03012459    0.05582072    -0.04987427    -0.7652618    0.07725506    1    0.210168    -0.6410685    0.06820211    -0.008719703    -0.03070719    0.04692835    -0.01839709    -0.0330146    0.0576957    0.07353514    0.03507434    -0.1227615    -0.1105205    -0.05156559    0.1896591    0.1046267    -0.1577436    -0.07655645    -0.1181726    -0.003767898    0.04811523    0.05396438    -0.1032741    0.05570676    0.1396427    0.0561913    -0.1408994
0.1297647    -0.04572048    0.05595525    -0.1619242    -0.002553311    -0.007314125    0.04462724    0.0295    -0.04423118    -0.01921662    0.1632472    -0.1925416    -0.07321295    0.195102    -0.04979448    -0.04199493    -0.02122322    0.01105537    0.002050091    0.04384095    -0.2164396    -0.7808682    0.210168    1    -0.5415401    -0.08877299    -0.008013395    0.0358176    0.003555783    -0.009995167    0.00979504    0.01938877    -0.01888935    -0.00858777    0.01606729    -0.02192436    -0.0895329    0.01045819    0.1159688    -0.02632562    0.02504878    -0.1223118    -0.04271107    0.1239873    -0.07852063    -0.02245147    -0.0877916    0.04534361    0.128129    -0.06091721
0.04706916    0.09029175    -0.1647853    -0.09662589    0.02594094    -0.06510241    0.03819855    0.01024666    -0.05474142    0.05064297    -0.09398396    0.1628168    0.1991867    -0.1106225    -0.1077125    0.005914286    -0.04818402    -0.03527674    -0.008719888    0.08359652    0.2527462    0.1179414    -0.6410685    -0.5415401    1    -0.03913438    0.04666721    0.03043407    -0.09457234    0.05019027    -0.0401096    -0.08124945    -0.04597078    0.002510157    0.1348547    0.0227643    0.0395724    -0.1223407    -0.1368913    0.2730884    0.06896784    0.1893821    0.05204842    -0.09221801    -0.1305449    -0.06040446    -0.04292855    -0.09685357    -0.04914318    0.253015
0.009796836    -0.05494909    -0.02121872    0.09387347    -0.007819489    0.1096161    -0.08031891    -0.1165714    0.1007805    0.0213995    0.1030662    -0.0996536    -0.06550003    0.08055422    -0.04017966    0.06025899    -0.02363241    -0.03434051    0.02299299    -0.02042693    -0.0228036    0.1262761    0.06820211    -0.08877299    -0.03913438    1    -0.006012193    -0.5898456    0.08617625    -0.07295721    0.05054278    0.0443616    -0.0008872456    0.02809182    -0.1028516    0.09712578    -0.04742665    -0.02942402    0.0909444    -0.08641809    0.04511923    0.001767592    -0.06445633    -0.01372151    0.0554438    0.1076101    -0.03764536    -0.04524536    0.1007491    -0.131228
-0.06792474    0.067426    -0.001285437    -0.05755857    0.03018529    -0.03679114    -0.03798509    -0.004719445    0.02156738    0.03685069    -0.07605895    0.01994633    0.01167621    -0.09252682    0.08678713    -0.02602132    0.0614403    -0.006571728    -0.08070662    0.0007901071    -0.02411838    0.008030148    -0.008719703    -0.008013395    0.04666721    -0.006012193    1    -0.2592951    -0.5895032    0.2392751    0.01691734    -0.06745725    -0.08832753    0.01826965    0.1257391    -0.05439717    0.08995832    0.1350503    0.0007710337    -0.09646989    -0.03678603    -0.05916866    -0.01012221    0.01556901    0.03874026    -0.07796276    -0.01470101    -0.05955463    -0.07328333    0.1700516
-0.06129423    0.0981491    -0.01091699    -0.1220859    0.05272711    -0.09023539    0.05166643    0.06854383    -0.103534    0.01935239    -0.06870183    0.004172335    -0.00244369    -0.04217377    0.08857573    -0.1258989    -0.005020797    0.07054304    -0.01417867    0.04009528    0.03606677    -0.05894042    -0.03070719    0.0358176    0.03043407    -0.5898456    -0.2592951    1    -0.006376612    -0.4396046    -0.06673594    -0.01887899    0.002860253    -0.05155244    0.1073449    -0.05229764    0.1407201    0.09931002    -0.04681121    -0.05676663    -0.08244826    0.001399142    0.05637271    -0.01702433    -0.002799511    -0.08738423    -0.02926552    -0.05541142    -0.0939214    0.2184909
0.005916519    -0.03450045    0.01727647    -0.0112372    0.001838476    0.1049995    -0.03317085    -0.08891676    0.03191942    0.02303167    0.09936693    -0.05106776    -0.1233466    0.08228877    0.01464415    -0.004949148    -0.02322085    0.00714604    -0.001594978    0.01340778    0.03828862    0.0340227    0.04692835    0.003555783    -0.09457234    0.08617625    -0.5895032    -0.006376612    1    -0.4237378    0.01332751    0.02325242    0.04952414    0.06031715    -0.1341519    0.08640213    0.01515089    -0.02555457    0.03063695    -0.07407763    0.02498155    -0.03454853    -0.04760403    -0.003469083    0.06224026    0.05396363    -0.07534543    -0.006880194    0.1585259    -0.1463556
0.09203752    -0.05413071    0.01105655    0.08018466    -0.08409954    -0.01560174    0.01942614    0.06255886    -0.002677041    -0.03243195    0.01169829    0.08591229    0.05034909    -0.0396797    -0.05682052    0.1129217    -0.0009948882    -0.03083346    0.02402173    -0.05876657    -0.04145693    0.00316198    -0.01839709    -0.009995167    0.05019027    -0.07295721    0.2392751    -0.4396046    -0.4237378    1    0.01291464    0.02713083    -0.004907002    -0.0422126    0.02320187    -0.02342771    -0.1351091    -0.08891767    0.006896085    0.1252572    -0.001902545    -0.02018574    0.04504953    0.05990323    -0.08773082    0.03271876    0.08872767    0.09144405    -0.03583204    -0.08763128
-0.02763372    0.02696711    0.05762286    -0.0257225    -0.0266619    0.1348329    -0.1088338    -0.09750841    0.08028699    -0.01604173    0.04710214    -0.06038926    -0.0387741    0.0815159    -0.0008092788    -0.1702429    0.01241622    0.06084653    0.1274267    -0.06301014    0.09293558    0.008163831    -0.0330146    0.00979504    -0.0401096    0.05054278    0.01691734    -0.06673594    0.01332751    0.01291464    1    -0.07105915    -0.7590877    -0.01713896    0.1621592    0.01827311    -0.001557152    -0.05533591    0.008735136    0.00395672    0.03507668    -0.04771279    -0.02701914    0.02601578    -0.04159734    0.5651818    -0.07591573    -0.3791486    0.02046658    0.05912382
0.003731231    0.02448833    0.01398606    0.0651725    -0.08929827    -0.1027551    -0.03317463    0.02030822    -0.07731322    0.1286633    0.01754277    -0.02245117    -0.0405285    -0.03339855    0.06068607    -0.04803171    0.005161624    0.03725464    0.1005081    -0.09773162    -0.04479658    0.05353282    0.0576957    0.01938877    -0.08124945    0.0443616    -0.06745725    -0.01887899    0.02325242    0.02713083    -0.07105915    1    0.1470227    -0.7767391    0.1245049    0.03132201    0.05703536    0.01562031    -0.04012131    -0.03663147    -0.0768866    0.04919458    0.03727594    -0.03476111    0.01209644    -0.01595864    0.567215    -0.01557446    -0.3836528    0.1134179
-0.004507477    0.06271054    -0.03042438    0.03756354    -0.05663605    -0.09106725    -0.0156299    0.008943187    -0.05019253    0.1188782    -0.03626073    -0.001589754    -0.01432079    -0.008632428    1.043309e-05    0.1042559    0.004143594    0.02849516    -0.07189103    -0.02872966    -0.06658394    0.05082531    0.07353514    -0.01888935    -0.04597078    -0.0008872456    -0.08832753    0.002860253    0.04952414    -0.004907002    -0.7590877    0.1470227    1    0.002426858    -0.537623    0.00327947    -0.009117928    0.05514393    -0.01305238    -0.04265106    0.01708326    0.04755401    -0.01100449    -0.07308969    0.08129135    -0.4268955    0.1098905    0.5484164    -0.0421708    -0.2612182
-0.001367936    0.0009227633    0.03002537    -0.04981331    -0.01776358    0.149632    -0.05154363    -0.1243313    0.09218421    -0.01096831    -0.004614688    -0.04749324    -0.002247628    0.08038157    -0.04013991    0.1313189    -0.002545312    0.0268375    -0.1742055    -0.02997979    0.008783134    -0.01102475    0.03507434    -0.00858777    0.002510157    0.02809182    0.01826965    -0.05155244    0.06031715    -0.0422126    -0.01713896    -0.7767391    0.002426858    1    -0.5020596    -0.008904737    -0.04671155    -0.0176142    0.07161175    0.02680554    0.1000654    -0.03559738    -0.07661812    0.01090283    0.03953012    0.0005135338    -0.4349766    0.05602662    0.548529    -0.3259449
-0.03024577    -0.05402121    -0.01119595    -0.0179946    0.1246047    -0.0641545    0.1274984    0.1263049    -0.0281656    -0.1376726    0.001635322    0.06409999    0.06114651    -0.04880244    -0.01363167    0.04431684    0.08730928    -0.1481293    -0.08907045    0.01195671    0.03758904    -0.07750115    -0.1227615    0.01606729    0.1348547    -0.1028516    0.1257391    0.1073449    -0.1341519    0.02320187    0.1621592    0.1245049    -0.537623    -0.5020596    1    -0.06313784    0.01083929    -0.003552366    -0.0004540873    0.113979    -0.09364499    0.007081986    0.08966868    0.06320062    -0.05815377    0.02246198    0.0491411    -0.3031119    -0.2666663    0.5751196
-0.0139257    0.01460239    -0.04183772    0.0109756    0.02303773    -0.01974928    -0.01488605    -0.008943889    0.01236187    0.02912173    0.0004210706    0.0004624759    -0.0183472    0.0350196    -0.0517112    0.01803946    -0.02141528    -0.002440788    -0.01560304    0.02081958    0.1495125    -0.03005893    -0.1105205    -0.02192436    0.0227643    0.09712578    -0.05439717    -0.05229764    0.08640213    -0.02342771    0.01827311    0.03132201    0.00327947    -0.008904737    -0.06313784    1    -0.01208665    -0.7751805    -0.07643994    0.1642374    0.09661945    0.04537433    -0.09654236    -0.07325963    0.09771646    -0.009373055    -0.01509577    0.03224401    0.03383987    -0.09029222
0.07659465    0.004252653    -0.09273361    0.002509773    0.07362351    -0.0450938    -0.02772038    0.02905328    -0.01212275    0.03996227    -0.0316081    0.01620884    -0.04880209    0.01336944    0.09033886    0.0443715    -0.03291795    -0.05378245    0.03904957    0.04659569    0.08707635    0.08024812    -0.05156559    -0.0895329    0.0395724    -0.04742665    0.08995832    0.1407201    0.01515089    -0.1351091    -0.001557152    0.05703536    -0.009117928    -0.04671155    0.01083929    -0.01208665    1    0.1663351    -0.7695498    0.07538156    0.07041864    0.01679037    -0.07904654    -0.0897279    0.06829528    -0.08040596    0.01265609    -0.02910225    0.01985668    0.01507886
0.06809344    -0.03222128    -0.0274204    0.01024413    0.01845056    -0.0111496    0.009062081    0.00760434    -0.02643032    -0.002435103    -0.02481247    -0.001890446    -0.02835648    -0.06862458    0.1191054    0.03622732    -0.008714547    -0.04698322    0.03298194    0.03116463    -0.1434157    0.07208694    0.1896591    0.01045819    -0.1223407    -0.02942402    0.1350503    0.09931002    -0.02555457    -0.08891767    -0.05533591    0.01562031    0.05514393    -0.0176142    -0.003552366    -0.7751805    0.1663351    1    0.03349777    -0.5361289    -0.117648    -0.1013278    0.0486107    0.06767018    -0.009564525    -0.04407242    0.0121205    -0.01012586    -0.02725932    0.05512654
-0.06066953    -0.03056547    0.05620217    0.01306389    -0.01573626    0.05431569    -0.003238605    -0.04076948    0.01071135    -0.005665167    0.01447521    -0.03129001    -0.02339707    -0.02903631    0.02105516    0.001623412    0.03062247    -0.00103619    -0.05271846    -0.002528027    -0.08240074    -0.02074152    0.1046267    0.1159688    -0.1368913    0.0909444    0.0007710337    -0.04681121    0.03063695    0.006896085    0.008735136    -0.04012131    -0.01305238    0.07161175    -0.0004540873    -0.07643994    -0.7695498    0.03349777    1    -0.4759833    -0.1143475    -0.1338408    0.0568226    0.1416931    -0.03081489    0.1151806    0.006940934    -0.05450186    -0.01843987    0.04088486
-0.06088495    0.06349673    0.05764332    -0.06040209    -0.03090848    0.004275106    0.01676849    0.009084699    0.02681798    -0.02650488    0.02371828    0.007181377    0.073176    0.07838037    -0.1208245    -0.104916    0.01750618    0.08695868    -3.205157e-05    -0.05056088    0.04450037    -0.07479444    -0.1577436    -0.02632562    0.2730884    -0.08641809    -0.09646989    -0.05676663    -0.07407763    0.1252572    0.00395672    -0.03663147    -0.04265106    0.02680554    0.113979    0.1642374    0.07538156    -0.5361289    -0.4759833    1    0.1373082    0.2149753    -0.00508425    -0.1345684    -0.06266875    -0.102393    -0.0620109    0.09590239    0.07637262    0.01052134
0.007512427    -0.01080346    0.01829701    -0.01955028    0.005372566    0.002441896    -0.04686053    -0.02167811    0.04628176    0.0163327    -0.1179656    -0.2510339    0.07215081    0.5098434    -0.3181835    -0.01668924    -0.004167716    0.009370171    0.0001621146    -0.008423912    0.05632841    -0.0565378    -0.07655645    0.02504878    0.06896784    0.04511923    -0.03678603    -0.08244826    0.02498155    -0.001902545    0.03507668    -0.0768866    0.01708326    0.1000654    -0.09364499    0.09661945    0.07041864    -0.117648    -0.1143475    0.1373082    1    0.101416    -0.7969551    -0.2103847    0.2428828    -0.07872464    -0.1188107    0.1006625    0.1829834    -0.1825225
-0.01396385    0.04999443    -0.05638318    -0.001595971    0.02492296    -0.02419697    -0.001171372    -0.01926784    -0.05213211    0.08368623    -0.2980671    0.02346951    0.3303277    0.07291783    -0.2759907    -0.002891489    0.008231056    -0.01594508    0.003150285    0.009603424    0.06317599    0.00996876    -0.1181726    -0.1223118    0.1893821    0.001767592    -0.05916866    0.001399142    -0.03454853    -0.02018574    -0.04771279    0.04919458    0.04755401    -0.03559738    0.007081986    0.04537433    0.01679037    -0.1013278    -0.1338408    0.2149753    0.101416    1    0.04487903    -0.7812895    0.1599303    -0.08152411    0.007224185    0.01345359    -0.05086353    0.07941754
-0.06302653    0.02144625    0.0144135    -0.04334324    0.03545503    0.0301268    0.01298223    -0.04874781    -0.06164212    0.06951794    0.06641426    0.3400784    0.05506116    -0.3542301    0.09980855    -0.03500614    0.02961447    0.0003053287    -0.05496362    0.03008136    -0.05417921    -0.0005498985    -0.003767898    -0.04271107    0.05204842    -0.06445633    -0.01012221    0.05637271    -0.04760403    0.04504953    -0.02701914    0.03727594    -0.01100449    -0.07661812    0.08966868    -0.09654236    -0.07904654    0.0486107    0.0568226    -0.00508425    -0.7969551    0.04487903    1    0.1790457    -0.582267    0.06310119    0.01405584    -0.1375716    -0.1572487    0.2293941
-0.02300916    -0.04634339    0.05494431    -0.05989851    0.02923637    0.01496668    0.01444384    -0.01805607    -0.01098869    0.003541737    0.4483354    0.1013593    -0.2063156    -0.1281001    0.04931708    -0.04070688    0.001007124    0.004164497    -0.04524158    0.0522146    -0.08111974    -0.1221495    0.04811523    0.1239873    -0.09221801    -0.01372151    0.01556901    -0.01702433    -0.003469083    0.05990323    0.02601578    -0.03476111    -0.07308969    0.01090283    0.06320062    -0.07325963    -0.0897279    0.06767018    0.1416931    -0.1345684    -0.2103847    -0.7812895    0.1790457    1    -0.5209955    0.07621367    -0.08677693    -0.1100798    0.02056022    0.07940677
0.06138823    0.02713919    -0.0503018    0.08101696    -0.05555489    -0.04018266    -0.03086101    0.08730085    0.09718906    -0.1179821    -0.1221541    -0.1992053    -0.1128322    0.02787081    -0.08786729    0.06917452    -0.004703964    -0.01270747    0.06318502    -0.05296474    0.09834939    0.146665    0.05396438    -0.07852063    -0.1305449    0.0554438    0.03874026    -0.002799511    0.06224026    -0.08773082    -0.04159734    0.01209644    0.08129135    0.03953012    -0.05815377    0.09771646    0.06829528    -0.009564525    -0.03081489    -0.06266875    0.2428828    0.1599303    -0.582267    -0.5209955    1    -0.07536504    0.08858282    0.1673075    0.07619244    -0.1694783
-0.1409734    -0.02336418    0.03751466    0.1388728    -0.009999257    0.1248173    -0.102223    -0.09236206    0.06959323    0.01616435    0.05763775    -0.07122164    -0.06970353    0.07113511    -0.005105011    -0.01040112    -0.01894117    0.05545266    -0.000464846    -0.05747459    0.1757093    0.04511379    -0.1032741    -0.02245147    -0.06040446    0.1076101    -0.07796276    -0.08738423    0.05396363    0.03271876    0.5651818    -0.01595864    -0.4268955    0.0005135338    0.02246198    -0.009373055    -0.08040596    -0.04407242    0.1151806    -0.102393    -0.07872464    -0.08152411    0.06310119    0.07621367    -0.07536504    1    -0.1376514    -0.6676179    0.09997202    0.0203232
0.02028686    -0.01071071    0.006400481    0.1385646    -0.1220648    -0.1155325    -0.01980947    0.009773263    -0.06669911    0.1203652    -0.1311562    -0.01854234    -0.01089588    -0.1224206    0.1899199    0.06133382    0.006198445    0.005284587    0.07262736    -0.1235436    -0.01902461    0.1572304    0.05570676    -0.0877916    -0.04292855    -0.03764536    -0.01470101    -0.02926552    -0.07534543    0.08872767    -0.07591573    0.567215    0.1098905    -0.4349766    0.0491411    -0.01509577    0.01265609    0.0121205    0.006940934    -0.0620109    -0.1188107    0.007224185    0.01405584    -0.08677693    0.08858282    -0.1376514    1    0.03542279    -0.676552    0.1943159
0.05504397    0.02764055    0.04040486    -0.05229533    -0.04896083    -0.1105805    -0.01923039    0.02511242    -0.02460443    0.0702878    -0.03322864    -0.03378469    -0.05592175    -0.005190791    0.08406861    0.01911049    0.07756309    -0.02549082    -0.02296771    -0.007489111    -0.08365833    -0.01627114    0.1396427    0.04534361    -0.09685357    -0.04524536    -0.05955463    -0.05541142    -0.006880194    0.09144405    -0.3791486    -0.01557446    0.5484164    0.05602662    -0.3031119    0.03224401    -0.02910225    -0.01012586    -0.05450186    0.09590239    0.1006625    0.01345359    -0.1375716    -0.1100798    0.1673075    -0.6676179    0.03542279    1    -0.05155417    -0.452103
0.07824208    -0.01490469    0.02129473    -0.1499688    0.01803577    0.1767402    -0.07527398    -0.1310994    0.11518    -0.007335686    0.1651721    -0.1252391    -0.1040838    0.1784945    -0.07565051    0.01675741    -0.008251203    -0.004592954    -0.08316854    0.04218325    -0.06035079    -0.09815471    0.0561913    0.128129    -0.04914318    0.1007491    -0.07328333    -0.0939214    0.1585259    -0.03583204    0.02046658    -0.3836528    -0.0421708    0.548529    -0.2666663    0.03383987    0.01985668    -0.02725932    -0.01843987    0.07637262    0.1829834    -0.05086353    -0.1572487    0.02056022    0.07619244    0.09997202    -0.676552    -0.05155417    1    -0.5967933
0.04217838    0.08265093    -0.1184249    -0.07583151    -0.004669578    -0.05914807    0.1578336    0.1178758    -0.08923101    -0.1173098    -0.07828577    0.1431448    0.1684001    -0.09433865    -0.09136203    -0.06221591    -0.05519194    0.01060062    0.07031703    0.04934349    0.02954738    -0.01748515    -0.1408994    -0.06091721    0.253015    -0.131228    0.1700516    0.2184909    -0.1463556    -0.08763128    0.05912382    0.1134179    -0.2612182    -0.3259449    0.5751196    -0.09029222    0.01507886    0.05512654    0.04088486    0.01052134    -0.1825225    0.07941754    0.2293941    0.07940677    -0.1694783    0.0203232    0.1943159    -0.452103    -0.5967933    1
