1    0.1175183    -0.6888881    -0.007499106    0.04592695    0.08694139    -0.02638908    -0.07670846    0.01887231    0.05163376    0.01320145    -0.0683779    -0.02759256    0.09401442    -0.02440882    0.05666407    -0.004607897    -0.07351578    -0.0410724    0.05395607
0.1175183    1    -0.2907878    -0.6958708    0.2802592    0.0006878979    0.02787225    -0.04002563    -0.06277328    0.07801242    -0.06545003    0.01269332    0.05536218    -0.08915411    0.05215381    -0.063753    0.02209153    0.02319136    -0.03409314    0.02164125
-0.6888881    -0.2907878    1    0.09759804    -0.538035    -0.1055706    -0.02019566    0.0683465    0.01648555    -0.02745948    -0.04430823    -0.01967199    -0.009121514    -0.06257924    0.1070096    9.040841e-05    -0.04262509    -0.02525349    0.01080389    0.01191381
-0.007499106    -0.6958708    0.09759804    1    -0.4298296    0.03322856    -0.0263834    -0.03610461    0.0425188    -0.01214537    0.1020118    -0.1085737    -0.1068883    0.1191929    -0.009081046    0.0235459    -0.06329387    -0.03923699    0.03437595    0.03246794
0.04592695    0.2802592    -0.538035    -0.4298296    1    0.05994318    0.04297992    -0.0143358    -0.04346975    -0.009830914    -0.02018995    0.142373    0.06536231    -0.04589821    -0.09901867    -0.01502537    0.09038256    0.08943123    -0.02191114    -0.05633799
0.08694139    0.0006878979    -0.1055706    0.03322856    0.05994318    1    -0.02954475    -0.6886428    -0.02435365    0.001571975    0.06443082    -0.07015391    -0.05780759    0.1339086    -0.02215292    0.002441896    -0.02419697    0.0301268    0.01496668    -0.04018266
-0.02638908    0.02787225    -0.02019566    -0.0263834    0.04297992    -0.02954475    1    -0.230843    -0.6910545    0.2013255    -0.05546732    -0.002827555    0.02384357    -0.06292279    0.07814099    -0.04686053    -0.001171372    0.01298223    0.01444384    -0.03086101
-0.07670846    -0.04002563    0.0683465    -0.03610461    -0.0143358    -0.6886428    -0.230843    1    -0.006458427    -0.3909671    -0.02648205    0.01348771    -0.001865565    -0.1240855    0.09211669    -0.02167811    -0.01926784    -0.04874781    -0.01805607    0.08730085
0.01887231    -0.06277328    0.01648555    0.0425188    -0.04346975    -0.02435365    -0.6910545    -0.006458427    1    -0.3307153    0.05139153    -0.03882252    -0.07138099    0.06367587    -0.02674284    0.04628176    -0.05213211    -0.06164212    -0.01098869    0.09718906
0.05163376    0.07801242    -0.02745948    -0.01214537    -0.009830914    0.001571975    0.2013255    -0.3909671    -0.3307153    1    -0.02051223    0.04563923    0.1137046    0.03057345    -0.1325142    0.0163327    0.08368623    0.06951794    0.003541737    -0.1179821
0.01320145    -0.06545003    -0.04430823    0.1020118    -0.02018995    0.06443082    -0.05546732    -0.02648205    0.05139153    -0.02051223    1    -0.09296697    -0.5872855    0.1205512    -0.008874198    -0.1179656    -0.2980671    0.06641426    0.4483354    -0.1221541
-0.0683779    0.01269332    -0.01967199    -0.1085737    0.142373    -0.07015391    -0.002827555    0.01348771    -0.03882252    0.04563923    -0.09296697    1    -0.2674181    -0.5953015    0.2580198    -0.2510339    0.02346951    0.3400784    0.1013593    -0.1992053
-0.02759256    0.05536218    -0.009121514    -0.1068883    0.06536231    -0.05780759    0.02384357    -0.001865565    -0.07138099    0.1137046    -0.5872855    -0.2674181    1    -0.09069658    -0.3813491    0.07215081    0.3303277    0.05506116    -0.2063156    -0.1128322
0.09401442    -0.08915411    -0.06257924    0.1191929    -0.04589821    0.1339086    -0.06292279    -0.1240855    0.06367587    0.03057345    0.1205512    -0.5953015    -0.09069658    1    -0.4833    0.5098434    0.07291783    -0.3542301    -0.1281001    0.02787081
-0.02440882    0.05215381    0.1070096    -0.009081046    -0.09901867    -0.02215292    0.07814099    0.09211669    -0.02674284    -0.1325142    -0.008874198    0.2580198    -0.3813491    -0.4833    1    -0.3181835    -0.2759907    0.09980855    0.04931708    -0.08786729
0.05666407    -0.063753    9.040841e-05    0.0235459    -0.01502537    0.002441896    -0.04686053    -0.02167811    0.04628176    0.0163327    -0.1179656    -0.2510339    0.07215081    0.5098434    -0.3181835    1    0.101416    -0.7969551    -0.2103847    0.2428828
-0.004607897    0.02209153    -0.04262509    -0.06329387    0.09038256    -0.02419697    -0.001171372    -0.01926784    -0.05213211    0.08368623    -0.2980671    0.02346951    0.3303277    0.07291783    -0.2759907    0.101416    1    0.04487903    -0.7812895    0.1599303
-0.07351578    0.02319136    -0.02525349    -0.03923699    0.08943123    0.0301268    0.01298223    -0.04874781    -0.06164212    0.06951794    0.06641426    0.3400784    0.05506116    -0.3542301    0.09980855    -0.7969551    0.04487903    1    0.1790457    -0.582267
-0.0410724    -0.03409314    0.01080389    0.03437595    -0.02191114    0.01496668    0.01444384    -0.01805607    -0.01098869    0.003541737    0.4483354    0.1013593    -0.2063156    -0.1281001    0.04931708    -0.2103847    -0.7812895    0.1790457    1    -0.5209955
0.05395607    0.02164125    0.01191381    0.03246794    -0.05633799    -0.04018266    -0.03086101    0.08730085    0.09718906    -0.1179821    -0.1221541    -0.1992053    -0.1128322    0.02787081    -0.08786729    0.2428828    0.1599303    -0.582267    -0.5209955    1
