1    -0.05330177    -0.7076816    -0.05428078    -0.0042453    0.05842447    -0.05524    -0.03652682    0.0825026    -0.02101955    0.09440415    -0.1294106    -0.07099762    0.1520771    -0.06209975    0.05724863    0.03310857    -0.0531706    -0.01483966    0.01823706
-0.05330177    1    -0.07540401    -0.5736487    0.1523894    -0.1006011    0.1137481    0.1340073    -0.09334001    -0.05134254    -0.1071896    -0.02518382    0.01446428    -0.1225303    0.1791303    -0.0228221    -0.02715039    0.004562921    -0.04618164    0.02805395
-0.7076816    -0.07540401    1    0.02279707    -0.3127617    -0.07846488    0.06362443    0.07276736    -0.01025244    -0.06725318    -0.0540998    0.008856851    -0.02043141    -0.09480753    0.12104    -0.07334591    -0.04508862    0.0453578    0.008916965    0.01397768
-0.05428078    -0.5736487    0.02279707    1    -0.3869901    0.09075988    -0.05576379    -0.04223015    0.05362087    -0.01557287    0.1925161    -0.1147462    -0.1067729    0.1238888    -0.06865889    -0.02365565    -0.01441605    0.0154831    0.05115974    -0.0005983304
-0.0042453    0.1523894    -0.3127617    -0.3869901    1    -0.03219403    -0.0283994    0.02402139    -0.07454313    0.0776143    -0.07844199    0.1801148    0.1072767    -0.07988907    -0.08571779    0.02413976    0.102268    0.007712979    -0.04737074    -0.01567473
0.05842447    -0.1006011    -0.07846488    0.09075988    -0.03219403    1    -0.02954475    -0.6886428    -0.02435365    0.001571975    0.06443082    -0.07015391    -0.05780759    0.1339086    -0.02215292    0.002441896    -0.02419697    0.0301268    0.01496668    -0.04018266
-0.05524    0.1137481    0.06362443    -0.05576379    -0.0283994    -0.02954475    1    -0.230843    -0.6910545    0.2013255    -0.05546732    -0.002827555    0.02384357    -0.06292279    0.07814099    -0.04686053    -0.001171372    0.01298223    0.01444384    -0.03086101
-0.03652682    0.1340073    0.07276736    -0.04223015    0.02402139    -0.6886428    -0.230843    1    -0.006458427    -0.3909671    -0.02648205    0.01348771    -0.001865565    -0.1240855    0.09211669    -0.02167811    -0.01926784    -0.04874781    -0.01805607    0.08730085
0.0825026    -0.09334001    -0.01025244    0.05362087    -0.07454313    -0.02435365    -0.6910545    -0.006458427    1    -0.3307153    0.05139153    -0.03882252    -0.07138099    0.06367587    -0.02674284    0.04628176    -0.05213211    -0.06164212    -0.01098869    0.09718906
-0.02101955    -0.05134254    -0.06725318    -0.01557287    0.0776143    0.001571975    0.2013255    -0.3909671    -0.3307153    1    -0.02051223    0.04563923    0.1137046    0.03057345    -0.1325142    0.0163327    0.08368623    0.06951794    0.003541737    -0.1179821
0.09440415    -0.1071896    -0.0540998    0.1925161    -0.07844199    0.06443082    -0.05546732    -0.02648205    0.05139153    -0.02051223    1    -0.09296697    -0.5872855    0.1205512    -0.008874198    -0.1179656    -0.2980671    0.06641426    0.4483354    -0.1221541
-0.1294106    -0.02518382    0.008856851    -0.1147462    0.1801148    -0.07015391    -0.002827555    0.01348771    -0.03882252    0.04563923    -0.09296697    1    -0.2674181    -0.5953015    0.2580198    -0.2510339    0.02346951    0.3400784    0.1013593    -0.1992053
-0.07099762    0.01446428    -0.02043141    -0.1067729    0.1072767    -0.05780759    0.02384357    -0.001865565    -0.07138099    0.1137046    -0.5872855    -0.2674181    1    -0.09069658    -0.3813491    0.07215081    0.3303277    0.05506116    -0.2063156    -0.1128322
0.1520771    -0.1225303    -0.09480753    0.1238888    -0.07988907    0.1339086    -0.06292279    -0.1240855    0.06367587    0.03057345    0.1205512    -0.5953015    -0.09069658    1    -0.4833    0.5098434    0.07291783    -0.3542301    -0.1281001    0.02787081
-0.06209975    0.1791303    0.12104    -0.06865889    -0.08571779    -0.02215292    0.07814099    0.09211669    -0.02674284    -0.1325142    -0.008874198    0.2580198    -0.3813491    -0.4833    1    -0.3181835    -0.2759907    0.09980855    0.04931708    -0.08786729
0.05724863    -0.0228221    -0.07334591    -0.02365565    0.02413976    0.002441896    -0.04686053    -0.02167811    0.04628176    0.0163327    -0.1179656    -0.2510339    0.07215081    0.5098434    -0.3181835    1    0.101416    -0.7969551    -0.2103847    0.2428828
0.03310857    -0.02715039    -0.04508862    -0.01441605    0.102268    -0.02419697    -0.001171372    -0.01926784    -0.05213211    0.08368623    -0.2980671    0.02346951    0.3303277    0.07291783    -0.2759907    0.101416    1    0.04487903    -0.7812895    0.1599303
-0.0531706    0.004562921    0.0453578    0.0154831    0.007712979    0.0301268    0.01298223    -0.04874781    -0.06164212    0.06951794    0.06641426    0.3400784    0.05506116    -0.3542301    0.09980855    -0.7969551    0.04487903    1    0.1790457    -0.582267
-0.01483966    -0.04618164    0.008916965    0.05115974    -0.04737074    0.01496668    0.01444384    -0.01805607    -0.01098869    0.003541737    0.4483354    0.1013593    -0.2063156    -0.1281001    0.04931708    -0.2103847    -0.7812895    0.1790457    1    -0.5209955
0.01823706    0.02805395    0.01397768    -0.0005983304    -0.01567473    -0.04018266    -0.03086101    0.08730085    0.09718906    -0.1179821    -0.1221541    -0.1992053    -0.1128322    0.02787081    -0.08786729    0.2428828    0.1599303    -0.582267    -0.5209955    1
