1    -0.07097652    -0.6286305    -0.03675972    0.02730792    0.05721269    -0.01971169    -0.01405888    0.02367157    -0.07552959    0.08365072    -0.04886774    -0.1069516    0.0434185    0.04013926    -0.02728783    -0.03765196    -0.009063143    0.02389594    0.02791286    -0.05404745    -0.01059675    -0.02225422    0.006873508    0.05600419
-0.07097652    1    -0.0791724    -0.5835572    0.1192374    -0.02995946    0.07754124    0.0847209    -0.01716222    -0.09676056    -0.06511278    -0.09344863    0.007771292    -0.08134763    0.1219432    0.02629894    -0.06592303    -0.08086873    -0.02031981    0.09905445    0.006806985    0.01332745    -0.05469094    -0.07171287    0.1086075
-0.6286305    -0.0791724    1    -0.02143606    -0.3763256    -0.01469662    0.07508295    0.0002746751    -0.05262339    -0.02537025    -0.05471646    -0.02962098    -0.02505531    -0.0175405    0.09546896    0.01645754    0.002476394    -0.01432922    0.006328358    0.01636737    0.01616427    -0.003571609    0.0125752    -0.009218743    -0.03423215
-0.03675972    -0.5835572    -0.02143606    1    -0.4130093    0.0335131    -0.01055882    -0.04646247    0.03196545    0.03326258    0.08075094    -0.04796046    -0.09830862    0.1245576    -0.03026232    -0.0161732    0.0254502    0.03847716    0.0145307    -0.08453703    0.01345373    0.006520058    0.004310983    0.009480593    -0.0413265
0.02730792    0.1192374    -0.3763256    -0.4130093    1    -0.05256895    -0.03572677    0.05832325    -0.0303684    0.05058365    -0.0309983    0.1104633    0.129679    -0.07459769    -0.09227742    0.006587987    0.02238162    0.005637427    -0.01770216    -0.007600626    -0.01588229    0.01282292    0.0404289    0.003556422    -0.01268975
0.05721269    -0.02995946    -0.01469662    0.0335131    -0.05256895    1    -0.02954475    -0.6886428    -0.02435365    0.001571975    0.06443082    -0.07015391    -0.05780759    0.1339086    -0.02215292    0.129013    -0.09717097    -0.1010725    0.1329546    -0.03790849    0.002441896    -0.02419697    0.0301268    0.01496668    -0.04018266
-0.01971169    0.07754124    0.07508295    -0.01055882    -0.03572677    -0.02954475    1    -0.230843    -0.6910545    0.2013255    -0.05546732    -0.002827555    0.02384357    -0.06292279    0.07814099    -0.0795902    -0.07417952    -0.04979702    -0.04693624    0.1221495    -0.04686053    -0.001171372    0.01298223    0.01444384    -0.03086101
-0.01405888    0.0847209    0.0002746751    -0.04646247    0.05832325    -0.6886428    -0.230843    1    -0.006458427    -0.3909671    -0.02648205    0.01348771    -0.001865565    -0.1240855    0.09211669    -0.1138796    0.02542688    0.04070464    -0.1237264    0.1084495    -0.02167811    -0.01926784    -0.04874781    -0.01805607    0.08730085
0.02367157    -0.01716222    -0.05262339    0.03196545    -0.0303684    -0.02435365    -0.6910545    -0.006458427    1    -0.3307153    0.05139153    -0.03882252    -0.07138099    0.06367587    -0.02674284    0.09201155    -0.04323759    -0.06118843    0.06830712    -0.006206045    0.04628176    -0.05213211    -0.06164212    -0.01098869    0.09718906
-0.07552959    -0.09676056    -0.02537025    0.03326258    0.05058365    0.001571975    0.2013255    -0.3909671    -0.3307153    1    -0.02051223    0.04563923    0.1137046    0.03057345    -0.1325142    -0.01783899    0.1125672    0.106284    0.02292883    -0.1522478    0.0163327    0.08368623    0.06951794    0.003541737    -0.1179821
0.08365072    -0.06511278    -0.05471646    0.08075094    -0.0309983    0.06443082    -0.05546732    -0.02648205    0.05139153    -0.02051223    1    -0.09296697    -0.5872855    0.1205512    -0.008874198    0.001992299    0.09945712    0.025819    -0.09688465    0.01627947    -0.1179656    -0.2980671    0.06641426    0.4483354    -0.1221541
-0.04886774    -0.09344863    -0.02962098    -0.04796046    0.1104633    -0.07015391    -0.002827555    0.01348771    -0.03882252    0.04563923    -0.09296697    1    -0.2674181    -0.5953015    0.2580198    -0.006798269    0.02534167    0.0434684    0.01031114    -0.04191442    -0.2510339    0.02346951    0.3400784    0.1013593    -0.1992053
-0.1069516    0.007771292    -0.02505531    -0.09830862    0.129679    -0.05780759    0.02384357    -0.001865565    -0.07138099    0.1137046    -0.5872855    -0.2674181    1    -0.09069658    -0.3813491    -0.002274498    -0.01752827    0.007871394    0.02823818    -0.01737396    0.07215081    0.3303277    0.05506116    -0.2063156    -0.1128322
0.0434185    -0.08134763    -0.0175405    0.1245576    -0.07459769    0.1339086    -0.06292279    -0.1240855    0.06367587    0.03057345    0.1205512    -0.5953015    -0.09069658    1    -0.4833    0.01707834    0.03382911    0.008611835    0.01683356    -0.02428471    0.5098434    0.07291783    -0.3542301    -0.1281001    0.02787081
0.04013926    0.1219432    0.09546896    -0.03026232    -0.09227742    -0.02215292    0.07814099    0.09211669    -0.02674284    -0.1325142    -0.008874198    0.2580198    -0.3813491    -0.4833    1    0.02303469    -0.08729548    -0.08848766    0.007542348    0.08171927    -0.3181835    -0.2759907    0.09980855    0.04931708    -0.08786729
-0.02728783    0.02629894    0.01645754    -0.0161732    0.006587987    0.129013    -0.0795902    -0.1138796    0.09201155    -0.01783899    0.001992299    -0.006798269    -0.002274498    0.01707834    0.02303469    1    0.1400241    -0.8017412    -0.2016428    0.2533022    0.1350537    0.03057538    -0.1069014    -0.05569905    0.02513814
-0.03765196    -0.06592303    0.002476394    0.0254502    0.02238162    -0.09717097    -0.07417952    0.02542688    -0.04323759    0.1125672    0.09945712    0.02534167    -0.01752827    0.03382911    -0.08729548    0.1400241    1    0.1472722    -0.7823827    0.08175681    0.0321311    0.1326485    0.03824408    -0.03543596    -0.05315757
-0.009063143    -0.08086873    -0.01432922    0.03847716    0.005637427    -0.1010725    -0.04979702    0.04070464    -0.06118843    0.106284    0.025819    0.0434684    0.007871394    0.008611835    -0.08848766    -0.8017412    0.1472722    1    0.08810614    -0.5706687    -0.09861796    0.04228673    0.1419564    0.02478938    -0.07312496
0.02389594    -0.02031981    0.006328358    0.0145307    -0.01770216    0.1329546    -0.04693624    -0.1237264    0.06830712    0.02292883    -0.09688465    0.01031114    0.02823818    0.01683356    0.007542348    -0.2016428    -0.7823827    0.08810614    1    -0.4619127    -0.03303566    -0.07541068    0.03126857    0.05694555    -0.01685463
0.02791286    0.09905445    0.01636737    -0.08453703    -0.007600626    -0.03790849    0.1221495    0.1084495    -0.006206045    -0.1522478    0.01627947    -0.04191442    -0.01737396    -0.02428471    0.08171927    0.2533022    0.08175681    -0.5706687    -0.4619127    1    0.02872024    -0.0243747    -0.09090849    -0.01770255    0.1169376
-0.05404745    0.006806985    0.01616427    0.01345373    -0.01588229    0.002441896    -0.04686053    -0.02167811    0.04628176    0.0163327    -0.1179656    -0.2510339    0.07215081    0.5098434    -0.3181835    0.1350537    0.0321311    -0.09861796    -0.03303566    0.02872024    1    0.101416    -0.7969551    -0.2103847    0.2428828
-0.01059675    0.01332745    -0.003571609    0.006520058    0.01282292    -0.02419697    -0.001171372    -0.01926784    -0.05213211    0.08368623    -0.2980671    0.02346951    0.3303277    0.07291783    -0.2759907    0.03057538    0.1326485    0.04228673    -0.07541068    -0.0243747    0.101416    1    0.04487903    -0.7812895    0.1599303
-0.02225422    -0.05469094    0.0125752    0.004310983    0.0404289    0.0301268    0.01298223    -0.04874781    -0.06164212    0.06951794    0.06641426    0.3400784    0.05506116    -0.3542301    0.09980855    -0.1069014    0.03824408    0.1419564    0.03126857    -0.09090849    -0.7969551    0.04487903    1    0.1790457    -0.582267
0.006873508    -0.07171287    -0.009218743    0.009480593    0.003556422    0.01496668    0.01444384    -0.01805607    -0.01098869    0.003541737    0.4483354    0.1013593    -0.2063156    -0.1281001    0.04931708    -0.05569905    -0.03543596    0.02478938    0.05694555    -0.01770255    -0.2103847    -0.7812895    0.1790457    1    -0.5209955
0.05600419    0.1086075    -0.03423215    -0.0413265    -0.01268975    -0.04018266    -0.03086101    0.08730085    0.09718906    -0.1179821    -0.1221541    -0.1992053    -0.1128322    0.02787081    -0.08786729    0.02513814    -0.05315757    -0.07312496    -0.01685463    0.1169376    0.2428828    0.1599303    -0.582267    -0.5209955    1
