1    -0.02954475    -0.6886428    -0.02435365    0.001571975    0.06443082    -0.07015391    -0.05780759    0.1339086    -0.02215292    -0.09162924    0.03798744    0.1165212    -0.007314125    -0.06510241    0.1348329    -0.1027551    -0.09106725    0.149632    -0.0641545    -0.006324184    -0.003025217    0.0002312568    0.0275608    -0.002782145    0.002441896    -0.02419697    0.0301268    0.01496668    -0.04018266    0.1248173    -0.1155325    -0.1105805    0.1767402    -0.05914807
-0.02954475    1    -0.230843    -0.6910545    0.2013255    -0.05546732    -0.002827555    0.02384357    -0.06292279    0.07814099    -0.04920301    -0.05762246    0.02099966    0.04462724    0.03819855    -0.1088338    -0.03317463    -0.0156299    -0.05154363    0.1274984    -0.002488634    -0.04091684    -0.008947251    0.01088409    -0.008096523    -0.04686053    -0.001171372    0.01298223    0.01444384    -0.03086101    -0.102223    -0.01980947    -0.01923039    -0.07527398    0.1578336
-0.6886428    -0.230843    1    -0.006458427    -0.3909671    -0.02648205    0.01348771    -0.001865565    -0.1240855    0.09211669    0.09372042    -0.006732673    -0.09861772    0.0295    0.01024666    -0.09750841    0.02030822    0.008943187    -0.1243313    0.1263049    -0.005340941    -0.04194383    -0.03784456    -0.03117283    0.05570123    -0.02167811    -0.01926784    -0.04874781    -0.01805607    0.08730085    -0.09236206    0.009773263    0.02511242    -0.1310994    0.1178758
-0.02435365    -0.6910545    -0.006458427    1    -0.3307153    0.05139153    -0.03882252    -0.07138099    0.06367587    -0.02674284    0.01519089    0.08854756    0.03698186    -0.04423118    -0.05474142    0.08028699    -0.07731322    -0.05019253    0.09218421    -0.0281656    0.03629479    0.02441282    -0.0470697    -0.009796862    0.05305026    0.04628176    -0.05213211    -0.06164212    -0.01098869    0.09718906    0.06959323    -0.06669911    -0.02460443    0.11518    -0.08923101
0.001571975    0.2013255    -0.3909671    -0.3307153    1    -0.02051223    0.04563923    0.1137046    0.03057345    -0.1325142    -0.01244836    -0.04533453    -0.0184135    -0.01921662    0.05064297    -0.01604173    0.1286633    0.1188782    -0.01096831    -0.1376726    -0.003575355    0.07434816    0.08048503    -0.001377743    -0.09855602    0.0163327    0.08368623    0.06951794    0.003541737    -0.1179821    0.01616435    0.1203652    0.0702878    -0.007335686    -0.1173098
0.06443082    -0.05546732    -0.02648205    0.05139153    -0.02051223    1    -0.09296697    -0.5872855    0.1205512    -0.008874198    0.04926505    -0.1176351    -0.03088224    0.1632472    -0.09398396    0.04710214    0.01754277    -0.03626073    -0.004614688    0.001635322    -0.005303463    0.03586342    0.02341528    0.0162719    -0.01294772    -0.1179656    -0.2980671    0.06641426    0.4483354    -0.1221541    0.05763775    -0.1311562    -0.03322864    0.1651721    -0.07828577
-0.07015391    -0.002827555    0.01348771    -0.03882252    0.04563923    -0.09296697    1    -0.2674181    -0.5953015    0.2580198    -0.05184876    0.07176172    -0.03781501    -0.1925416    0.1628168    -0.06038926    -0.02245117    -0.001589754    -0.04749324    0.06409999    0.002553311    -0.02078851    0.01601615    0.0001710993    -0.01667433    -0.2510339    0.02346951    0.3400784    0.1013593    -0.1992053    -0.07122164    -0.01854234    -0.03378469    -0.1252391    0.1431448
-0.05780759    0.02384357    -0.001865565    -0.07138099    0.1137046    -0.5872855    -0.2674181    1    -0.09069658    -0.3813491    -0.0417618    -0.05885779    -0.1049232    -0.07321295    0.1991867    -0.0387741    -0.0405285    -0.01432079    -0.002247628    0.06114651    -0.03140881    -0.01462852    0.02127022    0.01519333    -0.0343766    0.07215081    0.3303277    0.05506116    -0.2063156    -0.1128322    -0.06970353    -0.01089588    -0.05592175    -0.1040838    0.1684001
0.1339086    -0.06292279    -0.1240855    0.06367587    0.03057345    0.1205512    -0.5953015    -0.09069658    1    -0.4833    0.05928642    -0.1474505    -0.009321575    0.195102    -0.1106225    0.0815159    -0.03339855    -0.008632428    0.08038157    -0.04880244    0.001390956    0.02920639    0.01321162    0.02770152    -0.000693453    0.5098434    0.07291783    -0.3542301    -0.1281001    0.02787081    0.07113511    -0.1224206    -0.005190791    0.1784945    -0.09433865
-0.02215292    0.07814099    0.09211669    -0.02674284    -0.1325142    -0.008874198    0.2580198    -0.3813491    -0.4833    1    -0.007809671    0.1851792    0.1013714    -0.04979448    -0.1077125    -0.0008092788    0.06068607    1.043309e-05    -0.04013991    -0.01363167    0.02596057    -0.0326868    -0.04390219    -0.03538663    0.01377583    -0.3181835    -0.2759907    0.09980855    0.04931708    -0.08786729    -0.005105011    0.1899199    0.08406861    -0.07565051    -0.09136203
-0.09162924    -0.04920301    0.09372042    0.01519089    -0.01244836    0.04926505    -0.05184876    -0.0417618    0.05928642    -0.007809671    1    0.05016715    -0.7652618    -0.2164396    0.2527462    0.09293558    -0.04479658    -0.06658394    0.008783134    0.03758904    -0.06744878    -0.06528374    0.0610014    0.09847936    -0.04109018    0.05632841    0.06317599    -0.05417921    -0.08111974    0.09834939    0.1757093    -0.01902461    -0.08365833    -0.06035079    0.02954738
0.03798744    -0.05762246    -0.006732673    0.08854756    -0.04533453    -0.1176351    0.07176172    -0.05885779    -0.1474505    0.1851792    0.05016715    1    0.07725506    -0.7808682    0.1179414    0.008163831    0.05353282    0.05082531    -0.01102475    -0.07750115    -0.06224125    0.0773126    0.1233002    -0.01906659    -0.05702872    -0.0565378    0.00996876    -0.0005498985    -0.1221495    0.146665    0.04511379    0.1572304    -0.01627114    -0.09815471    -0.01748515
0.1165212    0.02099966    -0.09861772    0.03698186    -0.0184135    -0.03088224    -0.03781501    -0.1049232    -0.009321575    0.1013714    -0.7652618    0.07725506    1    0.210168    -0.6410685    -0.0330146    0.0576957    0.07353514    0.03507434    -0.1227615    0.08847438    0.1177397    -0.02743997    -0.06673486    -0.008507817    -0.07655645    -0.1181726    -0.003767898    0.04811523    0.05396438    -0.1032741    0.05570676    0.1396427    0.0561913    -0.1408994
-0.007314125    0.04462724    0.0295    -0.04423118    -0.01921662    0.1632472    -0.1925416    -0.07321295    0.195102    -0.04979448    -0.2164396    -0.7808682    0.210168    1    -0.5415401    0.00979504    0.01938877    -0.01888935    -0.00858777    0.01606729    0.114721    0.007375884    -0.09873641    -0.02684394    0.01511229    0.02504878    -0.1223118    -0.04271107    0.1239873    -0.07852063    -0.02245147    -0.0877916    0.04534361    0.128129    -0.06091721
-0.06510241    0.03819855    0.01024666    -0.05474142    0.05064297    -0.09398396    0.1628168    0.1991867    -0.1106225    -0.1077125    0.2527462    0.1179414    -0.6410685    -0.5415401    1    -0.0401096    -0.08124945    -0.04597078    0.002510157    0.1348547    -0.0916817    -0.1155987    0.0184697    0.02839411    -0.01388123    0.06896784    0.1893821    0.05204842    -0.09221801    -0.1305449    -0.06040446    -0.04292855    -0.09685357    -0.04914318    0.253015
0.1348329    -0.1088338    -0.09750841    0.08028699    -0.01604173    0.04710214    -0.06038926    -0.0387741    0.0815159    -0.0008092788    0.09293558    0.008163831    -0.0330146    0.00979504    -0.0401096    1    -0.07105915    -0.7590877    -0.01713896    0.1621592    0.06137951    -0.02010971    -0.03404169    0.03177556    -0.0408374    0.03507668    -0.04771279    -0.02701914    0.02601578    -0.04159734    0.5651818    -0.07591573    -0.3791486    0.02046658    0.05912382
-0.1027551    -0.03317463    0.02030822    -0.07731322    0.1286633    0.01754277    -0.02245117    -0.0405285    -0.03339855    0.06068607    -0.04479658    0.05353282    0.0576957    0.01938877    -0.08124945    -0.07105915    1    0.1470227    -0.7767391    0.1245049    -0.0387604    0.02427743    0.01847857    -0.01824694    -0.008098644    -0.0768866    0.04919458    0.03727594    -0.03476111    0.01209644    -0.01595864    0.567215    -0.01557446    -0.3836528    0.1134179
-0.09106725    -0.0156299    0.008943187    -0.05019253    0.1188782    -0.03626073    -0.001589754    -0.01432079    -0.008632428    1.043309e-05    -0.06658394    0.05082531    0.07353514    -0.01888935    -0.04597078    -0.7590877    0.1470227    1    0.002426858    -0.537623    -0.009950863    -0.02915035    -0.02673701    -0.02804441    0.06365963    0.01708326    0.04755401    -0.01100449    -0.07308969    0.08129135    -0.4268955    0.1098905    0.5484164    -0.0421708    -0.2612182
0.149632    -0.05154363    -0.1243313    0.09218421    -0.01096831    -0.004614688    -0.04749324    -0.002247628    0.08038157    -0.04013991    0.008783134    -0.01102475    0.03507434    -0.00858777    0.002510157    -0.01713896    -0.7767391    0.002426858    1    -0.5020596    0.05254584    -0.02742077    -0.05672652    0.000753911    0.04172599    0.1000654    -0.03559738    -0.07661812    0.01090283    0.03953012    0.0005135338    -0.4349766    0.05602662    0.548529    -0.3259449
-0.0641545    0.1274984    0.1263049    -0.0281656    -0.1376726    0.001635322    0.06409999    0.06114651    -0.04880244    -0.01363167    0.03758904    -0.07750115    -0.1227615    0.01606729    0.1348547    0.1621592    0.1245049    -0.537623    -0.5020596    1    -0.1351752    0.01096573    0.1518768    0.07502079    -0.05040215    -0.09364499    0.007081986    0.08966868    0.06320062    -0.05815377    0.02246198    0.0491411    -0.3031119    -0.2666663    0.5751196
-0.006324184    -0.002488634    -0.005340941    0.03629479    -0.003575355    -0.005303463    0.002553311    -0.03140881    0.001390956    0.02596057    -0.06744878    -0.06224125    0.08847438    0.114721    -0.0916817    0.06137951    -0.0387604    -0.009950863    0.05254584    -0.1351752    1    0.2292549    -0.7925327    -0.3398313    0.2443113    0.04370754    0.0730883    -0.03317543    -0.07272771    -0.01025452    0.1378754    0.01430813    -0.07594447    -0.006305397    -0.04839362
-0.003025217    -0.04091684    -0.04194383    0.02441282    0.07434816    0.03586342    -0.02078851    -0.01462852    0.02920639    -0.0326868    -0.06528374    0.0773126    0.1177397    0.007375884    -0.1155987    -0.02010971    0.02427743    -0.02915035    -0.02742077    0.01096573    0.2292549    1    0.0582692    -0.7753216    0.1000554    -0.01050226    0.05656296    0.007746277    -0.0487247    0.01763585    0.005578518    0.157625    0.004036359    -0.09551998    -0.01131214
0.0002312568    -0.008947251    -0.03784456    -0.0470697    0.08048503    0.02341528    0.01601615    0.02127022    0.01321162    -0.04390219    0.0610014    0.1233002    -0.02743997    -0.09873641    0.0184697    -0.03404169    0.01847857    -0.02673701    -0.05672652    0.1518768    -0.7925327    0.0582692    1    0.2852451    -0.6086443    -0.02698123    -0.04292241    0.0729985    0.06144104    -0.05173093    -0.116667    0.05693531    0.1096152    -0.03011969    -0.0003704035
0.0275608    0.01088409    -0.03117283    -0.009796862    -0.001377743    0.0162719    0.0001710993    0.01519333    0.02770152    -0.03538663    0.09847936    -0.01906659    -0.06673486    -0.02684394    0.02839411    0.03177556    -0.01824694    -0.02804441    0.000753911    0.07502079    -0.3398313    -0.7753216    0.2852451    1    -0.503745    0.01530494    -0.02892346    0.02348915    0.07615226    -0.05346893    0.007558403    -0.1073676    0.0242853    0.09828785    -0.02716121
-0.002782145    -0.008096523    0.05570123    0.05305026    -0.09855602    -0.01294772    -0.01667433    -0.0343766    -0.000693453    0.01377583    -0.04109018    -0.05702872    -0.008507817    0.01511229    -0.01388123    -0.0408374    -0.008098644    0.06365963    0.04172599    -0.05040215    0.2443113    0.1000554    -0.6086443    -0.503745    1    -0.02787621    -0.005805489    -0.05059946    -0.03444646    0.1567751    -0.01359294    -0.03985826    -0.05819444    -0.004065534    0.1113071
0.002441896    -0.04686053    -0.02167811    0.04628176    0.0163327    -0.1179656    -0.2510339    0.07215081    0.5098434    -0.3181835    0.05632841    -0.0565378    -0.07655645    0.02504878    0.06896784    0.03507668    -0.0768866    0.01708326    0.1000654    -0.09364499    0.04370754    -0.01050226    -0.02698123    0.01530494    -0.02787621    1    0.101416    -0.7969551    -0.2103847    0.2428828    -0.07872464    -0.1188107    0.1006625    0.1829834    -0.1825225
-0.02419697    -0.001171372    -0.01926784    -0.05213211    0.08368623    -0.2980671    0.02346951    0.3303277    0.07291783    -0.2759907    0.06317599    0.00996876    -0.1181726    -0.1223118    0.1893821    -0.04771279    0.04919458    0.04755401    -0.03559738    0.007081986    0.0730883    0.05656296    -0.04292241    -0.02892346    -0.005805489    0.101416    1    0.04487903    -0.7812895    0.1599303    -0.08152411    0.007224185    0.01345359    -0.05086353    0.07941754
0.0301268    0.01298223    -0.04874781    -0.06164212    0.06951794    0.06641426    0.3400784    0.05506116    -0.3542301    0.09980855    -0.05417921    -0.0005498985    -0.003767898    -0.04271107    0.05204842    -0.02701914    0.03727594    -0.01100449    -0.07661812    0.08966868    -0.03317543    0.007746277    0.0729985    0.02348915    -0.05059946    -0.7969551    0.04487903    1    0.1790457    -0.582267    0.06310119    0.01405584    -0.1375716    -0.1572487    0.2293941
0.01496668    0.01444384    -0.01805607    -0.01098869    0.003541737    0.4483354    0.1013593    -0.2063156    -0.1281001    0.04931708    -0.08111974    -0.1221495    0.04811523    0.1239873    -0.09221801    0.02601578    -0.03476111    -0.07308969    0.01090283    0.06320062    -0.07272771    -0.0487247    0.06144104    0.07615226    -0.03444646    -0.2103847    -0.7812895    0.1790457    1    -0.5209955    0.07621367    -0.08677693    -0.1100798    0.02056022    0.07940677
-0.04018266    -0.03086101    0.08730085    0.09718906    -0.1179821    -0.1221541    -0.1992053    -0.1128322    0.02787081    -0.08786729    0.09834939    0.146665    0.05396438    -0.07852063    -0.1305449    -0.04159734    0.01209644    0.08129135    0.03953012    -0.05815377    -0.01025452    0.01763585    -0.05173093    -0.05346893    0.1567751    0.2428828    0.1599303    -0.582267    -0.5209955    1    -0.07536504    0.08858282    0.1673075    0.07619244    -0.1694783
0.1248173    -0.102223    -0.09236206    0.06959323    0.01616435    0.05763775    -0.07122164    -0.06970353    0.07113511    -0.005105011    0.1757093    0.04511379    -0.1032741    -0.02245147    -0.06040446    0.5651818    -0.01595864    -0.4268955    0.0005135338    0.02246198    0.1378754    0.005578518    -0.116667    0.007558403    -0.01359294    -0.07872464    -0.08152411    0.06310119    0.07621367    -0.07536504    1    -0.1376514    -0.6676179    0.09997202    0.0203232
-0.1155325    -0.01980947    0.009773263    -0.06669911    0.1203652    -0.1311562    -0.01854234    -0.01089588    -0.1224206    0.1899199    -0.01902461    0.1572304    0.05570676    -0.0877916    -0.04292855    -0.07591573    0.567215    0.1098905    -0.4349766    0.0491411    0.01430813    0.157625    0.05693531    -0.1073676    -0.03985826    -0.1188107    0.007224185    0.01405584    -0.08677693    0.08858282    -0.1376514    1    0.03542279    -0.676552    0.1943159
-0.1105805    -0.01923039    0.02511242    -0.02460443    0.0702878    -0.03322864    -0.03378469    -0.05592175    -0.005190791    0.08406861    -0.08365833    -0.01627114    0.1396427    0.04534361    -0.09685357    -0.3791486    -0.01557446    0.5484164    0.05602662    -0.3031119    -0.07594447    0.004036359    0.1096152    0.0242853    -0.05819444    0.1006625    0.01345359    -0.1375716    -0.1100798    0.1673075    -0.6676179    0.03542279    1    -0.05155417    -0.452103
0.1767402    -0.07527398    -0.1310994    0.11518    -0.007335686    0.1651721    -0.1252391    -0.1040838    0.1784945    -0.07565051    -0.06035079    -0.09815471    0.0561913    0.128129    -0.04914318    0.02046658    -0.3836528    -0.0421708    0.548529    -0.2666663    -0.006305397    -0.09551998    -0.03011969    0.09828785    -0.004065534    0.1829834    -0.05086353    -0.1572487    0.02056022    0.07619244    0.09997202    -0.676552    -0.05155417    1    -0.5967933
-0.05914807    0.1578336    0.1178758    -0.08923101    -0.1173098    -0.07828577    0.1431448    0.1684001    -0.09433865    -0.09136203    0.02954738    -0.01748515    -0.1408994    -0.06091721    0.253015    0.05912382    0.1134179    -0.2612182    -0.3259449    0.5751196    -0.04839362    -0.01131214    -0.0003704035    -0.02716121    0.1113071    -0.1825225    0.07941754    0.2293941    0.07940677    -0.1694783    0.0203232    0.1943159    -0.452103    -0.5967933    1
