1    -0.5889263    -0.6905772    0.5508281    0.360491    -0.2389641    0.2833714    0.1895707    0.1829239    -0.0806811    0.5569781    -0.1201179    -0.5643488    -0.1108983    0.1723805    0.09565436    0.3183604    0.01777145    -0.2867117    -0.2563204    0.07576    0.3070047    0.3615231    -0.1579861    -0.4639171
-0.5889263    1    0.1292851    -0.7202416    -0.3259849    0.2331132    -0.363146    -0.08265612    -0.1742703    -0.02548945    -0.5303267    0.04416421    0.5641602    0.1018018    -0.02417187    -0.1150129    -0.2322074    0.01488508    0.1842047    0.2306816    -0.1082424    -0.3238391    -0.3799616    0.1865256    0.5604814
-0.6905772    0.1292851    1    -0.5300982    -0.5326174    0.279567    -0.130264    -0.2233488    -0.1842051    0.003159246    -0.4014278    0.1023009    0.383352    0.134777    -0.1196981    -0.024449    -0.2131905    -0.04860138    0.1589308    0.2982804    -0.2231514    -0.2249255    -0.1365065    0.238625    0.3048931
0.5508281    -0.7202416    -0.5300982    1    0.3449104    -0.2227041    0.1948073    0.09042199    0.3432653    0.07723772    0.5340885    -0.09057548    -0.4887242    -0.166796    0.02398625    -0.03387832    0.2808475    0.1535234    -0.1517404    -0.3613623    0.3119352    0.3974615    0.2845332    -0.3268592    -0.5720202
0.360491    -0.3259849    -0.5326174    0.3449104    1    -0.1930885    0.1903133    0.1174637    0.06539742    0.1009064    0.4082806    0.04041929    -0.3755166    -0.1317612    -0.06439646    0.1485514    0.05385965    -0.1477867    -0.08324705    -0.06322931    0.05862998    0.1600666    0.1917784    -0.2057369    -0.3151102
-0.2389641    0.2331132    0.279567    -0.2227041    -0.1930885    1    -0.4774775    -0.4538181    0.1378426    0.1167466    -0.1255879    0.1398677    0.3760927    0.09852986    -0.3175291    -0.346434    -0.1287532    0.2534376    0.1030343    0.1987496    -0.2415873    -0.09278759    0.0001420806    0.1183099    0.2459549
0.2833714    -0.363146    -0.130264    0.1948073    0.1903133    -0.4774775    1    -0.2704573    -0.27668    0.00682912    0.2373048    -0.09874131    -0.4602086    0.06896438    0.1059808    0.2246998    0.1072014    -0.09356408    -0.03907697    -0.1612878    -0.03935591    0.1721633    0.2889605    -0.03706128    -0.3210472
0.1895707    -0.08265612    -0.2233488    0.09042199    0.1174637    -0.4538181    -0.2704573    1    -0.2854063    -0.3209596    0.0241578    -0.09969337    -0.1724443    -0.07889131    0.2728058    0.05669743    0.08620986    -0.08739058    -0.05263141    -0.08599796    0.1851766    -0.0386227    -0.05580821    0.008868603    -0.1057828
0.1829239    -0.1742703    -0.1842051    0.3432653    0.06539742    0.1378426    -0.27668    -0.2854063    1    -0.1334371    0.3662069    -0.00952362    -0.1420524    -0.05520087    -0.09013656    0.09145173    0.1562529    0.1121582    -0.07739028    -0.2853351    0.2159473    0.2320248    0.05912311    -0.1318994    -0.2643116
-0.0806811    -0.02548945    0.003159246    0.07723772    0.1009064    0.1167466    0.00682912    -0.3209596    -0.1334371    1    -0.03542852    0.1147112    0.114532    -0.1494825    -0.1555497    -0.05820635    -0.1368765    -0.008189513    0.03009229    -0.01031957    -0.1043738    -0.04284979    0.05636041    -0.1017023    -0.02072733
0.5569781    -0.5303267    -0.4014278    0.5340885    0.4082806    -0.1255879    0.2373048    0.0241578    0.3662069    -0.03542852    1    -0.06220697    -0.7892314    -0.1394568    0.06121272    0.1107193    0.150938    0.1154656    -0.05792197    -0.354554    0.01053487    0.4188661    0.4076123    -0.2009165    -0.5137693
-0.1201179    0.04416421    0.1023009    -0.09057548    0.04041929    0.1398677    -0.09874131    -0.09969337    -0.00952362    0.1147112    -0.06220697    1    -0.09514101    -0.517768    0.1249409    0.04432801    -0.1164975    -0.1901161    -0.01125927    0.2300798    0.01937432    -0.1344757    -0.05706242    0.1003826    0.06306202
-0.5643488    0.5641602    0.383352    -0.4887242    -0.3755166    0.3760927    -0.4602086    -0.1724443    -0.1420524    0.114532    -0.7892314    -0.09514101    1    0.113711    -0.3384456    -0.2765562    -0.1720557    -8.592335e-05    0.0286894    0.4328558    -0.06063691    -0.3039652    -0.4065637    0.107524    0.5708711
-0.1108983    0.1018018    0.134777    -0.166796    -0.1317612    0.09852986    0.06896438    -0.07889131    -0.05520087    -0.1494825    -0.1394568    -0.517768    0.113711    1    -0.4318813    -0.0124859    -0.1557225    0.05824289    0.1825609    -0.0907529    -0.123196    0.071822    0.05467499    0.04580796    -0.004264685
0.1723805    -0.02417187    -0.1196981    0.02398625    -0.06439646    -0.3175291    0.1059808    0.2728058    -0.09013656    -0.1555497    0.06121272    0.1249409    -0.3384456    -0.4318813    1    0.114258    0.1586164    -0.04217259    -0.06947388    -0.04727018    0.1560991    -0.1739627    -0.1017459    0.1181678    -0.01912225
0.09565436    -0.1150129    -0.024449    -0.03387832    0.1485514    -0.346434    0.2246998    0.05669743    0.09145173    -0.05820635    0.1107193    0.04432801    -0.2765562    -0.0124859    0.114258    1    -0.02924275    -0.7679929    -0.06677109    0.04839401    0.1025333    0.004477448    -0.03226401    -0.01944884    -0.1017338
0.3183604    -0.2322074    -0.2131905    0.2808475    0.05385965    -0.1287532    0.1072014    0.08620986    0.1562529    -0.1368765    0.150938    -0.1164975    -0.1720557    -0.1557225    0.1586164    -0.02924275    1    0.1079617    -0.7953458    -0.00102924    0.2080969    0.2049509    0.06962405    -0.1686509    -0.1985934
0.01777145    0.01488508    -0.04860138    0.1535234    -0.1477867    0.2534376    -0.09356408    -0.08739058    0.1121582    -0.008189513    0.1154656    -0.1901161    -8.592335e-05    0.05824289    -0.04217259    -0.7679929    0.1079617    1    0.1316883    -0.5109379    -0.1119365    0.1516252    0.2342949    -0.00257519    -0.1629554
-0.2867117    0.1842047    0.1589308    -0.1517404    -0.08324705    0.1030343    -0.03907697    -0.05263141    -0.07739028    0.03009229    -0.05792197    -0.01125927    0.0286894    0.1825609    -0.06947388    -0.06677109    -0.7953458    0.1316883    1    -0.4126565    -0.1252317    -0.1493414    0.01667326    0.209565    0.03025788
-0.2563204    0.2306816    0.2982804    -0.3613623    -0.06322931    0.1987496    -0.1612878    -0.08599796    -0.2853351    -0.01031957    -0.354554    0.2300798    0.4328558    -0.0907529    -0.04727018    0.04839401    -0.00102924    -0.5109379    -0.4126565    1    -0.1366654    -0.2289595    -0.3127944    0.05231337    0.5458367
0.07576    -0.1082424    -0.2231514    0.3119352    0.05862998    -0.2415873    -0.03935591    0.1851766    0.2159473    -0.1043738    0.01053487    0.01937432    -0.06063691    -0.123196    0.1560991    0.1025333    0.2080969    -0.1119365    -0.1252317    -0.1366654    1    -0.1695333    -0.5201249    0.02960654    -0.1103101
0.3070047    -0.3238391    -0.2249255    0.3974615    0.1600666    -0.09278759    0.1721633    -0.0386227    0.2320248    -0.04284979    0.4188661    -0.1344757    -0.3039652    0.071822    -0.1739627    0.004477448    0.2049509    0.1516252    -0.1493414    -0.2289595    -0.1695333    1    0.31856    -0.6899216    -0.2298555
0.3615231    -0.3799616    -0.1365065    0.2845332    0.1917784    0.0001420806    0.2889605    -0.05580821    0.05912311    0.05636041    0.4076123    -0.05706242    -0.4065637    0.05467499    -0.1017459    -0.03226401    0.06962405    0.2342949    0.01667326    -0.3127944    -0.5201249    0.31856    1    -0.1292416    -0.6212203
-0.1579861    0.1865256    0.238625    -0.3268592    -0.2057369    0.1183099    -0.03706128    0.008868603    -0.1318994    -0.1017023    -0.2009165    0.1003826    0.107524    0.04580796    0.1181678    -0.01944884    -0.1686509    -0.00257519    0.209565    0.05231337    0.02960654    -0.6899216    -0.1292416    1    -0.1871279
-0.4639171    0.5604814    0.3048931    -0.5720202    -0.3151102    0.2459549    -0.3210472    -0.1057828    -0.2643116    -0.02072733    -0.5137693    0.06306202    0.5708711    -0.004264685    -0.01912225    -0.1017338    -0.1985934    -0.1629554    0.03025788    0.5458367    -0.1103101    -0.2298555    -0.6212203    -0.1871279    1
