1    0.1513493    -0.04186283    0.1138702    -0.4404941    -0.2762436    -0.3927455    -0.3605511    -0.05118488    0.5188484    -0.06721488    0.3118387    0.298431    -0.1891513    -0.3577419
0.1513493    1    0.3110405    -0.5531649    -0.1947917    -0.1231363    -0.3601325    -0.325211    0.09633656    0.3574168    0.2314838    0.1521325    0.06396901    -0.2129603    -0.2221081
-0.04186283    0.3110405    1    0.02341418    -0.5469089    -0.1087236    -0.1677257    -0.1243471    0.03750581    0.223326    0.06727981    0.2047184    0.2051715    -0.1682447    -0.2551123
0.1138702    -0.5531649    0.02341418    1    -0.1764102    0.03375572    0.1892695    0.1461957    -0.09229678    -0.1343573    -0.1182929    0.02340154    -0.0293974    -0.001942373    0.1184331
-0.4404941    -0.1947917    -0.5469089    -0.1764102    1    0.2539222    0.4574301    0.36838    -0.0489867    -0.5291965    0.0326607    -0.3410704    -0.4091885    0.1665598    0.4504284
-0.2762436    -0.1231363    -0.1087236    0.03375572    0.2539222    1    0.1979651    -0.2026812    0.04494793    -0.3147692    -0.01538482    -0.07815868    -0.1635557    0.05518994    0.2428602
-0.3927455    -0.3601325    -0.1677257    0.1892695    0.4574301    0.1979651    1    0.5732349    -0.4063721    -0.5893912    -0.120654    -0.3574428    -0.347758    0.2257327    0.5105827
-0.3605511    -0.325211    -0.1243471    0.1461957    0.36838    -0.2026812    0.5732349    1    -0.126535    -0.6835069    -0.07421367    -0.3785675    -0.3129181    0.2420963    0.4375451
-0.05118488    0.09633656    0.03750581    -0.09229678    -0.0489867    0.04494793    -0.4063721    -0.126535    1    -0.2139703    -0.01559102    0.04938437    -0.007467177    -0.04098368    0.05619671
0.5188484    0.3574168    0.223326    -0.1343573    -0.5291965    -0.3147692    -0.5893912    -0.6835069    -0.2139703    1    0.03764703    0.3937102    0.4523227    -0.2221688    -0.5866963
-0.06721488    0.2314838    0.06727981    -0.1182929    0.0326607    -0.01538482    -0.120654    -0.07421367    -0.01559102    0.03764703    1    -0.1695333    -0.5201249    0.02960654    -0.1103101
0.3118387    0.1521325    0.2047184    0.02340154    -0.3410704    -0.07815868    -0.3574428    -0.3785675    0.04938437    0.3937102    -0.1695333    1    0.31856    -0.6899216    -0.2298555
0.298431    0.06396901    0.2051715    -0.0293974    -0.4091885    -0.1635557    -0.347758    -0.3129181    -0.007467177    0.4523227    -0.5201249    0.31856    1    -0.1292416    -0.6212203
-0.1891513    -0.2129603    -0.1682447    -0.001942373    0.1665598    0.05518994    0.2257327    0.2420963    -0.04098368    -0.2221688    0.02960654    -0.6899216    -0.1292416    1    -0.1871279
-0.3577419    -0.2221081    -0.2551123    0.1184331    0.4504284    0.2428602    0.5105827    0.4375451    0.05619671    -0.5866963    -0.1103101    -0.2298555    -0.6212203    -0.1871279    1
