1    0.1513493    -0.04186283    0.1138702    -0.4404941    -0.04196172    0.2185439    0.4005672    -0.009407526    -0.4653593    0.1510257    0.08857093    0.02743182    -0.04951642    -0.2673298    -0.06721488    0.3118387    0.298431    -0.1891513    -0.3577419
0.1513493    1    0.3110405    -0.5531649    -0.1947917    -0.2224218    0.4129821    0.3361234    -0.279038    -0.210254    -0.03541412    0.2148022    0.0349874    -0.147942    -0.1475519    0.2314838    0.1521325    0.06396901    -0.2129603    -0.2221081
-0.04186283    0.3110405    1    0.02341418    -0.5469089    -0.1222153    0.1764339    0.2929275    -0.07543709    -0.2406615    -0.156519    0.09357281    0.237302    -0.05526001    -0.2077004    0.06727981    0.2047184    0.2051715    -0.1682447    -0.2551123
0.1138702    -0.5531649    0.02341418    1    -0.1764102    0.1563048    -0.2523861    -0.09629174    0.1676458    0.04479959    0.02363809    -0.1205562    0.01855863    0.04160981    0.05916082    -0.1182929    0.02340154    -0.0293974    -0.001942373    0.1184331
-0.4404941    -0.1947917    -0.5469089    -0.1764102    1    0.06564911    -0.3022809    -0.4637806    0.08706953    0.4814108    0.01538548    -0.1106459    -0.1867405    0.03943859    0.3042839    0.0326607    -0.3410704    -0.4091885    0.1665598    0.4504284
-0.04196172    -0.2224218    -0.1222153    0.1563048    0.06564911    1    -0.1279048    -0.6774055    0.1253901    0.1332067    0.04794375    -0.1439852    -0.004061445    0.125554    0.05369422    -0.1398583    -0.05648051    -0.03413259    0.07970277    0.1417612
0.2185439    0.4129821    0.1764339    -0.2523861    -0.3022809    -0.1279048    1    0.1886508    -0.7521571    -0.1450584    0.1397837    0.240041    -0.04872161    -0.1268014    -0.2908317    0.2843231    0.12132    0.1000583    -0.1612587    -0.3361957
0.4005672    0.3361234    0.2929275    -0.09629174    -0.4637806    -0.6774055    0.1886508    1    -0.1060445    -0.6383874    0.06229749    0.1997892    0.07963972    -0.1142297    -0.3333412    0.1201479    0.3242956    0.3269882    -0.2036121    -0.4911264
-0.009407526    -0.279038    -0.07543709    0.1676458    0.08706953    0.1253901    -0.7521571    -0.1060445    1    -0.2244778    -0.1033656    -0.1306142    0.12628    0.06605386    0.1056116    -0.285462    0.03982187    0.09504126    0.06858309    0.08642998
-0.4653593    -0.210254    -0.2406615    0.04479959    0.4814108    0.1332067    -0.1450584    -0.6383874    -0.2244778    1    -0.08260667    -0.1369911    -0.1307479    0.06188242    0.3631581    0.02046178    -0.3364922    -0.3877354    0.1986198    0.4750686
0.1510257    -0.03541412    -0.156519    0.02363809    0.01538548    0.04794375    0.1397837    0.06229749    -0.1033656    -0.08260667    1    -0.02924275    -0.7679929    -0.06677109    0.04839401    0.1025333    0.004477448    -0.03226401    -0.01944884    -0.1017338
0.08857093    0.2148022    0.09357281    -0.1205562    -0.1106459    -0.1439852    0.240041    0.1997892    -0.1306142    -0.1369911    -0.02924275    1    0.1079617    -0.7953458    -0.00102924    0.2080969    0.2049509    0.06962405    -0.1686509    -0.1985934
0.02743182    0.0349874    0.237302    0.01855863    -0.1867405    -0.004061445    -0.04872161    0.07963972    0.12628    -0.1307479    -0.7679929    0.1079617    1    0.1316883    -0.5109379    -0.1119365    0.1516252    0.2342949    -0.00257519    -0.1629554
-0.04951642    -0.147942    -0.05526001    0.04160981    0.03943859    0.125554    -0.1268014    -0.1142297    0.06605386    0.06188242    -0.06677109    -0.7953458    0.1316883    1    -0.4126565    -0.1252317    -0.1493414    0.01667326    0.209565    0.03025788
-0.2673298    -0.1475519    -0.2077004    0.05916082    0.3042839    0.05369422    -0.2908317    -0.3333412    0.1056116    0.3631581    0.04839401    -0.00102924    -0.5109379    -0.4126565    1    -0.1366654    -0.2289595    -0.3127944    0.05231337    0.5458367
-0.06721488    0.2314838    0.06727981    -0.1182929    0.0326607    -0.1398583    0.2843231    0.1201479    -0.285462    0.02046178    0.1025333    0.2080969    -0.1119365    -0.1252317    -0.1366654    1    -0.1695333    -0.5201249    0.02960654    -0.1103101
0.3118387    0.1521325    0.2047184    0.02340154    -0.3410704    -0.05648051    0.12132    0.3242956    0.03982187    -0.3364922    0.004477448    0.2049509    0.1516252    -0.1493414    -0.2289595    -0.1695333    1    0.31856    -0.6899216    -0.2298555
0.298431    0.06396901    0.2051715    -0.0293974    -0.4091885    -0.03413259    0.1000583    0.3269882    0.09504126    -0.3877354    -0.03226401    0.06962405    0.2342949    0.01667326    -0.3127944    -0.5201249    0.31856    1    -0.1292416    -0.6212203
-0.1891513    -0.2129603    -0.1682447    -0.001942373    0.1665598    0.07970277    -0.1612587    -0.2036121    0.06858309    0.1986198    -0.01944884    -0.1686509    -0.00257519    0.209565    0.05231337    0.02960654    -0.6899216    -0.1292416    1    -0.1871279
-0.3577419    -0.2221081    -0.2551123    0.1184331    0.4504284    0.1417612    -0.3361957    -0.4911264    0.08642998    0.4750686    -0.1017338    -0.1985934    -0.1629554    0.03025788    0.5458367    -0.1103101    -0.2298555    -0.6212203    -0.1871279    1
