1    0.1513493    -0.04186283    0.1138702    -0.4404941    -0.1250048    0.3346184    0.4258399    -0.02772634    -0.5281547    -0.06721488    0.3118387    0.298431    -0.1891513    -0.3577419
0.1513493    1    0.3110405    -0.5531649    -0.1947917    -0.1453244    0.4656111    0.3009495    -0.2547298    -0.2476685    0.2314838    0.1521325    0.06396901    -0.2129603    -0.2221081
-0.04186283    0.3110405    1    0.02341418    -0.5469089    0.004329544    0.2808048    0.1346034    -0.178977    -0.1436472    0.06727981    0.2047184    0.2051715    -0.1682447    -0.2551123
0.1138702    -0.5531649    0.02341418    1    -0.1764102    0.08404829    -0.2005385    -0.1173335    0.1302944    0.04544528    -0.1182929    0.02340154    -0.0293974    -0.001942373    0.1184331
-0.4404941    -0.1947917    -0.5469089    -0.1764102    1    0.07410789    -0.4551689    -0.386305    0.1687628    0.447782    0.0326607    -0.3410704    -0.4091885    0.1665598    0.4504284
-0.1250048    -0.1453244    0.004329544    0.08404829    0.07410789    1    -0.2099838    -0.639589    0.2021948    0.148635    0.04781474    -0.2088851    -0.1395838    0.2387938    0.06913171
0.3346184    0.4656111    0.2808048    -0.2005385    -0.4551689    -0.2099838    1    0.2976746    -0.6280262    -0.2447407    0.1617192    0.2802645    0.2271709    -0.2999532    -0.3852976
0.4258399    0.3009495    0.1346034    -0.1173335    -0.386305    -0.639589    0.2976746    1    -0.2405214    -0.6202122    -0.02860273    0.3125755    0.288282    -0.284064    -0.3151221
-0.02772634    -0.2547298    -0.178977    0.1302944    0.1687628    0.2021948    -0.6280262    -0.2405214    1    -0.2275061    -0.1296728    -0.1860809    -0.09989825    0.237168    0.1588193
-0.5281547    -0.2476685    -0.1436472    0.04544528    0.447782    0.148635    -0.2447407    -0.6202122    -0.2275061    1    0.06738316    -0.2267224    -0.2758775    0.1636665    0.3369682
-0.06721488    0.2314838    0.06727981    -0.1182929    0.0326607    0.04781474    0.1617192    -0.02860273    -0.1296728    0.06738316    1    -0.1695333    -0.5201249    0.02960654    -0.1103101
0.3118387    0.1521325    0.2047184    0.02340154    -0.3410704    -0.2088851    0.2802645    0.3125755    -0.1860809    -0.2267224    -0.1695333    1    0.31856    -0.6899216    -0.2298555
0.298431    0.06396901    0.2051715    -0.0293974    -0.4091885    -0.1395838    0.2271709    0.288282    -0.09989825    -0.2758775    -0.5201249    0.31856    1    -0.1292416    -0.6212203
-0.1891513    -0.2129603    -0.1682447    -0.001942373    0.1665598    0.2387938    -0.2999532    -0.284064    0.237168    0.1636665    0.02960654    -0.6899216    -0.1292416    1    -0.1871279
-0.3577419    -0.2221081    -0.2551123    0.1184331    0.4504284    0.06913171    -0.3852976    -0.3151221    0.1588193    0.3369682    -0.1103101    -0.2298555    -0.6212203    -0.1871279    1
