1    0.3622799    -0.1455975    -0.1322459    -0.4410096    0.5063133    -0.5534517    -0.3616014    0.5228442    0.4372357    -0.07593569    0.1918384    -0.01108624    0.2504266    0.09570768    0.139898    0.2160642    -0.02851578    -0.1595676    -0.1793967    -0.00359042    0.2919237    0.2872652    -0.2025634    -0.3597859
0.3622799    1    0.2804532    -0.6129492    -0.3164429    0.4520477    -0.4625392    -0.3980281    0.5126222    0.4007976    -0.003155187    0.03716415    -0.06350299    0.2792398    0.2260784    0.03547881    0.1438719    0.02888007    -0.1312835    -0.196459    0.09450101    0.2523997    0.2389863    -0.1969818    -0.3537875
-0.1455975    0.2804532    1    0.04304514    -0.4762449    0.1178813    -0.1565433    -0.1600493    0.2015165    0.2832781    0.1511009    -0.1094643    -0.16442    0.1602299    0.2305048    -0.05379917    -0.03155758    0.0217008    -0.01068291    -0.05729823    0.04181503    0.08177717    0.1008261    -0.1393957    -0.1155318
-0.1322459    -0.6129492    0.04304514    1    0.00847779    -0.339793    0.3109259    0.2256779    -0.2706705    -0.09113787    0.2106868    -0.1656527    -0.1038368    -0.1233859    -0.01366361    -0.02822586    -0.1331414    -0.02804326    0.06855556    0.1652051    -0.0934178    -0.1094504    -0.158696    0.02045839    0.2668642
-0.4410096    -0.3164429    -0.4762449    0.00847779    1    -0.5548652    0.5240634    0.3819007    -0.4540042    -0.4364238    -0.02525144    -0.1334685    0.08150928    -0.3112004    -0.0934451    -0.05251031    -0.1025164    -0.0001186742    0.09408819    0.1199733    0.007901699    -0.263207    -0.302945    0.1461762    0.3552441
0.5063133    0.4520477    0.1178813    -0.339793    -0.5548652    1    -0.5889263    -0.6905772    0.5508281    0.360491    -0.2389641    0.2833714    0.1895707    0.1829239    -0.0806811    0.09565436    0.3183604    0.01777145    -0.2867117    -0.2563204    0.07576    0.3070047    0.3615231    -0.1579861    -0.4639171
-0.5534517    -0.4625392    -0.1565433    0.3109259    0.5240634    -0.5889263    1    0.1292851    -0.7202416    -0.3259849    0.2331132    -0.363146    -0.08265612    -0.1742703    -0.02548945    -0.1150129    -0.2322074    0.01488508    0.1842047    0.2306816    -0.1082424    -0.3238391    -0.3799616    0.1865256    0.5604814
-0.3616014    -0.3980281    -0.1600493    0.2256779    0.3819007    -0.6905772    0.1292851    1    -0.5300982    -0.5326174    0.279567    -0.130264    -0.2233488    -0.1842051    0.003159246    -0.024449    -0.2131905    -0.04860138    0.1589308    0.2982804    -0.2231514    -0.2249255    -0.1365065    0.238625    0.3048931
0.5228442    0.5126222    0.2015165    -0.2706705    -0.4540042    0.5508281    -0.7202416    -0.5300982    1    0.3449104    -0.2227041    0.1948073    0.09042199    0.3432653    0.07723772    -0.03387832    0.2808475    0.1535234    -0.1517404    -0.3613623    0.3119352    0.3974615    0.2845332    -0.3268592    -0.5720202
0.4372357    0.4007976    0.2832781    -0.09113787    -0.4364238    0.360491    -0.3259849    -0.5326174    0.3449104    1    -0.1930885    0.1903133    0.1174637    0.06539742    0.1009064    0.1485514    0.05385965    -0.1477867    -0.08324705    -0.06322931    0.05862998    0.1600666    0.1917784    -0.2057369    -0.3151102
-0.07593569    -0.003155187    0.1511009    0.2106868    -0.02525144    -0.2389641    0.2331132    0.279567    -0.2227041    -0.1930885    1    -0.4774775    -0.4538181    0.1378426    0.1167466    -0.346434    -0.1287532    0.2534376    0.1030343    0.1987496    -0.2415873    -0.09278759    0.0001420806    0.1183099    0.2459549
0.1918384    0.03716415    -0.1094643    -0.1656527    -0.1334685    0.2833714    -0.363146    -0.130264    0.1948073    0.1903133    -0.4774775    1    -0.2704573    -0.27668    0.00682912    0.2246998    0.1072014    -0.09356408    -0.03907697    -0.1612878    -0.03935591    0.1721633    0.2889605    -0.03706128    -0.3210472
-0.01108624    -0.06350299    -0.16442    -0.1038368    0.08150928    0.1895707    -0.08265612    -0.2233488    0.09042199    0.1174637    -0.4538181    -0.2704573    1    -0.2854063    -0.3209596    0.05669743    0.08620986    -0.08739058    -0.05263141    -0.08599796    0.1851766    -0.0386227    -0.05580821    0.008868603    -0.1057828
0.2504266    0.2792398    0.1602299    -0.1233859    -0.3112004    0.1829239    -0.1742703    -0.1842051    0.3432653    0.06539742    0.1378426    -0.27668    -0.2854063    1    -0.1334371    0.09145173    0.1562529    0.1121582    -0.07739028    -0.2853351    0.2159473    0.2320248    0.05912311    -0.1318994    -0.2643116
0.09570768    0.2260784    0.2305048    -0.01366361    -0.0934451    -0.0806811    -0.02548945    0.003159246    0.07723772    0.1009064    0.1167466    0.00682912    -0.3209596    -0.1334371    1    -0.05820635    -0.1368765    -0.008189513    0.03009229    -0.01031957    -0.1043738    -0.04284979    0.05636041    -0.1017023    -0.02072733
0.139898    0.03547881    -0.05379917    -0.02822586    -0.05251031    0.09565436    -0.1150129    -0.024449    -0.03387832    0.1485514    -0.346434    0.2246998    0.05669743    0.09145173    -0.05820635    1    -0.02924275    -0.7679929    -0.06677109    0.04839401    0.1025333    0.004477448    -0.03226401    -0.01944884    -0.1017338
0.2160642    0.1438719    -0.03155758    -0.1331414    -0.1025164    0.3183604    -0.2322074    -0.2131905    0.2808475    0.05385965    -0.1287532    0.1072014    0.08620986    0.1562529    -0.1368765    -0.02924275    1    0.1079617    -0.7953458    -0.00102924    0.2080969    0.2049509    0.06962405    -0.1686509    -0.1985934
-0.02851578    0.02888007    0.0217008    -0.02804326    -0.0001186742    0.01777145    0.01488508    -0.04860138    0.1535234    -0.1477867    0.2534376    -0.09356408    -0.08739058    0.1121582    -0.008189513    -0.7679929    0.1079617    1    0.1316883    -0.5109379    -0.1119365    0.1516252    0.2342949    -0.00257519    -0.1629554
-0.1595676    -0.1312835    -0.01068291    0.06855556    0.09408819    -0.2867117    0.1842047    0.1589308    -0.1517404    -0.08324705    0.1030343    -0.03907697    -0.05263141    -0.07739028    0.03009229    -0.06677109    -0.7953458    0.1316883    1    -0.4126565    -0.1252317    -0.1493414    0.01667326    0.209565    0.03025788
-0.1793967    -0.196459    -0.05729823    0.1652051    0.1199733    -0.2563204    0.2306816    0.2982804    -0.3613623    -0.06322931    0.1987496    -0.1612878    -0.08599796    -0.2853351    -0.01031957    0.04839401    -0.00102924    -0.5109379    -0.4126565    1    -0.1366654    -0.2289595    -0.3127944    0.05231337    0.5458367
-0.00359042    0.09450101    0.04181503    -0.0934178    0.007901699    0.07576    -0.1082424    -0.2231514    0.3119352    0.05862998    -0.2415873    -0.03935591    0.1851766    0.2159473    -0.1043738    0.1025333    0.2080969    -0.1119365    -0.1252317    -0.1366654    1    -0.1695333    -0.5201249    0.02960654    -0.1103101
0.2919237    0.2523997    0.08177717    -0.1094504    -0.263207    0.3070047    -0.3238391    -0.2249255    0.3974615    0.1600666    -0.09278759    0.1721633    -0.0386227    0.2320248    -0.04284979    0.004477448    0.2049509    0.1516252    -0.1493414    -0.2289595    -0.1695333    1    0.31856    -0.6899216    -0.2298555
0.2872652    0.2389863    0.1008261    -0.158696    -0.302945    0.3615231    -0.3799616    -0.1365065    0.2845332    0.1917784    0.0001420806    0.2889605    -0.05580821    0.05912311    0.05636041    -0.03226401    0.06962405    0.2342949    0.01667326    -0.3127944    -0.5201249    0.31856    1    -0.1292416    -0.6212203
-0.2025634    -0.1969818    -0.1393957    0.02045839    0.1461762    -0.1579861    0.1865256    0.238625    -0.3268592    -0.2057369    0.1183099    -0.03706128    0.008868603    -0.1318994    -0.1017023    -0.01944884    -0.1686509    -0.00257519    0.209565    0.05231337    0.02960654    -0.6899216    -0.1292416    1    -0.1871279
-0.3597859    -0.3537875    -0.1155318    0.2668642    0.3552441    -0.4639171    0.5604814    0.3048931    -0.5720202    -0.3151102    0.2459549    -0.3210472    -0.1057828    -0.2643116    -0.02072733    -0.1017338    -0.1985934    -0.1629554    0.03025788    0.5458367    -0.1103101    -0.2298555    -0.6212203    -0.1871279    1
