1    -0.5889263    -0.6905772    0.5508281    0.360491    -0.2389641    0.2833714    0.1895707    0.1829239    -0.0806811    -0.1645904    0.5531451    0.5248707    -0.2029295    -0.5040317    0.09565436    0.3183604    0.01777145    -0.2867117    -0.2563204    0.07576    0.3070047    0.3615231    -0.1579861    -0.4639171
-0.5889263    1    0.1292851    -0.7202416    -0.3259849    0.2331132    -0.363146    -0.08265612    -0.1742703    -0.02548945    0.2303093    -0.5953343    -0.5368531    0.2950694    0.4650727    -0.1150129    -0.2322074    0.01488508    0.1842047    0.2306816    -0.1082424    -0.3238391    -0.3799616    0.1865256    0.5604814
-0.6905772    0.1292851    1    -0.5300982    -0.5326174    0.279567    -0.130264    -0.2233488    -0.1842051    0.003159246    0.1292578    -0.4942514    -0.3910799    0.2045716    0.3690156    -0.024449    -0.2131905    -0.04860138    0.1589308    0.2982804    -0.2231514    -0.2249255    -0.1365065    0.238625    0.3048931
0.5508281    -0.7202416    -0.5300982    1    0.3449104    -0.2227041    0.1948073    0.09042199    0.3432653    0.07723772    -0.1326109    0.636344    0.4567056    -0.3061928    -0.4317732    -0.03387832    0.2808475    0.1535234    -0.1517404    -0.3613623    0.3119352    0.3974615    0.2845332    -0.3268592    -0.5720202
0.360491    -0.3259849    -0.5326174    0.3449104    1    -0.1930885    0.1903133    0.1174637    0.06539742    0.1009064    -0.3203356    0.4123334    0.5289911    -0.2348385    -0.3913375    0.1485514    0.05385965    -0.1477867    -0.08324705    -0.06322931    0.05862998    0.1600666    0.1917784    -0.2057369    -0.3151102
-0.2389641    0.2331132    0.279567    -0.2227041    -0.1930885    1    -0.4774775    -0.4538181    0.1378426    0.1167466    0.03191581    -0.2661103    -0.149844    0.08531917    0.1657282    -0.346434    -0.1287532    0.2534376    0.1030343    0.1987496    -0.2415873    -0.09278759    0.0001420806    0.1183099    0.2459549
0.2833714    -0.363146    -0.130264    0.1948073    0.1903133    -0.4774775    1    -0.2704573    -0.27668    0.00682912    -0.1593215    0.2310029    0.3075514    -0.0520871    -0.2738797    0.2246998    0.1072014    -0.09356408    -0.03907697    -0.1612878    -0.03935591    0.1721633    0.2889605    -0.03706128    -0.3210472
0.1895707    -0.08265612    -0.2233488    0.09042199    0.1174637    -0.4538181    -0.2704573    1    -0.2854063    -0.3209596    -0.02121337    0.1091181    0.0292429    -0.07041392    0.006745371    0.05669743    0.08620986    -0.08739058    -0.05263141    -0.08599796    0.1851766    -0.0386227    -0.05580821    0.008868603    -0.1057828
0.1829239    -0.1742703    -0.1842051    0.3432653    0.06539742    0.1378426    -0.27668    -0.2854063    1    -0.1334371    0.05800028    0.203825    0.08554358    -0.1295012    -0.1161527    0.09145173    0.1562529    0.1121582    -0.07739028    -0.2853351    0.2159473    0.2320248    0.05912311    -0.1318994    -0.2643116
-0.0806811    -0.02548945    0.003159246    0.07723772    0.1009064    0.1167466    0.00682912    -0.3209596    -0.1334371    1    0.006607309    0.08772347    0.05285874    -0.02063207    -0.101752    -0.05820635    -0.1368765    -0.008189513    0.03009229    -0.01031957    -0.1043738    -0.04284979    0.05636041    -0.1017023    -0.02072733
-0.1645904    0.2303093    0.1292578    -0.1326109    -0.3203356    0.03191581    -0.1593215    -0.02121337    0.05800028    0.006607309    1    -0.2099838    -0.639589    0.2021948    0.148635    -0.005411848    -0.1808065    0.04850935    0.2435762    -0.07938448    0.04781474    -0.2088851    -0.1395838    0.2387938    0.06913171
0.5531451    -0.5953343    -0.4942514    0.636344    0.4123334    -0.2661103    0.2310029    0.1091181    0.203825    0.08772347    -0.2099838    1    0.2976746    -0.6280262    -0.2447407    0.01626234    0.2812576    0.0155833    -0.2764792    -0.1999805    0.1617192    0.2802645    0.2271709    -0.2999532    -0.3852976
0.5248707    -0.5368531    -0.3910799    0.4567056    0.5289911    -0.149844    0.3075514    0.0292429    0.08554358    0.05285874    -0.639589    0.2976746    1    -0.2405214    -0.6202122    0.1173663    0.1385006    -0.1184172    -0.2032262    -0.05610362    -0.02860273    0.3125755    0.288282    -0.284064    -0.3151221
-0.2029295    0.2950694    0.2045716    -0.3061928    -0.2348385    0.08531917    -0.0520871    -0.07041392    -0.1295012    -0.02063207    0.2021948    -0.6280262    -0.2405214    1    -0.2275061    0.1295151    -0.2764748    -0.07166925    0.2709526    0.04651345    -0.1296728    -0.1860809    -0.09989825    0.237168    0.1588193
-0.5040317    0.4650727    0.3690156    -0.4317732    -0.3913375    0.1657282    -0.2738797    0.006745371    -0.1161527    -0.101752    0.148635    -0.2447407    -0.6202122    -0.2275061    1    -0.1877172    0.01859176    0.07609228    0.03461547    0.1754152    0.06738316    -0.2267224    -0.2758775    0.1636665    0.3369682
0.09565436    -0.1150129    -0.024449    -0.03387832    0.1485514    -0.346434    0.2246998    0.05669743    0.09145173    -0.05820635    -0.005411848    0.01626234    0.1173663    0.1295151    -0.1877172    1    -0.02924275    -0.7679929    -0.06677109    0.04839401    0.1025333    0.004477448    -0.03226401    -0.01944884    -0.1017338
0.3183604    -0.2322074    -0.2131905    0.2808475    0.05385965    -0.1287532    0.1072014    0.08620986    0.1562529    -0.1368765    -0.1808065    0.2812576    0.1385006    -0.2764748    0.01859176    -0.02924275    1    0.1079617    -0.7953458    -0.00102924    0.2080969    0.2049509    0.06962405    -0.1686509    -0.1985934
0.01777145    0.01488508    -0.04860138    0.1535234    -0.1477867    0.2534376    -0.09356408    -0.08739058    0.1121582    -0.008189513    0.04850935    0.0155833    -0.1184172    -0.07166925    0.07609228    -0.7679929    0.1079617    1    0.1316883    -0.5109379    -0.1119365    0.1516252    0.2342949    -0.00257519    -0.1629554
-0.2867117    0.1842047    0.1589308    -0.1517404    -0.08324705    0.1030343    -0.03907697    -0.05263141    -0.07739028    0.03009229    0.2435762    -0.2764792    -0.2032262    0.2709526    0.03461547    -0.06677109    -0.7953458    0.1316883    1    -0.4126565    -0.1252317    -0.1493414    0.01667326    0.209565    0.03025788
-0.2563204    0.2306816    0.2982804    -0.3613623    -0.06322931    0.1987496    -0.1612878    -0.08599796    -0.2853351    -0.01031957    -0.07938448    -0.1999805    -0.05610362    0.04651345    0.1754152    0.04839401    -0.00102924    -0.5109379    -0.4126565    1    -0.1366654    -0.2289595    -0.3127944    0.05231337    0.5458367
0.07576    -0.1082424    -0.2231514    0.3119352    0.05862998    -0.2415873    -0.03935591    0.1851766    0.2159473    -0.1043738    0.04781474    0.1617192    -0.02860273    -0.1296728    0.06738316    0.1025333    0.2080969    -0.1119365    -0.1252317    -0.1366654    1    -0.1695333    -0.5201249    0.02960654    -0.1103101
0.3070047    -0.3238391    -0.2249255    0.3974615    0.1600666    -0.09278759    0.1721633    -0.0386227    0.2320248    -0.04284979    -0.2088851    0.2802645    0.3125755    -0.1860809    -0.2267224    0.004477448    0.2049509    0.1516252    -0.1493414    -0.2289595    -0.1695333    1    0.31856    -0.6899216    -0.2298555
0.3615231    -0.3799616    -0.1365065    0.2845332    0.1917784    0.0001420806    0.2889605    -0.05580821    0.05912311    0.05636041    -0.1395838    0.2271709    0.288282    -0.09989825    -0.2758775    -0.03226401    0.06962405    0.2342949    0.01667326    -0.3127944    -0.5201249    0.31856    1    -0.1292416    -0.6212203
-0.1579861    0.1865256    0.238625    -0.3268592    -0.2057369    0.1183099    -0.03706128    0.008868603    -0.1318994    -0.1017023    0.2387938    -0.2999532    -0.284064    0.237168    0.1636665    -0.01944884    -0.1686509    -0.00257519    0.209565    0.05231337    0.02960654    -0.6899216    -0.1292416    1    -0.1871279
-0.4639171    0.5604814    0.3048931    -0.5720202    -0.3151102    0.2459549    -0.3210472    -0.1057828    -0.2643116    -0.02072733    0.06913171    -0.3852976    -0.3151221    0.1588193    0.3369682    -0.1017338    -0.1985934    -0.1629554    0.03025788    0.5458367    -0.1103101    -0.2298555    -0.6212203    -0.1871279    1
