1    0.1513493    -0.04186283    0.1138702    -0.4404941    0.1510257    0.08857093    0.02743182    -0.04951642    -0.2673298    0.08574205    -0.2308902    -0.2471149    -0.01569425    0.2104528    -0.06721488    0.3118387    0.298431    -0.1891513    -0.3577419
0.1513493    1    0.3110405    -0.5531649    -0.1947917    -0.03541412    0.2148022    0.0349874    -0.147942    -0.1475519    -0.02231803    0.05890786    -0.04999503    -0.147254    0.001258584    0.2314838    0.1521325    0.06396901    -0.2129603    -0.2221081
-0.04186283    0.3110405    1    0.02341418    -0.5469089    -0.156519    0.09357281    0.237302    -0.05526001    -0.2077004    -0.1132208    0.005763795    0.02327553    -0.0653014    0.04842387    0.06727981    0.2047184    0.2051715    -0.1682447    -0.2551123
0.1138702    -0.5531649    0.02341418    1    -0.1764102    0.02363809    -0.1205562    0.01855863    0.04160981    0.05916082    0.05036288    -0.1008303    0.03448778    0.111834    -0.07296873    -0.1182929    0.02340154    -0.0293974    -0.001942373    0.1184331
-0.4404941    -0.1947917    -0.5469089    -0.1764102    1    0.01538548    -0.1106459    -0.1867405    0.03943859    0.3042839    0.02696653    0.2255082    0.1994215    0.005863453    -0.3245583    0.0326607    -0.3410704    -0.4091885    0.1665598    0.4504284
0.1510257    -0.03541412    -0.156519    0.02363809    0.01538548    1    -0.02924275    -0.7679929    -0.06677109    0.04839401    0.1359641    -0.133965    -0.2357113    0.008519248    0.1024409    0.1025333    0.004477448    -0.03226401    -0.01944884    -0.1017338
0.08857093    0.2148022    0.09357281    -0.1205562    -0.1106459    -0.02924275    1    0.1079617    -0.7953458    -0.00102924    0.08440995    0.1791152    -0.1302238    -0.2143533    0.08086897    0.2080969    0.2049509    0.06962405    -0.1686509    -0.1985934
0.02743182    0.0349874    0.237302    0.01855863    -0.1867405    -0.7679929    0.1079617    1    0.1316883    -0.5109379    -0.1516996    -0.008803366    0.1607767    0.05028385    -0.01365352    -0.1119365    0.1516252    0.2342949    -0.00257519    -0.1629554
-0.04951642    -0.147942    -0.05526001    0.04160981    0.03943859    -0.06677109    -0.7953458    0.1316883    1    -0.4126565    -0.1816932    -0.198408    0.1929307    0.2623063    -0.1127611    -0.1252317    -0.1493414    0.01667326    0.209565    0.03025788
-0.2673298    -0.1475519    -0.2077004    0.05916082    0.3042839    0.04839401    -0.00102924    -0.5109379    -0.4126565    1    0.1858581    0.1729675    -0.03907111    -0.06706841    0.01530503    -0.1366654    -0.2289595    -0.3127944    0.05231337    0.5458367
0.08574205    -0.02231803    -0.1132208    0.05036288    0.02696653    0.1359641    0.08440995    -0.1516996    -0.1816932    0.1858581    1    0.07115773    -0.753966    -0.2154147    0.2245231    -0.1593928    -0.01482318    0.1025115    0.05578445    -0.01495589
-0.2308902    0.05890786    0.005763795    -0.1008303    0.2255082    -0.133965    0.1791152    -0.008803366    -0.198408    0.1729675    0.07115773    1    0.1314665    -0.7719863    -0.03932459    0.05175884    -0.06538345    -0.1212452    -0.05653248    0.1761099
-0.2471149    -0.04999503    0.02327553    0.03448778    0.1994215    -0.2357113    -0.1302238    0.1607767    0.1929307    -0.03907111    -0.753966    0.1314665    1    0.1821551    -0.6517384    0.1435445    -0.2101307    -0.2986137    -0.004989105    0.2969688
-0.01569425    -0.147254    -0.0653014    0.111834    0.005863453    0.008519248    -0.2143533    0.05028385    0.2623063    -0.06706841    -0.2154147    -0.7719863    0.1821551    1    -0.3665983    -0.03855978    -0.1154704    -0.09270025    0.1272095    0.1055661
0.2104528    0.001258584    0.04842387    -0.07296873    -0.3245583    0.1024409    0.08086897    -0.01365352    -0.1127611    0.01530503    0.2245231    -0.03932459    -0.6517384    -0.3665983    1    -0.1812248    0.2664955    0.3694337    0.001347907    -0.3002373
-0.06721488    0.2314838    0.06727981    -0.1182929    0.0326607    0.1025333    0.2080969    -0.1119365    -0.1252317    -0.1366654    -0.1593928    0.05175884    0.1435445    -0.03855978    -0.1812248    1    -0.1695333    -0.5201249    0.02960654    -0.1103101
0.3118387    0.1521325    0.2047184    0.02340154    -0.3410704    0.004477448    0.2049509    0.1516252    -0.1493414    -0.2289595    -0.01482318    -0.06538345    -0.2101307    -0.1154704    0.2664955    -0.1695333    1    0.31856    -0.6899216    -0.2298555
0.298431    0.06396901    0.2051715    -0.0293974    -0.4091885    -0.03226401    0.06962405    0.2342949    0.01667326    -0.3127944    0.1025115    -0.1212452    -0.2986137    -0.09270025    0.3694337    -0.5201249    0.31856    1    -0.1292416    -0.6212203
-0.1891513    -0.2129603    -0.1682447    -0.001942373    0.1665598    -0.01944884    -0.1686509    -0.00257519    0.209565    0.05231337    0.05578445    -0.05653248    -0.004989105    0.1272095    0.001347907    0.02960654    -0.6899216    -0.1292416    1    -0.1871279
-0.3577419    -0.2221081    -0.2551123    0.1184331    0.4504284    -0.1017338    -0.1985934    -0.1629554    0.03025788    0.5458367    -0.01495589    0.1761099    0.2969688    0.1055661    -0.3002373    -0.1103101    -0.2298555    -0.6212203    -0.1871279    1
