1    -0.008402032    -0.4408461    0.009183726    -0.2630833    0.3579397    -0.4293591    -0.1670398    0.3587775    0.1607151    -0.01403835    0.2872353    -0.08341219    0.2089653    -0.1097699    0.09856979    0.09413694    0.03180333    -0.01076549    -0.2206541    -0.01943429    0.2154607    0.2882255    -0.01054724    -0.3817952
-0.008402032    1    0.01415365    -0.5127982    -0.1166718    0.1064311    -0.1018525    -0.08676724    0.04487633    0.1288565    -0.3637393    0.2572721    0.289419    -0.2964031    -0.1419149    0.004036807    0.09743365    -0.02957366    -0.07928963    0.001043076    0.1426165    0.01143262    0.002587421    -0.01105447    -0.08863271
-0.4408461    0.01415365    1    -0.01183016    -0.4399315    0.059817    0.03325154    -0.09053918    -0.0503939    0.08754101    -0.395718    0.2124994    0.2930505    -0.2498809    -0.09875748    0.1622114    0.009726039    -0.1224444    0.002074474    -0.04838822    0.004642356    0.05781961    0.02954249    -0.04392691    -0.05797846
0.009183726    -0.5127982    -0.01183016    1    -0.3565121    0.231724    -0.2090606    -0.2050881    0.242608    0.08229772    -0.04506559    0.0635124    0.01955087    0.2663083    -0.05989708    0.08713908    0.085708    0.05411616    -0.03191072    -0.2168831    0.02724732    0.1117772    0.1280978    -0.05002053    -0.2139211
-0.2630833    -0.1166718    -0.4399315    -0.3565121    1    -0.4080024    0.3892991    0.3135333    -0.3290313    -0.2811398    0.4613514    -0.4368626    -0.3079488    0.0003364016    0.2308667    -0.2636444    -0.1522497    0.08699514    0.04357828    0.282565    -0.1156391    -0.1770265    -0.2359823    0.02385854    0.4229707
0.3579397    0.1064311    0.059817    0.231724    -0.4080024    1    -0.5889263    -0.6905772    0.5508281    0.360491    -0.2389641    0.2833714    0.1895707    0.1829239    -0.0806811    0.09565436    0.3183604    0.01777145    -0.2867117    -0.2563204    0.07576    0.3070047    0.3615231    -0.1579861    -0.4639171
-0.4293591    -0.1018525    0.03325154    -0.2090606    0.3892991    -0.5889263    1    0.1292851    -0.7202416    -0.3259849    0.2331132    -0.363146    -0.08265612    -0.1742703    -0.02548945    -0.1150129    -0.2322074    0.01488508    0.1842047    0.2306816    -0.1082424    -0.3238391    -0.3799616    0.1865256    0.5604814
-0.1670398    -0.08676724    -0.09053918    -0.2050881    0.3135333    -0.6905772    0.1292851    1    -0.5300982    -0.5326174    0.279567    -0.130264    -0.2233488    -0.1842051    0.003159246    -0.024449    -0.2131905    -0.04860138    0.1589308    0.2982804    -0.2231514    -0.2249255    -0.1365065    0.238625    0.3048931
0.3587775    0.04487633    -0.0503939    0.242608    -0.3290313    0.5508281    -0.7202416    -0.5300982    1    0.3449104    -0.2227041    0.1948073    0.09042199    0.3432653    0.07723772    -0.03387832    0.2808475    0.1535234    -0.1517404    -0.3613623    0.3119352    0.3974615    0.2845332    -0.3268592    -0.5720202
0.1607151    0.1288565    0.08754101    0.08229772    -0.2811398    0.360491    -0.3259849    -0.5326174    0.3449104    1    -0.1930885    0.1903133    0.1174637    0.06539742    0.1009064    0.1485514    0.05385965    -0.1477867    -0.08324705    -0.06322931    0.05862998    0.1600666    0.1917784    -0.2057369    -0.3151102
-0.01403835    -0.3637393    -0.395718    -0.04506559    0.4613514    -0.2389641    0.2331132    0.279567    -0.2227041    -0.1930885    1    -0.4774775    -0.4538181    0.1378426    0.1167466    -0.346434    -0.1287532    0.2534376    0.1030343    0.1987496    -0.2415873    -0.09278759    0.0001420806    0.1183099    0.2459549
0.2872353    0.2572721    0.2124994    0.0635124    -0.4368626    0.2833714    -0.363146    -0.130264    0.1948073    0.1903133    -0.4774775    1    -0.2704573    -0.27668    0.00682912    0.2246998    0.1072014    -0.09356408    -0.03907697    -0.1612878    -0.03935591    0.1721633    0.2889605    -0.03706128    -0.3210472
-0.08341219    0.289419    0.2930505    0.01955087    -0.3079488    0.1895707    -0.08265612    -0.2233488    0.09042199    0.1174637    -0.4538181    -0.2704573    1    -0.2854063    -0.3209596    0.05669743    0.08620986    -0.08739058    -0.05263141    -0.08599796    0.1851766    -0.0386227    -0.05580821    0.008868603    -0.1057828
0.2089653    -0.2964031    -0.2498809    0.2663083    0.0003364016    0.1829239    -0.1742703    -0.1842051    0.3432653    0.06539742    0.1378426    -0.27668    -0.2854063    1    -0.1334371    0.09145173    0.1562529    0.1121582    -0.07739028    -0.2853351    0.2159473    0.2320248    0.05912311    -0.1318994    -0.2643116
-0.1097699    -0.1419149    -0.09875748    -0.05989708    0.2308667    -0.0806811    -0.02548945    0.003159246    0.07723772    0.1009064    0.1167466    0.00682912    -0.3209596    -0.1334371    1    -0.05820635    -0.1368765    -0.008189513    0.03009229    -0.01031957    -0.1043738    -0.04284979    0.05636041    -0.1017023    -0.02072733
0.09856979    0.004036807    0.1622114    0.08713908    -0.2636444    0.09565436    -0.1150129    -0.024449    -0.03387832    0.1485514    -0.346434    0.2246998    0.05669743    0.09145173    -0.05820635    1    -0.02924275    -0.7679929    -0.06677109    0.04839401    0.1025333    0.004477448    -0.03226401    -0.01944884    -0.1017338
0.09413694    0.09743365    0.009726039    0.085708    -0.1522497    0.3183604    -0.2322074    -0.2131905    0.2808475    0.05385965    -0.1287532    0.1072014    0.08620986    0.1562529    -0.1368765    -0.02924275    1    0.1079617    -0.7953458    -0.00102924    0.2080969    0.2049509    0.06962405    -0.1686509    -0.1985934
0.03180333    -0.02957366    -0.1224444    0.05411616    0.08699514    0.01777145    0.01488508    -0.04860138    0.1535234    -0.1477867    0.2534376    -0.09356408    -0.08739058    0.1121582    -0.008189513    -0.7679929    0.1079617    1    0.1316883    -0.5109379    -0.1119365    0.1516252    0.2342949    -0.00257519    -0.1629554
-0.01076549    -0.07928963    0.002074474    -0.03191072    0.04357828    -0.2867117    0.1842047    0.1589308    -0.1517404    -0.08324705    0.1030343    -0.03907697    -0.05263141    -0.07739028    0.03009229    -0.06677109    -0.7953458    0.1316883    1    -0.4126565    -0.1252317    -0.1493414    0.01667326    0.209565    0.03025788
-0.2206541    0.001043076    -0.04838822    -0.2168831    0.282565    -0.2563204    0.2306816    0.2982804    -0.3613623    -0.06322931    0.1987496    -0.1612878    -0.08599796    -0.2853351    -0.01031957    0.04839401    -0.00102924    -0.5109379    -0.4126565    1    -0.1366654    -0.2289595    -0.3127944    0.05231337    0.5458367
-0.01943429    0.1426165    0.004642356    0.02724732    -0.1156391    0.07576    -0.1082424    -0.2231514    0.3119352    0.05862998    -0.2415873    -0.03935591    0.1851766    0.2159473    -0.1043738    0.1025333    0.2080969    -0.1119365    -0.1252317    -0.1366654    1    -0.1695333    -0.5201249    0.02960654    -0.1103101
0.2154607    0.01143262    0.05781961    0.1117772    -0.1770265    0.3070047    -0.3238391    -0.2249255    0.3974615    0.1600666    -0.09278759    0.1721633    -0.0386227    0.2320248    -0.04284979    0.004477448    0.2049509    0.1516252    -0.1493414    -0.2289595    -0.1695333    1    0.31856    -0.6899216    -0.2298555
0.2882255    0.002587421    0.02954249    0.1280978    -0.2359823    0.3615231    -0.3799616    -0.1365065    0.2845332    0.1917784    0.0001420806    0.2889605    -0.05580821    0.05912311    0.05636041    -0.03226401    0.06962405    0.2342949    0.01667326    -0.3127944    -0.5201249    0.31856    1    -0.1292416    -0.6212203
-0.01054724    -0.01105447    -0.04392691    -0.05002053    0.02385854    -0.1579861    0.1865256    0.238625    -0.3268592    -0.2057369    0.1183099    -0.03706128    0.008868603    -0.1318994    -0.1017023    -0.01944884    -0.1686509    -0.00257519    0.209565    0.05231337    0.02960654    -0.6899216    -0.1292416    1    -0.1871279
-0.3817952    -0.08863271    -0.05797846    -0.2139211    0.4229707    -0.4639171    0.5604814    0.3048931    -0.5720202    -0.3151102    0.2459549    -0.3210472    -0.1057828    -0.2643116    -0.02072733    -0.1017338    -0.1985934    -0.1629554    0.03025788    0.5458367    -0.1103101    -0.2298555    -0.6212203    -0.1871279    1
