1    0.1513493    -0.04186283    0.1138702    -0.4404941    0.1510257    0.08857093    0.02743182    -0.04951642    -0.2673298    -0.1284956    -0.216025    -0.06552987    0.1111652    0.006439942    -0.06721488    0.3118387    0.298431    -0.1891513    -0.3577419
0.1513493    1    0.3110405    -0.5531649    -0.1947917    -0.03541412    0.2148022    0.0349874    -0.147942    -0.1475519    -0.01443102    0.04284341    -0.1400372    -0.1551143    0.1531403    0.2314838    0.1521325    0.06396901    -0.2129603    -0.2221081
-0.04186283    0.3110405    1    0.02341418    -0.5469089    -0.156519    0.09357281    0.237302    -0.05526001    -0.2077004    -0.005022455    0.1384709    0.03967354    -0.2383348    0.02336993    0.06727981    0.2047184    0.2051715    -0.1682447    -0.2551123
0.1138702    -0.5531649    0.02341418    1    -0.1764102    0.02363809    -0.1205562    0.01855863    0.04160981    0.05916082    0.06061282    0.04571449    0.120052    0.01146457    -0.1864423    -0.1182929    0.02340154    -0.0293974    -0.001942373    0.1184331
-0.4404941    -0.1947917    -0.5469089    -0.1764102    1    0.01538548    -0.1106459    -0.1867405    0.03943859    0.3042839    0.1538191    0.1313496    0.03479007    0.004731561    -0.1393258    0.0326607    -0.3410704    -0.4091885    0.1665598    0.4504284
0.1510257    -0.03541412    -0.156519    0.02363809    0.01538548    1    -0.02924275    -0.7679929    -0.06677109    0.04839401    -0.05787279    -0.3142202    -0.02560015    0.3055024    -0.1558385    0.1025333    0.004477448    -0.03226401    -0.01944884    -0.1017338
0.08857093    0.2148022    0.09357281    -0.1205562    -0.1106459    -0.02924275    1    0.1079617    -0.7953458    -0.00102924    -0.03870025    0.009916178    -0.1097721    -0.1175187    0.1616361    0.2080969    0.2049509    0.06962405    -0.1686509    -0.1985934
0.02743182    0.0349874    0.237302    0.01855863    -0.1867405    -0.7679929    0.1079617    1    0.1316883    -0.5109379    0.03874888    0.1067436    -0.05027555    -0.2112502    0.1722347    -0.1119365    0.1516252    0.2342949    -0.00257519    -0.1629554
-0.04951642    -0.147942    -0.05526001    0.04160981    0.03943859    -0.06677109    -0.7953458    0.1316883    1    -0.4126565    0.08844509    -0.07467715    -0.0283989    0.09146411    -0.04112408    -0.1252317    -0.1493414    0.01667326    0.209565    0.03025788
-0.2673298    -0.1475519    -0.2077004    0.05916082    0.3042839    0.04839401    -0.00102924    -0.5109379    -0.4126565    1    -0.07696101    0.1894107    0.2350487    0.02970706    -0.1095463    -0.1366654    -0.2289595    -0.3127944    0.05231337    0.5458367
-0.1284956    -0.01443102    -0.005022455    0.06061282    0.1538191    -0.05787279    -0.03870025    0.03874888    0.08844509    -0.07696101    1    0.1464677    -0.6958407    -0.2607963    0.15277    0.1869761    -0.06142745    -0.1934949    -0.03290654    0.1273331
-0.216025    0.04284341    0.1384709    0.04571449    0.1313496    -0.3142202    0.009916178    0.1067436    -0.07467715    0.1894107    0.1464677    1    0.1260234    -0.8249301    0.1419023    0.007172708    0.1119123    -0.1788592    -0.1961696    0.2580344
-0.06552987    -0.1400372    0.03967354    0.120052    0.03479007    -0.02560015    -0.1097721    -0.05027555    -0.0283989    0.2350487    -0.6958407    0.1260234    1    0.1799106    -0.6041241    -0.2173472    0.04167789    0.1137249    0.03402961    0.03071488
0.1111652    -0.1551143    -0.2383348    0.01146457    0.004731561    0.3055024    -0.1175187    -0.2112502    0.09146411    0.02970706    -0.2607963    -0.8249301    0.1799106    1    -0.4889255    -0.1090825    -0.1948034    0.1405267    0.3001601    -0.134404
0.006439942    0.1531403    0.02336993    -0.1864423    -0.1393258    -0.1558385    0.1616361    0.1722347    -0.04112408    -0.1095463    0.15277    0.1419023    -0.6041241    -0.4889255    1    0.1273039    0.05851972    -0.08449137    -0.09691258    0.04688867
-0.06721488    0.2314838    0.06727981    -0.1182929    0.0326607    0.1025333    0.2080969    -0.1119365    -0.1252317    -0.1366654    0.1869761    0.007172708    -0.2173472    -0.1090825    0.1273039    1    -0.1695333    -0.5201249    0.02960654    -0.1103101
0.3118387    0.1521325    0.2047184    0.02340154    -0.3410704    0.004477448    0.2049509    0.1516252    -0.1493414    -0.2289595    -0.06142745    0.1119123    0.04167789    -0.1948034    0.05851972    -0.1695333    1    0.31856    -0.6899216    -0.2298555
0.298431    0.06396901    0.2051715    -0.0293974    -0.4091885    -0.03226401    0.06962405    0.2342949    0.01667326    -0.3127944    -0.1934949    -0.1788592    0.1137249    0.1405267    -0.08449137    -0.5201249    0.31856    1    -0.1292416    -0.6212203
-0.1891513    -0.2129603    -0.1682447    -0.001942373    0.1665598    -0.01944884    -0.1686509    -0.00257519    0.209565    0.05231337    -0.03290654    -0.1961696    0.03402961    0.3001601    -0.09691258    0.02960654    -0.6899216    -0.1292416    1    -0.1871279
-0.3577419    -0.2221081    -0.2551123    0.1184331    0.4504284    -0.1017338    -0.1985934    -0.1629554    0.03025788    0.5458367    0.1273331    0.2580344    0.03071488    -0.134404    0.04688867    -0.1103101    -0.2298555    -0.6212203    -0.1871279    1
