1    0.1513493    -0.04186283    0.1138702    -0.4404941    0.2263199    -0.2805222    -0.2442907    0.1967834    0.1299459    -0.06721488    0.3118387    0.298431    -0.1891513    -0.3577419
0.1513493    1    0.3110405    -0.5531649    -0.1947917    -0.007144677    -0.2390453    -0.07447905    0.1459648    0.1257979    0.2314838    0.1521325    0.06396901    -0.2129603    -0.2221081
-0.04186283    0.3110405    1    0.02341418    -0.5469089    -0.008870237    -0.06404564    -0.04696665    0.08216806    0.005858494    0.06727981    0.2047184    0.2051715    -0.1682447    -0.2551123
0.1138702    -0.5531649    0.02341418    1    -0.1764102    -0.04679875    0.2293003    0.138975    -0.1558257    -0.1501421    -0.1182929    0.02340154    -0.0293974    -0.001942373    0.1184331
-0.4404941    -0.1947917    -0.5469089    -0.1764102    1    -0.1987117    0.3490622    0.256551    -0.29458    -0.1077151    0.0326607    -0.3410704    -0.4091885    0.1665598    0.4504284
0.2263199    -0.007144677    -0.008870237    -0.04679875    -0.1987117    1    -0.2528617    -0.7115452    0.22127    0.1058309    -0.01094909    0.1975999    0.2935358    0.01117702    -0.3984052
-0.2805222    -0.2390453    -0.06404564    0.2293003    0.3490622    -0.2528617    1    0.2967899    -0.7120302    -0.1420761    -0.2692863    -0.2498796    -0.2720191    0.0706501    0.5626937
-0.2442907    -0.07447905    -0.04696665    0.138975    0.256551    -0.7115452    0.2967899    1    -0.2621357    -0.5743639    -0.03116813    -0.3141643    -0.4152256    0.1090339    0.5369107
0.1967834    0.1459648    0.08216806    -0.1558257    -0.29458    0.22127    -0.7120302    -0.2621357    1    -0.1114128    0.1424471    0.1323303    0.1843544    0.02145802    -0.4046464
0.1299459    0.1257979    0.005858494    -0.1501421    -0.1077151    0.1058309    -0.1420761    -0.5743639    -0.1114128    1    0.07346352    0.2646029    0.1753771    -0.2176735    -0.2363458
-0.06721488    0.2314838    0.06727981    -0.1182929    0.0326607    -0.01094909    -0.2692863    -0.03116813    0.1424471    0.07346352    1    -0.1695333    -0.5201249    0.02960654    -0.1103101
0.3118387    0.1521325    0.2047184    0.02340154    -0.3410704    0.1975999    -0.2498796    -0.3141643    0.1323303    0.2646029    -0.1695333    1    0.31856    -0.6899216    -0.2298555
0.298431    0.06396901    0.2051715    -0.0293974    -0.4091885    0.2935358    -0.2720191    -0.4152256    0.1843544    0.1753771    -0.5201249    0.31856    1    -0.1292416    -0.6212203
-0.1891513    -0.2129603    -0.1682447    -0.001942373    0.1665598    0.01117702    0.0706501    0.1090339    0.02145802    -0.2176735    0.02960654    -0.6899216    -0.1292416    1    -0.1871279
-0.3577419    -0.2221081    -0.2551123    0.1184331    0.4504284    -0.3984052    0.5626937    0.5369107    -0.4046464    -0.2363458    -0.1103101    -0.2298555    -0.6212203    -0.1871279    1
