1    0.1513493    -0.04186283    0.1138702    -0.4404941    0.1890969    0.3418826    0.2781506    0.1486713    -0.402275    -0.06721488    0.3118387    0.298431    -0.1891513    -0.3577419
0.1513493    1    0.3110405    -0.5531649    -0.1947917    0.007172023    0.3276055    0.3322203    0.2354248    -0.3582199    0.2314838    0.1521325    0.06396901    -0.2129603    -0.2221081
-0.04186283    0.3110405    1    0.02341418    -0.5469089    -0.1373633    0.2516306    0.2796145    0.1324029    -0.2989472    0.06727981    0.2047184    0.2051715    -0.1682447    -0.2551123
0.1138702    -0.5531649    0.02341418    1    -0.1764102    -0.0004752008    -0.01759678    -0.01715645    -0.1014682    0.008792221    -0.1182929    0.02340154    -0.0293974    -0.001942373    0.1184331
-0.4404941    -0.1947917    -0.5469089    -0.1764102    1    -0.03504057    -0.381345    -0.307509    -0.1295086    0.3963255    0.0326607    -0.3410704    -0.4091885    0.1665598    0.4504284
0.1890969    0.007172023    -0.1373633    -0.0004752008    -0.03504057    1    0.1120652    -0.3681135    -0.001060997    -0.08082685    -0.04782855    0.01440271    0.07578263    -0.02127106    -0.06431871
0.3418826    0.3276055    0.2516306    -0.01759678    -0.381345    0.1120652    1    0.2555411    -0.289436    -0.3011503    0.08447919    0.1479974    0.2127125    -0.09123165    -0.3255562
0.2781506    0.3322203    0.2796145    -0.01715645    -0.307509    -0.3681135    0.2555411    1    0.1903292    -0.5369004    0.05105975    0.2363989    0.1746854    -0.2397846    -0.2184936
0.1486713    0.2354248    0.1324029    -0.1014682    -0.1295086    -0.001060997    -0.289436    0.1903292    1    -0.4704953    0.01886873    0.2272519    0.08812846    -0.2081668    -0.1129219
-0.402275    -0.3582199    -0.2989472    0.008792221    0.3963255    -0.08082685    -0.3011503    -0.5369004    -0.4704953    1    0.04410777    -0.3268922    -0.2388725    0.2373166    0.2952573
-0.06721488    0.2314838    0.06727981    -0.1182929    0.0326607    -0.04782855    0.08447919    0.05105975    0.01886873    0.04410777    1    -0.1695333    -0.5201249    0.02960654    -0.1103101
0.3118387    0.1521325    0.2047184    0.02340154    -0.3410704    0.01440271    0.1479974    0.2363989    0.2272519    -0.3268922    -0.1695333    1    0.31856    -0.6899216    -0.2298555
0.298431    0.06396901    0.2051715    -0.0293974    -0.4091885    0.07578263    0.2127125    0.1746854    0.08812846    -0.2388725    -0.5201249    0.31856    1    -0.1292416    -0.6212203
-0.1891513    -0.2129603    -0.1682447    -0.001942373    0.1665598    -0.02127106    -0.09123165    -0.2397846    -0.2081668    0.2373166    0.02960654    -0.6899216    -0.1292416    1    -0.1871279
-0.3577419    -0.2221081    -0.2551123    0.1184331    0.4504284    -0.06431871    -0.3255562    -0.2184936    -0.1129219    0.2952573    -0.1103101    -0.2298555    -0.6212203    -0.1871279    1
