1    0.1513493    -0.04186283    0.1138702    -0.4404941    0.09770271    -0.4191036    -0.5122708    -0.2475874    0.4005793
0.1513493    1    0.3110405    -0.5531649    -0.1947917    -0.1644999    -0.3862933    -0.390812    -0.1690196    0.4404946
-0.04186283    0.3110405    1    0.02341418    -0.5469089    -0.003182975    -0.3048024    -0.3203456    -0.0674863    0.1981749
0.1138702    -0.5531649    0.02341418    1    -0.1764102    0.1838155    0.09421464    0.0822127    0.1180963    -0.2181656
-0.4404941    -0.1947917    -0.5469089    -0.1764102    1    -0.1310807    0.5573633    0.6156991    0.2154675    -0.4509245
0.09770271    -0.1644999    -0.003182975    0.1838155    -0.1310807    1    -0.01661703    -0.3486004    -0.02664636    -0.09414548
-0.4191036    -0.3862933    -0.3048024    0.09421464    0.5573633    -0.01661703    1    0.5772542    -0.1250704    -0.5223465
-0.5122708    -0.390812    -0.3203456    0.0822127    0.6156991    -0.3486004    0.5772542    1    0.2385394    -0.7075003
-0.2475874    -0.1690196    -0.0674863    0.1180963    0.2154675    -0.02664636    -0.1250704    0.2385394    1    -0.4755204
0.4005793    0.4404946    0.1981749    -0.2181656    -0.4509245    -0.09414548    -0.5223465    -0.7075003    -0.4755204    1
