1    0.1513493    -0.04186283    0.1138702    -0.4404941    -0.06142274    0.06714777    0.2065238    0.06769332    -0.2715832
0.1513493    1    0.3110405    -0.5531649    -0.1947917    0.02988319    0.242001    0.09190957    -0.1743119    -0.1259189
-0.04186283    0.3110405    1    0.02341418    -0.5469089    0.2112114    0.2805583    -0.07470193    -0.2228589    -0.01124723
0.1138702    -0.5531649    0.02341418    1    -0.1764102    0.0679325    -0.09268796    -0.117575    0.0775589    0.04767074
-0.4404941    -0.1947917    -0.5469089    -0.1764102    1    -0.05677882    -0.2242066    -0.1164733    0.02787101    0.2073894
-0.06142274    0.02988319    0.2112114    0.0679325    -0.05677882    1    0.2671    -0.8075088    -0.3127521    0.2726119
0.06714777    0.242001    0.2805583    -0.09268796    -0.2242066    0.2671    1    0.05249734    -0.7928898    0.1062123
0.2065238    0.09190957    -0.07470193    -0.117575    -0.1164733    -0.8075088    0.05249734    1    0.1878545    -0.5510975
0.06769332    -0.1743119    -0.2228589    0.0775589    0.02787101    -0.3127521    -0.7928898    0.1878545    1    -0.5218773
-0.2715832    -0.1259189    -0.01124723    0.04767074    0.2073894    0.2726119    0.1062123    -0.5510975    -0.5218773    1
