1    -0.5889263    -0.6905772    0.5508281    0.360491    -0.2389641    0.2833714    0.1895707    0.1829239    -0.0806811    0.09565436    0.3183604    0.01777145    -0.2867117    -0.2563204    -0.06844947    -0.06791535    0.1191523    0.1124113    -0.1874412    0.07576    0.3070047    0.3615231    -0.1579861    -0.4639171
-0.5889263    1    0.1292851    -0.7202416    -0.3259849    0.2331132    -0.363146    -0.08265612    -0.1742703    -0.02548945    -0.1150129    -0.2322074    0.01488508    0.1842047    0.2306816    0.005089709    0.0795171    -0.07278007    -0.08879926    0.08526316    -0.1082424    -0.3238391    -0.3799616    0.1865256    0.5604814
-0.6905772    0.1292851    1    -0.5300982    -0.5326174    0.279567    -0.130264    -0.2233488    -0.1842051    0.003159246    -0.024449    -0.2131905    -0.04860138    0.1589308    0.2982804    0.08766591    0.03004089    -0.137838    -0.04114416    0.1603692    -0.2231514    -0.2249255    -0.1365065    0.238625    0.3048931
0.5508281    -0.7202416    -0.5300982    1    0.3449104    -0.2227041    0.1948073    0.09042199    0.3432653    0.07723772    -0.03387832    0.2808475    0.1535234    -0.1517404    -0.3613623    -0.06274944    -0.04851853    0.09841245    0.06241101    -0.1086593    0.3119352    0.3974615    0.2845332    -0.3268592    -0.5720202
0.360491    -0.3259849    -0.5326174    0.3449104    1    -0.1930885    0.1903133    0.1174637    0.06539742    0.1009064    0.1485514    0.05385965    -0.1477867    -0.08324705    -0.06322931    -0.08387149    -0.1623847    0.1391163    0.07912738    -0.01297516    0.05862998    0.1600666    0.1917784    -0.2057369    -0.3151102
-0.2389641    0.2331132    0.279567    -0.2227041    -0.1930885    1    -0.4774775    -0.4538181    0.1378426    0.1167466    -0.346434    -0.1287532    0.2534376    0.1030343    0.1987496    -0.1434351    -0.09762613    0.02285019    0.192727    0.1209197    -0.2415873    -0.09278759    0.0001420806    0.1183099    0.2459549
0.2833714    -0.363146    -0.130264    0.1948073    0.1903133    -0.4774775    1    -0.2704573    -0.27668    0.00682912    0.2246998    0.1072014    -0.09356408    -0.03907697    -0.1612878    0.03484698    0.01635598    0.05814169    -0.03310655    -0.01584832    -0.03935591    0.1721633    0.2889605    -0.03706128    -0.3210472
0.1895707    -0.08265612    -0.2233488    0.09042199    0.1174637    -0.4538181    -0.2704573    1    -0.2854063    -0.3209596    0.05669743    0.08620986    -0.08739058    -0.05263141    -0.08599796    0.06349111    0.04401324    0.06612289    -0.01570344    -0.2237214    0.1851766    -0.0386227    -0.05580821    0.008868603    -0.1057828
0.1829239    -0.1742703    -0.1842051    0.3432653    0.06539742    0.1378426    -0.27668    -0.2854063    1    -0.1334371    0.09145173    0.1562529    0.1121582    -0.07739028    -0.2853351    0.000570183    -0.02134611    -0.03704705    0.02728326    -0.08975451    0.2159473    0.2320248    0.05912311    -0.1318994    -0.2643116
-0.0806811    -0.02548945    0.003159246    0.07723772    0.1009064    0.1167466    0.00682912    -0.3209596    -0.1334371    1    -0.05820635    -0.1368765    -0.008189513    0.03009229    -0.01031957    -0.1109753    -0.1030351    -0.01102498    -0.06263437    0.12604    -0.1043738    -0.04284979    0.05636041    -0.1017023    -0.02072733
0.09565436    -0.1150129    -0.024449    -0.03387832    0.1485514    -0.346434    0.2246998    0.05669743    0.09145173    -0.05820635    1    -0.02924275    -0.7679929    -0.06677109    0.04839401    -0.03557176    -0.1079997    0.01387575    -0.02470349    -0.03974458    0.1025333    0.004477448    -0.03226401    -0.01944884    -0.1017338
0.3183604    -0.2322074    -0.2131905    0.2808475    0.05385965    -0.1287532    0.1072014    0.08620986    0.1562529    -0.1368765    -0.02924275    1    0.1079617    -0.7953458    -0.00102924    -0.07170316    -0.04698986    0.07758964    0.1046462    -0.1357559    0.2080969    0.2049509    0.06962405    -0.1686509    -0.1985934
0.01777145    0.01488508    -0.04860138    0.1535234    -0.1477867    0.2534376    -0.09356408    -0.08739058    0.1121582    -0.008189513    -0.7679929    0.1079617    1    0.1316883    -0.5109379    0.01406159    0.01337103    -0.04530895    0.02426756    0.05607241    -0.1119365    0.1516252    0.2342949    -0.00257519    -0.1629554
-0.2867117    0.1842047    0.1589308    -0.1517404    -0.08324705    0.1030343    -0.03907697    -0.05263141    -0.07739028    0.03009229    -0.06677109    -0.7953458    0.1316883    1    -0.4126565    0.09622214    0.04230477    -0.1024773    -0.1195369    0.1408558    -0.1252317    -0.1493414    0.01667326    0.209565    0.03025788
-0.2563204    0.2306816    0.2982804    -0.3613623    -0.06322931    0.1987496    -0.1612878    -0.08599796    -0.2853351    -0.01031957    0.04839401    -0.00102924    -0.5109379    -0.4126565    1    -0.08281851    0.01449929    0.07287498    0.06675441    0.0179968    -0.1366654    -0.2289595    -0.3127944    0.05231337    0.5458367
-0.06844947    0.005089709    0.08766591    -0.06274944    -0.08387149    -0.1434351    0.03484698    0.06349111    0.000570183    -0.1109753    -0.03557176    -0.07170316    0.01406159    0.09622214    -0.08281851    1    -0.003613237    -0.7101612    0.05822516    0.0936552    0.1637738    -0.0570624    -0.1472911    0.06134193    0.00942276
-0.06791535    0.0795171    0.03004089    -0.04851853    -0.1623847    -0.09762613    0.01635598    0.04401324    -0.02134611    -0.1030351    -0.1079997    -0.04698986    0.01337103    0.04230477    0.01449929    -0.003613237    1    0.07505767    -0.6786332    0.0651299    0.1048559    0.002266603    -0.1267125    0.008871614    0.06025744
0.1191523    -0.07278007    -0.137838    0.09841245    0.1391163    0.02285019    0.05814169    0.06612289    -0.03704705    -0.01102498    0.01387575    0.07758964    -0.04530895    -0.1024773    0.07287498    -0.7101612    0.07505767    1    -0.1214911    -0.4575803    -0.01809152    0.05301706    0.1339183    -0.0507996    -0.08745904
0.1124113    -0.08879926    -0.04114416    0.06241101    0.07912738    0.192727    -0.03310655    -0.01570344    0.02728326    -0.06263437    -0.02470349    0.1046462    0.02426756    -0.1195369    0.06675441    0.05822516    -0.6786332    -0.1214911    1    -0.4317136    -0.03279056    0.009768056    0.1148023    0.06199193    -0.09542519
-0.1874412    0.08526316    0.1603692    -0.1086593    -0.01297516    0.1209197    -0.01584832    -0.2237214    -0.08975451    0.12604    -0.03974458    -0.1357559    0.05607241    0.1408558    0.0179968    0.0936552    0.0651299    -0.4575803    -0.4317136    1    -0.1824871    0.002198519    -0.04202662    -0.07152009    0.2227928
0.07576    -0.1082424    -0.2231514    0.3119352    0.05862998    -0.2415873    -0.03935591    0.1851766    0.2159473    -0.1043738    0.1025333    0.2080969    -0.1119365    -0.1252317    -0.1366654    0.1637738    0.1048559    -0.01809152    -0.03279056    -0.1824871    1    -0.1695333    -0.5201249    0.02960654    -0.1103101
0.3070047    -0.3238391    -0.2249255    0.3974615    0.1600666    -0.09278759    0.1721633    -0.0386227    0.2320248    -0.04284979    0.004477448    0.2049509    0.1516252    -0.1493414    -0.2289595    -0.0570624    0.002266603    0.05301706    0.009768056    0.002198519    -0.1695333    1    0.31856    -0.6899216    -0.2298555
0.3615231    -0.3799616    -0.1365065    0.2845332    0.1917784    0.0001420806    0.2889605    -0.05580821    0.05912311    0.05636041    -0.03226401    0.06962405    0.2342949    0.01667326    -0.3127944    -0.1472911    -0.1267125    0.1339183    0.1148023    -0.04202662    -0.5201249    0.31856    1    -0.1292416    -0.6212203
-0.1579861    0.1865256    0.238625    -0.3268592    -0.2057369    0.1183099    -0.03706128    0.008868603    -0.1318994    -0.1017023    -0.01944884    -0.1686509    -0.00257519    0.209565    0.05231337    0.06134193    0.008871614    -0.0507996    0.06199193    -0.07152009    0.02960654    -0.6899216    -0.1292416    1    -0.1871279
-0.4639171    0.5604814    0.3048931    -0.5720202    -0.3151102    0.2459549    -0.3210472    -0.1057828    -0.2643116    -0.02072733    -0.1017338    -0.1985934    -0.1629554    0.03025788    0.5458367    0.00942276    0.06025744    -0.08745904    -0.09542519    0.2227928    -0.1103101    -0.2298555    -0.6212203    -0.1871279    1
