1    0.1513493    -0.04186283    0.1138702    -0.4404941    0.1510257    0.08857093    0.02743182    -0.04951642    -0.2673298
0.1513493    1    0.3110405    -0.5531649    -0.1947917    -0.03541412    0.2148022    0.0349874    -0.147942    -0.1475519
-0.04186283    0.3110405    1    0.02341418    -0.5469089    -0.156519    0.09357281    0.237302    -0.05526001    -0.2077004
0.1138702    -0.5531649    0.02341418    1    -0.1764102    0.02363809    -0.1205562    0.01855863    0.04160981    0.05916082
-0.4404941    -0.1947917    -0.5469089    -0.1764102    1    0.01538548    -0.1106459    -0.1867405    0.03943859    0.3042839
0.1510257    -0.03541412    -0.156519    0.02363809    0.01538548    1    -0.02924275    -0.7679929    -0.06677109    0.04839401
0.08857093    0.2148022    0.09357281    -0.1205562    -0.1106459    -0.02924275    1    0.1079617    -0.7953458    -0.00102924
0.02743182    0.0349874    0.237302    0.01855863    -0.1867405    -0.7679929    0.1079617    1    0.1316883    -0.5109379
-0.04951642    -0.147942    -0.05526001    0.04160981    0.03943859    -0.06677109    -0.7953458    0.1316883    1    -0.4126565
-0.2673298    -0.1475519    -0.2077004    0.05916082    0.3042839    0.04839401    -0.00102924    -0.5109379    -0.4126565    1
