1    0.1513493    -0.04186283    0.1138702    -0.4404941    0.232818    -0.05201413    -0.01738393    0.1966872    -0.2266894    -0.06721488    0.3118387    0.298431    -0.1891513    -0.3577419
0.1513493    1    0.3110405    -0.5531649    -0.1947917    0.09989571    -0.01710379    -0.1305962    0.1145985    -0.01085692    0.2314838    0.1521325    0.06396901    -0.2129603    -0.2221081
-0.04186283    0.3110405    1    0.02341418    -0.5469089    0.06691568    -0.1155162    -0.1068004    0.1103208    0.04093239    0.06727981    0.2047184    0.2051715    -0.1682447    -0.2551123
0.1138702    -0.5531649    0.02341418    1    -0.1764102    -0.05579889    -0.07802613    -0.02299142    -0.08184215    0.1151877    -0.1182929    0.02340154    -0.0293974    -0.001942373    0.1184331
-0.4404941    -0.1947917    -0.5469089    -0.1764102    1    -0.3123785    0.07639898    0.07203577    -0.2571265    0.260461    0.0326607    -0.3410704    -0.4091885    0.1665598    0.4504284
0.232818    0.09989571    0.06691568    -0.05579889    -0.3123785    1    -0.008402032    -0.4408461    0.009183726    -0.2630833    -0.01943429    0.2154607    0.2882255    -0.01054724    -0.3817952
-0.05201413    -0.01710379    -0.1155162    -0.07802613    0.07639898    -0.008402032    1    0.01415365    -0.5127982    -0.1166718    0.1426165    0.01143262    0.002587421    -0.01105447    -0.08863271
-0.01738393    -0.1305962    -0.1068004    -0.02299142    0.07203577    -0.4408461    0.01415365    1    -0.01183016    -0.4399315    0.004642356    0.05781961    0.02954249    -0.04392691    -0.05797846
0.1966872    0.1145985    0.1103208    -0.08184215    -0.2571265    0.009183726    -0.5127982    -0.01183016    1    -0.3565121    0.02724732    0.1117772    0.1280978    -0.05002053    -0.2139211
-0.2266894    -0.01085692    0.04093239    0.1151877    0.260461    -0.2630833    -0.1166718    -0.4399315    -0.3565121    1    -0.1156391    -0.1770265    -0.2359823    0.02385854    0.4229707
-0.06721488    0.2314838    0.06727981    -0.1182929    0.0326607    -0.01943429    0.1426165    0.004642356    0.02724732    -0.1156391    1    -0.1695333    -0.5201249    0.02960654    -0.1103101
0.3118387    0.1521325    0.2047184    0.02340154    -0.3410704    0.2154607    0.01143262    0.05781961    0.1117772    -0.1770265    -0.1695333    1    0.31856    -0.6899216    -0.2298555
0.298431    0.06396901    0.2051715    -0.0293974    -0.4091885    0.2882255    0.002587421    0.02954249    0.1280978    -0.2359823    -0.5201249    0.31856    1    -0.1292416    -0.6212203
-0.1891513    -0.2129603    -0.1682447    -0.001942373    0.1665598    -0.01054724    -0.01105447    -0.04392691    -0.05002053    0.02385854    0.02960654    -0.6899216    -0.1292416    1    -0.1871279
-0.3577419    -0.2221081    -0.2551123    0.1184331    0.4504284    -0.3817952    -0.08863271    -0.05797846    -0.2139211    0.4229707    -0.1103101    -0.2298555    -0.6212203    -0.1871279    1
