1    -0.5889263    -0.6905772    0.5508281    0.360491    -0.2389641    0.2833714    0.1895707    0.1829239    -0.0806811    0.09565436    0.3183604    0.01777145    -0.2867117    -0.2563204    0.08001901    -0.07277761    -0.3192379    -0.1156336    0.2915029    0.07576    0.3070047    0.3615231    -0.1579861    -0.4639171
-0.5889263    1    0.1292851    -0.7202416    -0.3259849    0.2331132    -0.363146    -0.08265612    -0.1742703    -0.02548945    -0.1150129    -0.2322074    0.01488508    0.1842047    0.2306816    -0.04716051    0.09822558    0.2732813    0.1276799    -0.2663785    -0.1082424    -0.3238391    -0.3799616    0.1865256    0.5604814
-0.6905772    0.1292851    1    -0.5300982    -0.5326174    0.279567    -0.130264    -0.2233488    -0.1842051    0.003159246    -0.024449    -0.2131905    -0.04860138    0.1589308    0.2982804    -0.008091193    0.02293618    0.1373941    0.1199365    -0.1063077    -0.2231514    -0.2249255    -0.1365065    0.238625    0.3048931
0.5508281    -0.7202416    -0.5300982    1    0.3449104    -0.2227041    0.1948073    0.09042199    0.3432653    0.07723772    -0.03387832    0.2808475    0.1535234    -0.1517404    -0.3613623    -0.09280862    -0.07856886    -0.1487244    -0.1403971    0.1920673    0.3119352    0.3974615    0.2845332    -0.3268592    -0.5720202
0.360491    -0.3259849    -0.5326174    0.3449104    1    -0.1930885    0.1903133    0.1174637    0.06539742    0.1009064    0.1485514    0.05385965    -0.1477867    -0.08324705    -0.06322931    0.1855044    -0.09891198    -0.2103424    -0.08103574    0.09863748    0.05862998    0.1600666    0.1917784    -0.2057369    -0.3151102
-0.2389641    0.2331132    0.279567    -0.2227041    -0.1930885    1    -0.4774775    -0.4538181    0.1378426    0.1167466    -0.346434    -0.1287532    0.2534376    0.1030343    0.1987496    0.08649078    0.05809271    0.06569372    0.03779071    -0.08225872    -0.2415873    -0.09278759    0.0001420806    0.1183099    0.2459549
0.2833714    -0.363146    -0.130264    0.1948073    0.1903133    -0.4774775    1    -0.2704573    -0.27668    0.00682912    0.2246998    0.1072014    -0.09356408    -0.03907697    -0.1612878    0.07086475    -0.06375555    -0.2585003    -0.08507513    0.2464876    -0.03935591    0.1721633    0.2889605    -0.03706128    -0.3210472
0.1895707    -0.08265612    -0.2233488    0.09042199    0.1174637    -0.4538181    -0.2704573    1    -0.2854063    -0.3209596    0.05669743    0.08620986    -0.08739058    -0.05263141    -0.08599796    -0.004345561    0.01415174    -0.01501111    -0.02814615    -0.01791251    0.1851766    -0.0386227    -0.05580821    0.008868603    -0.1057828
0.1829239    -0.1742703    -0.1842051    0.3432653    0.06539742    0.1378426    -0.27668    -0.2854063    1    -0.1334371    0.09145173    0.1562529    0.1121582    -0.07739028    -0.2853351    -0.1382573    -0.1228133    -0.02775868    0.02385675    0.1575699    0.2159473    0.2320248    0.05912311    -0.1318994    -0.2643116
-0.0806811    -0.02548945    0.003159246    0.07723772    0.1009064    0.1167466    0.00682912    -0.3209596    -0.1334371    1    -0.05820635    -0.1368765    -0.008189513    0.03009229    -0.01031957    -0.02531302    -0.03871607    0.09140494    0.04569756    -0.1189128    -0.1043738    -0.04284979    0.05636041    -0.1017023    -0.02072733
0.09565436    -0.1150129    -0.024449    -0.03387832    0.1485514    -0.346434    0.2246998    0.05669743    0.09145173    -0.05820635    1    -0.02924275    -0.7679929    -0.06677109    0.04839401    0.1359641    -0.133965    -0.2357113    0.008519248    0.1024409    0.1025333    0.004477448    -0.03226401    -0.01944884    -0.1017338
0.3183604    -0.2322074    -0.2131905    0.2808475    0.05385965    -0.1287532    0.1072014    0.08620986    0.1562529    -0.1368765    -0.02924275    1    0.1079617    -0.7953458    -0.00102924    0.08440995    0.1791152    -0.1302238    -0.2143533    0.08086897    0.2080969    0.2049509    0.06962405    -0.1686509    -0.1985934
0.01777145    0.01488508    -0.04860138    0.1535234    -0.1477867    0.2534376    -0.09356408    -0.08739058    0.1121582    -0.008189513    -0.7679929    0.1079617    1    0.1316883    -0.5109379    -0.1516996    -0.008803366    0.1607767    0.05028385    -0.01365352    -0.1119365    0.1516252    0.2342949    -0.00257519    -0.1629554
-0.2867117    0.1842047    0.1589308    -0.1517404    -0.08324705    0.1030343    -0.03907697    -0.05263141    -0.07739028    0.03009229    -0.06677109    -0.7953458    0.1316883    1    -0.4126565    -0.1816932    -0.198408    0.1929307    0.2623063    -0.1127611    -0.1252317    -0.1493414    0.01667326    0.209565    0.03025788
-0.2563204    0.2306816    0.2982804    -0.3613623    -0.06322931    0.1987496    -0.1612878    -0.08599796    -0.2853351    -0.01031957    0.04839401    -0.00102924    -0.5109379    -0.4126565    1    0.1858581    0.1729675    -0.03907111    -0.06706841    0.01530503    -0.1366654    -0.2289595    -0.3127944    0.05231337    0.5458367
0.08001901    -0.04716051    -0.008091193    -0.09280862    0.1855044    0.08649078    0.07086475    -0.004345561    -0.1382573    -0.02531302    0.1359641    0.08440995    -0.1516996    -0.1816932    0.1858581    1    0.07115773    -0.753966    -0.2154147    0.2245231    -0.1593928    -0.01482318    0.1025115    0.05578445    -0.01495589
-0.07277761    0.09822558    0.02293618    -0.07856886    -0.09891198    0.05809271    -0.06375555    0.01415174    -0.1228133    -0.03871607    -0.133965    0.1791152    -0.008803366    -0.198408    0.1729675    0.07115773    1    0.1314665    -0.7719863    -0.03932459    0.05175884    -0.06538345    -0.1212452    -0.05653248    0.1761099
-0.3192379    0.2732813    0.1373941    -0.1487244    -0.2103424    0.06569372    -0.2585003    -0.01501111    -0.02775868    0.09140494    -0.2357113    -0.1302238    0.1607767    0.1929307    -0.03907111    -0.753966    0.1314665    1    0.1821551    -0.6517384    0.1435445    -0.2101307    -0.2986137    -0.004989105    0.2969688
-0.1156336    0.1276799    0.1199365    -0.1403971    -0.08103574    0.03779071    -0.08507513    -0.02814615    0.02385675    0.04569756    0.008519248    -0.2143533    0.05028385    0.2623063    -0.06706841    -0.2154147    -0.7719863    0.1821551    1    -0.3665983    -0.03855978    -0.1154704    -0.09270025    0.1272095    0.1055661
0.2915029    -0.2663785    -0.1063077    0.1920673    0.09863748    -0.08225872    0.2464876    -0.01791251    0.1575699    -0.1189128    0.1024409    0.08086897    -0.01365352    -0.1127611    0.01530503    0.2245231    -0.03932459    -0.6517384    -0.3665983    1    -0.1812248    0.2664955    0.3694337    0.001347907    -0.3002373
0.07576    -0.1082424    -0.2231514    0.3119352    0.05862998    -0.2415873    -0.03935591    0.1851766    0.2159473    -0.1043738    0.1025333    0.2080969    -0.1119365    -0.1252317    -0.1366654    -0.1593928    0.05175884    0.1435445    -0.03855978    -0.1812248    1    -0.1695333    -0.5201249    0.02960654    -0.1103101
0.3070047    -0.3238391    -0.2249255    0.3974615    0.1600666    -0.09278759    0.1721633    -0.0386227    0.2320248    -0.04284979    0.004477448    0.2049509    0.1516252    -0.1493414    -0.2289595    -0.01482318    -0.06538345    -0.2101307    -0.1154704    0.2664955    -0.1695333    1    0.31856    -0.6899216    -0.2298555
0.3615231    -0.3799616    -0.1365065    0.2845332    0.1917784    0.0001420806    0.2889605    -0.05580821    0.05912311    0.05636041    -0.03226401    0.06962405    0.2342949    0.01667326    -0.3127944    0.1025115    -0.1212452    -0.2986137    -0.09270025    0.3694337    -0.5201249    0.31856    1    -0.1292416    -0.6212203
-0.1579861    0.1865256    0.238625    -0.3268592    -0.2057369    0.1183099    -0.03706128    0.008868603    -0.1318994    -0.1017023    -0.01944884    -0.1686509    -0.00257519    0.209565    0.05231337    0.05578445    -0.05653248    -0.004989105    0.1272095    0.001347907    0.02960654    -0.6899216    -0.1292416    1    -0.1871279
-0.4639171    0.5604814    0.3048931    -0.5720202    -0.3151102    0.2459549    -0.3210472    -0.1057828    -0.2643116    -0.02072733    -0.1017338    -0.1985934    -0.1629554    0.03025788    0.5458367    -0.01495589    0.1761099    0.2969688    0.1055661    -0.3002373    -0.1103101    -0.2298555    -0.6212203    -0.1871279    1
