1    0.1513493    -0.04186283    0.1138702    -0.4404941    -0.1051115    -0.1525803    0.05025403    -0.001725515    0.126521
0.1513493    1    0.3110405    -0.5531649    -0.1947917    -0.04121106    -0.0184361    0.05199299    0.08565467    -0.05017176
-0.04186283    0.3110405    1    0.02341418    -0.5469089    -0.1032366    -0.07756097    -0.01521158    0.1066066    0.04229957
0.1138702    -0.5531649    0.02341418    1    -0.1764102    -0.08551785    -0.1347714    -0.05394703    0.04118493    0.1397079
-0.4404941    -0.1947917    -0.5469089    -0.1764102    1    0.1098202    0.1343419    -0.04958787    -0.06073444    -0.0004513928
-0.1051115    -0.04121106    -0.1032366    -0.08551785    0.1098202    1    -0.003613237    -0.7101612    0.05822516    0.0936552
-0.1525803    -0.0184361    -0.07756097    -0.1347714    0.1343419    -0.003613237    1    0.07505767    -0.6786332    0.0651299
0.05025403    0.05199299    -0.01521158    -0.05394703    -0.04958787    -0.7101612    0.07505767    1    -0.1214911    -0.4575803
-0.001725515    0.08565467    0.1066066    0.04118493    -0.06073444    0.05822516    -0.6786332    -0.1214911    1    -0.4317136
0.126521    -0.05017176    0.04229957    0.1397079    -0.0004513928    0.0936552    0.0651299    -0.4575803    -0.4317136    1
