1    0.1513493    -0.04186283    0.1138702    -0.4404941    -0.04196172    0.2185439    0.4005672    -0.009407526    -0.4653593    -0.06721488    0.3118387    0.298431    -0.1891513    -0.3577419
0.1513493    1    0.3110405    -0.5531649    -0.1947917    -0.2224218    0.4129821    0.3361234    -0.279038    -0.210254    0.2314838    0.1521325    0.06396901    -0.2129603    -0.2221081
-0.04186283    0.3110405    1    0.02341418    -0.5469089    -0.1222153    0.1764339    0.2929275    -0.07543709    -0.2406615    0.06727981    0.2047184    0.2051715    -0.1682447    -0.2551123
0.1138702    -0.5531649    0.02341418    1    -0.1764102    0.1563048    -0.2523861    -0.09629174    0.1676458    0.04479959    -0.1182929    0.02340154    -0.0293974    -0.001942373    0.1184331
-0.4404941    -0.1947917    -0.5469089    -0.1764102    1    0.06564911    -0.3022809    -0.4637806    0.08706953    0.4814108    0.0326607    -0.3410704    -0.4091885    0.1665598    0.4504284
-0.04196172    -0.2224218    -0.1222153    0.1563048    0.06564911    1    -0.1279048    -0.6774055    0.1253901    0.1332067    -0.1398583    -0.05648051    -0.03413259    0.07970277    0.1417612
0.2185439    0.4129821    0.1764339    -0.2523861    -0.3022809    -0.1279048    1    0.1886508    -0.7521571    -0.1450584    0.2843231    0.12132    0.1000583    -0.1612587    -0.3361957
0.4005672    0.3361234    0.2929275    -0.09629174    -0.4637806    -0.6774055    0.1886508    1    -0.1060445    -0.6383874    0.1201479    0.3242956    0.3269882    -0.2036121    -0.4911264
-0.009407526    -0.279038    -0.07543709    0.1676458    0.08706953    0.1253901    -0.7521571    -0.1060445    1    -0.2244778    -0.285462    0.03982187    0.09504126    0.06858309    0.08642998
-0.4653593    -0.210254    -0.2406615    0.04479959    0.4814108    0.1332067    -0.1450584    -0.6383874    -0.2244778    1    0.02046178    -0.3364922    -0.3877354    0.1986198    0.4750686
-0.06721488    0.2314838    0.06727981    -0.1182929    0.0326607    -0.1398583    0.2843231    0.1201479    -0.285462    0.02046178    1    -0.1695333    -0.5201249    0.02960654    -0.1103101
0.3118387    0.1521325    0.2047184    0.02340154    -0.3410704    -0.05648051    0.12132    0.3242956    0.03982187    -0.3364922    -0.1695333    1    0.31856    -0.6899216    -0.2298555
0.298431    0.06396901    0.2051715    -0.0293974    -0.4091885    -0.03413259    0.1000583    0.3269882    0.09504126    -0.3877354    -0.5201249    0.31856    1    -0.1292416    -0.6212203
-0.1891513    -0.2129603    -0.1682447    -0.001942373    0.1665598    0.07970277    -0.1612587    -0.2036121    0.06858309    0.1986198    0.02960654    -0.6899216    -0.1292416    1    -0.1871279
-0.3577419    -0.2221081    -0.2551123    0.1184331    0.4504284    0.1417612    -0.3361957    -0.4911264    0.08642998    0.4750686    -0.1103101    -0.2298555    -0.6212203    -0.1871279    1
