1    -0.1750601    -0.4248295    0.2174913    0.002515153    -0.03238841    0.04783724    -0.02160848    -0.001132487    0.004781861    0.01143045    0.03571542    0.007562312    -0.01871933    -0.0147369
-0.1750601    1    -0.01491714    -0.6222392    0.2333305    -0.01114538    -0.056802    0.04319913    0.04859191    -0.01306501    0.01222076    0.01145902    0.03418631    0.0009239955    -0.02531505
-0.4248295    -0.01491714    1    0.05952327    -0.5232977    -0.02410398    -0.02140263    0.002887439    -0.02615133    0.04397876    0.01725315    -0.03016273    0.02256089    0.05296424    -0.07297914
0.2174913    -0.6222392    0.05952327    1    -0.5990358    -0.004350109    0.04695518    0.007053844    -0.04386999    -0.0358891    -0.04820604    0.01419888    0.03635762    -0.0002405232    -0.006649769
0.002515153    0.2333305    -0.5232977    -0.5990358    1    0.02357466    -0.006217423    0.004515984    0.02179571    -0.03559496    0.05026147    -0.009815147    -0.07936827    -0.01687809    0.05447497
-0.03238841    -0.01114538    -0.02410398    -0.004350109    0.02357466    1    -0.1946423    -0.4709472    0.235111    -0.02529814    0.05716871    -0.03482036    -0.07803169    0.02123365    0.009101963
0.04783724    -0.056802    -0.02140263    0.04695518    -0.006217423    -0.1946423    1    0.005353657    -0.6506694    0.2672641    -0.04994922    -0.01146806    0.05481847    0.01881458    -0.003383073
-0.02160848    0.04319913    0.002887439    0.007053844    0.004515984    -0.4709472    0.005353657    1    0.06514224    -0.5083593    -0.008895939    0.06052161    0.07155021    0.004151692    -0.07608384
-0.001132487    0.04859191    -0.02615133    -0.04386999    0.02179571    0.235111    -0.6506694    0.06514224    1    -0.6078586    0.0694424    0.04490785    -0.05446569    -0.04523339    0.001490559
0.004781861    -0.01306501    0.04397876    -0.0358891    -0.03559496    -0.02529814    0.2672641    -0.5083593    -0.6078586    1    -0.04959441    -0.05544888    0.01357185    0.04399728    0.02116627
0.01143045    0.01222076    0.01725315    -0.04820604    0.05026147    0.05716871    -0.04994922    -0.008895939    0.0694424    -0.04959441    1    0.101416    -0.7969551    -0.2103847    0.2428828
0.03571542    0.01145902    -0.03016273    0.01419888    -0.009815147    -0.03482036    -0.01146806    0.06052161    0.04490785    -0.05544888    0.101416    1    0.04487903    -0.7812895    0.1599303
0.007562312    0.03418631    0.02256089    0.03635762    -0.07936827    -0.07803169    0.05481847    0.07155021    -0.05446569    0.01357185    -0.7969551    0.04487903    1    0.1790457    -0.582267
-0.01871933    0.0009239955    0.05296424    -0.0002405232    -0.01687809    0.02123365    0.01881458    0.004151692    -0.04523339    0.04399728    -0.2103847    -0.7812895    0.1790457    1    -0.5209955
-0.0147369    -0.02531505    -0.07297914    -0.006649769    0.05447497    0.009101963    -0.003383073    -0.07608384    0.001490559    0.02116627    0.2428828    0.1599303    -0.582267    -0.5209955    1
