1    -0.1750601    -0.4248295    0.2174913    0.002515153    -0.03238841    0.04783724    -0.02160848    -0.001132487    0.004781861    0.01583179    0.02431362    -0.007301438    0.0004676572    -0.02911357    0.1062739    -0.04173183    -0.06669368    0.0707084    0.03126267    0.08045247    -0.07690611    -0.0909989    0.07327928    0.03840799    0.06960626    -0.05946263    0.01124724    0.06525906    -0.0422528    0.002905021    0.03272517    0.008693927    -0.02659994    0.01414417    -0.03868388    0.02683497    0.02435256    -0.03779789    0.01498125    0.002836519    0.01363391    0.0024025    -0.01193846    -0.001633487    0.0009747135    0.03327251    -0.05064715    -0.0215638    0.05025186
-0.1750601    1    -0.01491714    -0.6222392    0.2333305    -0.01114538    -0.056802    0.04319913    0.04859191    -0.01306501    0.001579019    -0.05518153    -0.00146553    0.03063148    0.01764472    -0.01884409    0.02837125    -0.05689195    -0.01663733    0.04394241    -0.03606889    -0.04560146    -0.0428654    -0.03354765    0.1364674    0.05904949    -0.003635176    -0.07226143    0.02426811    0.06971675    0.04193282    0.02093695    -0.02057569    0.004493113    0.02352604    0.02570057    0.005629873    -0.02206836    0.0267326    -0.01257761    0.005381682    -0.04597173    -0.02789949    0.046215    0.02586177    0.03858535    -0.04293042    -0.03044503    0.020002    0.0008537819
-0.4248295    -0.01491714    1    0.05952327    -0.5232977    -0.02410398    -0.02140263    0.002887439    -0.02615133    0.04397876    -0.05796589    -0.03024736    0.06909816    -0.01396418    0.01045658    0.0492766    -0.06421367    -0.03536227    0.01248344    0.06460526    -0.02822615    -0.0611769    -0.0250126    -0.02210743    0.1312862    -0.03717377    -0.0524544    -0.01608579    0.07371991    0.07790413    -0.01153259    -0.006906097    0.003604717    0.03455539    0.03086523    0.05941823    -0.02345454    -0.03673244    -0.0009793452    0.0164058    0.004044347    -0.02357825    -0.02591673    0.002354243    0.04440464    0.002771592    -0.05800285    0.03287454    0.02958227    -0.02717925
0.2174913    -0.6222392    0.05952327    1    -0.5990358    -0.004350109    0.04695518    0.007053844    -0.04386999    -0.0358891    -0.01307645    0.04277145    -0.00368078    -0.02400563    0.005144751    0.1399626    -0.08823668    -0.08628976    0.1332735    0.0390444    0.119538    -0.1185249    -0.09677928    0.1441567    -0.03057524    0.03295568    -0.03238618    -0.03195911    0.05777876    0.04540745    -0.03466217    -0.04016591    -0.007508813    0.03359659    0.05462672    0.01295194    -0.007756155    -0.01507274    -0.04536799    0.0123655    0.02568585    -0.003973163    -0.03381053    -0.02059615    0.03206517    0.009905022    0.03889825    -0.01558606    -0.06794439    0.05679076
0.002515153    0.2333305    -0.5232977    -0.5990358    1    0.02357466    -0.006217423    0.004515984    0.02179571    -0.03559496    -0.01467582    -0.03386515    0.001945455    0.07431929    0.00592173    -0.171295    0.116167    0.1020139    -0.1270012    -0.03871811    -0.0827866    0.1297842    0.129556    -0.07433294    -0.1390769    -0.05598918    0.07469587    0.06070256    -0.1086727    -0.1021506    -0.01757743    0.01064569    0.03089056    -0.03496396    -0.04189368    0.01103227    0.02341695    -0.00105645    0.003877634    -0.02687516    -0.05537177    0.05463602    0.06898852    -0.02461059    -0.03259859    -0.01513226    -0.03677966    0.009636552    0.05131929    -0.06605082
-0.03238841    -0.01114538    -0.02410398    -0.004350109    0.02357466    1    -0.1946423    -0.4709472    0.235111    -0.02529814    0.1140332    -0.1149303    -0.1449753    0.114778    -0.0131029    0.08580155    -0.05242631    -0.007107087    0.01171587    0.01553355    0.1125817    -0.08291987    -0.0868434    0.1033577    -0.01966699    0.04370249    -0.02391211    -0.02552311    0.04000411    0.01861263    0.01165382    -0.01953328    -0.0062315    0.005046346    -0.01143562    -0.05441887    0.03259111    0.042098    -0.01144002    0.01634724    -0.05530581    0.03106159    0.01862329    -0.04770912    0.04559721    -0.09196398    0.007111502    0.01919093    -0.0115296    0.03615598
0.04783724    -0.056802    -0.02140263    0.04695518    -0.006217423    -0.1946423    1    0.005353657    -0.6506694    0.2672641    -0.1459943    -0.001696117    0.01492947    -0.07833049    0.1819539    -0.0895111    -0.03176213    0.03980186    -0.02105809    0.09505249    -0.05889785    -0.00170725    -0.01437208    -0.06253377    0.1102095    0.02430503    -0.06125764    -0.01451888    0.02676009    0.06309214    -0.008077062    -0.007483896    0.03566922    0.05549236    -0.04671823    0.04852323    -0.04285439    0.004806626    0.01411818    -0.07562327    0.04454455    0.009760175    -0.0260663    -0.006234613    -0.006249333    -0.01949221    -0.04198734    0.02874585    0.03525049    -0.04166531
-0.02160848    0.04319913    0.002887439    0.007053844    0.004515984    -0.4709472    0.005353657    1    0.06514224    -0.5083593    -0.06495123    -0.08069654    -0.03107886    -0.09139743    0.1451873    0.04746799    -0.0488372    -0.09953043    0.0787147    0.094424    -0.006737235    -0.0705223    -0.09045187    -0.01487817    0.1719383    0.05158124    -0.0245993    -0.06011067    0.01643522    0.0675262    -0.01555761    -0.0006513207    -0.01489961    0.006143999    0.06532508    0.004058885    -0.009180644    -0.03947601    -0.03934062    0.04766085    -0.03053283    -0.01860645    -0.01648239    -0.009131654    0.06613822    0.02641534    -0.02992343    0.002548544    -0.05080884    0.04667453
-0.001132487    0.04859191    -0.02615133    -0.04386999    0.02179571    0.235111    -0.6506694    0.06514224    1    -0.6078586    0.1143026    -0.1579019    -0.1080708    0.1031727    -0.03598729    0.1789869    -0.07188884    -0.08701485    0.116042    -0.03253994    0.1557245    -0.128178    -0.1220098    0.1055599    0.01355246    0.04406171    -0.03355917    -0.03772896    0.08385934    0.003023485    0.03309106    -0.0007959545    -0.0509    -0.04873637    0.08804173    -0.06069623    0.03151801    0.03092303    -0.04632147    0.05767631    -0.08799272    -0.0273008    0.04163505    0.02087093    0.02538953    0.0144666    0.05111462    -0.03096351    -0.06306929    0.04605624
0.004781861    -0.01306501    0.04397876    -0.0358891    -0.03559496    -0.02529814    0.2672641    -0.5083593    -0.6078586    1    -0.01478654    0.2231314    0.1023372    -0.06043291    -0.09014418    -0.1952854    0.1296703    0.1450552    -0.1804671    -0.05279449    -0.1497256    0.1351196    0.1929388    -0.05353459    -0.1540285    -0.06877164    0.03305229    0.08397911    -0.07236744    -0.0665572    -0.01608065    0.04638846    0.06175519    0.007692531    -0.0809541    0.03167666    0.02441669    0.004928975    0.02656286    -0.09268848    0.1035325    0.008838367    -0.03268025    0.01508887    -0.08402855    0.01933827    -0.02711124    0.02084406    0.05430986    -0.08850135
0.01583179    0.001579019    -0.05796589    -0.01307645    -0.01467582    0.1140332    -0.1459943    -0.06495123    0.1143026    -0.01478654    1    -0.05330177    -0.7076816    -0.05428078    -0.0042453    0.08878861    -0.01884682    -0.0562046    0.0542777    -0.02178732    0.06776238    -0.02909069    -0.05157999    0.09786863    -0.03936133    0.1292805    -0.02905203    -0.01637126    0.1429335    -0.1773975    0.02863233    -0.0009234089    -0.01571483    0.0192368    0.003771353    -0.02008128    -0.008669348    0.0272147    0.003696634    -0.0004168177    0.04163679    -0.01993647    -0.05096529    0.01474611    0.01593663    0.03953787    0.01803296    -0.03444617    -0.00245133    0.01230655
0.02431362    -0.05518153    -0.03024736    0.04277145    -0.03386515    -0.1149303    -0.001696117    -0.08069654    -0.1579019    0.2231314    -0.05330177    1    -0.07540401    -0.5736487    0.1523894    -0.01361854    0.005656384    -0.04410005    0.01842059    0.0200206    -0.1231257    0.09225474    0.1340024    -0.03097577    -0.1056858    -0.2357386    0.1366384    0.1434264    -0.2609235    -0.003228105    0.01792285    0.01389013    -0.03077064    -0.04946397    0.05183207    0.05603823    -0.028976    -0.08332444    0.005903699    0.07526527    0.02658911    0.04107861    0.0158179    -0.004031916    -0.05459903    0.04427399    -0.02454241    -0.06456931    0.01969453    0.02887436
-0.007301438    -0.00146553    0.06909816    -0.00368078    0.001945455    -0.1449753    0.01492947    -0.03107886    -0.1080708    0.1023372    -0.7076816    -0.07540401    1    0.02279707    -0.3127617    0.0109562    -0.02203385    -0.04005337    0.01756891    0.05742907    -0.08321984    0.05146319    0.1189997    -0.0913666    -0.04086966    -0.2233964    0.1347205    0.1083599    -0.2361557    0.0491654    -0.06153238    -0.01958446    0.02618082    -0.009458901    0.02461001    0.03877699    -0.01065999    -0.06132909    0.008843833    0.04384166    -0.02255762    -0.01124083    0.0266272    0.01710442    -0.009750272    -0.03807851    -0.0233246    0.01719042    -0.005266336    0.03917351
0.0004676572    0.03063148    -0.01396418    -0.02400563    0.07431929    0.114778    -0.07833049    -0.09139743    0.1031727    -0.06043291    -0.05428078    -0.5736487    0.02279707    1    -0.3869901    0.1181875    -0.05167475    -0.0246916    0.01408683    0.05936459    0.09599078    -0.003982683    -0.0688805    0.01762167    -0.01287073    0.1379205    -0.02525905    -0.03133128    0.1245969    -0.1349282    -0.03402981    -0.01913369    0.03439566    0.04767185    -0.05566933    -0.0403027    0.001521182    0.03320285    0.02812571    -0.03200737    -0.05026546    -0.05529319    0.01631719    0.03865296    0.03484646    -0.04755737    0.009178364    0.0478331    -0.002207048    -0.002304873
-0.02911357    0.01764472    0.01045658    0.005144751    0.00592173    -0.0131029    0.1819539    0.1451873    -0.03598729    -0.09014418    -0.0042453    0.1523894    -0.3127617    -0.3869901    1    -0.104417    0.09152064    0.03042259    -0.04195618    -0.06146077    -0.02017131    -0.03503825    -0.06068469    -0.01466209    0.1395132    0.07152251    -0.124748    -0.06443682    0.07188556    0.1120773    0.02784588    0.04151016    -0.005542849    -0.0299496    0.02250577    0.0300873    0.00612896    0.002842135    -0.03238808    -0.02539443    -0.03740225    0.0764444    0.05103725    -0.0561551    0.02662879    -0.0001597905    -0.04925163    -0.0207082    0.05939772    -0.05770238
0.1062739    -0.01884409    0.0492766    0.1399626    -0.171295    0.08580155    -0.0895111    0.04746799    0.1789869    -0.1952854    0.08878861    -0.01361854    0.0109562    0.1181875    -0.104417    1    -0.3425514    -0.24755    0.1688995    0.007790085    0.01798854    -0.04065403    -0.06900619    -0.01741116    0.1195293    -0.07208635    0.1296411    0.0257668    -0.06267589    -0.06859719    -0.117645    -0.1217612    0.0457179    0.1928327    0.04987837    -0.1767803    -0.06666218    0.1860952    0.1281455    -0.04795744    -0.1453446    -0.1716474    0.1132302    0.19118    0.01407584    -0.08447945    -0.07770937    0.05651413    0.1102664    0.02200722
-0.04173183    0.02837125    -0.06421367    -0.08823668    0.116167    -0.05242631    -0.03176213    -0.0488372    -0.07188884    0.1296703    -0.01884682    0.005656384    -0.02203385    -0.05167475    0.09152064    -0.3425514    1    -0.6241456    -0.2792986    0.1218277    0.005185252    0.01868814    -0.001572928    0.01406794    -0.04648981    -0.01221896    -0.09842613    0.05058382    0.03587219    0.01075131    0.04582932    0.08810562    0.02508876    -0.02999201    0.007230208    0.0457438    0.02730782    -0.02652208    -0.009126031    0.04985198    0.03714502    0.1370234    -0.009296749    -0.08270393    0.0667338    -0.01779192    0.02507684    0.01382804    0.01303361    0.01928556
-0.06669368    -0.05689195    -0.03536227    -0.08628976    0.1020139    -0.007107087    0.03980186    -0.09953043    -0.08701485    0.1450552    -0.0562046    -0.04410005    -0.04005337    -0.0246916    0.03042259    -0.24755    -0.6241456    1    -0.2963397    -0.2330515    -0.02866228    0.03544331    0.07095481    -0.02415809    -0.0327292    0.1405388    -0.0142625    -0.1410526    0.04865965    0.06522706    -0.03037874    -0.006663493    0.05013394    0.003559211    -0.1217067    -0.03524317    -0.001486236    0.04598123    0.02887792    -0.1117265    -0.00478214    -0.02904938    0.0527791    0.05035648    -0.1605414    -0.01887102    0.02595673    0.07922218    0.0074203    -0.1310156
0.0707084    -0.01663733    0.01248344    0.1332735    -0.1270012    0.01171587    -0.02105809    0.0787147    0.116042    -0.1804671    0.0542777    0.01842059    0.01756891    0.01408683    -0.04195618    0.1688995    -0.2792986    -0.2963397    1    -0.3314129    0.0201038    -0.04794656    -0.1023507    0.02010253    0.1208491    -0.01920492    0.0355328    0.05907627    -0.03329079    -0.07680343    0.09585971    0.07331181    -0.06738785    -0.1041663    -0.04926138    0.1556508    0.1312641    -0.06975276    -0.125634    -0.06005435    0.102882    0.02494316    -0.08181711    -0.05895945    -0.04539112    0.2354998    0.07558538    -0.1578722    -0.08792805    -0.01408765
0.03126267    0.04394241    0.06460526    0.0390444    -0.03871811    0.01553355    0.09505249    0.094424    -0.03253994    -0.05279449    -0.02178732    0.0200206    0.05742907    0.05936459    -0.06146077    0.007790085    0.1218277    -0.2330515    -0.3314129    1    0.01720538    0.0003217162    0.03269436    0.003594638    -0.08398854    -0.1315544    0.0147975    0.05810587    -0.009235673    0.02932604    -0.05840315    -0.1398412    -0.02974762    0.02582762    -0.01406774    -0.05886408    -0.1385741    -0.03817062    0.003018188    0.03084064    -0.03601382    -0.06748301    -0.01016155    -0.03317605    -0.02385132    -0.1188029    -0.1060314    0.02790666    -0.02140475    -0.006324006
0.08045247    -0.03606889    -0.02822615    0.119538    -0.0827866    0.1125817    -0.05889785    -0.006737235    0.1557245    -0.1497256    0.06776238    -0.1231257    -0.08321984    0.09599078    -0.02017131    0.01798854    0.005185252    -0.02866228    0.0201038    0.01720538    1    0.0416845    -0.7534453    -0.07856249    0.08736875    0.0316579    -0.05171671    -0.008127827    0.06716212    0.0193786    -0.01997675    0.01618966    0.05482572    0.02318058    -0.06281169    0.05358964    -0.09566903    0.01407236    0.07424532    -0.05939981    0.022855    -0.03562955    -0.02384459    -0.005375154    0.04778652    0.00842127    0.02994683    0.02517646    -0.01692716    -0.01852224
-0.07690611    -0.04560146    -0.0611769    -0.1185249    0.1297842    -0.08291987    -0.00170725    -0.0705223    -0.128178    0.1351196    -0.02909069    0.09225474    0.05146319    -0.003982683    -0.03503825    -0.04065403    0.01868814    0.03544331    -0.04794656    0.0003217162    0.0416845    1    -0.220745    -0.7680268    0.1760315    -0.1051961    0.02387862    0.05185905    -0.07125035    0.03913429    -0.02748609    -0.01188529    0.03690346    0.003977842    -0.05994411    -0.01551211    0.003946173    -0.08642587    -0.105248    0.1961661    0.01273815    0.03540663    0.03037555    -0.038986    -0.01478262    -0.004542744    -0.03163716    -0.008899058    0.06320033    -0.0249436
-0.0909989    -0.0428654    -0.0250126    -0.09677928    0.129556    -0.0868434    -0.01437208    -0.09045187    -0.1220098    0.1929388    -0.05157999    0.1340024    0.1189997    -0.0688805    -0.06068469    -0.06900619    -0.001572928    0.07095481    -0.1023507    0.03269436    -0.7534453    -0.220745    1    0.05457984    -0.4539195    -0.05979963    0.08516478    0.01064528    -0.1203532    0.001821103    0.005850223    0.006414978    -0.01875093    -0.03388629    0.02701716    -0.06272539    -0.01194206    -0.09389979    -0.03887333    0.1568439    -0.0204676    -0.02858958    -0.01140272    0.01898478    0.002132372    -0.03623932    0.04263955    0.0264194    -0.01795736    -0.004440584
0.07327928    -0.03354765    -0.02210743    0.1441567    -0.07433294    0.1033577    -0.06253377    -0.01487817    0.1055599    -0.05353459    0.09786863    -0.03097577    -0.0913666    0.01762167    -0.01466209    -0.01741116    0.01406794    -0.02415809    0.02010253    0.003594638    -0.07856249    -0.7680268    0.05457984    1    -0.3206691    0.05208402    0.01437357    -0.04227616    0.02363694    -0.02765765    0.04631843    0.06429644    -0.01804735    -0.04498973    0.0218028    0.03157683    -0.06082448    0.0227204    0.1370287    -0.1426721    0.008496994    0.02003968    -0.05686135    -0.03113823    0.04562732    0.01918204    0.03027521    0.01889109    -0.03680868    -0.008244375
0.03840799    0.1364674    0.1312862    -0.03057524    -0.1390769    -0.01966699    0.1102095    0.1719383    0.01355246    -0.1540285    -0.03936133    -0.1056858    -0.04086966    -0.01287073    0.1395132    0.1195293    -0.04648981    -0.0327292    0.1208491    -0.08398854    0.08736875    0.1760315    -0.4539195    -0.3206691    1    0.09880376    -0.1022697    -0.000121861    0.1156254    -0.03573489    0.006484067    -0.08370725    -0.04602736    0.09322125    0.01248766    0.01528098    0.1717524    0.1637211    -0.06162261    -0.1827065    -0.007230739    0.02820431    0.0667175    0.05108713    -0.09684709    0.03400765    -0.08088546    -0.04279001    0.01694961    0.01981231
0.06960626    0.05904949    -0.03717377    0.03295568    -0.05598918    0.04370249    0.02430503    0.05158124    0.04406171    -0.06877164    0.1292805    -0.2357386    -0.2233964    0.1379205    0.07152251    -0.07208635    -0.01221896    0.1405388    -0.01920492    -0.1315544    0.0316579    -0.1051961    -0.05979963    0.05208402    0.09880376    1    0.1802937    -0.5691702    -0.2002636    -0.1141258    0.002717913    0.0726633    0.06331795    -0.005620966    -0.1002672    -0.03518199    0.04406992    0.08748384    -0.006565689    -0.09400843    -0.01208567    -0.02668576    0.0001617797    0.02610866    -0.02029107    0.02973779    0.05498523    0.07407697    -0.01060514    -0.09392598
-0.05946263    -0.003635176    -0.0524544    -0.03238618    0.07469587    -0.02391211    -0.06125764    -0.0245993    -0.03355917    0.03305229    -0.02905203    0.1366384    0.1347205    -0.02525905    -0.124748    0.1296411    -0.09842613    -0.0142625    0.0355328    0.0147975    -0.05171671    0.02387862    0.08516478    0.01437357    -0.1022697    0.1802937    1    -0.712963    -0.5634511    0.2419349    -0.0122599    -0.0384917    0.02345501    0.04279476    -0.03082947    -0.004117329    -0.05887365    0.02810096    0.07208845    -0.01944009    -0.01119243    -0.04156331    -0.02516022    0.03703088    0.0412303    -0.00674628    0.01408197    0.04352533    0.03240485    -0.03614079
0.01124724    -0.07226143    -0.01608579    -0.03195911    0.06070256    -0.02552311    -0.01451888    -0.06011067    -0.03772896    0.08397911    -0.01637126    0.1434264    0.1083599    -0.03133128    -0.06443682    0.0257668    0.05058382    -0.1410526    0.05907627    0.05810587    -0.008127827    0.05185905    0.01064528    -0.04227616    -0.000121861    -0.5691702    -0.712963    1    0.1600804    -0.4300399    0.0150739    0.04611262    -0.02538076    -0.04408451    0.03886084    0.004094961    0.08498085    -0.01357486    -0.04992367    0.03569054    -0.009065506    0.01454034    0.02087814    -0.01980436    0.004362229    0.008916974    0.02095433    -0.05981778    -0.02081737    0.05972902
0.06525906    0.02426811    0.07371991    0.05777876    -0.1086727    0.04000411    0.02676009    0.01643522    0.08385934    -0.07236744    0.1429335    -0.2609235    -0.2361557    0.1245969    0.07188556    -0.06267589    0.03587219    0.04865965    -0.03329079    -0.009235673    0.06716212    -0.07125035    -0.1203532    0.02363694    0.1156254    -0.2002636    -0.5634511    0.1600804    1    -0.04550196    -0.009568574    -0.007907858    0.02902816    0.0393455    -0.03276983    0.04088292    0.03016526    -0.01105948    -0.05378308    -0.03262829    0.03814015    -0.007876866    -0.03037526    -0.02934425    0.01279368    0.006911928    -0.03437708    0.01492334    0.008254262    -0.02685137
-0.0422528    0.06971675    0.07790413    0.04540745    -0.1021506    0.01861263    0.06309214    0.0675262    0.003023485    -0.0665572    -0.1773975    -0.003228105    0.0491654    -0.1349282    0.1120773    -0.06859719    0.01075131    0.06522706    -0.07680343    0.02932604    0.0193786    0.03913429    0.001821103    -0.02765765    -0.03573489    -0.1141258    0.2419349    -0.4300399    -0.04550196    1    -0.007593216    -0.1337202    -0.07027574    0.03494076    0.07880389    -0.01434644    -0.1607475    -0.08457745    0.04869665    0.08412436    0.02645736    0.01562241    -0.01784102    0.005640727    -0.03305465    -0.05358654    -0.09921473    -0.02379207    -0.006139206    0.05736875
0.002905021    0.04193282    -0.01153259    -0.03466217    -0.01757743    0.01165382    -0.008077062    -0.01555761    0.03309106    -0.01608065    0.02863233    0.01792285    -0.06153238    -0.03402981    0.02784588    -0.117645    0.04582932    -0.03037874    0.09585971    -0.05840315    -0.01997675    -0.02748609    0.005850223    0.04631843    0.006484067    0.002717913    -0.0122599    0.0150739    -0.009568574    -0.007593216    1    0.1400241    -0.8017412    -0.2016428    0.2533022    0.0008403928    -0.01221599    0.01055408    0.02234292    -0.00882542    0.1303546    0.01686258    -0.1070204    -0.0321374    0.04197649    0.1505055    0.01463641    -0.08259465    -0.009590243    0.007012099
0.03272517    0.02093695    -0.006906097    -0.04016591    0.01064569    -0.01953328    -0.007483896    -0.0006513207    -0.0007959545    0.04638846    -0.0009234089    0.01389013    -0.01958446    -0.01913369    0.04151016    -0.1217612    0.08810562    -0.006663493    0.07331181    -0.1398412    0.01618966    -0.01188529    0.006414978    0.06429644    -0.08370725    0.0726633    -0.0384917    0.04611262    -0.007907858    -0.1337202    0.1400241    1    0.1472722    -0.7823827    0.08175681    -0.0144742    -0.0267208    0.02725611    0.03695603    -0.05146004    0.07714464    0.1427552    -0.01354719    -0.1542953    0.01354558    0.05029851    0.1195945    -0.03536964    -0.07018548    0.003337377
0.008693927    -0.02057569    0.003604717    -0.007508813    0.03089056    -0.0062315    0.03566922    -0.01489961    -0.0509    0.06175519    -0.01571483    -0.03077064    0.02618082    0.03439566    -0.005542849    0.0457179    0.02508876    0.05013394    -0.06738785    -0.02974762    0.05482572    0.03690346    -0.01875093    -0.01804735    -0.04602736    0.06331795    0.02345501    -0.02538076    0.02902816    -0.07027574    -0.8017412    0.1472722    1    0.08810614    -0.5706687    0.007046621    0.0597377    -0.00615597    -0.03773207    -0.0142018    -0.1038409    0.04729917    0.1592146    -0.01025621    -0.1250368    -0.1021701    0.0291711    0.1122944    -0.001305928    -0.07595497
-0.02659994    0.004493113    0.03455539    0.03359659    -0.03496396    0.005046346    0.05549236    0.006143999    -0.04873637    0.007692531    0.0192368    -0.04946397    -0.009458901    0.04767185    -0.0299496    0.1928327    -0.02999201    0.003559211    -0.1041663    0.02582762    0.02318058    0.003977842    -0.03388629    -0.04498973    0.09322125    -0.005620966    0.04279476    -0.04408451    0.0393455    0.03494076    -0.2016428    -0.7823827    0.08810614    1    -0.4619127    0.05042576    0.06165633    -0.006232039    -0.07090873    0.006224635    -0.06813496    -0.1199219    0.04858604    0.1983186    -0.0705133    -0.05785682    -0.09681303    0.07878019    0.09896317    -0.05325679
0.01414417    0.02352604    0.03086523    0.05462672    -0.04189368    -0.01143562    -0.04671823    0.06532508    0.08804173    -0.0809541    0.003771353    0.05183207    0.02461001    -0.05566933    0.02250577    0.04987837    0.007230208    -0.1217067    -0.04926138    -0.01406774    -0.06281169    -0.05994411    0.02701716    0.0218028    0.01248766    -0.1002672    -0.03082947    0.03886084    -0.03276983    0.07880389    0.2533022    0.08175681    -0.5706687    -0.4619127    1    -0.01820343    -0.08595736    -0.0116641    0.04677631    0.008166156    -0.00282993    -0.02860685    -0.1180566    -0.03851956    0.2652231    -0.004920112    -0.03197663    -0.09976217    -0.03825894    0.2072811
-0.03868388    0.02570057    0.05941823    0.01295194    0.01103227    -0.05441887    0.04852323    0.004058885    -0.06069623    0.03167666    -0.02008128    0.05603823    0.03877699    -0.0403027    0.0300873    -0.1767803    0.0457438    -0.03524317    0.1556508    -0.05886408    0.05358964    -0.01551211    -0.06272539    0.03157683    0.01528098    -0.03518199    -0.004117329    0.004094961    0.04088292    -0.01434644    0.0008403928    -0.0144742    0.007046621    0.05042576    -0.01820343    1    0.05016715    -0.7652618    -0.2164396    0.2527462    0.1495125    0.08707635    -0.1434157    -0.08240074    0.04450037    0.1757093    -0.01902461    -0.08365833    -0.06035079    0.02954738
0.02683497    0.005629873    -0.02345454    -0.007756155    0.02341695    0.03259111    -0.04285439    -0.009180644    0.03151801    0.02441669    -0.008669348    -0.028976    -0.01065999    0.001521182    0.00612896    -0.06666218    0.02730782    -0.001486236    0.1312641    -0.1385741    -0.09566903    0.003946173    -0.01194206    -0.06082448    0.1717524    0.04406992    -0.05887365    0.08498085    0.03016526    -0.1607475    -0.01221599    -0.0267208    0.0597377    0.06165633    -0.08595736    0.05016715    1    0.07725506    -0.7808682    0.1179414    -0.03005893    0.08024812    0.07208694    -0.02074152    -0.07479444    0.04511379    0.1572304    -0.01627114    -0.09815471    -0.01748515
0.02435256    -0.02206836    -0.03673244    -0.01507274    -0.00105645    0.042098    0.004806626    -0.03947601    0.03092303    0.004928975    0.0272147    -0.08332444    -0.06132909    0.03320285    0.002842135    0.1860952    -0.02652208    0.04598123    -0.06975276    -0.03817062    0.01407236    -0.08642587    -0.09389979    0.0227204    0.1637211    0.08748384    0.02810096    -0.01357486    -0.01105948    -0.08457745    0.01055408    0.02725611    -0.00615597    -0.006232039    -0.0116641    -0.7652618    0.07725506    1    0.210168    -0.6410685    -0.1105205    -0.05156559    0.1896591    0.1046267    -0.1577436    -0.1032741    0.05570676    0.1396427    0.0561913    -0.1408994
-0.03779789    0.0267326    -0.0009793452    -0.04536799    0.003877634    -0.01144002    0.01411818    -0.03934062    -0.04632147    0.02656286    0.003696634    0.005903699    0.008843833    0.02812571    -0.03238808    0.1281455    -0.009126031    0.02887792    -0.125634    0.003018188    0.07424532    -0.105248    -0.03887333    0.1370287    -0.06162261    -0.006565689    0.07208845    -0.04992367    -0.05378308    0.04869665    0.02234292    0.03695603    -0.03773207    -0.07090873    0.04677631    -0.2164396    -0.7808682    0.210168    1    -0.5415401    -0.02192436    -0.0895329    0.01045819    0.1159688    -0.02632562    -0.02245147    -0.0877916    0.04534361    0.128129    -0.06091721
0.01498125    -0.01257761    0.0164058    0.0123655    -0.02687516    0.01634724    -0.07562327    0.04766085    0.05767631    -0.09268848    -0.0004168177    0.07526527    0.04384166    -0.03200737    -0.02539443    -0.04795744    0.04985198    -0.1117265    -0.06005435    0.03084064    -0.05939981    0.1961661    0.1568439    -0.1426721    -0.1827065    -0.09400843    -0.01944009    0.03569054    -0.03262829    0.08412436    -0.00882542    -0.05146004    -0.0142018    0.006224635    0.008166156    0.2527462    0.1179414    -0.6410685    -0.5415401    1    0.0227643    0.0395724    -0.1223407    -0.1368913    0.2730884    -0.06040446    -0.04292855    -0.09685357    -0.04914318    0.253015
0.002836519    0.005381682    0.004044347    0.02568585    -0.05537177    -0.05530581    0.04454455    -0.03053283    -0.08799272    0.1035325    0.04163679    0.02658911    -0.02255762    -0.05026546    -0.03740225    -0.1453446    0.03714502    -0.00478214    0.102882    -0.03601382    0.022855    0.01273815    -0.0204676    0.008496994    -0.007230739    -0.01208567    -0.01119243    -0.009065506    0.03814015    0.02645736    0.1303546    0.07714464    -0.1038409    -0.06813496    -0.00282993    0.1495125    -0.03005893    -0.1105205    -0.02192436    0.0227643    1    -0.01208665    -0.7751805    -0.07643994    0.1642374    -0.009373055    -0.01509577    0.03224401    0.03383987    -0.09029222
0.01363391    -0.04597173    -0.02357825    -0.003973163    0.05463602    0.03106159    0.009760175    -0.01860645    -0.0273008    0.008838367    -0.01993647    0.04107861    -0.01124083    -0.05529319    0.0764444    -0.1716474    0.1370234    -0.02904938    0.02494316    -0.06748301    -0.03562955    0.03540663    -0.02858958    0.02003968    0.02820431    -0.02668576    -0.04156331    0.01454034    -0.007876866    0.01562241    0.01686258    0.1427552    0.04729917    -0.1199219    -0.02860685    0.08707635    0.08024812    -0.05156559    -0.0895329    0.0395724    -0.01208665    1    0.1663351    -0.7695498    0.07538156    -0.08040596    0.01265609    -0.02910225    0.01985668    0.01507886
0.0024025    -0.02789949    -0.02591673    -0.03381053    0.06898852    0.01862329    -0.0260663    -0.01648239    0.04163505    -0.03268025    -0.05096529    0.0158179    0.0266272    0.01631719    0.05103725    0.1132302    -0.009296749    0.0527791    -0.08181711    -0.01016155    -0.02384459    0.03037555    -0.01140272    -0.05686135    0.0667175    0.0001617797    -0.02516022    0.02087814    -0.03037526    -0.01784102    -0.1070204    -0.01354719    0.1592146    0.04858604    -0.1180566    -0.1434157    0.07208694    0.1896591    0.01045819    -0.1223407    -0.7751805    0.1663351    1    0.03349777    -0.5361289    -0.04407242    0.0121205    -0.01012586    -0.02725932    0.05512654
-0.01193846    0.046215    0.002354243    -0.02059615    -0.02461059    -0.04770912    -0.006234613    -0.009131654    0.02087093    0.01508887    0.01474611    -0.004031916    0.01710442    0.03865296    -0.0561551    0.19118    -0.08270393    0.05035648    -0.05895945    -0.03317605    -0.005375154    -0.038986    0.01898478    -0.03113823    0.05108713    0.02610866    0.03703088    -0.01980436    -0.02934425    0.005640727    -0.0321374    -0.1542953    -0.01025621    0.1983186    -0.03851956    -0.08240074    -0.02074152    0.1046267    0.1159688    -0.1368913    -0.07643994    -0.7695498    0.03349777    1    -0.4759833    0.1151806    0.006940934    -0.05450186    -0.01843987    0.04088486
-0.001633487    0.02586177    0.04440464    0.03206517    -0.03259859    0.04559721    -0.006249333    0.06613822    0.02538953    -0.08402855    0.01593663    -0.05459903    -0.009750272    0.03484646    0.02662879    0.01407584    0.0667338    -0.1605414    -0.04539112    -0.02385132    0.04778652    -0.01478262    0.002132372    0.04562732    -0.09684709    -0.02029107    0.0412303    0.004362229    0.01279368    -0.03305465    0.04197649    0.01354558    -0.1250368    -0.0705133    0.2652231    0.04450037    -0.07479444    -0.1577436    -0.02632562    0.2730884    0.1642374    0.07538156    -0.5361289    -0.4759833    1    -0.102393    -0.0620109    0.09590239    0.07637262    0.01052134
0.0009747135    0.03858535    0.002771592    0.009905022    -0.01513226    -0.09196398    -0.01949221    0.02641534    0.0144666    0.01933827    0.03953787    0.04427399    -0.03807851    -0.04755737    -0.0001597905    -0.08447945    -0.01779192    -0.01887102    0.2354998    -0.1188029    0.00842127    -0.004542744    -0.03623932    0.01918204    0.03400765    0.02973779    -0.00674628    0.008916974    0.006911928    -0.05358654    0.1505055    0.05029851    -0.1021701    -0.05785682    -0.004920112    0.1757093    0.04511379    -0.1032741    -0.02245147    -0.06040446    -0.009373055    -0.08040596    -0.04407242    0.1151806    -0.102393    1    -0.1376514    -0.6676179    0.09997202    0.0203232
0.03327251    -0.04293042    -0.05800285    0.03889825    -0.03677966    0.007111502    -0.04198734    -0.02992343    0.05111462    -0.02711124    0.01803296    -0.02454241    -0.0233246    0.009178364    -0.04925163    -0.07770937    0.02507684    0.02595673    0.07558538    -0.1060314    0.02994683    -0.03163716    0.04263955    0.03027521    -0.08088546    0.05498523    0.01408197    0.02095433    -0.03437708    -0.09921473    0.01463641    0.1195945    0.0291711    -0.09681303    -0.03197663    -0.01902461    0.1572304    0.05570676    -0.0877916    -0.04292855    -0.01509577    0.01265609    0.0121205    0.006940934    -0.0620109    -0.1376514    1    0.03542279    -0.676552    0.1943159
-0.05064715    -0.03044503    0.03287454    -0.01558606    0.009636552    0.01919093    0.02874585    0.002548544    -0.03096351    0.02084406    -0.03444617    -0.06456931    0.01719042    0.0478331    -0.0207082    0.05651413    0.01382804    0.07922218    -0.1578722    0.02790666    0.02517646    -0.008899058    0.0264194    0.01889109    -0.04279001    0.07407697    0.04352533    -0.05981778    0.01492334    -0.02379207    -0.08259465    -0.03536964    0.1122944    0.07878019    -0.09976217    -0.08365833    -0.01627114    0.1396427    0.04534361    -0.09685357    0.03224401    -0.02910225    -0.01012586    -0.05450186    0.09590239    -0.6676179    0.03542279    1    -0.05155417    -0.452103
-0.0215638    0.020002    0.02958227    -0.06794439    0.05131929    -0.0115296    0.03525049    -0.05080884    -0.06306929    0.05430986    -0.00245133    0.01969453    -0.005266336    -0.002207048    0.05939772    0.1102664    0.01303361    0.0074203    -0.08792805    -0.02140475    -0.01692716    0.06320033    -0.01795736    -0.03680868    0.01694961    -0.01060514    0.03240485    -0.02081737    0.008254262    -0.006139206    -0.009590243    -0.07018548    -0.001305928    0.09896317    -0.03825894    -0.06035079    -0.09815471    0.0561913    0.128129    -0.04914318    0.03383987    0.01985668    -0.02725932    -0.01843987    0.07637262    0.09997202    -0.676552    -0.05155417    1    -0.5967933
0.05025186    0.0008537819    -0.02717925    0.05679076    -0.06605082    0.03615598    -0.04166531    0.04667453    0.04605624    -0.08850135    0.01230655    0.02887436    0.03917351    -0.002304873    -0.05770238    0.02200722    0.01928556    -0.1310156    -0.01408765    -0.006324006    -0.01852224    -0.0249436    -0.004440584    -0.008244375    0.01981231    -0.09392598    -0.03614079    0.05972902    -0.02685137    0.05736875    0.007012099    0.003337377    -0.07595497    -0.05325679    0.2072811    0.02954738    -0.01748515    -0.1408994    -0.06091721    0.253015    -0.09029222    0.01507886    0.05512654    0.04088486    0.01052134    0.0203232    0.1943159    -0.452103    -0.5967933    1
