1    -0.1750601    -0.4248295    0.2174913    0.002515153    -0.03238841    0.04783724    -0.02160848    -0.001132487    0.004781861    0.01583179    0.02431362    -0.007301438    0.0004676572    -0.02911357    0.07395104    -0.1131871    -0.1369199    0.07386933    0.07649416    0.1062739    -0.04173183    -0.06669368    0.0707084    0.03126267    -0.02445343    -0.00728827    0.02983422    0.02248903    -0.04256319    0.08045247    -0.07690611    -0.0909989    0.07327928    0.03840799    0.06960626    -0.05946263    0.01124724    0.06525906    -0.0422528    0.002905021    0.03272517    0.008693927    -0.02659994    0.01414417    -0.03868388    0.02683497    0.02435256    -0.03779789    0.01498125    -0.04251166    0.05005263    0.04100327    -0.01299162    -0.01067735    0.0009747135    0.03327251    -0.05064715    -0.0215638    0.05025186
-0.1750601    1    -0.01491714    -0.6222392    0.2333305    -0.01114538    -0.056802    0.04319913    0.04859191    -0.01306501    0.001579019    -0.05518153    -0.00146553    0.03063148    0.01764472    -0.07732744    0.01778574    0.01058778    -0.1651793    0.08876159    -0.01884409    0.02837125    -0.05689195    -0.01663733    0.04394241    -0.05551138    0.07994208    0.03391737    -0.06721558    0.03860115    -0.03606889    -0.04560146    -0.0428654    -0.03354765    0.1364674    0.05904949    -0.003635176    -0.07226143    0.02426811    0.06971675    0.04193282    0.02093695    -0.02057569    0.004493113    0.02352604    0.02570057    0.005629873    -0.02206836    0.0267326    -0.01257761    -0.003238345    0.007062447    0.02551063    -0.01840964    -0.02913901    0.03858535    -0.04293042    -0.03044503    0.020002    0.0008537819
-0.4248295    -0.01491714    1    0.05952327    -0.5232977    -0.02410398    -0.02140263    0.002887439    -0.02615133    0.04397876    -0.05796589    -0.03024736    0.06909816    -0.01396418    0.01045658    -0.1276178    -0.08015054    -0.01464825    -0.09411968    0.2261081    0.0492766    -0.06421367    -0.03536227    0.01248344    0.06460526    -0.007382865    0.1051694    0.01888647    -0.1032105    0.01341977    -0.02822615    -0.0611769    -0.0250126    -0.02210743    0.1312862    -0.03717377    -0.0524544    -0.01608579    0.07371991    0.07790413    -0.01153259    -0.006906097    0.003604717    0.03455539    0.03086523    0.05941823    -0.02345454    -0.03673244    -0.0009793452    0.0164058    -0.01238674    -0.01166035    0.02923344    0.0418471    -0.03793907    0.002771592    -0.05800285    0.03287454    0.02958227    -0.02717925
0.2174913    -0.6222392    0.05952327    1    -0.5990358    -0.004350109    0.04695518    0.007053844    -0.04386999    -0.0358891    -0.01307645    0.04277145    -0.00368078    -0.02400563    0.005144751    0.08927624    -0.1740325    -0.180289    0.1381758    0.09513753    0.1399626    -0.08823668    -0.08628976    0.1332735    0.0390444    0.04355567    -0.03030949    0.0303423    0.01397458    -0.0790857    0.119538    -0.1185249    -0.09677928    0.1441567    -0.03057524    0.03295568    -0.03238618    -0.03195911    0.05777876    0.04540745    -0.03466217    -0.04016591    -0.007508813    0.03359659    0.05462672    0.01295194    -0.007756155    -0.01507274    -0.04536799    0.0123655    -0.0541893    0.04775318    0.04810176    0.002899973    0.003584582    0.009905022    0.03889825    -0.01558606    -0.06794439    0.05679076
0.002515153    0.2333305    -0.5232977    -0.5990358    1    0.02357466    -0.006217423    0.004515984    0.02179571    -0.03559496    -0.01467582    -0.03386515    0.001945455    0.07431929    0.00592173    -0.0001732517    0.1783414    0.2074047    -0.02316448    -0.2377356    -0.171295    0.116167    0.1020139    -0.1270012    -0.03871811    -0.01461965    -0.07896462    -0.04492463    0.07609251    0.04925242    -0.0827866    0.1297842    0.129556    -0.07433294    -0.1390769    -0.05598918    0.07469587    0.06070256    -0.1086727    -0.1021506    -0.01757743    0.01064569    0.03089056    -0.03496396    -0.04189368    0.01103227    0.02341695    -0.00105645    0.003877634    -0.02687516    0.09143708    -0.03079676    -0.08937305    -0.02632274    0.02316852    -0.01513226    -0.03677966    0.009636552    0.05131929    -0.06605082
-0.03238841    -0.01114538    -0.02410398    -0.004350109    0.02357466    1    -0.1946423    -0.4709472    0.235111    -0.02529814    0.1140332    -0.1149303    -0.1449753    0.114778    -0.0131029    -0.08566339    0.02077572    0.02551791    0.03708786    0.00229714    0.08580155    -0.05242631    -0.007107087    0.01171587    0.01553355    0.01580902    -0.04429785    0.01512312    0.04417408    -0.02605909    0.1125817    -0.08291987    -0.0868434    0.1033577    -0.01966699    0.04370249    -0.02391211    -0.02552311    0.04000411    0.01861263    0.01165382    -0.01953328    -0.0062315    0.005046346    -0.01143562    -0.05441887    0.03259111    0.042098    -0.01144002    0.01634724    0.02004144    0.04273592    -0.05215318    -0.07045713    0.07017869    -0.09196398    0.007111502    0.01919093    -0.0115296    0.03615598
0.04783724    -0.056802    -0.02140263    0.04695518    -0.006217423    -0.1946423    1    0.005353657    -0.6506694    0.2672641    -0.1459943    -0.001696117    0.01492947    -0.07833049    0.1819539    0.02729262    -0.003498174    0.01101164    0.002570376    -0.05719703    -0.0895111    -0.03176213    0.03980186    -0.02105809    0.09505249    -0.05991311    -0.0005669999    0.03145227    0.01238109    -0.01437138    -0.05889785    -0.00170725    -0.01437208    -0.06253377    0.1102095    0.02430503    -0.06125764    -0.01451888    0.02676009    0.06309214    -0.008077062    -0.007483896    0.03566922    0.05549236    -0.04671823    0.04852323    -0.04285439    0.004806626    0.01411818    -0.07562327    -0.06996184    0.001719751    0.06293339    0.006851533    0.01176129    -0.01949221    -0.04198734    0.02874585    0.03525049    -0.04166531
-0.02160848    0.04319913    0.002887439    0.007053844    0.004515984    -0.4709472    0.005353657    1    0.06514224    -0.5083593    -0.06495123    -0.08069654    -0.03107886    -0.09139743    0.1451873    0.03900224    0.02140272    -0.01039284    -0.07307121    0.03432822    0.04746799    -0.0488372    -0.09953043    0.0787147    0.094424    -0.08382258    0.1084163    0.1165131    -0.07260895    -0.05519722    -0.006737235    -0.0705223    -0.09045187    -0.01487817    0.1719383    0.05158124    -0.0245993    -0.06011067    0.01643522    0.0675262    -0.01555761    -0.0006513207    -0.01489961    0.006143999    0.06532508    0.004058885    -0.009180644    -0.03947601    -0.03934062    0.04766085    -0.02423889    -0.00824435    0.05413134    0.01702322    -0.01448483    0.02641534    -0.02992343    0.002548544    -0.05080884    0.04667453
-0.001132487    0.04859191    -0.02615133    -0.04386999    0.02179571    0.235111    -0.6506694    0.06514224    1    -0.6078586    0.1143026    -0.1579019    -0.1080708    0.1031727    -0.03598729    -0.01128964    0.04635509    -0.002379128    -0.02643029    0.001209666    0.1789869    -0.07188884    -0.08701485    0.116042    -0.03253994    0.06193581    0.06285861    -0.005116542    -0.02456669    -0.01243414    0.1557245    -0.128178    -0.1220098    0.1055599    0.01355246    0.04406171    -0.03355917    -0.03772896    0.08385934    0.003023485    0.03309106    -0.0007959545    -0.0509    -0.04873637    0.08804173    -0.06069623    0.03151801    0.03092303    -0.04632147    0.05767631    0.05296283    0.04351211    -0.03167337    -0.01256975    -0.02858256    0.0144666    0.05111462    -0.03096351    -0.06306929    0.04605624
0.004781861    -0.01306501    0.04397876    -0.0358891    -0.03559496    -0.02529814    0.2672641    -0.5083593    -0.6078586    1    -0.01478654    0.2231314    0.1023372    -0.06043291    -0.09014418    -0.002921072    -0.01608019    0.01543202    0.03704312    -0.04123738    -0.1952854    0.1296703    0.1450552    -0.1804671    -0.05279449    -0.04092893    -0.1104018    -0.06480707    0.02008828    0.103033    -0.1497256    0.1351196    0.1929388    -0.05353459    -0.1540285    -0.06877164    0.03305229    0.08397911    -0.07236744    -0.0665572    -0.01608065    0.04638846    0.06175519    0.007692531    -0.0809541    0.03167666    0.02441669    0.004928975    0.02656286    -0.09268848    0.009636278    -0.04555553    -0.03912217    0.01518262    0.03027273    0.01933827    -0.02711124    0.02084406    0.05430986    -0.08850135
0.01583179    0.001579019    -0.05796589    -0.01307645    -0.01467582    0.1140332    -0.1459943    -0.06495123    0.1143026    -0.01478654    1    -0.05330177    -0.7076816    -0.05428078    -0.0042453    -0.03260079    0.04732671    0.01778713    -0.05149739    0.0435914    0.08878861    -0.01884682    -0.0562046    0.0542777    -0.02178732    0.0903397    0.005439    -0.05772181    0.00608729    -0.005567362    0.06776238    -0.02909069    -0.05157999    0.09786863    -0.03936133    0.1292805    -0.02905203    -0.01637126    0.1429335    -0.1773975    0.02863233    -0.0009234089    -0.01571483    0.0192368    0.003771353    -0.02008128    -0.008669348    0.0272147    0.003696634    -0.0004168177    0.0208085    0.003794992    -0.03510047    -0.007407226    0.01931081    0.03953787    0.01803296    -0.03444617    -0.00245133    0.01230655
0.02431362    -0.05518153    -0.03024736    0.04277145    -0.03386515    -0.1149303    -0.001696117    -0.08069654    -0.1579019    0.2231314    -0.05330177    1    -0.07540401    -0.5736487    0.1523894    -0.0765811    0.03770422    0.02687694    -0.009595471    0.02003757    -0.01361854    0.005656384    -0.04410005    0.01842059    0.0200206    -0.06446558    0.1362499    0.08760612    -0.1335838    0.01491064    -0.1231257    0.09225474    0.1340024    -0.03097577    -0.1056858    -0.2357386    0.1366384    0.1434264    -0.2609235    -0.003228105    0.01792285    0.01389013    -0.03077064    -0.04946397    0.05183207    0.05603823    -0.028976    -0.08332444    0.005903699    0.07526527    -0.03898257    -0.0603947    -0.001631004    0.01004439    -0.006827188    0.04427399    -0.02454241    -0.06456931    0.01969453    0.02887436
-0.007301438    -0.00146553    0.06909816    -0.00368078    0.001945455    -0.1449753    0.01492947    -0.03107886    -0.1080708    0.1023372    -0.7076816    -0.07540401    1    0.02279707    -0.3127617    0.0293918    -0.05910624    -0.03413501    0.05623993    0.01685803    0.0109562    -0.02203385    -0.04005337    0.01756891    0.05742907    -0.09752438    0.01116563    0.153977    -0.007917199    -0.08716705    -0.08321984    0.05146319    0.1189997    -0.0913666    -0.04086966    -0.2233964    0.1347205    0.1083599    -0.2361557    0.0491654    -0.06153238    -0.01958446    0.02618082    -0.009458901    0.02461001    0.03877699    -0.01065999    -0.06132909    0.008843833    0.04384166    0.004799001    -0.03055554    -0.01059723    0.01788209    0.02655572    -0.03807851    -0.0233246    0.01719042    -0.005266336    0.03917351
0.0004676572    0.03063148    -0.01396418    -0.02400563    0.07431929    0.114778    -0.07833049    -0.09139743    0.1031727    -0.06043291    -0.05428078    -0.5736487    0.02279707    1    -0.3869901    0.02373267    -0.05732573    0.02646388    0.03542455    -0.07071895    0.1181875    -0.05167475    -0.0246916    0.01408683    0.05936459    0.01095991    -0.1022798    -0.006346156    0.172178    -0.1016929    0.09599078    -0.003982683    -0.0688805    0.01762167    -0.01287073    0.1379205    -0.02525905    -0.03133128    0.1245969    -0.1349282    -0.03402981    -0.01913369    0.03439566    0.04767185    -0.05566933    -0.0403027    0.001521182    0.03320285    0.02812571    -0.03200737    0.04448964    0.03932416    -0.01137089    -0.01717312    0.02845469    -0.04755737    0.009178364    0.0478331    -0.002207048    -0.002304873
-0.02911357    0.01764472    0.01045658    0.005144751    0.00592173    -0.0131029    0.1819539    0.1451873    -0.03598729    -0.09014418    -0.0042453    0.1523894    -0.3127617    -0.3869901    1    -0.005918094    0.03424026    0.01210992    -0.03345085    -0.02709558    -0.104417    0.09152064    0.03042259    -0.04195618    -0.06146077    0.004930282    0.04498057    -0.1036106    -0.05899862    0.1864454    -0.02017131    -0.03503825    -0.06068469    -0.01466209    0.1395132    0.07152251    -0.124748    -0.06443682    0.07188556    0.1120773    0.02784588    0.04151016    -0.005542849    -0.0299496    0.02250577    0.0300873    0.00612896    0.002842135    -0.03238808    -0.02539443    -0.0686502    -0.01865156    0.05055686    0.0287763    -0.04341686    -0.0001597905    -0.04925163    -0.0207082    0.05939772    -0.05770238
0.07395104    -0.07732744    -0.1276178    0.08927624    -0.0001732517    -0.08566339    0.02729262    0.03900224    -0.01128964    -0.002921072    -0.03260079    -0.0765811    0.0293918    0.02373267    -0.005918094    1    -0.06409369    -0.6033327    -0.117936    0.005767962    0.1701355    -0.0574486    -0.06066094    0.2054905    -0.1118043    0.1254093    -0.06357015    -0.1067739    0.09672983    -0.0006097968    0.004912869    -0.02372919    -0.01944006    0.02564671    -0.005627487    0.01610019    -0.06951527    0.01076136    0.09534299    -0.01308736    -0.02255272    0.04139258    0.00281306    -0.03621117    -0.008470858    -0.003667107    0.01434533    0.02196922    0.01293101    -0.05925186    -0.005785504    -0.00267461    -0.005283474    0.02213259    0.01222934    0.02304323    -0.005218953    -0.01366843    0.0039977    -0.01342778
-0.1131871    0.01778574    -0.08015054    -0.1740325    0.1783414    0.02077572    -0.003498174    0.02140272    0.04635509    -0.01608019    0.04732671    0.03770422    -0.05910624    -0.05732573    0.03424026    -0.06409369    1    -0.09900662    -0.5676348    0.03544622    -0.2874626    0.1057192    0.2013681    -0.2530253    0.01527344    -0.04629596    0.02069013    -0.05652678    -0.05753384    0.1154391    -0.04350291    -0.004177662    0.09391179    0.01177709    -0.08812059    0.09035622    0.0005434782    -0.09284294    -0.03065628    0.05221953    0.004408727    0.02997172    0.03378    -0.04218344    -0.04177332    0.01871929    -0.05181283    -0.05050695    0.04179945    0.002959576    -0.007617339    -0.04878791    -0.02793276    0.03019914    0.02979338    0.005991629    0.01629427    0.008106591    -0.01540845    -0.02872888
-0.1369199    0.01058778    -0.01464825    -0.180289    0.2074047    0.02551791    0.01101164    -0.01039284    -0.002379128    0.01543202    0.01778713    0.02687694    -0.03413501    0.02646388    0.01210992    -0.6033327    -0.09900662    1    -0.06336199    -0.3576137    -0.3127558    0.138836    0.1699537    -0.2257022    0.001491449    -0.06042226    -0.03943763    -0.01580375    -0.07187572    0.1128916    0.005152301    0.07123273    0.008917819    -0.04820343    -0.0311183    -0.008745422    -0.0367233    -0.004724281    0.02556267    0.0508789    0.01462843    0.02057399    0.0521541    0.004213254    -0.08246203    0.03143309    -0.0316137    -0.01585068    0.02629431    -0.0393443    0.03912787    -0.02853262    -0.0410553    -0.03581504    0.05539082    -0.0349048    -0.02486632    0.08516028    0.01497621    -0.08319
0.07386933    -0.1651793    -0.09411968    0.1381758    -0.02316448    0.03708786    0.002570376    -0.07307121    -0.02643029    0.03704312    -0.05149739    -0.009595471    0.05623993    0.03542455    -0.03345085    -0.117936    -0.5676348    -0.06336199    1    -0.2964738    0.1320717    -0.03375441    -0.03376081    0.1219943    -0.1167485    0.0553607    -0.1433729    -0.03299325    0.1432519    -0.03798009    0.01527309    0.03310413    -0.02823734    0.002585586    0.0247469    0.07562052    -0.005852118    -0.0299171    -0.007934935    -0.00913873    -0.01539778    -0.03848445    -0.01853205    0.02882173    0.007241992    -0.02343289    0.06052918    0.03467632    -0.06485584    0.01284983    0.03686822    0.02536326    -0.00872771    0.006136708    -0.06177666    0.01134116    -0.008842299    -0.03169866    0.004983702    0.03282264
0.07649416    0.08876159    0.2261081    0.09513753    -0.2377356    0.00229714    -0.05719703    0.03432822    0.001209666    -0.04123738    0.0435914    0.02003757    0.01685803    -0.07071895    -0.02709558    0.005767962    0.03544622    -0.3576137    -0.2964738    1    0.1840341    -0.1126703    -0.1572063    0.08632179    0.1325958    -0.02866895    0.178108    0.128398    -0.10562    -0.1239327    0.01485464    -0.08676033    -0.02104514    0.04509317    0.03677732    -0.1073837    0.07627857    0.08079149    -0.08159052    -0.03085781    0.01363399    -0.01880339    -0.07177303    0.001032017    0.1251381    -0.008418857    0.00471083    -0.01117648    0.0101948    0.04207786    -0.02049029    0.0342186    0.02548965    -0.02999124    -0.03585497    0.0281875    0.01514631    -0.04976897    -0.01577846    0.07491813
0.1062739    -0.01884409    0.0492766    0.1399626    -0.171295    0.08580155    -0.0895111    0.04746799    0.1789869    -0.1952854    0.08878861    -0.01361854    0.0109562    0.1181875    -0.104417    0.1701355    -0.2874626    -0.3127558    0.1320717    0.1840341    1    -0.3425514    -0.24755    0.1688995    0.007790085    0.02656314    0.05578644    0.1539805    0.0386632    -0.2203005    0.01798854    -0.04065403    -0.06900619    -0.01741116    0.1195293    -0.07208635    0.1296411    0.0257668    -0.06267589    -0.06859719    -0.117645    -0.1217612    0.0457179    0.1928327    0.04987837    -0.1767803    -0.06666218    0.1860952    0.1281455    -0.04795744    0.02534303    -0.007865883    -0.05393668    -0.01592101    0.0452931    -0.08447945    -0.07770937    0.05651413    0.1102664    0.02200722
-0.04173183    0.02837125    -0.06421367    -0.08823668    0.116167    -0.05242631    -0.03176213    -0.0488372    -0.07188884    0.1296703    -0.01884682    0.005656384    -0.02203385    -0.05167475    0.09152064    -0.0574486    0.1057192    0.138836    -0.03375441    -0.1126703    -0.3425514    1    -0.6241456    -0.2792986    0.1218277    0.01189034    -0.1099098    -0.06119945    0.06726883    0.08203335    0.005185252    0.01868814    -0.001572928    0.01406794    -0.04648981    -0.01221896    -0.09842613    0.05058382    0.03587219    0.01075131    0.04582932    0.08810562    0.02508876    -0.02999201    0.007230208    0.0457438    0.02730782    -0.02652208    -0.009126031    0.04985198    -0.01271848    -0.05954494    -0.006231811    -7.483683e-05    0.003392176    -0.01779192    0.02507684    0.01382804    0.01303361    0.01928556
-0.06669368    -0.05689195    -0.03536227    -0.08628976    0.1020139    -0.007107087    0.03980186    -0.09953043    -0.08701485    0.1450552    -0.0562046    -0.04410005    -0.04005337    -0.0246916    0.03042259    -0.06066094    0.2013681    0.1699537    -0.03376081    -0.1572063    -0.24755    -0.6241456    1    -0.2963397    -0.2330515    0.04877607    -0.05211566    -0.1575486    -0.02371983    0.1280792    -0.02866228    0.03544331    0.07095481    -0.02415809    -0.0327292    0.1405388    -0.0142625    -0.1410526    0.04865965    0.06522706    -0.03037874    -0.006663493    0.05013394    0.003559211    -0.1217067    -0.03524317    -0.001486236    0.04598123    0.02887792    -0.1117265    0.01543309    -0.01418111    -0.02743036    0.03781053    -0.002227902    -0.01887102    0.02595673    0.07922218    0.0074203    -0.1310156
0.0707084    -0.01663733    0.01248344    0.1332735    -0.1270012    0.01171587    -0.02105809    0.0787147    0.116042    -0.1804671    0.0542777    0.01842059    0.01756891    0.01408683    -0.04195618    0.2054905    -0.2530253    -0.2257022    0.1219943    0.08632179    0.1688995    -0.2792986    -0.2963397    1    -0.3314129    0.01751401    0.05822751    0.07922929    0.05887532    -0.1383074    0.0201038    -0.04794656    -0.1023507    0.02010253    0.1208491    -0.01920492    0.0355328    0.05907627    -0.03329079    -0.07680343    0.09585971    0.07331181    -0.06738785    -0.1041663    -0.04926138    0.1556508    0.1312641    -0.06975276    -0.125634    -0.06005435    0.01564002    0.06651673    -0.005568377    -0.05730079    0.0346916    0.2354998    0.07558538    -0.1578722    -0.08792805    -0.01408765
0.03126267    0.04394241    0.06460526    0.0390444    -0.03871811    0.01553355    0.09505249    0.094424    -0.03253994    -0.05279449    -0.02178732    0.0200206    0.05742907    0.05936459    -0.06146077    -0.1118043    0.01527344    0.001491449    -0.1167485    0.1325958    0.007790085    0.1218277    -0.2330515    -0.3314129    1    -0.09773678    0.09706521    0.1241814    -0.1282615    -0.006289234    0.01720538    0.0003217162    0.03269436    0.003594638    -0.08398854    -0.1315544    0.0147975    0.05810587    -0.009235673    0.02932604    -0.05840315    -0.1398412    -0.02974762    0.02582762    -0.01406774    -0.05886408    -0.1385741    -0.03817062    0.003018188    0.03084064    -0.007862747    0.04712069    0.04714826    -0.009746172    -0.02479599    -0.1188029    -0.1060314    0.02790666    -0.02140475    -0.006324006
-0.02445343    -0.05551138    -0.007382865    0.04355567    -0.01461965    0.01580902    -0.05991311    -0.08382258    0.06193581    -0.04092893    0.0903397    -0.06446558    -0.09752438    0.01095991    0.004930282    0.1254093    -0.04629596    -0.06042226    0.0553607    -0.02866895    0.02656314    0.01189034    0.04877607    0.01751401    -0.09773678    1    0.1175183    -0.6888881    -0.007499106    0.04592695    0.07530593    -0.09911951    -0.05450466    0.08854944    0.001793736    0.003247247    -0.009592399    -0.01904375    0.0007578802    0.03226231    0.09522771    -0.09204214    -0.07977132    0.1170341    -0.07538418    0.05779381    -0.1090101    0.009181866    0.1207891    -0.1029446    0.105054    0.02556331    -0.1144393    -0.05624636    0.05673564    0.03811379    0.0649115    -0.01489147    -0.01745127    -0.04125743
-0.00728827    0.07994208    0.1051694    -0.03030949    -0.07896462    -0.04429785    -0.0005669999    0.1084163    0.06285861    -0.1104018    0.005439    0.1362499    0.01116563    -0.1022798    0.04498057    -0.06357015    0.02069013    -0.03943763    -0.1433729    0.178108    0.05578644    -0.1099098    -0.05211566    0.05822751    0.09706521    0.1175183    1    -0.2907878    -0.6958708    0.2802592    0.02601059    0.002748583    -0.005547259    -0.05506806    0.0009061352    -0.07782294    0.01018996    0.02807792    -0.03670038    0.04059141    -0.04105729    -0.03431518    -0.09020196    -0.08061953    0.2086654    -0.02805541    -0.08229511    -0.08719055    -0.05946678    0.1862357    -0.0260729    -0.05994205    0.009600527    0.06156277    -0.04081809    0.003563782    -0.03867463    -0.0274839    0.0240722    0.01749138
0.02983422    0.03391737    0.01888647    0.0303423    -0.04492463    0.01512312    0.03145227    0.1165131    -0.005116542    -0.06480707    -0.05772181    0.08760612    0.153977    -0.006346156    -0.1036106    -0.1067739    -0.05652678    -0.01580375    -0.03299325    0.128398    0.1539805    -0.06119945    -0.1575486    0.07922929    0.1241814    -0.6888881    -0.2907878    1    0.09759804    -0.538035    -0.1067592    0.04687425    0.04460494    -0.07631419    0.07226158    -0.09255916    0.06569828    0.05244081    -0.1052417    0.002946527    -0.083692    -0.09252621    -0.03048099    -0.02866181    0.1496614    -0.07832443    0.01206705    -0.05838536    -0.0788725    0.1861061    -0.09414703    -0.05031649    0.04611685    0.005022218    0.02445067    -0.04921008    -0.006044469    0.01836305    -0.003917189    0.04829828
0.02248903    -0.06721558    -0.1032105    0.01397458    0.07609251    0.04417408    0.01238109    -0.07260895    -0.02456669    0.02008828    0.00608729    -0.1335838    -0.007917199    0.172178    -0.05899862    0.09672983    -0.05753384    -0.07187572    0.1432519    -0.10562    0.0386632    0.06726883    -0.02371983    0.05887532    -0.1282615    -0.007499106    -0.6958708    0.09759804    1    -0.4298296    0.05559526    -0.00999543    -0.06186129    0.02685509    0.04823863    0.009908147    0.02584176    -0.01165603    0.00215075    0.002114588    0.09174029    -0.02010248    -0.02645048    0.08885645    -0.1217763    0.06681686    -0.06112158    0.008848863    0.1275067    -0.121465    0.01938912    0.02896676    -0.06556923    -0.07617464    0.1128743    0.02671605    0.07705192    0.02414094    -0.006282117    -0.04155574
-0.04256319    0.03860115    0.01341977    -0.0790857    0.04925242    -0.02605909    -0.01437138    -0.05519722    -0.01243414    0.103033    -0.005567362    0.01491064    -0.08716705    -0.1016929    0.1864454    -0.0006097968    0.1154391    0.1128916    -0.03798009    -0.1239327    -0.2203005    0.08203335    0.1280792    -0.1383074    -0.006289234    0.04592695    0.2802592    -0.538035    -0.4298296    1    0.041267    0.03269712    -0.001319649    0.01384881    -0.08246837    0.08729528    -0.1167188    -0.0003244897    0.1339029    -0.04678849    0.01070133    0.1767705    0.1080461    -0.04915973    -0.1121769    0.03392326    0.1139882    0.06910205    -0.03286044    -0.1417786    0.02204073    0.03465393    0.06587695    0.0615801    -0.120212    -0.02745773    -0.07163876    0.009207482    0.04189701    -0.04891097
0.08045247    -0.03606889    -0.02822615    0.119538    -0.0827866    0.1125817    -0.05889785    -0.006737235    0.1557245    -0.1497256    0.06776238    -0.1231257    -0.08321984    0.09599078    -0.02017131    0.004912869    -0.04350291    0.005152301    0.01527309    0.01485464    0.01798854    0.005185252    -0.02866228    0.0201038    0.01720538    0.07530593    0.02601059    -0.1067592    0.05559526    0.041267    1    0.0416845    -0.7534453    -0.07856249    0.08736875    0.0316579    -0.05171671    -0.008127827    0.06716212    0.0193786    -0.01997675    0.01618966    0.05482572    0.02318058    -0.06281169    0.05358964    -0.09566903    0.01407236    0.07424532    -0.05939981    0.04423311    0.007274151    -0.02927285    -0.02410915    0.0131825    0.00842127    0.02994683    0.02517646    -0.01692716    -0.01852224
-0.07690611    -0.04560146    -0.0611769    -0.1185249    0.1297842    -0.08291987    -0.00170725    -0.0705223    -0.128178    0.1351196    -0.02909069    0.09225474    0.05146319    -0.003982683    -0.03503825    -0.02372919    -0.004177662    0.07123273    0.03310413    -0.08676033    -0.04065403    0.01868814    0.03544331    -0.04794656    0.0003217162    -0.09911951    0.002748583    0.04687425    -0.00999543    0.03269712    0.0416845    1    -0.220745    -0.7680268    0.1760315    -0.1051961    0.02387862    0.05185905    -0.07125035    0.03913429    -0.02748609    -0.01188529    0.03690346    0.003977842    -0.05994411    -0.01551211    0.003946173    -0.08642587    -0.105248    0.1961661    -0.01693033    -0.07736583    -0.01278089    0.0232962    -0.02579125    -0.004542744    -0.03163716    -0.008899058    0.06320033    -0.0249436
-0.0909989    -0.0428654    -0.0250126    -0.09677928    0.129556    -0.0868434    -0.01437208    -0.09045187    -0.1220098    0.1929388    -0.05157999    0.1340024    0.1189997    -0.0688805    -0.06068469    -0.01944006    0.09391179    0.008917819    -0.02823734    -0.02104514    -0.06900619    -0.001572928    0.07095481    -0.1023507    0.03269436    -0.05450466    -0.005547259    0.04460494    -0.06186129    -0.001319649    -0.7534453    -0.220745    1    0.05457984    -0.4539195    -0.05979963    0.08516478    0.01064528    -0.1203532    0.001821103    0.005850223    0.006414978    -0.01875093    -0.03388629    0.02701716    -0.06272539    -0.01194206    -0.09389979    -0.03887333    0.1568439    -0.01117022    -0.01604535    -0.02325429    -0.001754954    0.03626493    -0.03623932    0.04263955    0.0264194    -0.01795736    -0.004440584
0.07327928    -0.03354765    -0.02210743    0.1441567    -0.07433294    0.1033577    -0.06253377    -0.01487817    0.1055599    -0.05353459    0.09786863    -0.03097577    -0.0913666    0.01762167    -0.01466209    0.02564671    0.01177709    -0.04820343    0.002585586    0.04509317    -0.01741116    0.01406794    -0.02415809    0.02010253    0.003594638    0.08854944    -0.05506806    -0.07631419    0.02685509    0.01384881    -0.07856249    -0.7680268    0.05457984    1    -0.3206691    0.05208402    0.01437357    -0.04227616    0.02363694    -0.02765765    0.04631843    0.06429644    -0.01804735    -0.04498973    0.0218028    0.03157683    -0.06082448    0.0227204    0.1370287    -0.1426721    0.02706337    0.04388985    -0.0334981    -0.04083577    0.06293204    0.01918204    0.03027521    0.01889109    -0.03680868    -0.008244375
0.03840799    0.1364674    0.1312862    -0.03057524    -0.1390769    -0.01966699    0.1102095    0.1719383    0.01355246    -0.1540285    -0.03936133    -0.1056858    -0.04086966    -0.01287073    0.1395132    -0.005627487    -0.08812059    -0.0311183    0.0247469    0.03677732    0.1195293    -0.04648981    -0.0327292    0.1208491    -0.08398854    0.001793736    0.0009061352    0.07226158    0.04823863    -0.08246837    0.08736875    0.1760315    -0.4539195    -0.3206691    1    0.09880376    -0.1022697    -0.000121861    0.1156254    -0.03573489    0.006484067    -0.08370725    -0.04602736    0.09322125    0.01248766    0.01528098    0.1717524    0.1637211    -0.06162261    -0.1827065    -0.03724851    -0.005623333    0.07255012    0.06058531    -0.08642742    0.03400765    -0.08088546    -0.04279001    0.01694961    0.01981231
0.06960626    0.05904949    -0.03717377    0.03295568    -0.05598918    0.04370249    0.02430503    0.05158124    0.04406171    -0.06877164    0.1292805    -0.2357386    -0.2233964    0.1379205    0.07152251    0.01610019    0.09035622    -0.008745422    0.07562052    -0.1073837    -0.07208635    -0.01221896    0.1405388    -0.01920492    -0.1315544    0.003247247    -0.07782294    -0.09255916    0.009908147    0.08729528    0.0316579    -0.1051961    -0.05979963    0.05208402    0.09880376    1    0.1802937    -0.5691702    -0.2002636    -0.1141258    0.002717913    0.0726633    0.06331795    -0.005620966    -0.1002672    -0.03518199    0.04406992    0.08748384    -0.006565689    -0.09400843    -0.005695692    0.05758863    0.0288577    5.711648e-05    -0.03955499    0.02973779    0.05498523    0.07407697    -0.01060514    -0.09392598
-0.05946263    -0.003635176    -0.0524544    -0.03238618    0.07469587    -0.02391211    -0.06125764    -0.0245993    -0.03355917    0.03305229    -0.02905203    0.1366384    0.1347205    -0.02525905    -0.124748    -0.06951527    0.0005434782    -0.0367233    -0.005852118    0.07627857    0.1296411    -0.09842613    -0.0142625    0.0355328    0.0147975    -0.009592399    0.01018996    0.06569828    0.02584176    -0.1167188    -0.05171671    0.02387862    0.08516478    0.01437357    -0.1022697    0.1802937    1    -0.712963    -0.5634511    0.2419349    -0.0122599    -0.0384917    0.02345501    0.04279476    -0.03082947    -0.004117329    -0.05887365    0.02810096    0.07208845    -0.01944009    0.05847813    0.06334651    -0.0310468    -0.03954308    -0.02278919    -0.00674628    0.01408197    0.04352533    0.03240485    -0.03614079
0.01124724    -0.07226143    -0.01608579    -0.03195911    0.06070256    -0.02552311    -0.01451888    -0.06011067    -0.03772896    0.08397911    -0.01637126    0.1434264    0.1083599    -0.03133128    -0.06443682    0.01076136    -0.09284294    -0.004724281    -0.0299171    0.08079149    0.0257668    0.05058382    -0.1410526    0.05907627    0.05810587    -0.01904375    0.02807792    0.05244081    -0.01165603    -0.0003244897    -0.008127827    0.05185905    0.01064528    -0.04227616    -0.000121861    -0.5691702    -0.712963    1    0.1600804    -0.4300399    0.0150739    0.04611262    -0.02538076    -0.04408451    0.03886084    0.004094961    0.08498085    -0.01357486    -0.04992367    0.03569054    -0.02069721    -0.04746272    0.02933682    0.0215518    -0.00234871    0.008916974    0.02095433    -0.05981778    -0.02081737    0.05972902
0.06525906    0.02426811    0.07371991    0.05777876    -0.1086727    0.04000411    0.02676009    0.01643522    0.08385934    -0.07236744    0.1429335    -0.2609235    -0.2361557    0.1245969    0.07188556    0.09534299    -0.03065628    0.02556267    -0.007934935    -0.08159052    -0.06267589    0.03587219    0.04865965    -0.03329079    -0.009235673    0.0007578802    -0.03670038    -0.1052417    0.00215075    0.1339029    0.06716212    -0.07125035    -0.1203532    0.02363694    0.1156254    -0.2002636    -0.5634511    0.1600804    1    -0.04550196    -0.009568574    -0.007907858    0.02902816    0.0393455    -0.03276983    0.04088292    0.03016526    -0.01105948    -0.05378308    -0.03262829    -0.02535272    0.01031132    0.05481603    0.06309222    -0.02656878    0.006911928    -0.03437708    0.01492334    0.008254262    -0.02685137
-0.0422528    0.06971675    0.07790413    0.04540745    -0.1021506    0.01861263    0.06309214    0.0675262    0.003023485    -0.0665572    -0.1773975    -0.003228105    0.0491654    -0.1349282    0.1120773    -0.01308736    0.05221953    0.0508789    -0.00913873    -0.03085781    -0.06859719    0.01075131    0.06522706    -0.07680343    0.02932604    0.03226231    0.04059141    0.002946527    0.002114588    -0.04678849    0.0193786    0.03913429    0.001821103    -0.02765765    -0.03573489    -0.1141258    0.2419349    -0.4300399    -0.04550196    1    -0.007593216    -0.1337202    -0.07027574    0.03494076    0.07880389    -0.01434644    -0.1607475    -0.08457745    0.04869665    0.08412436    0.007661599    -0.05597703    -0.1085245    -0.04735487    0.1103631    -0.05358654    -0.09921473    -0.02379207    -0.006139206    0.05736875
0.002905021    0.04193282    -0.01153259    -0.03466217    -0.01757743    0.01165382    -0.008077062    -0.01555761    0.03309106    -0.01608065    0.02863233    0.01792285    -0.06153238    -0.03402981    0.02784588    -0.02255272    0.004408727    0.01462843    -0.01539778    0.01363399    -0.117645    0.04582932    -0.03037874    0.09585971    -0.05840315    0.09522771    -0.04105729    -0.083692    0.09174029    0.01070133    -0.01997675    -0.02748609    0.005850223    0.04631843    0.006484067    0.002717913    -0.0122599    0.0150739    -0.009568574    -0.007593216    1    0.1400241    -0.8017412    -0.2016428    0.2533022    0.0008403928    -0.01221599    0.01055408    0.02234292    -0.00882542    -0.02951203    -0.1061556    0.03275861    0.110862    -0.1080572    0.1505055    0.01463641    -0.08259465    -0.009590243    0.007012099
0.03272517    0.02093695    -0.006906097    -0.04016591    0.01064569    -0.01953328    -0.007483896    -0.0006513207    -0.0007959545    0.04638846    -0.0009234089    0.01389013    -0.01958446    -0.01913369    0.04151016    0.04139258    0.02997172    0.02057399    -0.03848445    -0.01880339    -0.1217612    0.08810562    -0.006663493    0.07331181    -0.1398412    -0.09204214    -0.03431518    -0.09252621    -0.02010248    0.1767705    0.01618966    -0.01188529    0.006414978    0.06429644    -0.08370725    0.0726633    -0.0384917    0.04611262    -0.007907858    -0.1337202    0.1400241    1    0.1472722    -0.7823827    0.08175681    -0.0144742    -0.0267208    0.02725611    0.03695603    -0.05146004    -0.1722605    -0.08533373    0.082304    0.06348401    -0.02668085    0.05029851    0.1195945    -0.03536964    -0.07018548    0.003337377
0.008693927    -0.02057569    0.003604717    -0.007508813    0.03089056    -0.0062315    0.03566922    -0.01489961    -0.0509    0.06175519    -0.01571483    -0.03077064    0.02618082    0.03439566    -0.005542849    0.00281306    0.03378    0.0521541    -0.01853205    -0.07177303    0.0457179    0.02508876    0.05013394    -0.06738785    -0.02974762    -0.07977132    -0.09020196    -0.03048099    -0.02645048    0.1080461    0.05482572    0.03690346    -0.01875093    -0.01804735    -0.04602736    0.06331795    0.02345501    -0.02538076    0.02902816    -0.07027574    -0.8017412    0.1472722    1    0.08810614    -0.5706687    0.007046621    0.0597377    -0.00615597    -0.03773207    -0.0142018    0.002358554    0.01680095    -0.07696458    -0.1113426    0.1753437    -0.1021701    0.0291711    0.1122944    -0.001305928    -0.07595497
-0.02659994    0.004493113    0.03455539    0.03359659    -0.03496396    0.005046346    0.05549236    0.006143999    -0.04873637    0.007692531    0.0192368    -0.04946397    -0.009458901    0.04767185    -0.0299496    -0.03621117    -0.04218344    0.004213254    0.02882173    0.001032017    0.1928327    -0.02999201    0.003559211    -0.1041663    0.02582762    0.1170341    -0.08061953    -0.02866181    0.08885645    -0.04915973    0.02318058    0.003977842    -0.03388629    -0.04498973    0.09322125    -0.005620966    0.04279476    -0.04408451    0.0393455    0.03494076    -0.2016428    -0.7823827    0.08810614    1    -0.4619127    0.05042576    0.06165633    -0.006232039    -0.07090873    0.006224635    0.1713267    0.002320508    -0.1789622    -0.07509562    0.1588806    -0.05785682    -0.09681303    0.07878019    0.09896317    -0.05325679
0.01414417    0.02352604    0.03086523    0.05462672    -0.04189368    -0.01143562    -0.04671823    0.06532508    0.08804173    -0.0809541    0.003771353    0.05183207    0.02461001    -0.05566933    0.02250577    -0.008470858    -0.04177332    -0.08246203    0.007241992    0.1251381    0.04987837    0.007230208    -0.1217067    -0.04926138    -0.01406774    -0.07538418    0.2086654    0.1496614    -0.1217763    -0.1121769    -0.06281169    -0.05994411    0.02701716    0.0218028    0.01248766    -0.1002672    -0.03082947    0.03886084    -0.03276983    0.07880389    0.2533022    0.08175681    -0.5706687    -0.4619127    1    -0.01820343    -0.08595736    -0.0116641    0.04677631    0.008166156    -0.1324731    0.06011638    0.2314834    0.1288521    -0.2117327    -0.004920112    -0.03197663    -0.09976217    -0.03825894    0.2072811
-0.03868388    0.02570057    0.05941823    0.01295194    0.01103227    -0.05441887    0.04852323    0.004058885    -0.06069623    0.03167666    -0.02008128    0.05603823    0.03877699    -0.0403027    0.0300873    -0.003667107    0.01871929    0.03143309    -0.02343289    -0.008418857    -0.1767803    0.0457438    -0.03524317    0.1556508    -0.05886408    0.05779381    -0.02805541    -0.07832443    0.06681686    0.03392326    0.05358964    -0.01551211    -0.06272539    0.03157683    0.01528098    -0.03518199    -0.004117329    0.004094961    0.04088292    -0.01434644    0.0008403928    -0.0144742    0.007046621    0.05042576    -0.01820343    1    0.05016715    -0.7652618    -0.2164396    0.2527462    -0.06744878    -0.06528374    0.0610014    0.09847936    -0.04109018    0.1757093    -0.01902461    -0.08365833    -0.06035079    0.02954738
0.02683497    0.005629873    -0.02345454    -0.007756155    0.02341695    0.03259111    -0.04285439    -0.009180644    0.03151801    0.02441669    -0.008669348    -0.028976    -0.01065999    0.001521182    0.00612896    0.01434533    -0.05181283    -0.0316137    0.06052918    0.00471083    -0.06666218    0.02730782    -0.001486236    0.1312641    -0.1385741    -0.1090101    -0.08229511    0.01206705    -0.06112158    0.1139882    -0.09566903    0.003946173    -0.01194206    -0.06082448    0.1717524    0.04406992    -0.05887365    0.08498085    0.03016526    -0.1607475    -0.01221599    -0.0267208    0.0597377    0.06165633    -0.08595736    0.05016715    1    0.07725506    -0.7808682    0.1179414    -0.06224125    0.0773126    0.1233002    -0.01906659    -0.05702872    0.04511379    0.1572304    -0.01627114    -0.09815471    -0.01748515
