1    -0.1750601    -0.4248295    0.2174913    0.002515153    -0.03238841    0.04783724    -0.02160848    -0.001132487    0.004781861    -0.03868388    0.02683497    0.02435256    -0.03779789    0.01498125    0.002836519    0.01363391    0.0024025    -0.01193846    -0.001633487
-0.1750601    1    -0.01491714    -0.6222392    0.2333305    -0.01114538    -0.056802    0.04319913    0.04859191    -0.01306501    0.02570057    0.005629873    -0.02206836    0.0267326    -0.01257761    0.005381682    -0.04597173    -0.02789949    0.046215    0.02586177
-0.4248295    -0.01491714    1    0.05952327    -0.5232977    -0.02410398    -0.02140263    0.002887439    -0.02615133    0.04397876    0.05941823    -0.02345454    -0.03673244    -0.0009793452    0.0164058    0.004044347    -0.02357825    -0.02591673    0.002354243    0.04440464
0.2174913    -0.6222392    0.05952327    1    -0.5990358    -0.004350109    0.04695518    0.007053844    -0.04386999    -0.0358891    0.01295194    -0.007756155    -0.01507274    -0.04536799    0.0123655    0.02568585    -0.003973163    -0.03381053    -0.02059615    0.03206517
0.002515153    0.2333305    -0.5232977    -0.5990358    1    0.02357466    -0.006217423    0.004515984    0.02179571    -0.03559496    0.01103227    0.02341695    -0.00105645    0.003877634    -0.02687516    -0.05537177    0.05463602    0.06898852    -0.02461059    -0.03259859
-0.03238841    -0.01114538    -0.02410398    -0.004350109    0.02357466    1    -0.1946423    -0.4709472    0.235111    -0.02529814    -0.05441887    0.03259111    0.042098    -0.01144002    0.01634724    -0.05530581    0.03106159    0.01862329    -0.04770912    0.04559721
0.04783724    -0.056802    -0.02140263    0.04695518    -0.006217423    -0.1946423    1    0.005353657    -0.6506694    0.2672641    0.04852323    -0.04285439    0.004806626    0.01411818    -0.07562327    0.04454455    0.009760175    -0.0260663    -0.006234613    -0.006249333
-0.02160848    0.04319913    0.002887439    0.007053844    0.004515984    -0.4709472    0.005353657    1    0.06514224    -0.5083593    0.004058885    -0.009180644    -0.03947601    -0.03934062    0.04766085    -0.03053283    -0.01860645    -0.01648239    -0.009131654    0.06613822
-0.001132487    0.04859191    -0.02615133    -0.04386999    0.02179571    0.235111    -0.6506694    0.06514224    1    -0.6078586    -0.06069623    0.03151801    0.03092303    -0.04632147    0.05767631    -0.08799272    -0.0273008    0.04163505    0.02087093    0.02538953
0.004781861    -0.01306501    0.04397876    -0.0358891    -0.03559496    -0.02529814    0.2672641    -0.5083593    -0.6078586    1    0.03167666    0.02441669    0.004928975    0.02656286    -0.09268848    0.1035325    0.008838367    -0.03268025    0.01508887    -0.08402855
-0.03868388    0.02570057    0.05941823    0.01295194    0.01103227    -0.05441887    0.04852323    0.004058885    -0.06069623    0.03167666    1    0.05016715    -0.7652618    -0.2164396    0.2527462    0.1495125    0.08707635    -0.1434157    -0.08240074    0.04450037
0.02683497    0.005629873    -0.02345454    -0.007756155    0.02341695    0.03259111    -0.04285439    -0.009180644    0.03151801    0.02441669    0.05016715    1    0.07725506    -0.7808682    0.1179414    -0.03005893    0.08024812    0.07208694    -0.02074152    -0.07479444
0.02435256    -0.02206836    -0.03673244    -0.01507274    -0.00105645    0.042098    0.004806626    -0.03947601    0.03092303    0.004928975    -0.7652618    0.07725506    1    0.210168    -0.6410685    -0.1105205    -0.05156559    0.1896591    0.1046267    -0.1577436
-0.03779789    0.0267326    -0.0009793452    -0.04536799    0.003877634    -0.01144002    0.01411818    -0.03934062    -0.04632147    0.02656286    -0.2164396    -0.7808682    0.210168    1    -0.5415401    -0.02192436    -0.0895329    0.01045819    0.1159688    -0.02632562
0.01498125    -0.01257761    0.0164058    0.0123655    -0.02687516    0.01634724    -0.07562327    0.04766085    0.05767631    -0.09268848    0.2527462    0.1179414    -0.6410685    -0.5415401    1    0.0227643    0.0395724    -0.1223407    -0.1368913    0.2730884
0.002836519    0.005381682    0.004044347    0.02568585    -0.05537177    -0.05530581    0.04454455    -0.03053283    -0.08799272    0.1035325    0.1495125    -0.03005893    -0.1105205    -0.02192436    0.0227643    1    -0.01208665    -0.7751805    -0.07643994    0.1642374
0.01363391    -0.04597173    -0.02357825    -0.003973163    0.05463602    0.03106159    0.009760175    -0.01860645    -0.0273008    0.008838367    0.08707635    0.08024812    -0.05156559    -0.0895329    0.0395724    -0.01208665    1    0.1663351    -0.7695498    0.07538156
0.0024025    -0.02789949    -0.02591673    -0.03381053    0.06898852    0.01862329    -0.0260663    -0.01648239    0.04163505    -0.03268025    -0.1434157    0.07208694    0.1896591    0.01045819    -0.1223407    -0.7751805    0.1663351    1    0.03349777    -0.5361289
-0.01193846    0.046215    0.002354243    -0.02059615    -0.02461059    -0.04770912    -0.006234613    -0.009131654    0.02087093    0.01508887    -0.08240074    -0.02074152    0.1046267    0.1159688    -0.1368913    -0.07643994    -0.7695498    0.03349777    1    -0.4759833
-0.001633487    0.02586177    0.04440464    0.03206517    -0.03259859    0.04559721    -0.006249333    0.06613822    0.02538953    -0.08402855    0.04450037    -0.07479444    -0.1577436    -0.02632562    0.2730884    0.1642374    0.07538156    -0.5361289    -0.4759833    1
