1    -0.1750601    -0.4248295    0.2174913    0.002515153    -0.03238841    0.04783724    -0.02160848    -0.001132487    0.004781861    -0.004397799    0.03244477    -0.01752443    0.02313683    0.01165497    -0.03868388    0.02683497    0.02435256    -0.03779789    0.01498125
-0.1750601    1    -0.01491714    -0.6222392    0.2333305    -0.01114538    -0.056802    0.04319913    0.04859191    -0.01306501    -0.01909599    -0.05930779    0.0008571432    0.05231601    -0.00602888    0.02570057    0.005629873    -0.02206836    0.0267326    -0.01257761
-0.4248295    -0.01491714    1    0.05952327    -0.5232977    -0.02410398    -0.02140263    0.002887439    -0.02615133    0.04397876    -0.05860122    -0.009676946    0.04873261    -0.01310751    -0.01145133    0.05941823    -0.02345454    -0.03673244    -0.0009793452    0.0164058
0.2174913    -0.6222392    0.05952327    1    -0.5990358    -0.004350109    0.04695518    0.007053844    -0.04386999    -0.0358891    -0.02894767    0.02304816    0.01548898    -0.01112047    -0.009114507    0.01295194    -0.007756155    -0.01507274    -0.04536799    0.0123655
0.002515153    0.2333305    -0.5232977    -0.5990358    1    0.02357466    -0.006217423    0.004515984    0.02179571    -0.03559496    0.05702911    0.00405757    -0.05410037    0.009103666    0.01166044    0.01103227    0.02341695    -0.00105645    0.003877634    -0.02687516
-0.03238841    -0.01114538    -0.02410398    -0.004350109    0.02357466    1    -0.1946423    -0.4709472    0.235111    -0.02529814    0.1231896    -0.138433    -0.111698    0.09515292    0.02529303    -0.05441887    0.03259111    0.042098    -0.01144002    0.01634724
0.04783724    -0.056802    -0.02140263    0.04695518    -0.006217423    -0.1946423    1    0.005353657    -0.6506694    0.2672641    -0.109451    0.02753138    -0.03452446    -0.1044357    0.1498921    0.04852323    -0.04285439    0.004806626    0.01411818    -0.07562327
-0.02160848    0.04319913    0.002887439    0.007053844    0.004515984    -0.4709472    0.005353657    1    0.06514224    -0.5083593    -0.08461825    -0.04081125    -0.07282298    -0.06023366    0.1557598    0.004058885    -0.009180644    -0.03947601    -0.03934062    0.04766085
-0.001132487    0.04859191    -0.02615133    -0.04386999    0.02179571    0.235111    -0.6506694    0.06514224    1    -0.6078586    0.11347    -0.1503223    -0.1092131    0.1024723    -0.02365957    -0.06069623    0.03151801    0.03092303    -0.04632147    0.05767631
0.004781861    -0.01306501    0.04397876    -0.0358891    -0.03559496    -0.02529814    0.2672641    -0.5083593    -0.6078586    1    -0.01323527    0.1593833    0.1701678    -0.06829457    -0.1210925    0.03167666    0.02441669    0.004928975    0.02656286    -0.09268848
-0.004397799    -0.01909599    -0.05860122    -0.02894767    0.05702911    0.1231896    -0.109451    -0.08461825    0.11347    -0.01323527    1    -0.001034051    -0.579239    -0.05867098    -0.04234761    -0.01851948    -0.01934781    0.04737624    0.03829547    -0.048897
0.03244477    -0.05930779    -0.009676946    0.02304816    0.00405757    -0.138433    0.02753138    -0.04081125    -0.1503223    0.1593833    -0.001034051    1    -0.09055389    -0.6628608    0.215994    0.07440439    -0.04038257    -0.09509261    0.00215162    0.06618737
-0.01752443    0.0008571432    0.04873261    0.01548898    -0.05410037    -0.111698    -0.03452446    -0.07282298    -0.1092131    0.1701678    -0.579239    -0.09055389    1    -0.07619338    -0.3353676    0.01143923    0.006044124    -0.04063967    0.008111742    0.0557146
0.02313683    0.05231601    -0.01310751    -0.01112047    0.009103666    0.09515292    -0.1044357    -0.06023366    0.1024723    -0.06829457    -0.05867098    -0.6628608    -0.07619338    1    -0.4102918    -0.03696203    0.006850431    0.009958083    -0.002861585    0.01298676
0.01165497    -0.00602888    -0.01145133    -0.009114507    0.01166044    0.02529303    0.1498921    0.1557598    -0.02365957    -0.1210925    -0.04234761    0.215994    -0.3353676    -0.4102918    1    -0.04289265    -0.009325183    0.05805759    0.004180092    -0.0614781
-0.03868388    0.02570057    0.05941823    0.01295194    0.01103227    -0.05441887    0.04852323    0.004058885    -0.06069623    0.03167666    -0.01851948    0.07440439    0.01143923    -0.03696203    -0.04289265    1    0.05016715    -0.7652618    -0.2164396    0.2527462
0.02683497    0.005629873    -0.02345454    -0.007756155    0.02341695    0.03259111    -0.04285439    -0.009180644    0.03151801    0.02441669    -0.01934781    -0.04038257    0.006044124    0.006850431    -0.009325183    0.05016715    1    0.07725506    -0.7808682    0.1179414
0.02435256    -0.02206836    -0.03673244    -0.01507274    -0.00105645    0.042098    0.004806626    -0.03947601    0.03092303    0.004928975    0.04737624    -0.09509261    -0.04063967    0.009958083    0.05805759    -0.7652618    0.07725506    1    0.210168    -0.6410685
-0.03779789    0.0267326    -0.0009793452    -0.04536799    0.003877634    -0.01144002    0.01411818    -0.03934062    -0.04632147    0.02656286    0.03829547    0.00215162    0.008111742    -0.002861585    0.004180092    -0.2164396    -0.7808682    0.210168    1    -0.5415401
0.01498125    -0.01257761    0.0164058    0.0123655    -0.02687516    0.01634724    -0.07562327    0.04766085    0.05767631    -0.09268848    -0.048897    0.06618737    0.0557146    0.01298676    -0.0614781    0.2527462    0.1179414    -0.6410685    -0.5415401    1
