1    -0.1750601    -0.4248295    0.2174913    0.002515153    -0.03238841    0.04783724    -0.02160848    -0.001132487    0.004781861    -0.03868388    0.02683497    0.02435256    -0.03779789    0.01498125    -0.02241952    0.02945679    0.008760102    -0.02560259    0.02023621
-0.1750601    1    -0.01491714    -0.6222392    0.2333305    -0.01114538    -0.056802    0.04319913    0.04859191    -0.01306501    0.02570057    0.005629873    -0.02206836    0.0267326    -0.01257761    0.05364091    -0.01631893    -0.03769026    0.0274596    -0.001477796
-0.4248295    -0.01491714    1    0.05952327    -0.5232977    -0.02410398    -0.02140263    0.002887439    -0.02615133    0.04397876    0.05941823    -0.02345454    -0.03673244    -0.0009793452    0.0164058    0.02445593    -0.02934515    -0.0160448    0.03610256    0.01897256
0.2174913    -0.6222392    0.05952327    1    -0.5990358    -0.004350109    0.04695518    0.007053844    -0.04386999    -0.0358891    0.01295194    -0.007756155    -0.01507274    -0.04536799    0.0123655    -0.02507977    -0.005862087    -0.00900583    -0.01177597    0.05591542
0.002515153    0.2333305    -0.5232977    -0.5990358    1    0.02357466    -0.006217423    0.004515984    0.02179571    -0.03559496    0.01103227    0.02341695    -0.00105645    0.003877634    -0.02687516    -0.01221327    -0.01065451    0.02797767    0.007083841    -0.0721387
-0.03238841    -0.01114538    -0.02410398    -0.004350109    0.02357466    1    -0.1946423    -0.4709472    0.235111    -0.02529814    -0.05441887    0.03259111    0.042098    -0.01144002    0.01634724    -0.02306903    -0.02257848    -0.00329915    0.01303041    -0.000340857
0.04783724    -0.056802    -0.02140263    0.04695518    -0.006217423    -0.1946423    1    0.005353657    -0.6506694    0.2672641    0.04852323    -0.04285439    0.004806626    0.01411818    -0.07562327    0.005602549    -0.03680413    0.0319904    0.0575555    -0.04738499
-0.02160848    0.04319913    0.002887439    0.007053844    0.004515984    -0.4709472    0.005353657    1    0.06514224    -0.5083593    0.004058885    -0.009180644    -0.03947601    -0.03934062    0.04766085    0.04527836    0.01276498    -0.01115731    -0.03657144    0.03227499
-0.001132487    0.04859191    -0.02615133    -0.04386999    0.02179571    0.235111    -0.6506694    0.06514224    1    -0.6078586    -0.06069623    0.03151801    0.03092303    -0.04632147    0.05767631    0.03839176    0.008092684    -0.05395704    -0.02746769    0.04783365
0.004781861    -0.01306501    0.04397876    -0.0358891    -0.03559496    -0.02529814    0.2672641    -0.5083593    -0.6078586    1    0.03167666    0.02441669    0.004928975    0.02656286    -0.09268848    -0.03858226    -0.004696596    0.03972183    0.01929935    -0.03458975
-0.03868388    0.02570057    0.05941823    0.01295194    0.01103227    -0.05441887    0.04852323    0.004058885    -0.06069623    0.03167666    1    0.05016715    -0.7652618    -0.2164396    0.2527462    0.09293558    -0.04479658    -0.06658394    0.008783134    0.03758904
0.02683497    0.005629873    -0.02345454    -0.007756155    0.02341695    0.03259111    -0.04285439    -0.009180644    0.03151801    0.02441669    0.05016715    1    0.07725506    -0.7808682    0.1179414    0.008163831    0.05353282    0.05082531    -0.01102475    -0.07750115
0.02435256    -0.02206836    -0.03673244    -0.01507274    -0.00105645    0.042098    0.004806626    -0.03947601    0.03092303    0.004928975    -0.7652618    0.07725506    1    0.210168    -0.6410685    -0.0330146    0.0576957    0.07353514    0.03507434    -0.1227615
-0.03779789    0.0267326    -0.0009793452    -0.04536799    0.003877634    -0.01144002    0.01411818    -0.03934062    -0.04632147    0.02656286    -0.2164396    -0.7808682    0.210168    1    -0.5415401    0.00979504    0.01938877    -0.01888935    -0.00858777    0.01606729
0.01498125    -0.01257761    0.0164058    0.0123655    -0.02687516    0.01634724    -0.07562327    0.04766085    0.05767631    -0.09268848    0.2527462    0.1179414    -0.6410685    -0.5415401    1    -0.0401096    -0.08124945    -0.04597078    0.002510157    0.1348547
-0.02241952    0.05364091    0.02445593    -0.02507977    -0.01221327    -0.02306903    0.005602549    0.04527836    0.03839176    -0.03858226    0.09293558    0.008163831    -0.0330146    0.00979504    -0.0401096    1    -0.07105915    -0.7590877    -0.01713896    0.1621592
0.02945679    -0.01631893    -0.02934515    -0.005862087    -0.01065451    -0.02257848    -0.03680413    0.01276498    0.008092684    -0.004696596    -0.04479658    0.05353282    0.0576957    0.01938877    -0.08124945    -0.07105915    1    0.1470227    -0.7767391    0.1245049
0.008760102    -0.03769026    -0.0160448    -0.00900583    0.02797767    -0.00329915    0.0319904    -0.01115731    -0.05395704    0.03972183    -0.06658394    0.05082531    0.07353514    -0.01888935    -0.04597078    -0.7590877    0.1470227    1    0.002426858    -0.537623
-0.02560259    0.0274596    0.03610256    -0.01177597    0.007083841    0.01303041    0.0575555    -0.03657144    -0.02746769    0.01929935    0.008783134    -0.01102475    0.03507434    -0.00858777    0.002510157    -0.01713896    -0.7767391    0.002426858    1    -0.5020596
0.02023621    -0.001477796    0.01897256    0.05591542    -0.0721387    -0.000340857    -0.04738499    0.03227499    0.04783365    -0.03458975    0.03758904    -0.07750115    -0.1227615    0.01606729    0.1348547    0.1621592    0.1245049    -0.537623    -0.5020596    1
