1    -0.1750601    -0.4248295    0.2174913    0.002515153    -0.02704097    0.02649808    -0.01492897    -0.02350755    0.01867777
-0.1750601    1    -0.01491714    -0.6222392    0.2333305    -0.03742454    0.05308068    0.02446545    -0.01794528    0.007860983
-0.4248295    -0.01491714    1    0.05952327    -0.5232977    -0.02309141    -0.02516572    0.05528584    0.06182433    -0.06535056
0.2174913    -0.6222392    0.05952327    1    -0.5990358    0.007989553    -0.03876592    -0.01755944    0.02966799    0.01332508
0.002515153    0.2333305    -0.5232977    -0.5990358    1    0.01251816    0.03036345    -0.04140801    -0.0420534    0.05631704
-0.02704097    -0.03742454    -0.02309141    0.007989553    0.01251816    1    -0.06179415    -0.5939001    -0.1180336    0.02355674
0.02649808    0.05308068    -0.02516572    -0.03876592    0.03036345    -0.06179415    1    -0.1008464    -0.6099681    0.04573424
-0.01492897    0.02446545    0.05528584    -0.01755944    -0.04140801    -0.5939001    -0.1008464    1    -0.06423964    -0.3811407
-0.02350755    -0.01794528    0.06182433    0.02966799    -0.0420534    -0.1180336    -0.6099681    -0.06423964    1    -0.2719001
0.01867777    0.007860983    -0.06535056    0.01332508    0.05631704    0.02355674    0.04573424    -0.3811407    -0.2719001    1
