1    -0.1750601    -0.4248295    0.2174913    0.002515153    -0.03238841    0.04783724    -0.02160848    -0.001132487    0.004781861    -0.03868388    0.02683497    0.02435256    -0.03779789    0.01498125    0.03027137    0.0106875    0.01018146    -0.02936846    -0.004401969
-0.1750601    1    -0.01491714    -0.6222392    0.2333305    -0.01114538    -0.056802    0.04319913    0.04859191    -0.01306501    0.02570057    0.005629873    -0.02206836    0.0267326    -0.01257761    -0.07594225    0.03021444    0.07844313    -0.0445688    -0.008437232
-0.4248295    -0.01491714    1    0.05952327    -0.5232977    -0.02410398    -0.02140263    0.002887439    -0.02615133    0.04397876    0.05941823    -0.02345454    -0.03673244    -0.0009793452    0.0164058    -0.07887391    0.06129883    0.06021636    -0.02961888    -0.02207534
0.2174913    -0.6222392    0.05952327    1    -0.5990358    -0.004350109    0.04695518    0.007053844    -0.04386999    -0.0358891    0.01295194    -0.007756155    -0.01507274    -0.04536799    0.0123655    0.05251878    0.01880377    -0.01429509    0.005196732    -0.01783457
0.002515153    0.2333305    -0.5232977    -0.5990358    1    0.02357466    -0.006217423    0.004515984    0.02179571    -0.03559496    0.01103227    0.02341695    -0.00105645    0.003877634    -0.02687516    0.0007411766    -0.08889695    -0.03457573    0.05952935    0.01823658
-0.03238841    -0.01114538    -0.02410398    -0.004350109    0.02357466    1    -0.1946423    -0.4709472    0.235111    -0.02529814    -0.05441887    0.03259111    0.042098    -0.01144002    0.01634724    0.01421157    -0.01806661    -0.009586036    0.04470444    -0.02424171
0.04783724    -0.056802    -0.02140263    0.04695518    -0.006217423    -0.1946423    1    0.005353657    -0.6506694    0.2672641    0.04852323    -0.04285439    0.004806626    0.01411818    -0.07562327    0.000680897    0.01665778    0.01038732    -0.0417626    -0.009840961
-0.02160848    0.04319913    0.002887439    0.007053844    0.004515984    -0.4709472    0.005353657    1    0.06514224    -0.5083593    0.004058885    -0.009180644    -0.03947601    -0.03934062    0.04766085    -0.1112993    0.07801684    0.1393243    -0.03471983    -0.06748378
-0.001132487    0.04859191    -0.02615133    -0.04386999    0.02179571    0.235111    -0.6506694    0.06514224    1    -0.6078586    -0.06069623    0.03151801    0.03092303    -0.04632147    0.05767631    0.01726778    0.039663    0.01902485    0.01479776    -0.04997519
0.004781861    -0.01306501    0.04397876    -0.0358891    -0.03559496    -0.02529814    0.2672641    -0.5083593    -0.6078586    1    0.03167666    0.02441669    0.004928975    0.02656286    -0.09268848    0.006081348    -0.08631437    -0.08713739    -0.02663768    0.1212051
-0.03868388    0.02570057    0.05941823    0.01295194    0.01103227    -0.05441887    0.04852323    0.004058885    -0.06069623    0.03167666    1    0.05016715    -0.7652618    -0.2164396    0.2527462    0.02865542    -0.1041927    0.001926955    0.08896268    -0.05682623
0.02683497    0.005629873    -0.02345454    -0.007756155    0.02341695    0.03259111    -0.04285439    -0.009180644    0.03151801    0.02441669    0.05016715    1    0.07725506    -0.7808682    0.1179414    -0.1065096    -0.07048928    -0.0009832096    -0.05750843    0.136834
0.02435256    -0.02206836    -0.03673244    -0.01507274    -0.00105645    0.042098    0.004806626    -0.03947601    0.03092303    0.004928975    -0.7652618    0.07725506    1    0.210168    -0.6410685    -0.01051941    -0.05203834    -0.08998248    0.02716933    0.102095
-0.03779789    0.0267326    -0.0009793452    -0.04536799    0.003877634    -0.01144002    0.01411818    -0.03934062    -0.04632147    0.02656286    -0.2164396    -0.7808682    0.210168    1    -0.5415401    0.121524    -0.03017054    -0.1021074    0.1167619    -0.03562919
0.01498125    -0.01257761    0.0164058    0.0123655    -0.02687516    0.01634724    -0.07562327    0.04766085    0.05767631    -0.09268848    0.2527462    0.1179414    -0.6410685    -0.5415401    1    -0.08089636    0.1697895    0.1920214    -0.1304806    -0.1036965
0.03027137    -0.07594225    -0.07887391    0.05251878    0.0007411766    0.01421157    0.000680897    -0.1112993    0.01726778    0.006081348    0.02865542    -0.1065096    -0.01051941    0.121524    -0.08089636    1    0.1817067    -0.7009072    -0.08989701    0.03300119
0.0106875    0.03021444    0.06129883    0.01880377    -0.08889695    -0.01806661    0.01665778    0.07801684    0.039663    -0.08631437    -0.1041927    -0.07048928    -0.05203834    -0.03017054    0.1697895    0.1817067    1    -0.3427951    -0.6935129    0.2865004
0.01018146    0.07844313    0.06021636    -0.01429509    -0.03457573    -0.009586036    0.01038732    0.1393243    0.01902485    -0.08713739    0.001926955    -0.0009832096    -0.08998248    -0.1021074    0.1920214    -0.7009072    -0.3427951    1    0.168816    -0.5352536
-0.02936846    -0.0445688    -0.02961888    0.005196732    0.05952935    0.04470444    -0.0417626    -0.03471983    0.01479776    -0.02663768    0.08896268    -0.05750843    0.02716933    0.1167619    -0.1304806    -0.08989701    -0.6935129    0.168816    1    -0.3929891
-0.004401969    -0.008437232    -0.02207534    -0.01783457    0.01823658    -0.02424171    -0.009840961    -0.06748378    -0.04997519    0.1212051    -0.05682623    0.136834    0.102095    -0.03562919    -0.1036965    0.03300119    0.2865004    -0.5352536    -0.3929891    1
