1    -0.1750601    -0.4248295    0.2174913    0.002515153    -0.03238841    0.04783724    -0.02160848    -0.001132487    0.004781861    -0.02704097    0.02649808    -0.01492897    -0.02350755    0.01867777
-0.1750601    1    -0.01491714    -0.6222392    0.2333305    -0.01114538    -0.056802    0.04319913    0.04859191    -0.01306501    -0.03742454    0.05308068    0.02446545    -0.01794528    0.007860983
-0.4248295    -0.01491714    1    0.05952327    -0.5232977    -0.02410398    -0.02140263    0.002887439    -0.02615133    0.04397876    -0.02309141    -0.02516572    0.05528584    0.06182433    -0.06535056
0.2174913    -0.6222392    0.05952327    1    -0.5990358    -0.004350109    0.04695518    0.007053844    -0.04386999    -0.0358891    0.007989553    -0.03876592    -0.01755944    0.02966799    0.01332508
0.002515153    0.2333305    -0.5232977    -0.5990358    1    0.02357466    -0.006217423    0.004515984    0.02179571    -0.03559496    0.01251816    0.03036345    -0.04140801    -0.0420534    0.05631704
-0.03238841    -0.01114538    -0.02410398    -0.004350109    0.02357466    1    -0.1946423    -0.4709472    0.235111    -0.02529814    0.09385781    -0.08776051    -0.1242036    0.03258501    0.0502754
0.04783724    -0.056802    -0.02140263    0.04695518    -0.006217423    -0.1946423    1    0.005353657    -0.6506694    0.2672641    -0.1390567    0.05639625    0.068539    -0.1577087    0.1101471
-0.02160848    0.04319913    0.002887439    0.007053844    0.004515984    -0.4709472    0.005353657    1    0.06514224    -0.5083593    -0.1177488    -0.0588366    -0.038929    -0.06430305    0.1876393
-0.001132487    0.04859191    -0.02615133    -0.04386999    0.02179571    0.235111    -0.6506694    0.06514224    1    -0.6078586    0.1166931    -0.1987784    -0.2100947    0.158768    0.09811559
0.004781861    -0.01306501    0.04397876    -0.0358891    -0.03559496    -0.02529814    0.2672641    -0.5083593    -0.6078586    1    -0.04899594    0.2044164    0.2562508    -0.05158134    -0.2554506
-0.02704097    -0.03742454    -0.02309141    0.007989553    0.01251816    0.09385781    -0.1390567    -0.1177488    0.1166931    -0.04899594    1    -0.06179415    -0.5939001    -0.1180336    0.02355674
0.02649808    0.05308068    -0.02516572    -0.03876592    0.03036345    -0.08776051    0.05639625    -0.0588366    -0.1987784    0.2044164    -0.06179415    1    -0.1008464    -0.6099681    0.04573424
-0.01492897    0.02446545    0.05528584    -0.01755944    -0.04140801    -0.1242036    0.068539    -0.038929    -0.2100947    0.2562508    -0.5939001    -0.1008464    1    -0.06423964    -0.3811407
-0.02350755    -0.01794528    0.06182433    0.02966799    -0.0420534    0.03258501    -0.1577087    -0.06430305    0.158768    -0.05158134    -0.1180336    -0.6099681    -0.06423964    1    -0.2719001
0.01867777    0.007860983    -0.06535056    0.01332508    0.05631704    0.0502754    0.1101471    0.1876393    0.09811559    -0.2554506    0.02355674    0.04573424    -0.3811407    -0.2719001    1
