1    -0.1750601    -0.4248295    0.2174913    0.002515153    0.08075505    -0.0814153    -0.123389    0.05311032    -0.002778924
-0.1750601    1    -0.01491714    -0.6222392    0.2333305    -0.0719787    0.003249465    -0.01112195    -0.1052954    0.138747
-0.4248295    -0.01491714    1    0.05952327    -0.5232977    -0.06953674    -0.07467266    -0.009908414    -0.07318475    0.08299837
0.2174913    -0.6222392    0.05952327    1    -0.5990358    0.09278857    -0.1420433    -0.1142732    0.07970801    -0.004951339
0.002515153    0.2333305    -0.5232977    -0.5990358    1    -0.04438436    0.1918576    0.1483007    -0.0002029361    -0.1180604
0.08075505    -0.0719787    -0.06953674    0.09278857    -0.04438436    1    -0.07097652    -0.6286305    -0.03675972    0.02730792
-0.0814153    0.003249465    -0.07467266    -0.1420433    0.1918576    -0.07097652    1    -0.0791724    -0.5835572    0.1192374
-0.123389    -0.01112195    -0.009908414    -0.1142732    0.1483007    -0.6286305    -0.0791724    1    -0.02143606    -0.3763256
0.05311032    -0.1052954    -0.07318475    0.07970801    -0.0002029361    -0.03675972    -0.5835572    -0.02143606    1    -0.4130093
-0.002778924    0.138747    0.08299837    -0.004951339    -0.1180604    0.02730792    0.1192374    -0.3763256    -0.4130093    1
