1    -0.1750601    -0.4248295    0.2174913    0.002515153    0.002905021    0.03272517    0.008693927    -0.02659994    0.01414417
-0.1750601    1    -0.01491714    -0.6222392    0.2333305    0.04193282    0.02093695    -0.02057569    0.004493113    0.02352604
-0.4248295    -0.01491714    1    0.05952327    -0.5232977    -0.01153259    -0.006906097    0.003604717    0.03455539    0.03086523
0.2174913    -0.6222392    0.05952327    1    -0.5990358    -0.03466217    -0.04016591    -0.007508813    0.03359659    0.05462672
0.002515153    0.2333305    -0.5232977    -0.5990358    1    -0.01757743    0.01064569    0.03089056    -0.03496396    -0.04189368
0.002905021    0.04193282    -0.01153259    -0.03466217    -0.01757743    1    0.1400241    -0.8017412    -0.2016428    0.2533022
0.03272517    0.02093695    -0.006906097    -0.04016591    0.01064569    0.1400241    1    0.1472722    -0.7823827    0.08175681
0.008693927    -0.02057569    0.003604717    -0.007508813    0.03089056    -0.8017412    0.1472722    1    0.08810614    -0.5706687
-0.02659994    0.004493113    0.03455539    0.03359659    -0.03496396    -0.2016428    -0.7823827    0.08810614    1    -0.4619127
0.01414417    0.02352604    0.03086523    0.05462672    -0.04189368    0.2533022    0.08175681    -0.5706687    -0.4619127    1
